1.96843e-06 7.87301e-06 1.77123e-05 3.14846e-05 4.91886e-05 7.08225e-05 9.63848e-05 0.000125874 0.000159288 0.000196625
1.96786e-06 7.87043e-06 1.77057e-05 3.14717e-05 4.91663e-05 7.07874e-05 9.63331e-05 0.000125801 0.000159189 0.000196496
1.96775e-06 7.86993e-06 1.77044e-05 3.14692e-05 4.91619e-05 7.07806e-05 9.63229e-05 0.000125787  0.00015917  0.00019647
1.96747e-06 7.86872e-06 1.77014e-05 3.14633e-05 4.91519e-05  7.0765e-05 9.63002e-05 0.000125755 0.000159127 0.000196414
1.96703e-06 7.86686e-06  1.7697e-05 3.14548e-05 4.91379e-05 7.07436e-05 9.62695e-05 0.000125713 0.000159071 0.000196342
1.96652e-06 7.86473e-06 1.76919e-05 3.14453e-05 4.91221e-05 7.07197e-05 9.62354e-05 0.000125666  0.00015901 0.000196263
1.96602e-06 7.86258e-06 1.76867e-05 3.14355e-05  4.9106e-05 7.06952e-05 9.62002e-05 0.000125618 0.000158946  0.00019618
1.96544e-06 7.86018e-06  1.7681e-05 3.14247e-05 4.90882e-05 7.06682e-05 9.61616e-05 0.000125565 0.000158876  0.00019609
1.96474e-06 7.85724e-06 1.76741e-05 3.14119e-05 4.90672e-05 7.06366e-05 9.61168e-05 0.000125504 0.000158796 0.000195988
1.96387e-06 7.85365e-06 1.76657e-05 3.13965e-05 4.90423e-05 7.05995e-05 9.60646e-05 0.000125434 0.000158704 0.000195871
1.96284e-06 7.84946e-06  1.7656e-05 3.13787e-05 4.90138e-05 7.05574e-05 9.60056e-05 0.000125355 0.000158601  0.00019574
 1.9617e-06 7.84481e-06 1.76453e-05 3.13592e-05 4.89824e-05  7.0511e-05 9.59409e-05 0.000125268 0.000158488 0.000195598
1.96046e-06 7.83974e-06 1.76336e-05 3.13379e-05 4.89484e-05 7.04608e-05  9.5871e-05 0.000125175 0.000158367 0.000195444
1.95912e-06 7.83426e-06  1.7621e-05  3.1315e-05 4.89117e-05 7.04068e-05 9.57957e-05 0.000125074 0.000158237 0.000195279
1.95765e-06 7.82831e-06 1.76073e-05 3.12901e-05  4.8872e-05 7.03483e-05 9.57143e-05 0.000124965 0.000158096 0.000195102
1.95606e-06 7.82182e-06 1.75925e-05 3.12631e-05  4.8829e-05  7.0285e-05 9.56263e-05 0.000124848 0.000157944  0.00019491
1.95432e-06 7.81477e-06 1.75763e-05 3.12339e-05 4.87823e-05 7.02165e-05  9.5531e-05 0.000124721  0.00015778 0.000194703
1.95244e-06 7.80714e-06 1.75588e-05 3.12022e-05 4.87319e-05 7.01425e-05 9.54284e-05 0.000124584 0.000157603  0.00019448
1.95041e-06 7.79891e-06   1.754e-05 3.11682e-05 4.86777e-05 7.00629e-05  9.5318e-05 0.000124437 0.000157413 0.000194241
1.94823e-06 7.79006e-06 1.75198e-05 3.11315e-05 4.86195e-05 6.99775e-05 9.51994e-05 0.000124279 0.000157209 0.000193984
1.94588e-06 7.78055e-06  1.7498e-05 3.10922e-05  4.8557e-05 6.98858e-05 9.50723e-05  0.00012411 0.000156991 0.000193708
1.94336e-06 7.77036e-06 1.74747e-05 3.10501e-05   4.849e-05 6.97876e-05 9.49361e-05 0.000123928 0.000156757 0.000193413
1.94067e-06 7.75944e-06 1.74498e-05  3.1005e-05 4.84182e-05 6.96824e-05 9.47902e-05 0.000123734 0.000156506 0.000193097
1.93778e-06 7.74775e-06 1.74231e-05 3.09567e-05 4.83414e-05 6.95698e-05 9.46339e-05 0.000123526 0.000156237 0.000192759
1.93469e-06 7.73525e-06 1.73945e-05  3.0905e-05 4.82592e-05 6.94492e-05 9.44668e-05 0.000123303  0.00015595 0.000192396
 1.9314e-06 7.72188e-06 1.73639e-05 3.08498e-05 4.81714e-05 6.93203e-05 9.42879e-05 0.000123065 0.000155642 0.000192008
1.92787e-06  7.7076e-06 1.73313e-05 3.07907e-05 4.80774e-05 6.91825e-05 9.40967e-05  0.00012281 0.000155312 0.000191593
1.92411e-06 7.69235e-06 1.72964e-05 3.07276e-05  4.7977e-05 6.90351e-05 9.38921e-05 0.000122537  0.00015496 0.000191148
1.92009e-06 7.67606e-06 1.72591e-05 3.06602e-05 4.78697e-05 6.88775e-05 9.36732e-05 0.000122246 0.000154583 0.000190672
 1.9158e-06 7.65866e-06 1.72193e-05 3.05881e-05 4.77549e-05 6.87089e-05 9.34391e-05 0.000121933 0.000154179 0.000190163
1.91121e-06 7.64007e-06 1.71768e-05  3.0511e-05 4.76321e-05 6.85287e-05 9.31886e-05 0.000121599 0.000153747 0.000189617
1.90632e-06 7.62021e-06 1.71313e-05 3.04287e-05 4.75009e-05 6.83358e-05 9.29206e-05 0.000121242 0.000153284 0.000189033
1.90109e-06 7.59899e-06 1.70827e-05 3.03406e-05 4.73605e-05 6.81294e-05 9.26337e-05 0.000120859 0.000152789 0.000188407
 1.8955e-06 7.57631e-06 1.70307e-05 3.02464e-05 4.72103e-05 6.79086e-05 9.23266e-05 0.000120448 0.000152258 0.000187736
1.88953e-06 7.55207e-06 1.69752e-05 3.01457e-05 4.70496e-05 6.76723e-05 9.19978e-05 0.000120009 0.000151689 0.000187017
1.88315e-06 7.52615e-06 1.69157e-05 3.00379e-05 4.68777e-05 6.74192e-05 9.16456e-05 0.000119539 0.000151079 0.000186246
1.87632e-06 7.49842e-06 1.68522e-05 2.99225e-05 4.66935e-05 6.71482e-05 9.12683e-05 0.000119035 0.000150426  0.00018542
1.86902e-06 7.46877e-06 1.67841e-05  2.9799e-05 4.64963e-05 6.68579e-05 9.08641e-05 0.000118494 0.000149725 0.000184534
1.86122e-06 7.43704e-06 1.67113e-05 2.96668e-05 4.62851e-05 6.65468e-05 9.04308e-05 0.000117915 0.000148974 0.000183584
1.85286e-06 7.40307e-06 1.66333e-05 2.95251e-05 4.60589e-05 6.62135e-05 8.99664e-05 0.000117293 0.000148169 0.000182564
1.84393e-06 7.36676e-06 1.65499e-05 2.93736e-05 4.58167e-05 6.58565e-05 8.94689e-05 0.000116628 0.000147305 0.000181471
1.83438e-06 7.32791e-06 1.64607e-05 2.92114e-05 4.55573e-05 6.54741e-05 8.89357e-05 0.000115914 0.000146379 0.000180298
1.82416e-06  7.2863e-06  1.6365e-05 2.90375e-05 4.52792e-05  6.5064e-05 8.83638e-05 0.000115148 0.000145385  0.00017904
1.81321e-06 7.24173e-06 1.62626e-05 2.88511e-05 4.49811e-05 6.46242e-05 8.77503e-05 0.000114327 0.000144319  0.00017769
1.80148e-06 7.19398e-06 1.61528e-05 2.86513e-05 4.46614e-05 6.41525e-05 8.70921e-05 0.000113445 0.000143175 0.000176241
1.78892e-06 7.14281e-06 1.60351e-05 2.84371e-05 4.43185e-05 6.36465e-05 8.63861e-05   0.0001125 0.000141948 0.000174688
1.77546e-06 7.08799e-06 1.59089e-05 2.82075e-05 4.39509e-05  6.3104e-05 8.56292e-05 0.000111487 0.000140633 0.000173024
1.76104e-06 7.02923e-06 1.57737e-05 2.79613e-05 4.35568e-05 6.25225e-05 8.48181e-05 0.000110401 0.000139226 0.000171245
1.74558e-06 6.96624e-06 1.56287e-05 2.76974e-05 4.31345e-05 6.18995e-05 8.39496e-05 0.000109239 0.000137721 0.000169343
1.72902e-06 6.89875e-06 1.54734e-05 2.74147e-05 4.26822e-05 6.12326e-05 8.30204e-05 0.000107997 0.000136113 0.000167313
1.71128e-06 6.82651e-06 1.53072e-05 2.71125e-05  4.2199e-05 6.05208e-05 8.20296e-05 0.000106674 0.000134402 0.000165156
1.69231e-06  6.7493e-06 1.51298e-05 2.67901e-05 4.16842e-05 5.97633e-05 8.09764e-05  0.00010527 0.000132588 0.000162872
1.67208e-06   6.667e-06 1.49408e-05 2.64472e-05 4.11372e-05 5.89594e-05 7.98602e-05 0.000103783  0.00013067  0.00016046
1.65057e-06 6.57957e-06 1.47403e-05 2.60837e-05 4.05581e-05 5.81094e-05 7.86814e-05 0.000102215  0.00012865 0.000157923
1.62777e-06 6.48698e-06 1.45282e-05 2.56996e-05 3.99469e-05 5.72135e-05 7.74405e-05 0.000100567 0.000126529 0.000155263
1.60367e-06 6.38921e-06 1.43045e-05  2.5295e-05 3.93039e-05  5.6272e-05 7.61381e-05 9.88389e-05 0.000124309 0.000152481
1.57825e-06 6.28621e-06 1.40691e-05 2.48698e-05  3.8629e-05 5.52852e-05 7.47749e-05 9.70325e-05 0.000121991 0.000149581
1.55152e-06   6.178e-06 1.38221e-05 2.44242e-05 3.79227e-05 5.42537e-05 7.33517e-05  9.5149e-05 0.000119577 0.000146564
1.52348e-06 6.06458e-06 1.35635e-05 2.39584e-05 3.71853e-05 5.31782e-05 7.18697e-05 9.31904e-05  0.00011707 0.000143435
1.49421e-06  5.9463e-06 1.32942e-05 2.34737e-05 3.64188e-05 5.20618e-05 7.03332e-05  9.1162e-05 0.000114476 0.000140202
1.46375e-06 5.82336e-06 1.30145e-05  2.2971e-05  3.5625e-05 5.09067e-05 6.87452e-05 8.90681e-05 0.000111802 0.000136872
1.43217e-06 5.69596e-06  1.2725e-05 2.24513e-05  3.4805e-05  4.9715e-05 6.71088e-05 8.69127e-05 0.000109052 0.000133451
1.39952e-06  5.5644e-06 1.24264e-05 2.19157e-05  3.3961e-05 4.84896e-05 6.54278e-05 8.47009e-05 0.000106233 0.000129949
1.36588e-06 5.42895e-06 1.21193e-05 2.13654e-05 3.30946e-05 4.72331e-05  6.3706e-05 8.24377e-05 0.000103352 0.000126372
1.33132e-06  5.2899e-06 1.18042e-05 2.08015e-05 3.22079e-05 4.59483e-05 6.19472e-05 8.01282e-05 0.000100414 0.000122729
1.29593e-06 5.14759e-06 1.14821e-05 2.02256e-05  3.1303e-05 4.46386e-05  6.0156e-05 7.77783e-05 9.74285e-05 0.000119029
1.25981e-06 5.00248e-06  1.1154e-05 1.96393e-05 3.03827e-05 4.33078e-05 5.83376e-05  7.5395e-05 9.44029e-05 0.000115284
1.22308e-06 4.85503e-06 1.08208e-05 1.90446e-05   2.945e-05 4.19601e-05 5.64976e-05 7.29855e-05 9.13466e-05 0.000111504
1.18584e-06 4.70561e-06 1.04835e-05 1.84429e-05 2.85071e-05 4.05988e-05 5.46409e-05  7.0556e-05 8.82674e-05 0.000107699
1.14817e-06 4.55456e-06 1.01427e-05 1.78357e-05 2.75563e-05 3.92272e-05 5.27714e-05 6.81119e-05 8.51724e-05 0.000103877
1.11015e-06 4.40223e-06 9.79932e-06 1.72242e-05 2.65997e-05 3.78485e-05 5.08939e-05 6.56593e-05 8.20691e-05 0.000100048
1.07189e-06 4.24902e-06 9.45421e-06 1.66102e-05 2.56398e-05 3.64662e-05  4.9013e-05 6.32043e-05 7.89652e-05 9.62218e-05
1.03348e-06 4.09529e-06  9.1082e-06  1.5995e-05  2.4679e-05 3.50836e-05 4.71332e-05 6.07527e-05 7.58682e-05 9.24069e-05
9.94999e-07 3.94139e-06 8.76205e-06 1.53802e-05 2.37193e-05 3.37038e-05 4.52587e-05 5.83101e-05 7.27851e-05 8.86122e-05
9.56566e-07 3.78777e-06 8.41681e-06 1.47673e-05 2.27637e-05 3.23309e-05 4.33951e-05 5.58834e-05 6.97245e-05 8.48482e-05
9.18273e-07  3.6348e-06 8.07328e-06  1.4158e-05 2.18142e-05  3.0968e-05 4.15465e-05 5.34783e-05 6.66935e-05 8.11236e-05
8.80162e-07 3.48266e-06 7.73188e-06  1.3553e-05 2.08723e-05 2.96169e-05 3.97155e-05 5.10982e-05 6.36965e-05 7.74438e-05
8.42312e-07 3.33166e-06 7.39332e-06 1.29535e-05 1.99397e-05 2.82805e-05  3.7906e-05 4.87479e-05 6.07395e-05 7.38163e-05
8.04825e-07 3.18221e-06  7.0585e-06 1.23612e-05  1.9019e-05 2.69622e-05 3.61225e-05 4.64333e-05   5.783e-05 7.02499e-05
 7.6781e-07 3.03473e-06 6.72835e-06 1.17776e-05 1.81126e-05 2.56655e-05 3.43696e-05 4.41605e-05 5.49754e-05 6.67537e-05
7.31362e-07 2.88961e-06 6.40373e-06 1.12042e-05 1.72229e-05 2.43936e-05 3.26518e-05 4.19349e-05 5.21823e-05 6.33356e-05
6.95571e-07 2.74719e-06  6.0854e-06 1.06423e-05 1.63518e-05 2.31495e-05 3.09728e-05 3.97613e-05 4.94567e-05 6.00027e-05
6.60515e-07 2.60778e-06 5.77406e-06 1.00933e-05 1.55012e-05 2.19356e-05 2.93359e-05  3.7644e-05 4.68038e-05 5.67613e-05
6.26269e-07 2.47168e-06 5.47033e-06 9.55811e-06 1.46728e-05 2.07542e-05 2.77443e-05 3.55869e-05 4.42283e-05 5.36169e-05
5.92899e-07 2.33915e-06  5.1748e-06 9.03779e-06 1.38681e-05 1.96076e-05 2.62006e-05 3.35933e-05 4.17343e-05 5.05744e-05
 5.6047e-07 2.21044e-06   4.888e-06 8.53326e-06 1.30884e-05 1.84976e-05 2.47074e-05 3.16664e-05 3.93255e-05 4.76377e-05
5.29039e-07 2.08576e-06 4.61042e-06 8.04532e-06 1.23349e-05 1.74257e-05 2.32666e-05 2.98085e-05 3.70046e-05 4.48102e-05
4.98656e-07 1.96533e-06 4.34248e-06 7.57469e-06 1.16087e-05 1.63935e-05   2.188e-05 2.80217e-05  3.4774e-05 4.20942e-05
4.69367e-07 1.84929e-06 4.08451e-06 7.12192e-06 1.09106e-05 1.54018e-05 2.05489e-05 2.63074e-05  3.2635e-05 3.94912e-05
4.41206e-07 1.73779e-06  3.8368e-06 6.68744e-06 1.02411e-05 1.44514e-05 1.92739e-05 2.46663e-05 3.05882e-05 3.70012e-05
4.14197e-07 1.63091e-06  3.5995e-06 6.27149e-06 9.60056e-06 1.35425e-05 1.80551e-05 2.30981e-05 2.86332e-05 3.46261e-05
3.88353e-07 1.52869e-06 3.37267e-06  5.8741e-06 8.98888e-06 1.26749e-05 1.68921e-05 2.16021e-05 2.67709e-05 3.23706e-05
3.63675e-07 1.43112e-06 3.15625e-06 5.49509e-06 8.40566e-06 1.18479e-05 1.57836e-05 2.01789e-05  2.5006e-05 3.02404e-05
 3.4015e-07 1.33813e-06 2.95005e-06 5.13405e-06 7.85015e-06 1.10602e-05 1.47304e-05 1.88331e-05 2.33439e-05 2.82404e-05
3.17749e-07  1.2496e-06 2.75375e-06 4.79032e-06 7.32123e-06 1.03127e-05 1.37372e-05 1.75703e-05 2.17898e-05 2.63752e-05
2.96434e-07 1.16535e-06 2.56692e-06 4.46311e-06 6.82024e-06 9.61068e-06 1.28103e-05 1.63967e-05 2.03495e-05 2.46474e-05
2.76156e-07 1.08518e-06 2.38908e-06  4.1542e-06 6.35294e-06 8.96117e-06 1.19566e-05 1.53187e-05 1.90265e-05 2.30561e-05
2.56816e-07  1.0087e-06   2.222e-06 3.86912e-06 5.92595e-06 8.37016e-06 1.11813e-05 1.43383e-05 1.78174e-05 2.15952e-05
2.38304e-07 9.38085e-07 2.07168e-06 3.61489e-06 5.54536e-06 7.84256e-06 1.04854e-05 1.34501e-05 1.67133e-05  2.0253e-05
2.23171e-07 8.80069e-07 1.94635e-06 3.39949e-06 5.21882e-06 7.38313e-06 9.86876e-06  1.2652e-05 1.57109e-05 1.90252e-05
2.10659e-07  8.3094e-07 1.83839e-06 3.21243e-06 4.93207e-06 6.97384e-06  9.3141e-06 1.19309e-05 1.48041e-05 1.79148e-05
1.99102e-07 7.85675e-07 1.73923e-06 3.03895e-06 4.66157e-06 6.58352e-06 8.78295e-06 1.12396e-05 1.39349e-05 1.68515e-05
 1.8858e-07 7.44585e-07 1.64736e-06 2.87379e-06 4.40039e-06 6.20541e-06 8.26869e-06 1.05716e-05  1.3097e-05 1.58291e-05
 1.7917e-07 7.05801e-07 1.55691e-06 2.70916e-06 4.14094e-06 5.83224e-06 7.76457e-06 9.92084e-06 1.22853e-05 1.48435e-05
1.68609e-07  6.6242e-07  1.4583e-06 2.53484e-06 3.87223e-06 5.45218e-06 7.25776e-06 9.27338e-06 1.14846e-05 1.38782e-05
 1.5683e-07 6.16171e-07 1.35656e-06 2.35815e-06 3.60256e-06 5.07285e-06 6.75335e-06 8.62959e-06 1.06883e-05 1.29172e-05
1.45953e-07 5.73468e-07 1.26263e-06 2.19503e-06 3.35363e-06 4.72272e-06 6.28779e-06 8.03547e-06 9.95353e-06 1.20314e-05
1.35868e-07 5.33876e-07 1.17555e-06 2.04383e-06 3.12293e-06  4.3983e-06 5.85651e-06 7.48528e-06 9.27397e-06 1.12147e-05
1.26512e-07 4.97151e-07  1.0948e-06 1.90364e-06 2.90907e-06 4.09763e-06 5.45697e-06 6.97642e-06 8.64806e-06 1.04684e-05
1.17901e-07 4.63355e-07 1.02049e-06 1.77465e-06 2.71231e-06 3.82108e-06 5.09023e-06 6.51179e-06 8.08224e-06 9.80445e-06
1.09944e-07 4.32129e-07  9.5184e-07  1.6555e-06 2.53068e-06 3.56656e-06 4.75515e-06 6.09285e-06 7.58249e-06 9.23536e-06
1.02613e-07 4.03359e-07 8.88599e-07 1.54584e-06 2.36422e-06 3.33567e-06 4.45655e-06 5.72962e-06 7.16611e-06 8.78795e-06
9.58669e-08  3.7689e-07 8.30513e-07 1.44581e-06 2.21463e-06  3.1333e-06 4.20448e-06 5.43938e-06 6.85984e-06 8.50063e-06
8.96448e-08 3.52567e-07 7.77775e-07 1.35707e-06 2.08668e-06 2.96924e-06 4.01586e-06 5.24835e-06 6.70139e-06  8.4248e-06
8.42278e-08 3.31956e-07 7.35135e-07 1.29014e-06 1.99966e-06 2.87488e-06 3.93762e-06 5.22258e-06 6.77954e-06 8.67561e-06
8.14986e-08 3.24672e-07  7.2985e-07 1.30393e-06 2.06215e-06  3.0301e-06 4.24587e-06 5.76218e-06  7.6486e-06 9.99367e-06
8.24089e-08 3.33127e-07 7.63159e-07 1.39208e-06 2.24971e-06 3.37804e-06 4.83329e-06 6.68809e-06 9.03354e-06 1.19809e-05
8.81546e-08 3.62054e-07 8.45576e-07 1.57308e-06 2.59096e-06 3.95954e-06 5.75511e-06 8.07196e-06  1.1024e-05  1.4746e-05
9.98741e-08 4.15958e-07 9.87117e-07 1.86452e-06 3.11311e-06 4.81347e-06 7.06373e-06  9.9812e-06 1.37034e-05 1.83886e-05
1.18669e-07 4.99206e-07 1.19752e-06 2.28356e-06 3.84277e-06  5.9778e-06    8.81e-06 1.24804e-05 1.71502e-05 2.30014e-05
1.45615e-07  6.1607e-07 1.48631e-06 2.84705e-06 4.80605e-06 7.48942e-06 1.10424e-05   1.563e-05 2.14372e-05 2.86695e-05
1.81742e-07  7.7066e-07 1.86272e-06 3.57125e-06 6.02774e-06 9.38247e-06 1.38049e-05  1.9484e-05 2.66284e-05 3.54672e-05
2.28093e-07 9.67131e-07 2.33599e-06 4.47203e-06  7.5312e-06 1.16883e-05 1.71369e-05 2.40899e-05 3.27799e-05 4.34591e-05
2.85635e-07 1.20928e-06 2.91418e-06 5.56249e-06 9.33497e-06 1.44309e-05 2.10682e-05 2.94836e-05 3.99333e-05 5.26934e-05
   3.55e-07 1.49923e-06 3.60088e-06 6.84711e-06 1.14435e-05 1.76136e-05 2.55997e-05 3.56623e-05 4.80816e-05 6.31575e-05
 4.3535e-07 1.83154e-06 4.37833e-06 8.28401e-06  1.3775e-05 2.10957e-05 3.05091e-05 4.22972e-05 5.67617e-05 7.42223e-05
 5.2674e-07 2.20788e-06 5.25457e-06 9.89624e-06 1.63803e-05 2.49726e-05 3.59573e-05 4.96384e-05 6.63372e-05 8.63923e-05
6.29029e-07 2.62777e-06 6.22878e-06 1.16828e-05 1.92588e-05 2.92442e-05 4.19454e-05 5.76859e-05 7.68061e-05 9.96682e-05
7.42196e-07 3.09123e-06 7.30128e-06 1.36448e-05 2.24128e-05  3.3915e-05 4.84775e-05  6.6443e-05 8.81758e-05 0.000114064
8.66319e-07 3.59867e-06 8.47323e-06 1.57848e-05  2.5847e-05 3.89891e-05 5.55569e-05 7.59174e-05 0.000100461 0.000129604
1.00156e-06 4.15084e-06  9.7466e-06 1.81067e-05 2.95643e-05 4.44686e-05 6.31903e-05 8.61228e-05 0.000113685 0.000146321
1.14818e-06 4.74885e-06 1.11241e-05 2.06116e-05 3.35647e-05 5.03581e-05 7.13891e-05 9.70793e-05 0.000127877 0.000164258
1.30651e-06 5.39412e-06  1.2605e-05 2.32973e-05 3.78505e-05 5.66662e-05 8.01701e-05 0.000108814 0.000143076 0.000183468
1.47699e-06 6.08431e-06 1.41852e-05 2.61642e-05 4.24281e-05 6.34071e-05  8.9557e-05 0.000121361 0.000159333 0.000204018
1.65614e-06 6.81384e-06 1.58629e-05 2.92155e-05 4.73074e-05 7.05994e-05 9.95793e-05 0.000134765 0.000176705 0.000225984
1.84835e-06 7.59639e-06  1.7662e-05 3.24869e-05 5.25375e-05 7.83072e-05 0.000110318 0.000149124 0.000195313 0.000249517
2.05447e-06 8.43545e-06 1.95906e-05 3.59929e-05 5.81418e-05 8.65653e-05 0.000121822 0.000164506 0.000215251 0.000274738
2.27543e-06 9.33475e-06 2.16573e-05 3.97495e-05 6.41458e-05 9.54115e-05 0.000134145 0.000180987 0.000236621 0.000301776
2.51206e-06 1.02977e-05 2.38702e-05 4.37715e-05 7.05738e-05 0.000104883 0.000147344 0.000198648 0.000259526 0.000330758
-9.54862e-07 -2.72448e-06 -3.10388e-06  1.42203e-07  9.28095e-06  2.61244e-05  5.17049e-05  8.67689e-05  0.000132108  0.000188565
1.43069e-07 1.68594e-06 6.87203e-06 1.79771e-05  3.6822e-05 6.44473e-05 0.000101606 0.000149096 0.000207765 0.000278514
1.26019e-06 6.17438e-06  1.7027e-05 3.56483e-05 6.30882e-05 0.000100108 0.000147513 0.000206157 0.000276946 0.000360846
2.39769e-06 1.07457e-05 2.68839e-05 5.18722e-05 8.64813e-05 0.000131525 0.000187865 0.000256415 0.000338146 0.000434092
3.55691e-06 1.49173e-05 3.51512e-05 6.50394e-05 0.000105406 0.000157121 0.000221107 0.000298343 0.000389869 0.000496796
4.25153e-06  1.7391e-05 4.02096e-05 7.35423e-05  0.00011827 0.000175325 0.000245694 0.000330427 0.000430639  0.00054752
4.64177e-06 1.89785e-05 4.38564e-05 8.01685e-05 0.000128858 0.000190924 0.000267424 0.000359483 0.000468299 0.000595148
5.05895e-06 2.06759e-05  4.7756e-05 8.72557e-05 0.000140185 0.000207615  0.00029068 0.000390585 0.000508617 0.000646148
5.50528e-06 2.24921e-05 5.19295e-05 9.48417e-05 0.000152312 0.000225487 0.000315584 0.000423898  0.00055181 0.000700796
5.98294e-06  2.4436e-05 5.63972e-05 0.000102964 0.000165297 0.000244628 0.000342263 0.000459591 0.000598099 0.000759374
6.49432e-06 2.65175e-05 6.11817e-05 0.000111664 0.000179209 0.000265137 0.000370852  0.00049785 0.000647728 0.000822198
7.04208e-06 2.87473e-05 6.63079e-05 0.000120986 0.000194118 0.000287122 0.000401506 0.000538881 0.000700969 0.000889618
7.62911e-06 3.11372e-05 7.18029e-05  0.00013098 0.000210105 0.000310701 0.000434393 0.000582915 0.000758126 0.000962021
8.25847e-06 3.36997e-05 7.76957e-05   0.0001417 0.000227256 0.000336005 0.000469696 0.000630202 0.000819529  0.00103983
8.93346e-06 3.64484e-05 8.40177e-05 0.000153204 0.000245669 0.000363179 0.000507624 0.000681022 0.000885543  0.00112352
9.65797e-06 3.93994e-05 9.08076e-05 0.000165565  0.00026546   0.0003924 0.000548424 0.000735713 0.000956612  0.00121364
1.04377e-05 4.25782e-05  9.8129e-05 0.000178906 0.000286844 0.000424003  0.00059259 0.000794967  0.00103367  0.00131142
1.12779e-05 4.60041e-05 0.000106022 0.000193294  0.00030991   0.0004581 0.000640251 0.000858918  0.00111684  0.00141698
1.21841e-05    4.97e-05 0.000114539 0.000208822 0.000334808 0.000494912 0.000691712 0.000927975  0.00120667  0.00153097
1.31623e-05 5.36902e-05 0.000123735  0.00022559 0.000361699 0.000534671 0.000747298  0.00100257  0.00130369   0.0016541
1.42187e-05 5.79998e-05 0.000133669 0.000243704 0.000390749 0.000577624 0.000807349  0.00108315   0.0014085  0.00178711
  1.536e-05 6.26559e-05 0.000144401 0.000263275 0.000422135 0.000624032 0.000872227  0.00117021  0.00152172  0.00193076
1.65932e-05 6.76868e-05 0.000155997 0.000284421 0.000456047  0.00067417 0.000942312  0.00126424  0.00164398  0.00208587
1.79257e-05 7.31227e-05 0.000168527 0.000307268 0.000492682 0.000728327    0.001018  0.00136578  0.00177599  0.00225331
1.93653e-05 7.89954e-05 0.000182062 0.000331945 0.000532246 0.000786805  0.00109972  0.00147537  0.00191845  0.00243398
2.09202e-05 8.53378e-05 0.000196677 0.000358587 0.000574951 0.000849912  0.00118789   0.0015936   0.0020721  0.00262879
2.25975e-05 9.21765e-05 0.000212429 0.000387285 0.000620931 0.000917826  0.00128273  0.00172072  0.00223724  0.00283759
2.44058e-05 9.95484e-05 0.000229405  0.00041821 0.000670471  0.00099099  0.00138489  0.00185764  0.00241457   0.0030605
2.63542e-05 0.000107491 0.000247693  0.00045152 0.000723825  0.00106978  0.00149489  0.00200452  0.00260354  0.00329692
2.84527e-05 0.000116044 0.000267385 0.000487384 0.000781266   0.0011546  0.00161277   0.0021607  0.00280338  0.00354631
3.07119e-05 0.000125252 0.000288583 0.000525989 0.000843093  0.00124534   0.0017377   0.0023252  0.00301337  0.00380825
3.31437e-05 0.000135162 0.000311397 0.000567535 0.000909084  0.00134106  0.00186855  0.00249713  0.00323287  0.00408243
3.57606e-05 0.000145826 0.000335946 0.000611695 0.000978149  0.00144046  0.00200426  0.00267567  0.00346137  0.00436866
3.85764e-05 0.000157301 0.000361814 0.000657263  0.00104887  0.00154233  0.00214381  0.00286007  0.00369843  0.00466687
4.16056e-05 0.000169099 0.000387697   0.0007027  0.00111987  0.00164545  0.00228626  0.00304967  0.00394372  0.00497715
4.43168e-05 0.000179842 0.000411953  0.00074649  0.00118979  0.00174871  0.00243072   0.0032439  0.00419705  0.00530033
4.69292e-05 0.000190555 0.000436799 0.000792081  0.00126336  0.00185815  0.00258464  0.00345166  0.00446943  0.00564989
4.98071e-05  0.00020235 0.000464136 0.000842211   0.0013442  0.00197833  0.00275355  0.00368013  0.00477007   0.0060365
5.29708e-05  0.00021531 0.000494156 0.000897227  0.00143286  0.00211007  0.00293923  0.00393239  0.00510275  0.00646449
5.64422e-05 0.000229524 0.000527062 0.000957501  0.00152995  0.00225488  0.00314442  0.00421187  0.00547144  0.00693837
6.40319e-05 0.000261473 0.000603343  0.00110134  0.00176788  0.00261597  0.00365913  0.00491165  0.00638885  0.00810714
6.94255e-05 0.000283428 0.000653815  0.00119312  0.00191448   0.0028315  0.00395859  0.00531113  0.00690562  0.00875975
7.52031e-05 0.000306948  0.00070789  0.00129128  0.00207087  0.00306117  0.00427766  0.00573693  0.00745674  0.00945614
 8.1394e-05 0.000332153 0.000765657  0.00139579  0.00223719  0.00330548  0.00461733   0.0061906  0.00804442   0.0101993
8.80297e-05 0.000358987 0.000826894  0.00150653  0.00241364  0.00356505  0.00497872  0.00667387  0.00867111   0.0109925
9.49644e-05 0.000387076 0.000891251   0.0016234  0.00260047  0.00384058  0.00536307  0.00718864  0.00933948   0.0118394
0.000102253 0.000416778 0.000959633  0.00174794  0.00279994  0.00413515  0.00577439  0.00773996   0.0100557   0.0127474
0.000110095 0.000448741  0.00103322  0.00188195   0.0030146  0.00445214  0.00621703  0.00833325   0.0108266   0.0137245
0.000118535 0.000483135   0.0011124  0.00202616  0.00324559  0.00479327  0.00669336  0.00897173   0.0116561   0.0147761
0.000127616 0.000520146  0.00119761  0.00218135  0.00349416  0.00516036  0.00720596  0.00965882   0.0125488   0.0159079
0.000137388 0.000559972   0.0012893  0.00234835  0.00376165  0.00555539   0.0077576   0.0103983   0.0135095   0.0171259
0.000147904  0.00060283  0.00138797  0.00252806   0.0040495  0.00598051  0.00835125    0.011194   0.0145435   0.0184368
0.00015922 0.00064895 0.00149415 0.00272145 0.00435928 0.00643801 0.00899014  0.0120505  0.0156563  0.0198476
0.000171397  0.00069858  0.00160841  0.00292956  0.00469265  0.00693037  0.00967771   0.0129722   0.0168539   0.0213662
0.000184502  0.00075199  0.00173138  0.00315353  0.00505142  0.00746025   0.0104177   0.0139642    0.018143   0.0230006
0.000198605 0.000809468  0.00186371  0.00339458  0.00543755  0.00803055   0.0112142    0.015032   0.0195305     0.02476
0.000213784 0.000871335  0.00200616  0.00365405  0.00585323  0.00864455   0.0120717   0.0161817   0.0210246   0.0266545
0.000230121 0.000937927   0.0021595  0.00393336  0.00630069  0.00930549   0.0129949   0.0174193    0.022633    0.028694
0.000247708  0.00100961  0.00232455  0.00423403  0.00678237    0.010017   0.0139886   0.0187517   0.0243645   0.0308896
0.000266639  0.00108677  0.00250223  0.00455769  0.00730091   0.0107829   0.0150585    0.020186   0.0262285   0.0332535
0.000287019  0.00116984  0.00269351  0.00490613  0.00785913   0.0116075   0.0162102   0.0217302   0.0282353   0.0357983
0.000308958  0.00125927  0.00289942  0.00528122  0.00846008   0.0124952   0.0174501   0.0233926   0.0303958   0.0385379
0.000332575  0.00135553  0.00312108  0.00568503  0.00910701   0.0134508   0.0187848   0.0251822   0.0327216   0.0414873
  0.000358 0.00145916 0.00335971 0.00611973 0.00980346  0.0144796  0.0202218  0.0271088  0.0352254  0.0446626
0.00038537 0.00157073  0.0036166  0.0065877  0.0105532  0.0155871  0.0217686  0.0291829   0.037921   0.048081
0.000414834  0.00169083  0.00389314  0.00709146   0.0113603   0.0167793   0.0234338   0.0314156   0.0408229    0.051761
0.00044655  0.0018201 0.00419081 0.00763369  0.0122289  0.0180624  0.0252262  0.0338189  0.0439463  0.0555904
0.00048069 0.00195925 0.00451122 0.00821735   0.013164  0.0194438  0.0271558  0.0364061  0.0471771    0.05924
0.000517438  0.00210904  0.00485612  0.00884566   0.0141707    0.020931   0.0292331   0.0390597   0.0501824   0.0622911
0.000556995  0.00227028  0.00522741  0.00952209   0.0152546    0.022532   0.0313376   0.0414434   0.0525396   0.0643209
0.000599576  0.00244385  0.00562712   0.0102503   0.0164211   0.0241234   0.0331296   0.0431306   0.0538212   0.0648994
0.00064541 0.00263068 0.00605732  0.0110337  0.0175443  0.0253622  0.0341785  0.0436889  0.0535915  0.0635862
0.00069474  0.0028317 0.00651988  0.0117444  0.0182788   0.025815  0.0340489  0.0426794  0.0514065  0.0599304
0.000747812  0.00304779  0.00688569   0.0120358   0.0181907   0.0250471   0.0323041   0.0396624   0.0468226   0.0534836
0.000804883  0.00314921  0.00680835    0.011476   0.0168497   0.0226299    0.028518   0.0342154   0.0394216   0.0438329
0.000735217   0.0027872    0.005851  0.00962571   0.0138131    0.018116   0.0222369   0.0258765    0.028732   0.0305483
0.000581313  0.00217369  0.00447566  0.00718831   0.0100139   0.0126544     0.01481   0.0161772   0.0165009   0.0157376
0.000429501  0.00156779  0.00311535  0.00477377  0.00624436   0.0072266  0.00741672  0.00655888  0.00460935  0.00168353
 0.00027901 0.000966418  0.00176314  0.00236974  0.00248503  0.00180455 7.18983e-05 -0.00275719 -0.00656775  -0.0112507
 0.000129079  0.000366522   0.00041216 -3.59913e-05  -0.00128313  -0.00358639  -0.00699068   -0.0113816   -0.0166505   -0.0226945
 1.50021e-05 -6.71956e-05 -0.000502322  -0.00154936  -0.00347174  -0.00642178   -0.0103634   -0.0151886   -0.0207949   -0.0270852
-0.000112562  -0.00057914  -0.00165954  -0.00361806  -0.00660788   -0.0105937   -0.0154682   -0.0211296   -0.0274812   -0.0344313
-0.000241831  -0.00109861  -0.00283549  -0.00560654  -0.00937734   -0.0140414   -0.0194976     -0.02565   -0.0324072   -0.0396824
-0.000373551  -0.00162848   -0.0039198  -0.00721411   -0.0114059   -0.0163948   -0.0220859   -0.0283884    -0.035216   -0.0424859
-0.000508473  -0.00205526   -0.0046083  -0.00806348    -0.012322   -0.0172899   -0.0228778   -0.0290004   -0.0355756   -0.0425249
-0.000530623  -0.00206988  -0.00451538  -0.00777014   -0.0117421   -0.0163434   -0.0214902    -0.027102   -0.0331012   -0.0394125
-0.000477916  -0.00186179  -0.00405445  -0.00696356   -0.0105012   -0.0145832   -0.0191289   -0.0240605   -0.0293027   -0.0347822
-0.000427955  -0.00166441  -0.00361686  -0.00619713  -0.00932092   -0.0129074   -0.0168785   -0.0211588   -0.0256748   -0.0303549
-0.000380456  -0.00147662  -0.00320012  -0.00546644  -0.00819448   -0.0113061   -0.0147256   -0.0183795   -0.0221957   -0.0261036
-0.000335151  -0.00129734  -0.00280185  -0.00476735  -0.00711547  -0.00977035   -0.0126582    -0.015707   -0.0188458   -0.0220046
-0.000291786  -0.00112558  -0.00241984  -0.00409596  -0.00607785  -0.00829154   -0.0106647   -0.0131264   -0.0156064   -0.0180348
-0.000250118 -0.000960377  -0.00205194  -0.00344849   -0.0050758  -0.00686137  -0.00873396   -0.0106232   -0.0124592    -0.014172
 -0.00020991 -0.000800789  -0.00169607  -0.00282129  -0.00410369  -0.00547179  -0.00685503  -0.00818331  -0.00938661   -0.0103946
-0.000170939 -0.000645931  -0.00135025  -0.00221088  -0.00315608  -0.00411504  -0.00501746  -0.00579311  -0.00637149   -0.0066813
-0.000132987 -0.000494936  -0.00101255  -0.00161383  -0.00222768  -0.00278354  -0.00321098  -0.00343927  -0.00339697  -0.00301152
-9.58422e-05 -0.000346961 -0.000681075   -0.0010268   -0.0013133  -0.00146985   -0.0014255  -0.00110861 -0.000446431  0.000635298
-5.92949e-05 -0.000201172 -0.000353954  -0.00044648 -0.000407741 -0.000166486  0.000349179   0.00121221   0.00249707   0.00428013
-2.31409e-05 -5.67543e-05 -2.93672e-05  0.000130361  0.000493999   0.00113374   0.00212281    0.0035359   0.00544958    0.0079428
1.28218e-05 8.70985e-05 0.000294499  0.00070694  0.00139695  0.00243808  0.00390528  0.00587538  0.00842754   0.0116437
4.87942e-05 0.000231189  0.00061945  0.00128647  0.00230615  0.00375378  0.00570649  0.00824368   0.0114475   0.0154033
8.49764e-05  0.00037632 0.000947294  0.00187218  0.00322664  0.00508816  0.00753644   0.0106539   0.0145261   0.0192424
 0.00012157 0.000523297  0.00127985   0.0024673  0.00416353   0.0064486  0.00940527   0.0131194   0.0176805   0.0231823
0.000158776 0.000672935  0.00161896  0.00307515  0.00512199  0.00784263   0.0113233   0.0156538    0.020928   0.0272448
0.000196803  0.00082606   0.0019665  0.00369906  0.00610732  0.00927792    0.013301    0.018271   0.0242866   0.0314521
0.000235859 0.000983517  0.00232438  0.00434248  0.00712493   0.0107624   0.0153494   0.0209854   0.0277747   0.0358276
0.00027616 0.00114617 0.00269456 0.00500894 0.00818041  0.0123041  0.0174796  0.0238119  0.0314115   0.040395
0.000317925  0.00131491  0.00307907  0.00570203  0.00927944   0.0139114   0.0197032   0.0267659   0.0352163   0.0450526
0.000361383  0.00149066     0.00348  0.00642559   0.0104281   0.0155934   0.0220327   0.0298636   0.0390844   0.0494903
0.000406771  0.00167438  0.00389957  0.00718362   0.0116329   0.0173592   0.0244807   0.0329959   0.0427006   0.0533117
0.000454339  0.00186708  0.00434008  0.00798032   0.0129003   0.0192186   0.0269344   0.0358437   0.0456639   0.0561159
0.000504348  0.00206982  0.00480398  0.00882003   0.0142371   0.0210549   0.0290702   0.0380006   0.0475676   0.0574946
0.000557069   0.0022837  0.00529369  0.00970683   0.0155235    0.022541   0.0304774   0.0390547   0.0479969   0.0570288
0.000612781  0.00250978   0.0058114   0.0105187   0.0164294   0.0232624   0.0307401    0.038587   0.0465282   0.0542886
0.000671769  0.00274911  0.00623372   0.0109241   0.0165398   0.0228038   0.0294412   0.0361777   0.0427385   0.0488467
0.000734326  0.00287746  0.00622893   0.0105094    0.015443   0.0207556   0.0261741   0.0314242   0.0362299    0.040311
0.000675133  0.00256056  0.00537835    0.008854    0.012715   0.0166894   0.0205043   0.0238845    0.026551   0.0282194
0.000534919  0.00200147  0.00412453  0.00663097  0.00924824   0.0117029   0.0137193   0.0150178   0.0153139   0.0144925
0.000396453  0.00144863  0.00288276  0.00442564  0.00580322  0.00673916  0.00695339  0.00616081  0.00424605  0.00129604
0.000258989 0.000899066  0.00164634  0.00222604  0.00236114   0.0017709 0.000169675 -0.00255846 -0.00632699  -0.0110226
 0.00012179 0.000349827 0.000408607 2.03203e-05 -0.00109651 -0.00322826 -0.00649148  -0.0108002  -0.0160416  -0.0221088
-8.67533e-05 -0.000457966   -0.0013371  -0.00295132  -0.00553268  -0.00921031   -0.0139383   -0.0196045   -0.0261024   -0.0333312
-0.000198071 -0.000905158  -0.00234925  -0.00476326  -0.00827715   -0.0128459   -0.0183578   -0.0247072   -0.0317938   -0.0395224
-0.000311327   -0.0013608  -0.00338215  -0.00650628    -0.010689   -0.0158194   -0.0217926   -0.0285089   -0.0358736   -0.0437965
-0.000427251  -0.00182768   -0.0043331   -0.0079003   -0.0124195   -0.0177864   -0.0239023   -0.0306732   -0.0380095   -0.0458257
-0.000546578  -0.00220007  -0.00491861   -0.0085938   -0.0131229   -0.0184083   -0.0243572    -0.030881   -0.0378949   -0.0453176
-0.000561125  -0.00218967  -0.00477897  -0.00822809   -0.0124412   -0.0173273   -0.0227992   -0.0287734   -0.0351697   -0.0419102
-0.000506202  -0.00197288  -0.00429889  -0.00738823   -0.0111495   -0.0154956   -0.0203427   -0.0256104   -0.0312208   -0.0370984
-0.000454185  -0.00176743  -0.00384354  -0.00659093  -0.00992216   -0.0137534    -0.018004   -0.0225959   -0.0274534   -0.0325025
-0.00040478 -0.00157214 -0.00341031  -0.0058316 -0.00875199  -0.0120906  -0.0157693  -0.0197121  -0.0238449   -0.028095
-0.000357707  -0.00138592  -0.00299676  -0.00510596  -0.00763243   -0.0104978   -0.0136259   -0.0169426   -0.0203749   -0.0238509
-0.000312701  -0.00120772  -0.00260057  -0.00440993  -0.00655718  -0.00896602    -0.011562    -0.014272   -0.0170241   -0.0197466
-0.00026951 -0.00103653 -0.00221951 -0.00373959 -0.00552023 -0.00748672 -0.00956582  -0.0116853  -0.0137735   -0.015759
-0.000227892 -0.000871404  -0.00185144   -0.0030912  -0.00451573  -0.00605156  -0.00762625  -0.00916797   -0.0106051   -0.0118657
 -0.00018761 -0.000711398   -0.0014943   -0.0024611  -0.00353806   -0.0046525  -0.00573238  -0.00670587  -0.00750094  -0.00804495
-0.000148442 -0.000555627  -0.00114608  -0.00184578  -0.00258177  -0.00328175  -0.00387366   -0.0042853  -0.00444383   -0.0042754
-0.000110169  -0.00040322  -0.00080485  -0.00124181   -0.0016415  -0.00193162   -0.0020397  -0.00189271  -0.00141662 -0.000535976
-7.25743e-05 -0.000253317 -0.000468675  -0.00064575 -0.000711917  -0.00059443 -0.000220004  0.000485607   0.00159805   0.00319483
-3.54485e-05 -0.000105082 -0.000135686 -5.43073e-05  0.000212123  0.000737188    0.0015954   0.00286265   0.00461663    0.0069373
1.41602e-06 4.23134e-05 0.000195977 0.000535823  0.00113577  0.00207066  0.00341664  0.00525167  0.00765591   0.0107122
3.82251e-05 0.000189691 0.000528163  0.00112793  0.00206418   0.0034134  0.00525384  0.00766594   0.0107328   0.0145406
7.51839e-05 0.000337873 0.000862723  0.00172531   0.0030025  0.00477288  0.00711721   0.0101189   0.0138643   0.0184437
0.000112498 0.000487683  0.00120151  0.00233127  0.00395594  0.00615664  0.00901707    0.012624   0.0170678   0.0224429
0.000150374  0.00063995  0.00154642  0.00294918  0.00492979  0.00757232   0.0109639   0.0151952   0.0203609   0.0265605
0.000189023 0.000795519  0.00189933  0.00358245  0.00592941  0.00902774   0.0129685   0.0178466   0.0237619   0.0308191
0.000228657 0.000955248  0.00226221  0.00423457  0.00696031   0.0105309   0.0150418   0.0205929   0.0272894   0.0352423
0.000269495  0.00112001  0.00263705  0.00490911  0.00802813     0.01209   0.0171952    0.023449   0.0309629    0.039854
0.000311759  0.00129072  0.00302588  0.00560972  0.00913865   0.0137135   0.0194403   0.0264306   0.0348019   0.0445523
0.000355682  0.00146829  0.00343083  0.00634028    0.010298   0.0154106   0.0217899    0.029554   0.0387011   0.0490253
0.000401503  0.00165371  0.00385415  0.00710482   0.0115127   0.0171905   0.0242566   0.0327096   0.0423438   0.0528745
0.000449474  0.00184799  0.00429815  0.00790759   0.0127895   0.0190629    0.026727   0.0355764   0.0453268   0.0556971
0.000499857   0.0020522  0.00476529  0.00875295   0.0141349   0.0209108   0.0288758   0.0377461   0.0472411   0.0570826
0.000552924  0.00226745  0.00525801  0.00964498   0.0154286   0.0224048   0.0302901   0.0388044   0.0476699   0.0566096
0.000608963  0.00249482  0.00577855   0.0104611   0.0163388   0.0231289   0.0305519   0.0383303   0.0461876   0.0538466
0.000668256  0.00273534  0.00620283   0.0108679   0.0164483   0.0226652   0.0292418    0.035902    0.042369    0.048364
0.000731099  0.00286412  0.00619729   0.0104495    0.015343   0.0206019    0.025951   0.0311144   0.0358139   0.0397675
0.000671479  0.00254506  0.00534102  0.00878302   0.0125967   0.0165082   0.0202428   0.0235234   0.0260688   0.0275928
0.000530376  0.00198239  0.00407911  0.00654554  0.00910725   0.0114889   0.0134129   0.0145977   0.0147566   0.0137843
0.000391004  0.00142591  0.00282911   0.0043255  0.00563913  0.00649173  0.00660126  0.00568065  0.00362399 0.000528811
 0.000252618  0.000872648   0.00158432   0.00211095   0.00217357   0.00148952 -0.000228879  -0.00308805  -0.00699089   -0.0118238
 0.000114479  0.000319637  0.000338063 -0.000109987  -0.00130795  -0.00354417  -0.00692573   -0.0113561   -0.0167221   -0.0229168
 2.04262e-05  -5.3998e-05 -0.000496248  -0.00158303  -0.00359596  -0.00669877   -0.0108553    -0.015953   -0.0218854   -0.0285514
-0.000115639 -0.000600195   -0.0017312  -0.00379111  -0.00694454   -0.0111561    -0.016314   -0.0223122   -0.0290503   -0.0364328
-0.000253657  -0.00115489  -0.00298702  -0.00591553  -0.00990592   -0.0148472    -0.020634   -0.0271666   -0.0343501   -0.0420942
-0.000394357  -0.00172089  -0.00414603  -0.00763628   -0.0120816   -0.0173776   -0.0234252   -0.0301302    -0.037403   -0.0451577
-0.000538471  -0.00217747  -0.00488485  -0.00855198   -0.0130759   -0.0183587   -0.0243076   -0.0308337   -0.0378521   -0.0452812
-0.000562851  -0.00219645   -0.0047939  -0.00825405   -0.0124809   -0.0173831   -0.0228735   -0.0288684   -0.0352874   -0.0420525
-0.000507806  -0.00197919  -0.00431277  -0.00741237   -0.0111864   -0.0155475   -0.0204119   -0.0256988   -0.0313304   -0.0372308
-0.000455677  -0.00177329  -0.00385645  -0.00661339  -0.00995648   -0.0138017   -0.0180684   -0.0226782   -0.0275554   -0.0326258
-0.000406168   -0.0015776  -0.00342233   -0.0058525  -0.00878393   -0.0121356   -0.0158292   -0.0197887   -0.0239399   -0.0282099
-0.000358999    -0.001391  -0.00300795  -0.00512542  -0.00766218   -0.0105397   -0.0136818   -0.0170141   -0.0204635   -0.0239581
-0.000313904  -0.00121245  -0.00261099  -0.00442805   -0.0065849   -0.0090051   -0.0116141   -0.0143387   -0.0171067   -0.0198467
-0.000270631  -0.00104094  -0.00222922  -0.00375649  -0.00554608  -0.00752317  -0.00961442   -0.0117475   -0.0138507   -0.0158525
-0.000228936 -0.000875513   -0.0018605  -0.00310697  -0.00453987  -0.00608561  -0.00767167  -0.00922614   -0.0106773   -0.0119534
-0.000188587  -0.00071524  -0.00150277  -0.00247585  -0.00356065  -0.00468439  -0.00577495  -0.00676044  -0.00756881  -0.00812738
-0.000149356 -0.000559224  -0.00115402  -0.00185961  -0.00260295  -0.00331167  -0.00391366  -0.00433665   -0.0045078  -0.00435326
-0.000111026 -0.000406593 -0.000812296  -0.00125479  -0.00166142   -0.0019598  -0.00207744  -0.00194126  -0.00147726  -0.00060998
-7.33806e-05 -0.000256496 -0.000475707 -0.000658042 -0.000730822 -0.000621259 -0.000256051  0.000439051   0.00153967   0.00312327
-3.62116e-05 -0.000108097 -0.000142373  -6.6034e-05  0.000194024    0.0007114   0.00156061    0.0028175   0.00455973   0.00686718
6.87948e-07 3.94294e-05 0.000189557 0.000524519  0.00111825  0.00204557  0.00338261  0.00520728  0.00759965   0.0106425
 3.7523e-05 0.000186901 0.000521924  0.00111689  0.00204697  0.00338863  0.00522006  0.00762159   0.0106762   0.0144701
7.44972e-05 0.000335133 0.000856565  0.00171435  0.00298532  0.00474801  0.00708307   0.0100738   0.0138065   0.0183711
0.000111815 0.000484946  0.00119533   0.0023202  0.00393849   0.0061312  0.00898194   0.0125773   0.0170076    0.022367
0.000149683 0.000637168  0.00154009   0.0029378  0.00491172  0.00754584   0.0109271   0.0151461   0.0202972   0.0264798
0.000188311 0.000792638  0.00189275  0.00357053  0.00591038   0.0089997   0.0129293   0.0177941   0.0236935   0.0307322
0.00022791 0.00095221 0.00225524 0.00422187 0.00693995  0.0105008  0.0149996  0.0205361  0.0272152  0.0351476
0.000268697  0.00111676  0.00262955   0.0048954  0.00800608   0.0120573   0.0171492    0.023387   0.0308816   0.0397502
0.000310898   0.0012872  0.00301774  0.00559481  0.00911462   0.0136778     0.01939   0.0263626   0.0347129   0.0444374
0.000354744  0.00146445  0.00342194  0.00632396   0.0102717   0.0153713   0.0217346   0.0294793   0.0386022   0.0488945
0.000400475   0.0016495  0.00384437  0.00708688   0.0114838   0.0171473   0.0241957   0.0326263   0.0422305   0.0527199
0.000448343  0.00184335  0.00428739  0.00788782   0.0127575   0.0190153   0.0266589   0.0354802   0.0451912   0.0555072
0.000498611  0.00204709  0.00475343  0.00873114   0.0140997   0.0208573   0.0287964   0.0376295   0.0470723    0.056843
0.000551552  0.00226181  0.00524493  0.00962097   0.0153889   0.0223416   0.0301921   0.0386566   0.0474537   0.0563027
0.000607449  0.00248861  0.00576413   0.0104336   0.0162906   0.0230486   0.0304245   0.0381372   0.0459064   0.0534513
0.000666585  0.00272849  0.00618597   0.0108333   0.0163846   0.0225573   0.0290711   0.0356461   0.0420019   0.0478558
0.000729256  0.00285561  0.00617436   0.0104008   0.0152534   0.0204527     0.02572   0.0307753   0.0353369   0.0391189
 0.0006685 0.00253133 0.00530515 0.00870998  0.0124678   0.016301  0.0199311  0.0230773  0.0254547  0.0267731
0.00052559 0.00196142 0.00402691 0.00644338  0.0089327  0.0112158  0.0130113  0.0140338   0.013993   0.012797
 0.000384396   0.00139765   0.00276045   0.00419398   0.00541856   0.00615215   0.00610891   0.00499793   0.00272704 -0.000590916
 0.000244173  0.000837016   0.00149903    0.0019498   0.00190658   0.00108288 -0.000812798  -0.00387314  -0.00798575   -0.0130378
 0.000104182  0.000276577  0.000236019 -0.000301019  -0.00162179  -0.00401849  -0.00758446   -0.0122079   -0.0177763   -0.0241836
  1.7338e-05 -6.65145e-05 -0.000524875  -0.00163483  -0.00367838  -0.00681979   -0.0110236   -0.0161779   -0.0221771   -0.0289209
-0.000118892 -0.000613388   -0.0017614  -0.00384581  -0.00703173   -0.0112845    -0.016493    -0.022552   -0.0293621   -0.0368286
-0.000257093  -0.00116884  -0.00301897  -0.00597352  -0.00999866   -0.0149842   -0.0208255   -0.0274238   -0.0346851     -0.04252
-0.000397996  -0.00173567  -0.00418001  -0.00769819   -0.0121809   -0.0175247   -0.0236313   -0.0304075   -0.0377645   -0.0456176
-0.000542336  -0.00219326  -0.00492132  -0.00861868   -0.0131832   -0.0185179   -0.0245308   -0.0311341    -0.038244   -0.0457798
-0.000567045  -0.00221362  -0.00483361  -0.00832671   -0.0125978   -0.0175565   -0.0231166   -0.0291955   -0.0357139    -0.042595
-0.000512392  -0.00199794  -0.00435614  -0.00749168    -0.011314   -0.0157366   -0.0206768    -0.026055   -0.0317946    -0.037821
-0.000460682  -0.00179375  -0.00390373   -0.0066998   -0.0100954   -0.0140075   -0.0183566   -0.0230656     -0.02806    -0.033267
-0.000411619  -0.00159988  -0.00347378   -0.0059465  -0.00893495   -0.0123592   -0.0161423   -0.0202094   -0.0244876   -0.0289057
-0.000364927  -0.00141522  -0.00306387  -0.00522754  -0.00782617   -0.0107825   -0.0140216   -0.0174704   -0.0210575   -0.0247125
-0.000320344  -0.00123875  -0.00267169  -0.00453888  -0.00676281  -0.00926838   -0.0119824   -0.0148332   -0.0177503   -0.0206638
-0.000277619  -0.00106947  -0.00229505  -0.00387664  -0.00573889  -0.00780843   -0.0100134   -0.0122831   -0.0145475   -0.0167369
-0.000236512 -0.000906436  -0.00193183  -0.00323711  -0.00474866  -0.00639443   -0.0081035  -0.00980569   -0.0114312   -0.0129099
-0.000196791 -0.000748724  -0.00157998   -0.0026167  -0.00378658  -0.00501847  -0.00624201  -0.00738715  -0.00838381  -0.00916142
-0.000158235 -0.000595454  -0.00123754  -0.00201194  -0.00284726  -0.00367287  -0.00441853  -0.00501397  -0.00538847  -0.00547044
-0.000120628  -0.00044577 -0.000902603  -0.00141946  -0.00192545   -0.0023501  -0.00262289  -0.00267291  -0.00242843  -0.00181644
-8.37594e-05 -0.000298835 -0.000573286  -0.00083594  -0.00101603  -0.00104279 -0.000845076 -0.000350941  0.000512787   0.00182093
-4.74238e-05  -0.00015383 -0.000247759 -0.000258138 -0.000113915  0.000256331  0.000924793   0.00196486   0.00345152   0.00546186
-1.14188e-05 -9.94738e-06  7.57887e-05   0.00031716  0.000785896   0.00155448   0.00269654   0.00428732   0.00640407   0.00912653
2.44556e-05 0.000133611 0.000399153 0.000893146  0.00168839  0.00285884  0.00447999  0.00662933  0.00938679   0.0128352
6.03984e-05 0.000277641 0.000724126  0.00147301  0.00259858  0.00417665    0.006285  0.00900381   0.0124161   0.0166084
9.66085e-05 0.000422941  0.00105251  0.00205996  0.00352148  0.00551517  0.00812153   0.0114239   0.0155089    0.020467
0.000133286 0.000570311   0.0013861  0.00265723  0.00446218  0.00688179  0.00999971   0.0139029   0.0186819   0.0244321
0.000170633 0.000720566  0.00172676  0.00326811  0.00542586  0.00828403   0.0119299   0.0164544   0.0219529   0.0285256
0.000208856 0.000874532  0.00207634  0.00389596  0.00641783  0.00972958   0.0139226   0.0190925   0.0253397   0.0327703
0.000248164  0.00103306  0.00243678  0.00454424  0.00744351   0.0112264   0.0159889   0.0218317   0.0288612   0.0371892
0.000288774  0.00119701  0.00281005  0.00521649  0.00850856   0.0127827   0.0181401   0.0246873   0.0325365   0.0416787
0.000330909  0.00136729  0.00319821  0.00591642  0.00961885   0.0144072   0.0203883   0.0276748   0.0362581   0.0459231
 0.0003748 0.00154484 0.00360338 0.00664791  0.0107806  0.0161089  0.0227457  0.0306829  0.0397057  0.0495191
0.000420689  0.00173063  0.00402783  0.00741505   0.0120002   0.0178969   0.0250973   0.0333871   0.0424716   0.0520594
0.000468824  0.00192568  0.00447388  0.00822198   0.0132841   0.0196529   0.0271145   0.0353748   0.0441426   0.0531285
0.000519472  0.00213106  0.00494388  0.00907263   0.0145105   0.0210444   0.0283803   0.0362277   0.0442973   0.0523005
0.000572903   0.0023478  0.00543995  0.00984314   0.0153446   0.0216513   0.0284727   0.0355202   0.0425055   0.0491389
0.00062939 0.00257689 0.00583689  0.0101973  0.0153655  0.0210518  0.0269681  0.0328263  0.0383372  0.0432088
0.000689211  0.00269236  0.00579832  0.00971555   0.0141553   0.0188304   0.0234536   0.0277364   0.0313875   0.0341109
0.000625346  0.00235537  0.00489981  0.00797133   0.0112841   0.0145521   0.0174882   0.0198018   0.0211979   0.0213756
0.000479053  0.00177168  0.00358985    0.005647  0.00765657  0.00933055   0.0103779   0.0105032  0.00940502  0.00698013
0.000334222  0.00119308  0.00228929  0.00333553  0.00404307  0.00412023  0.00327087   0.0011931 -0.00221675 -0.00685807
 0.00019009 0.000616527 0.000991232  0.00102464 0.000424291 -0.00110669 -0.00387086 -0.00797248  -0.0133114  -0.0197883
 4.58988e-05  3.89754e-05 -0.000311163  -0.00129787  -0.00321887  -0.00637751   -0.0108788   -0.0166232   -0.0235119    -0.031453
-6.37565e-05 -0.000391488  -0.00125802  -0.00294258  -0.00573003   -0.0097907   -0.0151001     -0.02156   -0.0290791    -0.037573
-0.000200631 -0.000941301  -0.00250217  -0.00516909  -0.00911334   -0.0143113   -0.0206656   -0.0280857   -0.0364875   -0.0457934
-0.000339841  -0.00150118  -0.00377081  -0.00732105   -0.0121293   -0.0180991   -0.0251406   -0.0331706    -0.042112   -0.0518935
-0.000482146  -0.00207404  -0.00494907  -0.00908578   -0.0143887   -0.0207692   -0.0281448   -0.0364393   -0.0455819   -0.0555075
-0.000628311  -0.00254186  -0.00572069   -0.0100709   -0.0155053    -0.021943   -0.0293088   -0.0375333   -0.0465521   -0.0563058
-0.000657788  -0.00258342  -0.00568491    -0.009877   -0.0150807   -0.0212227   -0.0282352   -0.0360552   -0.0446245   -0.0538889
-0.000610031  -0.00239585  -0.00527215  -0.00915985   -0.0139857   -0.0196816   -0.0261848   -0.0334369   -0.0413837   -0.0499751
-0.000565744  -0.00222192   -0.0048894  -0.00849486   -0.0129703   -0.0182528   -0.0242839   -0.0310095   -0.0383794   -0.0463471
-0.000524672  -0.00206061  -0.00453445  -0.00787817   -0.0120287   -0.0169277    -0.022521   -0.0287583   -0.0355933   -0.0429826
-0.000486584  -0.00191102  -0.00420527  -0.00730626   -0.0111555   -0.0156989   -0.0208861   -0.0266707   -0.0330095   -0.0398624
-0.00045126 -0.00177229 -0.00389999 -0.00677587  -0.0103457  -0.0145593    -0.01937  -0.0247346  -0.0306133  -0.0369688
-0.000418501  -0.00164363  -0.00361688  -0.00628399  -0.00959468   -0.0135024   -0.0179639   -0.0229391    -0.028391   -0.0342852
-0.00038812 -0.00152432 -0.00335432 -0.00582782 -0.00889819  -0.0125222  -0.0166598   -0.021274  -0.0263301  -0.0317965
-0.000359946  -0.00141366  -0.00311082  -0.00540477  -0.00825227   -0.0116132   -0.0154505   -0.0197297   -0.0244189   -0.0294885
-0.000333818  -0.00131105  -0.00288501  -0.00501245  -0.00765326   -0.0107703    -0.014329   -0.0182976   -0.0226465   -0.0273481
-0.000309587  -0.00121588   -0.0026756  -0.00464862  -0.00709775  -0.00998852    -0.013289   -0.0169695   -0.0210028   -0.0253632
-0.000287115  -0.00112763   -0.0024814  -0.00431121  -0.00658258  -0.00926354   -0.0123245   -0.0157379   -0.0194784   -0.0235224
-0.000266276  -0.00104578   -0.0023013  -0.00399831  -0.00610483  -0.00859121     -0.01143   -0.0145957   -0.0180647   -0.0218152
 -0.00024695 -0.000969884  -0.00213428  -0.00370813  -0.00566177  -0.00796771   -0.0106005   -0.0135365   -0.0167538   -0.0202321
-0.000229029 -0.000899498  -0.00197939  -0.00343903   -0.0052509  -0.00738951  -0.00983124   -0.0125542    -0.015538    -0.018764
-0.000212408 -0.000834224  -0.00183575  -0.00318947  -0.00486987   -0.0068533  -0.00911786   -0.0116432   -0.0144106   -0.0174025
-0.000196995  -0.00077369  -0.00170255  -0.00295804  -0.00451651  -0.00635604  -0.00845629   -0.0107984    -0.013365   -0.0161399
-0.000182701 -0.000717551  -0.00157901  -0.00274341  -0.00418881  -0.00589487  -0.00784275    -0.010015   -0.0123954   -0.0149689
-0.000169445 -0.000665488  -0.00146445  -0.00254437   -0.0038849   -0.0054672  -0.00727377  -0.00928842   -0.0114961    -0.013883
-0.000157151 -0.000617206   -0.0013582  -0.00235978  -0.00360306  -0.00507057   -0.0067461  -0.00861462   -0.0106622    -0.012876
 -0.00014575 -0.000572429  -0.00125967  -0.00218859  -0.00334169  -0.00470275  -0.00625675  -0.00798975  -0.00988885   -0.0119421
-0.000135177 -0.000530904  -0.00116829  -0.00202983   -0.0030993  -0.00436165  -0.00580295  -0.00741027  -0.00917166    -0.010955
-0.000125372 -0.000492397  -0.00108356  -0.00188262  -0.00287453  -0.00404534  -0.00538214  -0.00687293  -0.00838557  -0.00958699
-0.000116281 -0.000456693  -0.00100499  -0.00174612  -0.00266612  -0.00375206  -0.00499196  -0.00625366  -0.00720407  -0.00743019
-0.000107852 -0.000423591 -0.000932152  -0.00161957  -0.00247291  -0.00348017  -0.00450919  -0.00522689  -0.00522024  -0.00407691
 -0.00010004 -0.000392908 -0.000864634  -0.00150227  -0.00229381   -0.0031071  -0.00360904  -0.00338661  -0.00202746  0.000880096
-9.27985e-05  -0.00036447 -0.000802057  -0.00139355  -0.00200679  -0.00230869   -0.0018862 -0.000326991   0.00278065   0.00772174
-8.60882e-05 -0.000338117 -0.000744069  -0.00117179  -0.00128819 -0.000680229   0.00106445   0.00435757   0.00948414    0.0165269
 -7.9871e-05   -0.0003137 -0.000569341 -0.000513722  0.000266221   0.00218285   0.00564789    0.0109464     0.018161    0.0272985
-7.41116e-05 -0.000170107   4.5071e-05  0.000984498   0.00306055   0.00668496    0.0121428    0.0195167    0.0288134     0.040039
5.21622e-05 0.000415374  0.00150272   0.0037266  0.00749875   0.0131042   0.0206258   0.0300701   0.0414432   0.0547508
0.000258819  0.00124164  0.00336088  0.00702828   0.0125289   0.0199456   0.0292849   0.0405529   0.0537554    0.068914
0.000465123  0.00206653  0.00521599   0.0101986   0.0170971   0.0259182   0.0366679   0.0493521   0.0639923   0.0806085
0.000671103  0.00289014  0.00694221   0.0129101   0.0208004   0.0306194   0.0423727    0.056082   0.0717673   0.0894309
0.000876786   0.0035865  0.00821195   0.0147598   0.0232361   0.0336467   0.0460132   0.0603557   0.0766766   0.0949778
0.000956415  0.00286747  0.00477814  0.00669455  0.00862235   0.0105826   0.0125949   0.0146616   0.0167847   0.0189663
0.000959825  0.00288333   0.0048175  0.00676799  0.00875588   0.0108007   0.0129049   0.0150705   0.0172994   0.0195937
0.000962989  0.00289699  0.00484978  0.00684244  0.00889453   0.0110084   0.0131861   0.0154297    0.017741   0.0201218
0.000965923  0.00290876  0.00489194  0.00693501   0.0090403     0.01121    0.013446   0.0157502   0.0181243     0.02057
0.000968644  0.00293513  0.00496121  0.00704922   0.0092013   0.0114195   0.0137055   0.0160613   0.0184882   0.0209879
0.000971168  0.00294344  0.00497672  0.00707316  0.00923477   0.0114634   0.0137608   0.0161285    0.018568   0.0210807
0.000973508  0.00295036  0.00498793  0.00708821  0.00925307   0.0114842   0.0137833   0.0161518    0.018591   0.0211022
0.00097568 0.00295553 0.00499332 0.00709092 0.00925006  0.0114723  0.0137592  0.0161121  0.0185323  0.0210209
0.000977695  0.00295704   0.0049852  0.00706389  0.00919473   0.0113792   0.0136187   0.0159144   0.0182676   0.0206794
0.000979567  0.00295233  0.00495317  0.00698369   0.0090454   0.0111397   0.0132678   0.0154309   0.0176301   0.0198665
0.000981304  0.00294305  0.00490384  0.00686518  0.00882844   0.0107949   0.0127658   0.0147422    0.016725   0.0187154
0.000982915  0.00293195  0.00484812   0.0067328  0.00858729   0.0104128   0.0122104   0.0139811   0.0157259   0.0174456
0.000984409  0.00292136  0.00479526  0.00660739  0.00835895    0.010051   0.0116847   0.0132609   0.0147804   0.0162442
0.000985794  0.00291282  0.00475135  0.00650258  0.00816762   0.0097475   0.0112432   0.0126555   0.0139853   0.0152334
0.000987077  0.00290706  0.00471929  0.00642486  0.00802481   0.0095201   0.0109116   0.0122001   0.0133864   0.0144713
0.000988266  0.00290437  0.00470015  0.00637663  0.00793477  0.00937546   0.0106995   0.0119077   0.0130007   0.0139792
0.000989368  0.00290504  0.00469508  0.00636045  0.00790203  0.00932064    0.010617   0.0117919    0.012846   0.0137798
0.000990389  0.00290856  0.00470197  0.00637152  0.00791803  0.00934225   0.0106449   0.0118266    0.012888   0.0138297
0.000991334   0.0029144  0.00471868    0.006405  0.00797413  0.00942678   0.0107636   0.0119852   0.0130921   0.0140849
0.000992211  0.00292186  0.00474234  0.00645443  0.00805885  0.00955623   0.0109472   0.0122323   0.0134121   0.0144871
0.000993023  0.00292997  0.00476908  0.00651106  0.00815658  0.00970624   0.0111606   0.0125202   0.0137855    0.014957
0.000993777   0.0029378  0.00479511  0.00656636  0.00825216  0.00985309   0.0113697   0.0128024   0.0141517    0.015418
0.000994476  0.00294482  0.00481827  0.00661543  0.00833688  0.00998314   0.0115547    0.013052   0.0144755   0.0158255
0.000995125  0.00295021  0.00483528  0.00665088  0.00839756   0.0100758    0.011686   0.0132287   0.0147042   0.0161129
0.000995727  0.00295363   0.0048447  0.00666947  0.00842843    0.010122   0.0117507   0.0133148   0.0148148   0.0162509
0.000996286  0.00295501  0.00484631  0.00667067  0.00842854   0.0101204   0.0117465   0.0133073   0.0148032   0.0162344
0.000996809  0.00295463  0.00484109  0.00665666  0.00840175   0.0100767    0.011682   0.0132179   0.0146847   0.0151045
 0.0009973 0.00295265 0.00482973 0.00662895 0.00835071 0.00999537  0.0115633  0.0130547  0.0134916   0.011896
0.000997763  0.00294993  0.00481558   0.0065951  0.00828887  0.00989722   0.0114205   0.0118805   0.0102994  0.00667755
 0.0009982  0.0029476 0.00480319 0.00656533 0.00823436 0.00981059  0.0103157  0.0087713 0.00517797 -0.0004639
0.000998616  0.00294672  0.00479675  0.00654905  0.00820391  0.00878148  0.00730202  0.00376599  -0.0018262 -0.00947416
0.000999013  0.00294612  0.00479153  0.00653557  0.00719834  0.00580004  0.00234113 -0.00317796  -0.0107569  -0.0203942
0.000999394  0.00294553  0.00478651  0.00554287  0.00423525 0.000864107 -0.00457015  -0.0120671  -0.0216256  -0.0332453
  0.00099976   0.00294662   0.00380806   0.00260424 -0.000664397  -0.00599744   -0.0133945   -0.0228549   -0.0343782   -0.0479647
 0.00100011  0.00196708 0.000867728 -0.00229749 -0.00752817   -0.014824  -0.0241842  -0.0356085  -0.0490971  -0.0646497
 0.00100038  0.00196758 0.000867894 -0.00229828 -0.00753058  -0.0148284  -0.0241914  -0.0356197  -0.0491129   -0.064671
 0.00100062  0.00196881 0.000871087 -0.00229218 -0.00752088  -0.0148147  -0.0241732   -0.035596  -0.0490831  -0.0645826
 0.00100085  0.00196989 0.000873803 -0.00228719 -0.00751278  -0.0148026  -0.0241563  -0.0355738   -0.049003  -0.0643922
 0.00100106  0.00197166 0.000878659 -0.00227762 -0.00749616  -0.0147767   -0.024119  -0.0354722  -0.0487852  -0.0640581
 0.00100125  0.00197314  0.00088618 -0.00225711 -0.00745648  -0.0147117  -0.0239752  -0.0351996  -0.0483848  -0.0635308
 0.00100132  0.00197341 0.000889359 -0.00224574 -0.00743164  -0.0146681  -0.0239107  -0.0351152  -0.0482813  -0.0634092
 0.00100132  0.00197341 0.000889359 -0.00224574 -0.00743164  -0.0146681  -0.0239107  -0.0351152  -0.0482813  -0.0634092
 0.00100132  0.00197341 0.000889359 -0.00224574 -0.00743164  -0.0146681  -0.0239107  -0.0351152  -0.0482813  -0.0634092
 0.00100132  0.00197341 0.000889359 -0.00224574 -0.00743164  -0.0146681  -0.0239107  -0.0351152  -0.0482813  -0.0634092
 0.00100132  0.00197341 0.000889359 -0.00224574 -0.00743164  -0.0146681  -0.0239107  -0.0351152  -0.0482813  -0.0634092
 0.00100132  0.00197341 0.000889359 -0.00224574 -0.00743164  -0.0146681  -0.0239107  -0.0351152  -0.0482813  -0.0634092
 0.00100132  0.00197341 0.000889359 -0.00224574 -0.00743164  -0.0146681  -0.0239107  -0.0351152  -0.0482813  -0.0634092
 0.00100132  0.00197341 0.000889359 -0.00224574 -0.00743164  -0.0146681  -0.0239107  -0.0351152  -0.0482813  -0.0634092
 0.00100132  0.00197341 0.000889359 -0.00224574 -0.00743164  -0.0146681  -0.0239107  -0.0351152  -0.0482813  -0.0634092
 0.00100132  0.00197341 0.000889359 -0.00224574 -0.00743164  -0.0146681  -0.0239107  -0.0351152  -0.0482813  -0.0634092
 0.00100132  0.00197341 0.000889359 -0.00224574 -0.00743164  -0.0146681  -0.0239107  -0.0351152  -0.0482813  -0.0634092
 0.00100132  0.00197341 0.000889359 -0.00224574 -0.00743164  -0.0146681  -0.0239107  -0.0351152  -0.0482813  -0.0634092
 0.00100132  0.00197341 0.000889359 -0.00224574 -0.00743164  -0.0146681  -0.0239107  -0.0351152  -0.0482813  -0.0634092
 0.00100132  0.00197341 0.000889359 -0.00224574 -0.00743164  -0.0146681  -0.0239107  -0.0351152  -0.0482813  -0.0634092
 0.00100132  0.00197341 0.000889359 -0.00224574 -0.00743164  -0.0146681  -0.0239107  -0.0351152  -0.0482813  -0.0634092
 0.00100132  0.00197341 0.000889359 -0.00224574 -0.00743164  -0.0146681  -0.0239107  -0.0351152  -0.0482813  -0.0634092
 0.00100132  0.00197341 0.000889359 -0.00224574 -0.00743164  -0.0146681  -0.0239107  -0.0351152  -0.0482813  -0.0634092
 0.00100132  0.00197341 0.000889359 -0.00224574 -0.00743164  -0.0146681  -0.0239107  -0.0351152  -0.0482813  -0.0634092
 0.00100132  0.00197341 0.000889359 -0.00224574 -0.00743164  -0.0146681  -0.0239107  -0.0351152  -0.0482813  -0.0634092
 0.00100132  0.00197341 0.000889359 -0.00224574 -0.00743164  -0.0146681  -0.0239107  -0.0351152  -0.0482813  -0.0634092
 0.00100132  0.00197341 0.000889359 -0.00224574 -0.00743164  -0.0146681  -0.0239107  -0.0351152  -0.0482813  -0.0634092
 0.00100132  0.00197341 0.000889359 -0.00224574 -0.00743164  -0.0146681  -0.0239107  -0.0351152  -0.0482813  -0.0634092
 0.00100132  0.00197341 0.000889359 -0.00224574 -0.00743164  -0.0146681  -0.0239107  -0.0351152  -0.0482813  -0.0634092
 0.00100132  0.00197341 0.000889359 -0.00224574 -0.00743164  -0.0146681  -0.0239107  -0.0351152  -0.0482813  -0.0634092
 0.00100132  0.00197341 0.000889359 -0.00224574 -0.00743164  -0.0146681  -0.0239107  -0.0351152  -0.0482813  -0.0634092
 0.00100132  0.00197341 0.000889359 -0.00224574 -0.00743164  -0.0146681  -0.0239107  -0.0351152  -0.0482813  -0.0634092
 0.00100132  0.00197341 0.000889359 -0.00224574 -0.00743164  -0.0146681  -0.0239107  -0.0351152  -0.0482813  -0.0634092
 0.00100132  0.00197341 0.000889359 -0.00224574 -0.00743164  -0.0146681  -0.0239107  -0.0351152  -0.0482813  -0.0634092
 0.00100132  0.00197341 0.000889359 -0.00224574 -0.00743164  -0.0146681  -0.0239107  -0.0351152  -0.0482813  -0.0634092
 0.00100132  0.00197341 0.000889359 -0.00224574 -0.00743164  -0.0146681  -0.0239107  -0.0351152  -0.0482813  -0.0634092
 0.00100132  0.00197341 0.000889359 -0.00224574 -0.00743164  -0.0146681  -0.0239107  -0.0351152  -0.0482813  -0.0634092
 0.00100132  0.00197341 0.000889359 -0.00224574 -0.00743164  -0.0146681  -0.0239107  -0.0351152  -0.0482813  -0.0634092
 0.00100132  0.00197341 0.000889359 -0.00224574 -0.00743164  -0.0146681  -0.0239107  -0.0351152  -0.0482813  -0.0634092
 0.00100132  0.00197341 0.000889359 -0.00224574 -0.00743164  -0.0146681  -0.0239107  -0.0351152  -0.0482813  -0.0634092
 0.00100132  0.00197341 0.000889359 -0.00224574 -0.00743164  -0.0146681  -0.0239107  -0.0351152  -0.0482813  -0.0634092
 0.00100132  0.00197341 0.000889359 -0.00224574 -0.00743164  -0.0146681  -0.0239107  -0.0351152  -0.0482813  -0.0634092
 0.00100132  0.00197341 0.000889359 -0.00224574 -0.00743164  -0.0146681  -0.0239107  -0.0351152  -0.0482813  -0.0634092
 0.00100132  0.00197341 0.000889359 -0.00224574 -0.00743164  -0.0146681  -0.0239107  -0.0351152  -0.0482813  -0.0634092
 0.00100132  0.00197341 0.000889359 -0.00224574 -0.00743164  -0.0146681  -0.0239107  -0.0351152  -0.0482813  -0.0634092
 0.00100132  0.00197341 0.000889359 -0.00224574 -0.00743164  -0.0146681  -0.0239107  -0.0351152  -0.0482813  -0.0634092
 0.00100132  0.00197341 0.000889359 -0.00224574 -0.00743164  -0.0146681  -0.0239107  -0.0351152  -0.0482813  -0.0634092
 0.00100132  0.00197341 0.000889359 -0.00224574 -0.00743164  -0.0146681  -0.0239107  -0.0351152  -0.0482813  -0.0634092
 0.00100132  0.00197341 0.000889359 -0.00224574 -0.00743164  -0.0146681  -0.0239107  -0.0351152  -0.0482813  -0.0634092
 0.00100132  0.00197341 0.000889359 -0.00224574 -0.00743164  -0.0146681  -0.0239107  -0.0351152  -0.0482813  -0.0634092
 0.00100132  0.00197341 0.000889359 -0.00224574 -0.00743164  -0.0146681  -0.0239107  -0.0351152  -0.0482813  -0.0634092
 0.00100132  0.00197341 0.000889359 -0.00224574 -0.00743164  -0.0146681  -0.0239107  -0.0351152  -0.0482813  -0.0634092
 0.00100132  0.00197341 0.000889359 -0.00224574 -0.00743164  -0.0146681  -0.0239107  -0.0351152  -0.0482813  -0.0634092
 0.00100132  0.00197341 0.000889359 -0.00224574 -0.00743164  -0.0146681  -0.0239107  -0.0351152  -0.0482813  -0.0634092
 0.00100132  0.00197341 0.000889359 -0.00224574 -0.00743164  -0.0146681  -0.0239107  -0.0351152  -0.0482813  -0.0634092
 0.00100132  0.00197341 0.000889359 -0.00224574 -0.00743164  -0.0146681  -0.0239107  -0.0351152  -0.0482813  -0.0634092
 0.00100132  0.00197341 0.000889359 -0.00224574 -0.00743164  -0.0146681  -0.0239107  -0.0351152  -0.0482813  -0.0634092
 0.00100132  0.00197341 0.000889359 -0.00224574 -0.00743164  -0.0146681  -0.0239107  -0.0351152  -0.0482813  -0.0634092
 0.00100132  0.00197341 0.000889359 -0.00224574 -0.00743164  -0.0146681  -0.0239107  -0.0351152  -0.0482813  -0.0634092
 0.00100132  0.00197341 0.000889359 -0.00224574 -0.00743164  -0.0146681  -0.0239107  -0.0351152  -0.0482813  -0.0634092
 0.00100132  0.00197341 0.000889359 -0.00224574 -0.00743164  -0.0146681  -0.0239107  -0.0351152  -0.0482813  -0.0634092
 0.00100132  0.00197341 0.000889359 -0.00224574 -0.00743164  -0.0146681  -0.0239107  -0.0351152  -0.0482813  -0.0634092
 0.00100132  0.00197341 0.000889359 -0.00224574 -0.00743164  -0.0146681  -0.0239107  -0.0351152  -0.0482813  -0.0634092
 0.00100132  0.00197341 0.000889359 -0.00224574 -0.00743164  -0.0146681  -0.0239107  -0.0351152  -0.0482813  -0.0634092
 0.00100132  0.00197341 0.000889359 -0.00224574 -0.00743164  -0.0146681  -0.0239107  -0.0351152  -0.0482813  -0.0634092
 0.00100132  0.00197341 0.000889359 -0.00224574 -0.00743164  -0.0146681  -0.0239107  -0.0351152  -0.0482813  -0.0634092
 0.00100132  0.00197341 0.000889359 -0.00224574 -0.00743164  -0.0146681  -0.0239107  -0.0351152  -0.0482813  -0.0634092
 0.00100132  0.00197341 0.000889359 -0.00224574 -0.00743164  -0.0146681  -0.0239107  -0.0351152  -0.0482813  -0.0634092
 0.00100132  0.00197341 0.000889359 -0.00224574 -0.00743164  -0.0146681  -0.0239107  -0.0351152  -0.0482813  -0.0634092
 0.00100132  0.00197341 0.000889359 -0.00224574 -0.00743164  -0.0146681  -0.0239107  -0.0351152  -0.0482813  -0.0634092
 0.00100132  0.00197341 0.000889359 -0.00224574 -0.00743164  -0.0146681  -0.0239107  -0.0351152  -0.0482813  -0.0634092
 0.00100132  0.00197341 0.000889359 -0.00224574 -0.00743164  -0.0146681  -0.0239107  -0.0351152  -0.0482813  -0.0634092
 0.00100132  0.00197341 0.000889359 -0.00224574 -0.00743164  -0.0146681  -0.0239107  -0.0351152  -0.0482813  -0.0634092
 0.00100132  0.00197341 0.000889359 -0.00224574 -0.00743164  -0.0146681  -0.0239107  -0.0351152  -0.0482813  -0.0634092
 0.00100132  0.00197341 0.000889359 -0.00224574 -0.00743164  -0.0146681  -0.0239107  -0.0351152  -0.0482813  -0.0634092
 0.00100132  0.00197341 0.000889359 -0.00224574 -0.00743164  -0.0146681  -0.0239107  -0.0351152  -0.0482813  -0.0634092
 0.00100132  0.00197341 0.000889359 -0.00224574 -0.00743164  -0.0146681  -0.0239107  -0.0351152  -0.0482813  -0.0634092
 0.00100132  0.00197341 0.000889359 -0.00224574 -0.00743164  -0.0146681  -0.0239107  -0.0351152  -0.0482813  -0.0634092
 0.00100132  0.00197341 0.000889359 -0.00224574 -0.00743164  -0.0146681  -0.0239107  -0.0351152  -0.0482813  -0.0634092
 0.00100132  0.00197341 0.000889359 -0.00224574 -0.00743164  -0.0146681  -0.0239107  -0.0351152  -0.0482813  -0.0634092
 0.00100132  0.00197341 0.000889359 -0.00224574 -0.00743164  -0.0146681  -0.0239107  -0.0351152  -0.0482813  -0.0634092
 0.00100132  0.00197341 0.000889359 -0.00224574 -0.00743164  -0.0146681  -0.0239107  -0.0351152  -0.0482813  -0.0634092
 0.00100132  0.00197341 0.000889359 -0.00224574 -0.00743164  -0.0146681  -0.0239107  -0.0351152  -0.0482813  -0.0634092
 0.00100132  0.00197341 0.000889359 -0.00224574 -0.00743164  -0.0146681  -0.0239107  -0.0351152  -0.0482813  -0.0634092
 0.00100132  0.00197341 0.000889359 -0.00224574 -0.00743164  -0.0146681  -0.0239107  -0.0351152  -0.0482813  -0.0634092
 0.00100132  0.00197341 0.000889359 -0.00224574 -0.00743164  -0.0146681  -0.0239107  -0.0351152  -0.0482813  -0.0634092
 0.00100132  0.00197341 0.000889359 -0.00224574 -0.00743164  -0.0146681  -0.0239107  -0.0351152  -0.0482813  -0.0634092
 0.00100132  0.00197341 0.000889359 -0.00224574 -0.00743164  -0.0146681  -0.0239107  -0.0351152  -0.0482813  -0.0634092
 0.00100132  0.00197341 0.000889359 -0.00224574 -0.00743164  -0.0146681  -0.0239107  -0.0351152  -0.0482813  -0.0634092
 0.00100132  0.00197341 0.000889359 -0.00224574 -0.00743164  -0.0146681  -0.0239107  -0.0351152  -0.0482813  -0.0634092
 0.00100132  0.00197341 0.000889359 -0.00224574 -0.00743164  -0.0146681  -0.0239107  -0.0351152  -0.0482813  -0.0634092
 0.00100132  0.00197341 0.000889359 -0.00224574 -0.00743164  -0.0146681  -0.0239107  -0.0351152  -0.0482813  -0.0634092
 0.00100132  0.00197341 0.000889359 -0.00224574 -0.00743164  -0.0146681  -0.0239107  -0.0351152  -0.0482813  -0.0634092
 0.00100132  0.00197341 0.000889359 -0.00224574 -0.00743164  -0.0146681  -0.0239107  -0.0351152  -0.0482813  -0.0634092
 0.00100132  0.00197341 0.000889359 -0.00224574 -0.00743164  -0.0146681  -0.0239107  -0.0351152  -0.0482813  -0.0634092
 0.00100132  0.00197341 0.000889359 -0.00224574 -0.00743164  -0.0146681  -0.0239107  -0.0351152  -0.0482813  -0.0634092
 0.00100132  0.00197341 0.000889359 -0.00224574 -0.00743164  -0.0146681  -0.0239107  -0.0351152  -0.0482813  -0.0634092
 0.00100132  0.00197341 0.000889359 -0.00224574 -0.00743164  -0.0146681  -0.0239107  -0.0351152  -0.0482813  -0.0634092
 0.00100132  0.00197341 0.000889359 -0.00224574 -0.00743164  -0.0146681  -0.0239107  -0.0351152  -0.0482813  -0.0634092
 0.00100132  0.00197341 0.000889359 -0.00224574 -0.00743164  -0.0146681  -0.0239107  -0.0351152  -0.0482813  -0.0634092
 0.00100132  0.00197341 0.000889359 -0.00224574 -0.00743164  -0.0146681  -0.0239107  -0.0351152  -0.0482813  -0.0634092
 0.00100132  0.00197341 0.000889359 -0.00224574 -0.00743164  -0.0146681  -0.0239107  -0.0351152  -0.0482813  -0.0634092
 0.00100132  0.00197341 0.000889359 -0.00224574 -0.00743164  -0.0146681  -0.0239107  -0.0351152  -0.0482813  -0.0634092
 0.00100132  0.00197341 0.000889359 -0.00224574 -0.00743164  -0.0146681  -0.0239107  -0.0351152  -0.0482813  -0.0634092
 0.00100132  0.00197341 0.000889359 -0.00224574 -0.00743164  -0.0146681  -0.0239107  -0.0351152  -0.0482813  -0.0634092
 0.00100132  0.00197341 0.000889359 -0.00224574 -0.00743164  -0.0146681  -0.0239107  -0.0351152  -0.0482813  -0.0634092
 0.00100132  0.00197341 0.000889359 -0.00224574 -0.00743164  -0.0146681  -0.0239107  -0.0351152  -0.0482813  -0.0634092
 0.00100132  0.00197341 0.000889359 -0.00224574 -0.00743164  -0.0146681  -0.0239107  -0.0351152  -0.0482813  -0.0634092
 0.00100132  0.00197341 0.000889359 -0.00224574 -0.00743164  -0.0146681  -0.0239107  -0.0351152  -0.0482813  -0.0634092
 0.00100132  0.00197341 0.000889359 -0.00224574 -0.00743164  -0.0146681  -0.0239107  -0.0351152  -0.0482813  -0.0634092
 0.00100132  0.00197341 0.000889359 -0.00224574 -0.00743164  -0.0146681  -0.0239107  -0.0351152  -0.0482813  -0.0634092
 0.00100132  0.00197341 0.000889359 -0.00224574 -0.00743164  -0.0146681  -0.0239107  -0.0351152  -0.0482813  -0.0634092
 0.00100132  0.00197341 0.000889359 -0.00224574 -0.00743164  -0.0146681  -0.0239107  -0.0351152  -0.0482813  -0.0634092
 0.00100132  0.00197341 0.000889359 -0.00224574 -0.00743164  -0.0146681  -0.0239107  -0.0351152  -0.0482813  -0.0634092
 0.00100132  0.00197341 0.000889359 -0.00224574 -0.00743164  -0.0146681  -0.0239107  -0.0351152  -0.0482813  -0.0634092
 0.00100132  0.00197341 0.000889359 -0.00224574 -0.00743164  -0.0146681  -0.0239107  -0.0351152  -0.0482813  -0.0634092
 0.00100132  0.00197341 0.000889359 -0.00224574 -0.00743164  -0.0146681  -0.0239107  -0.0351152  -0.0482813  -0.0634092
 0.00100132  0.00197341 0.000889359 -0.00224574 -0.00743164  -0.0146681  -0.0239107  -0.0351152  -0.0482813  -0.0634092
 0.00100132  0.00197341 0.000889359 -0.00224574 -0.00743164  -0.0146681  -0.0239107  -0.0351152  -0.0482813  -0.0634092
 0.00100132  0.00197341 0.000889359 -0.00224574 -0.00743164  -0.0146681  -0.0239107  -0.0351152  -0.0482813  -0.0634092
 0.00100132  0.00197341 0.000889359 -0.00224574 -0.00743164  -0.0146681  -0.0239107  -0.0351152  -0.0482813  -0.0634092
 0.00100132  0.00197341 0.000889359 -0.00224574 -0.00743164  -0.0146681  -0.0239107  -0.0351152  -0.0482813  -0.0634092
 0.00100132  0.00197341 0.000889359 -0.00224574 -0.00743164  -0.0146681  -0.0239107  -0.0351152  -0.0482813  -0.0634092
 0.00100132  0.00197341 0.000889359 -0.00224574 -0.00743164  -0.0146681  -0.0239107  -0.0351152  -0.0482813  -0.0634092
 0.00100132  0.00197341 0.000889359 -0.00224574 -0.00743164  -0.0146681  -0.0239107  -0.0351152  -0.0482813  -0.0634092
 0.00100132  0.00197341 0.000889359 -0.00224574 -0.00743164  -0.0146681  -0.0239107  -0.0351152  -0.0482813  -0.0634092
 0.00100132  0.00197341 0.000889359 -0.00224574 -0.00743164  -0.0146681  -0.0239107  -0.0351152  -0.0482813  -0.0634092
 0.00100132  0.00197341 0.000889359 -0.00224574 -0.00743164  -0.0146681  -0.0239107  -0.0351152  -0.0482813  -0.0634092
 0.00100132  0.00197341 0.000889359 -0.00224574 -0.00743164  -0.0146681  -0.0239107  -0.0351152  -0.0482813  -0.0634092
 0.00100132  0.00197341 0.000889359 -0.00224574 -0.00743164  -0.0146681  -0.0239107  -0.0351152  -0.0482813  -0.0634092
 0.00100132  0.00197341 0.000889359 -0.00224574 -0.00743164  -0.0146681  -0.0239107  -0.0351152  -0.0482813  -0.0634092
 0.00100132  0.00197341 0.000889359 -0.00224574 -0.00743164  -0.0146681  -0.0239107  -0.0351152  -0.0482813  -0.0634092
 0.00100132  0.00197341 0.000889359 -0.00224574 -0.00743164  -0.0146681  -0.0239107  -0.0351152  -0.0482813  -0.0634092
 0.00100132  0.00197341 0.000889359 -0.00224574 -0.00743164  -0.0146681  -0.0239107  -0.0351152  -0.0482813  -0.0634092
 0.00100132  0.00197341 0.000889359 -0.00224574 -0.00743164  -0.0146681  -0.0239107  -0.0351152  -0.0482813  -0.0634092
 0.00100132  0.00197341 0.000889359 -0.00224574 -0.00743164  -0.0146681  -0.0239107  -0.0351152  -0.0482813  -0.0634092
 0.00100132  0.00197341 0.000889359 -0.00224574 -0.00743164  -0.0146681  -0.0239107  -0.0351152  -0.0482813  -0.0634092
 0.00100132  0.00197341 0.000889359 -0.00224574 -0.00743164  -0.0146681  -0.0239107  -0.0351152  -0.0482813  -0.0634092
 0.00100132  0.00197341 0.000889359 -0.00224574 -0.00743164  -0.0146681  -0.0239107  -0.0351152  -0.0482813  -0.0634092
 0.00100132  0.00197341 0.000889359 -0.00224574 -0.00743164  -0.0146681  -0.0239107  -0.0351152  -0.0482813  -0.0634092
