-0.000203677 -0.000203657 -0.000203627 -0.000203589 -0.000203543 -0.000203488 -0.000203427 -0.000203358 -0.000203281 -0.000203198
-0.000203603 -0.000203559 -0.000203506 -0.000203446 -0.000203379 -0.000203305 -0.000203223 -0.000203135 -0.000203039 -0.000202936
-0.000203583 -0.000203535 -0.000203478 -0.000203415 -0.000203344 -0.000203266  -0.00020318 -0.000203088 -0.000202989 -0.000202882
-0.000203538 -0.000203482 -0.000203418 -0.000203347 -0.000203269 -0.000203184 -0.000203092 -0.000202993 -0.000202886 -0.000202772
-0.000203481 -0.000203417 -0.000203345 -0.000203267 -0.000203181 -0.000203088 -0.000202989 -0.000202882 -0.000202767 -0.000202644
-0.000203416 -0.000203344 -0.000203265 -0.000203178 -0.000203085 -0.000202985 -0.000202877 -0.000202762 -0.000202639 -0.000202508
-0.000203343 -0.000203263 -0.000203176 -0.000203082 -0.000202981 -0.000202873 -0.000202757 -0.000202633 -0.000202501 -0.000202361
-0.000203262 -0.000203174 -0.000203079 -0.000202977 -0.000202868 -0.000202752 -0.000202628 -0.000202495 -0.000202354 -0.000202204
-0.000203174 -0.000203078 -0.000202975 -0.000202865 -0.000202747 -0.000202622 -0.000202489 -0.000202348 -0.000202197 -0.000202036
-0.000203077 -0.000202973 -0.000202862 -0.000202743 -0.000202617 -0.000202483 -0.000202341 -0.000202189 -0.000202028 -0.000201857
-0.000202972  -0.00020286  -0.00020274 -0.000202613 -0.000202478 -0.000202334 -0.000202182  -0.00020202 -0.000201848 -0.000201665
-0.000202858 -0.000202738 -0.000202609 -0.000202473 -0.000202329 -0.000202175 -0.000202012 -0.000201839 -0.000201655 -0.000201459
-0.000202737 -0.000202607 -0.000202469 -0.000202323 -0.000202169 -0.000202005 -0.000201831 -0.000201646 -0.000201449  -0.00020124
-0.000202606 -0.000202467 -0.000202319 -0.000202163 -0.000201998 -0.000201823 -0.000201637 -0.000201439 -0.000201229 -0.000201005
-0.000202465 -0.000202317 -0.000202159 -0.000201992 -0.000201815 -0.000201628 -0.000201429 -0.000201218 -0.000200993 -0.000200754
-0.000202315 -0.000202156 -0.000201987 -0.000201809  -0.00020162  -0.00020142 -0.000201208 -0.000200982 -0.000200741 -0.000200485
-0.000202154 -0.000201984 -0.000201804 -0.000201613 -0.000201412 -0.000201198  -0.00020097 -0.000200729 -0.000200471 -0.000200197
-0.000201982 -0.000201801 -0.000201608 -0.000201404 -0.000201188  -0.00020096 -0.000200717 -0.000200458 -0.000200182 -0.000199888
-0.000201799 -0.000201604 -0.000201399 -0.000201181  -0.00020095 -0.000200705 -0.000200445 -0.000200168 -0.000199873 -0.000199558
-0.000201602 -0.000201395 -0.000201175 -0.000200942 -0.000200695 -0.000200433 -0.000200154 -0.000199858 -0.000199541 -0.000199204
-0.000201392  -0.00020117 -0.000200935 -0.000200686 -0.000200422 -0.000200141 -0.000199843 -0.000199525 -0.000199186 -0.000198824
-0.000201168 -0.000200931 -0.000200679 -0.000200412 -0.000200129 -0.000199829 -0.000199509 -0.000199169 -0.000198805 -0.000198417
-0.000200928 -0.000200674 -0.000200405 -0.000200119 -0.000199816 -0.000199494 -0.000199152 -0.000198786 -0.000198397  -0.00019798
-0.000200671   -0.0002004 -0.000200111 -0.000199805 -0.000199481 -0.000199136 -0.000198768 -0.000198377 -0.000197958 -0.000197511
-0.000200397 -0.000200106 -0.000199797 -0.000199469 -0.000199121 -0.000198751 -0.000198357 -0.000197937 -0.000197488 -0.000197007
-0.000200103 -0.000199791  -0.00019946 -0.000199109 -0.000198736 -0.000198339 -0.000197916 -0.000197465 -0.000196983 -0.000196466
-0.000199788 -0.000199454   -0.0001991 -0.000198723 -0.000198323 -0.000197897 -0.000197443 -0.000196959  -0.00019644 -0.000195886
-0.000199451 -0.000199093 -0.000198713 -0.000198309  -0.00019788 -0.000197423 -0.000196935 -0.000196415 -0.000195858 -0.000195262
-0.000199089 -0.000198706 -0.000198298 -0.000197865 -0.000197404 -0.000196914  -0.00019639 -0.000195831 -0.000195232 -0.000194591
-0.000198702 -0.000198291 -0.000197853 -0.000197389 -0.000196894 -0.000196367 -0.000195804 -0.000195203  -0.00019456  -0.00019387
-0.000198287 -0.000197846 -0.000197376 -0.000196877 -0.000196346  -0.00019578 -0.000195175 -0.000194529 -0.000193837 -0.000193096
-0.000197841 -0.000197368 -0.000196864 -0.000196328 -0.000195757 -0.000195149 -0.000194499 -0.000193804  -0.00019306 -0.000192263
-0.000197363 -0.000196855 -0.000196314 -0.000195739 -0.000195125 -0.000194471 -0.000193773 -0.000193025 -0.000192225 -0.000191367
 -0.00019685 -0.000196305 -0.000195724 -0.000195105 -0.000194446 -0.000193743 -0.000192992 -0.000192188 -0.000191327 -0.000190404
  -0.0001963 -0.000195714 -0.000195089 -0.000194425 -0.000193716  -0.00019296 -0.000192152 -0.000191288 -0.000190361 -0.000189368
-0.000195708 -0.000195079 -0.000194408 -0.000193694 -0.000192932 -0.000192119  -0.00019125 -0.000190319 -0.000189322 -0.000188253
-0.000195073 -0.000194397 -0.000193676 -0.000192908 -0.000192089 -0.000191214 -0.000190279 -0.000189278 -0.000188205 -0.000187053
 -0.00019439 -0.000193664 -0.000192889 -0.000192063 -0.000191182 -0.000190241 -0.000189235 -0.000188157 -0.000187002 -0.000185763
-0.000193657 -0.000192876 -0.000192043 -0.000191155 -0.000190207 -0.000189195 -0.000188112 -0.000186952 -0.000185709 -0.000184374
-0.000192869 -0.000192029 -0.000191133 -0.000190178 -0.000189158 -0.000188069 -0.000186904 -0.000185655 -0.000184317  -0.00018288
-0.000192022 -0.000191119 -0.000190155 -0.000189128 -0.000188031 -0.000186859 -0.000185604  -0.00018426 -0.000182819 -0.000181273
-0.000191111  -0.00019014 -0.000189104 -0.000187998 -0.000186818 -0.000185556 -0.000184206 -0.000182759 -0.000181208 -0.000179547
-0.000190132 -0.000189088 -0.000187973 -0.000186783 -0.000185513 -0.000184155 -0.000182701 -0.000181145 -0.000179478 -0.000177695
-0.000189079 -0.000187956 -0.000186756 -0.000185477 -0.000184109 -0.000182647 -0.000181084 -0.000179411 -0.000177623 -0.000175715
-0.000187946 -0.000186738 -0.000185448 -0.000184071 -0.000182599 -0.000181026 -0.000179346 -0.000177551 -0.000175637 -0.000173601
-0.000186728 -0.000185429  -0.00018404 -0.000182558 -0.000180975 -0.000179285 -0.000177483 -0.000175562 -0.000173519 -0.000171352
-0.000185418  -0.00018402 -0.000182526 -0.000180932 -0.000179231 -0.000177419  -0.00017549  -0.00017344 -0.000171266 -0.000168969
-0.000184009 -0.000182505 -0.000180899 -0.000179186 -0.000177362 -0.000175423 -0.000173364 -0.000171183 -0.000168878  -0.00016645
-0.000182493 -0.000180876  -0.00017915 -0.000177314 -0.000175362 -0.000173292 -0.000171102 -0.000168789 -0.000166354 -0.000163797
-0.000180863 -0.000179125 -0.000177274 -0.000175308 -0.000173224 -0.000171021 -0.000168698 -0.000166253 -0.000163688 -0.000161005
-0.000179112 -0.000177249 -0.000175268 -0.000173171 -0.000170954 -0.000168618 -0.000166163 -0.000163588 -0.000160897 -0.000158091
-0.000177236 -0.000175245 -0.000173133 -0.000170903 -0.000168555 -0.000166088 -0.000163503 -0.000160803  -0.00015799 -0.000155067
-0.000175233 -0.000173111 -0.000170868 -0.000168507 -0.000166028 -0.000163433 -0.000160723 -0.000157902 -0.000154972 -0.000151938
  -0.0001731 -0.000170847 -0.000168474 -0.000165984 -0.000163377 -0.000160657 -0.000157827 -0.000154889 -0.000151849  -0.00014871
-0.000170837 -0.000168455 -0.000165953 -0.000163335 -0.000160605 -0.000157765 -0.000154819 -0.000151772 -0.000148627 -0.000145391
-0.000168445 -0.000165935 -0.000163307 -0.000160567 -0.000157717 -0.000154762 -0.000151707 -0.000148556 -0.000145314 -0.000141989
-0.000165926  -0.00016329  -0.00016054 -0.000157682 -0.000154718 -0.000151655 -0.000148496 -0.000145249 -0.000141918 -0.000138511
-0.000163282 -0.000160525 -0.000157657 -0.000154686 -0.000151614 -0.000148448 -0.000145194 -0.000141858 -0.000138446 -0.000134965
-0.000160518 -0.000157644 -0.000154664 -0.000151585 -0.000148411 -0.000145151 -0.000141808 -0.000138391 -0.000134906 -0.000131361
-0.000157637 -0.000154651 -0.000151565 -0.000148385 -0.000145118 -0.000141769 -0.000138347 -0.000134857 -0.000131308 -0.000127708
-0.000154646 -0.000151554 -0.000148368 -0.000145094  -0.00014174 -0.000138312 -0.000134818 -0.000131265 -0.000127661 -0.000124014
-0.000151549 -0.000148358 -0.000145079  -0.00014172 -0.000138287 -0.000134788 -0.000131231 -0.000127623 -0.000123973 -0.000120289
-0.000148354 -0.000145071 -0.000141707 -0.000138269 -0.000134766 -0.000131205 -0.000127594 -0.000123941 -0.000120254 -0.000116544
-0.000145067   -0.0001417 -0.000138258 -0.000134751 -0.000131186 -0.000127572 -0.000123916 -0.000120227 -0.000116515 -0.000112786
-0.000141697 -0.000138253 -0.000134743 -0.000131175 -0.000127557 -0.000123899 -0.000120208 -0.000116493 -0.000112763 -0.000109027
-0.000138251 -0.000134739 -0.000131168 -0.000127549 -0.000123888 -0.000120195 -0.000116478 -0.000112747  -0.00010901 -0.000105276
-0.000134737 -0.000131166 -0.000127544 -0.000123882 -0.000120188  -0.00011647 -0.000112737 -0.000108999 -0.000105265 -0.000101543
-0.000131165 -0.000127543  -0.00012388 -0.000120185 -0.000116466 -0.000112733 -0.000108994 -0.000105259 -0.000101537 -9.78371e-05
-0.000127543  -0.00012388 -0.000120184 -0.000116465 -0.000112732 -0.000108993 -0.000105258 -0.000101536 -9.78364e-05 -9.41679e-05
 -0.00012388 -0.000120185 -0.000116467 -0.000112734 -0.000108996 -0.000105262  -0.00010154 -9.78407e-05 -9.41726e-05  -9.0545e-05
-0.000120187  -0.00011647 -0.000112738 -0.000109001 -0.000105268 -0.000101548 -9.78491e-05 -9.41818e-05 -9.05549e-05 -8.69774e-05
-0.000116471 -0.000112742 -0.000109007 -0.000105276 -0.000101557 -9.78603e-05 -9.41945e-05 -9.05689e-05 -8.69925e-05  -8.3474e-05
-0.000112744 -0.000109012 -0.000105283 -0.000101567 -9.78729e-05 -9.42094e-05 -9.05858e-05  -8.7011e-05 -8.34941e-05 -8.00435e-05
-0.000109015 -0.000105289 -0.000101576 -9.78853e-05  -9.4225e-05 -9.06042e-05  -8.7032e-05 -8.35171e-05 -8.00684e-05 -7.66941e-05
-0.000105293 -0.000101583 -9.78963e-05 -9.42398e-05 -9.06227e-05 -8.70538e-05  -8.3542e-05 -8.00957e-05 -7.67236e-05 -7.34336e-05
-0.000101587 -9.79043e-05 -9.42525e-05 -9.06398e-05 -8.70752e-05 -8.35672e-05 -8.01244e-05 -7.67552e-05 -7.34677e-05 -7.02695e-05
 -9.7909e-05 -9.42614e-05  -9.0654e-05 -8.70944e-05 -8.35913e-05 -8.01527e-05 -7.67874e-05 -7.35031e-05 -7.03078e-05 -6.72086e-05
-9.42666e-05 -9.06639e-05 -8.71101e-05 -8.36123e-05 -8.01793e-05 -7.68186e-05 -7.35387e-05 -7.03469e-05 -6.72508e-05 -6.42571e-05
-9.06695e-05 -8.71208e-05 -8.36294e-05 -8.02022e-05 -7.68475e-05 -7.35726e-05 -7.03856e-05 -6.72934e-05  -6.4303e-05 -6.14206e-05
-8.71268e-05  -8.3641e-05 -8.02206e-05 -7.68721e-05 -7.36036e-05  -7.0422e-05 -6.73349e-05 -6.43487e-05 -6.14699e-05 -5.87042e-05
-8.36473e-05 -8.02328e-05 -7.68916e-05 -7.36298e-05 -7.04549e-05 -6.73736e-05 -6.43928e-05 -6.15184e-05 -5.87565e-05 -5.61119e-05
-8.02395e-05 -7.69045e-05 -7.36503e-05 -7.04824e-05 -6.74082e-05 -6.44335e-05 -6.15648e-05 -5.88076e-05  -5.6167e-05 -5.36471e-05
-7.69115e-05 -7.36637e-05 -7.05038e-05 -6.74369e-05 -6.44696e-05 -6.16073e-05 -5.88559e-05 -5.62202e-05 -5.37045e-05 -5.13121e-05
-7.36709e-05 -7.05177e-05 -6.74589e-05 -6.44992e-05 -6.16446e-05 -5.88998e-05 -5.62702e-05 -5.37595e-05 -5.13715e-05 -4.91085e-05
-7.05251e-05 -6.74732e-05 -6.45218e-05  -6.1675e-05  -5.8938e-05 -5.63151e-05 -5.38107e-05 -5.14279e-05 -4.91694e-05 -4.70365e-05
-6.74807e-05 -6.45362e-05 -6.16979e-05 -5.89689e-05 -5.63539e-05 -5.38564e-05 -5.14799e-05 -4.92266e-05 -4.70982e-05 -4.50951e-05
-6.45438e-05 -6.17124e-05  -5.8992e-05  -5.6385e-05 -5.38955e-05 -5.15259e-05  -4.9279e-05 -4.71559e-05 -4.51573e-05 -4.32822e-05
  -6.172e-05 -5.90065e-05 -5.64081e-05 -5.39265e-05 -5.15649e-05  -4.9325e-05 -4.72083e-05  -4.5215e-05 -4.33445e-05 -4.15944e-05
 -5.9014e-05 -5.64225e-05 -5.39494e-05 -5.15957e-05 -4.93636e-05 -4.72538e-05 -4.52669e-05 -4.34016e-05  -4.1656e-05 -4.00264e-05
-5.64298e-05 -5.39635e-05 -5.16181e-05 -4.93938e-05 -4.72917e-05 -4.53115e-05 -4.34524e-05 -4.17119e-05 -4.00868e-05 -3.85718e-05
-5.39705e-05 -5.16317e-05 -4.94154e-05 -4.73209e-05 -4.53482e-05 -4.34956e-05 -4.17612e-05 -4.01409e-05 -3.86302e-05  -3.7223e-05
-5.16384e-05 -4.94284e-05 -4.73416e-05  -4.5376e-05 -4.35306e-05 -4.18024e-05  -4.0188e-05  -3.8682e-05 -3.72788e-05 -3.59719e-05
-4.94348e-05 -4.73538e-05 -4.53954e-05 -4.35567e-05 -4.18353e-05 -4.02267e-05 -3.87261e-05 -3.73274e-05 -3.60244e-05 -3.48105e-05
-4.73596e-05 -4.54066e-05 -4.35746e-05 -4.18593e-05 -4.02569e-05 -3.87617e-05 -3.73679e-05  -3.6069e-05 -3.48587e-05 -3.37303e-05
-4.54118e-05 -4.35846e-05 -4.18752e-05 -4.02783e-05 -3.87887e-05 -3.73998e-05 -3.61053e-05 -3.48986e-05 -3.37734e-05 -3.27234e-05
 -4.3589e-05 -4.18838e-05 -4.02921e-05 -3.88072e-05 -3.74231e-05 -3.61328e-05   -3.493e-05  -3.3808e-05 -3.27607e-05 -3.17821e-05
-4.18874e-05 -4.02992e-05 -3.88185e-05 -3.74384e-05 -3.61521e-05 -3.49527e-05 -3.38339e-05 -3.27892e-05 -3.18129e-05 -3.08993e-05
-4.03019e-05 -3.88239e-05 -3.74469e-05 -3.61637e-05 -3.49673e-05 -3.38512e-05  -3.2809e-05 -3.18347e-05 -3.09229e-05 -3.00681e-05
-3.88254e-05   -3.745e-05 -3.61686e-05 -3.49741e-05 -3.38597e-05 -3.28191e-05 -3.18463e-05 -3.09357e-05 -3.00819e-05   -2.928e-05
-3.74497e-05 -3.61679e-05 -3.49729e-05  -3.3858e-05  -3.2817e-05 -3.18438e-05 -3.09328e-05 -3.00787e-05 -2.92766e-05 -2.85218e-05
-3.61669e-05  -3.4971e-05 -3.38551e-05  -3.2813e-05 -3.18387e-05 -3.09268e-05 -3.00719e-05 -2.92691e-05 -2.85136e-05 -2.78012e-05
-3.49701e-05 -3.38532e-05   -3.281e-05 -3.18347e-05 -3.09217e-05 -3.00659e-05 -2.92623e-05 -2.85062e-05 -2.77931e-05 -2.71191e-05
-3.38523e-05 -3.28081e-05 -3.18318e-05 -3.09177e-05 -3.00609e-05 -2.92563e-05 -2.84994e-05 -2.77857e-05  -2.7111e-05 -2.64715e-05
-3.28072e-05 -3.18299e-05 -3.09148e-05 -3.00569e-05 -2.92513e-05 -2.84934e-05 -2.77788e-05 -2.71035e-05 -2.64634e-05 -2.58548e-05
-3.18289e-05 -3.09129e-05 -3.00539e-05 -2.92472e-05 -2.84883e-05 -2.77728e-05 -2.70966e-05 -2.64558e-05 -2.58466e-05 -2.52655e-05
-3.09119e-05  -3.0052e-05 -2.92442e-05 -2.84842e-05 -2.77676e-05 -2.70905e-05 -2.64488e-05 -2.58389e-05 -2.52572e-05 -2.47086e-05
 -3.0051e-05 -2.92422e-05 -2.84811e-05 -2.77634e-05 -2.70852e-05 -2.64426e-05 -2.58319e-05 -2.52494e-05 -2.47002e-05 -2.42267e-05
-2.92412e-05 -2.84791e-05 -2.77603e-05 -2.70809e-05 -2.64372e-05 -2.58255e-05 -2.52422e-05 -2.46922e-05 -2.42181e-05  -2.3891e-05
 -2.8478e-05 -2.77582e-05 -2.70777e-05 -2.64329e-05   -2.582e-05 -2.52357e-05 -2.46848e-05 -2.42099e-05 -2.38822e-05  -2.3792e-05
-2.77571e-05 -2.70756e-05 -2.64295e-05 -2.58155e-05   -2.523e-05 -2.46782e-05 -2.42023e-05 -2.38738e-05 -2.37829e-05 -2.40295e-05
-2.70745e-05 -2.64273e-05  -2.5812e-05 -2.52254e-05 -2.46723e-05 -2.41954e-05  -2.3866e-05 -2.37743e-05 -2.40201e-05 -2.47094e-05
-2.64262e-05 -2.58098e-05 -2.52218e-05 -2.46675e-05 -2.41894e-05 -2.38589e-05 -2.37662e-05 -2.40112e-05 -2.46998e-05 -2.59395e-05
-2.58086e-05 -2.52195e-05 -2.46638e-05 -2.41844e-05 -2.38526e-05 -2.37588e-05 -2.40028e-05 -2.46905e-05 -2.59295e-05  -2.7828e-05
-2.52183e-05 -2.46614e-05 -2.41806e-05 -2.38475e-05 -2.37523e-05 -2.39952e-05 -2.46818e-05 -2.59199e-05 -2.78176e-05 -3.04825e-05
-2.46861e-05 -2.42093e-05 -2.38898e-05 -2.37967e-05 -2.40475e-05  -2.4735e-05 -2.59775e-05 -2.78752e-05 -3.05422e-05 -3.40805e-05
-2.43989e-05 -2.42542e-05 -2.43763e-05 -2.48254e-05 -2.57139e-05 -2.71292e-05 -2.91872e-05 -3.19857e-05 -3.56382e-05 -4.02386e-05
-2.44502e-05 -2.47527e-05 -2.54241e-05 -2.65172e-05 -2.81401e-05 -3.03765e-05 -3.33404e-05 -3.71286e-05 -4.18469e-05 -4.75524e-05
-2.49571e-05 -2.58166e-05 -2.71413e-05 -2.89774e-05   -3.143e-05 -3.45798e-05 -3.85404e-05    -4.34e-05 -4.92284e-05 -5.60561e-05
-2.60304e-05 -2.75517e-05   -2.963e-05 -3.23055e-05 -3.56813e-05 -3.98362e-05  -4.4876e-05 -5.08521e-05 -5.78082e-05 -6.57587e-05
-2.77761e-05 -3.00605e-05 -3.29899e-05 -3.65994e-05 -4.09912e-05 -4.62346e-05 -5.23996e-05 -5.95106e-05 -6.75957e-05 -7.66635e-05
-3.02965e-05 -3.34425e-05  -3.7319e-05 -4.19564e-05 -4.74489e-05 -5.38279e-05 -6.11374e-05 -6.93852e-05 -7.85946e-05 -8.87726e-05
-3.36912e-05 -3.77959e-05 -4.27147e-05 -4.84659e-05 -5.51073e-05 -6.26422e-05 -7.10993e-05   -8.048e-05 -9.08071e-05 -0.000102092
-3.80586e-05 -4.32183e-05 -4.92665e-05 -5.61811e-05  -6.3993e-05  -7.2688e-05 -8.22895e-05 -9.27976e-05  -0.00010424 -0.000116632
-4.34962e-05 -4.97992e-05  -5.7028e-05 -6.51287e-05 -7.41167e-05 -8.39698e-05 -9.47114e-05 -0.000106345 -0.000118904 -0.000132414
-5.00678e-05 -5.75611e-05 -6.59795e-05 -7.52698e-05  -8.5424e-05   -9.643e-05 -0.000108305 -0.000121066 -0.000134749 -0.000149396
-5.76826e-05  -6.6211e-05 -7.56377e-05 -8.59164e-05 -9.70492e-05 -0.000109033 -0.000121894  -0.00013566 -0.000150379 -0.000166105
-6.63454e-05 -7.58941e-05 -8.63238e-05 -9.75947e-05 -0.000109719 -0.000122701 -0.000136578 -0.000151389 -0.000167194  -0.00018406
 -7.6041e-05 -8.66041e-05 -9.80401e-05 -0.000110315 -0.000123451  -0.00013746 -0.000152393 -0.000168299 -0.000185252 -0.000203329
 -8.6764e-05 -9.83455e-05   -0.0001108 -0.000124101 -0.000138277 -0.000153354 -0.000169393 -0.000186455 -0.000204627 -0.000223997
-9.85191e-05 -0.000111132 -0.000124628 -0.000138983 -0.000154242 -0.000170437 -0.000187644 -0.000205934 -0.000225408 -0.000246162
 -0.00011132 -0.000124987 -0.000139555 -0.000155007 -0.000171399 -0.000188775 -0.000207223 -0.000226825 -0.000247691 -0.000269931
-0.000125191 -0.000139944 -0.000155625 -0.000172228 -0.000189817 -0.000208448  -0.00022822 -0.000249225 -0.000271586 -0.000295425
-0.000140163 -0.000156045 -0.000172894  -0.00019071 -0.000209571  -0.00022954 -0.000250729  -0.00027324  -0.00029721 -0.000322769
-0.000156279 -0.000173342 -0.000191422 -0.000210526 -0.000230741 -0.000252141 -0.000274848 -0.000298977 -0.000324677  -0.00035209
-0.000173593 -0.000191902 -0.000211288 -0.000231762 -0.000253425 -0.000276358 -0.000300697 -0.000326567  -0.00035413  -0.00038354
-0.000192182 -0.000211824 -0.000232614 -0.000254566 -0.000277793 -0.000302385  -0.00032849 -0.000356244 -0.000385822 -0.000417387
-0.000212125 -0.000233189  -0.00025548 -0.000279018 -0.000303926 -0.000330302 -0.000358308 -0.000388091 -0.000419836  -0.00045372
-0.000233511 -0.000256097 -0.000279999 -0.000305239 -0.000331954 -0.000360251 -0.000390304 -0.000422269 -0.000456345 -0.000492723
-0.000256443 -0.000280659  -0.00030629 -0.000333362 -0.000362021 -0.000392386 -0.000424641 -0.000458953 -0.000495537 -0.000534598
-0.000271794 -0.000298362  -0.00032643 -0.000356025 -0.000387296 -0.000420365 -0.000455428 -0.000492665 -0.000532306 -0.000574573
-0.000298752 -0.000327176 -0.000357211 -0.000388886 -0.000422365 -0.000457779 -0.000495343 -0.000535251 -0.000577751 -0.000623086
-0.000327594  -0.00035801 -0.000390155 -0.000424066 -0.000459919 -0.000497859 -0.000538116 -0.000580903 -0.000626486 -0.000675127
-0.000358456 -0.000391009 -0.000425423 -0.000461738 -0.000500147 -0.000540807 -0.000583967 -0.000629856 -0.000678763 -0.000730969
-0.000391486 -0.000426336 -0.000463188 -0.000502091 -0.000543252 -0.000586842 -0.000633131 -0.000682365 -0.000734855 -0.000790905
-0.000426845 -0.000464163 -0.000503641 -0.000545329 -0.000589455 -0.000636203 -0.000685864 -0.000738703 -0.000795058 -0.000855254
-0.000464708 -0.000504682 -0.000546985 -0.000591674 -0.000638994 -0.000689145 -0.000742441 -0.000799168  -0.00085969 -0.000924365
-0.000505264 -0.000548097 -0.000593442 -0.000641363 -0.000692126 -0.000745945 -0.000803159 -0.000864079 -0.000929102 -0.000998653
-0.000548718 -0.000594629 -0.000643251 -0.000694655 -0.000749127 -0.000806901  -0.00086834 -0.000933788  -0.00100371  -0.00107859
-0.000595291 -0.000644518 -0.000696669 -0.000751827 -0.000810297 -0.000872333 -0.000938336  -0.00100871  -0.00108398  -0.00116469
-0.000645225 -0.000698022 -0.000753976 -0.000813178 -0.000875957 -0.000942597  -0.00101356  -0.00108932  -0.00117045  -0.00125752
-0.000698776 -0.000755419 -0.000815471 -0.000879031 -0.000946463  -0.00101811   -0.0010945  -0.00117614  -0.00126367  -0.00135769
-0.000756223  -0.00081701 -0.000881477 -0.000949742  -0.00102224  -0.00109935  -0.00118167  -0.00126974  -0.00136425  -0.00146584
-0.000817868 -0.000883119 -0.000952352  -0.00102573  -0.00110375  -0.00118684  -0.00127564  -0.00137073  -0.00147283  -0.00158265
-0.000884034 -0.000954103  -0.00102852  -0.00110748  -0.00119153  -0.00128115  -0.00137701  -0.00147974  -0.00159011  -0.00170886
-0.000955104  -0.00103041  -0.00111049  -0.00119556  -0.00128621  -0.00138295  -0.00148651  -0.00159754  -0.00171688   -0.0018453
-0.00103164 -0.00111285 -0.00119931 -0.00129124 -0.00138927 -0.00149394 -0.00160601 -0.00172618 -0.00185534 -0.00199431
-0.00111416 -0.00120181 -0.00129521  -0.0013946 -0.00150064 -0.00161389 -0.00173516 -0.00186522 -0.00200497 -0.00215527
-0.00120319 -0.00129787 -0.00139882  -0.0015063 -0.00162101 -0.00174354 -0.00187475 -0.00201546 -0.00216659 -0.00232904
-0.00129934 -0.00140165 -0.00151079 -0.00162703  -0.0017511 -0.00188365 -0.00202559 -0.00217774 -0.00234107 -0.00251653
-0.00140322 -0.00151379  -0.0016318  -0.0017575  -0.0018917 -0.00203505 -0.00218851 -0.00235292 -0.00252931  -0.0027187
-0.00151546 -0.00163499 -0.00176257  -0.0018985 -0.00204361 -0.00219857 -0.00236438 -0.00254191 -0.00273229 -0.00293659
-0.00163676 -0.00176597  -0.0019039 -0.00205084 -0.00220767 -0.00237508  -0.0025541 -0.00274569 -0.00295105 -0.00317133
-0.00176786 -0.00190751 -0.00205658 -0.00221537 -0.00238476 -0.00256548 -0.00275866 -0.00296531 -0.00318671 -0.00342413
-0.00190952 -0.00206043 -0.00222148 -0.00239295 -0.00257579 -0.00277077  -0.0029791 -0.00320188  -0.0034405  -0.0036963
-0.00206254 -0.00222554  -0.0023994 -0.00258445 -0.00278168 -0.00299193  -0.0032165 -0.00345658 -0.00371365 -0.00398921
-0.00222762 -0.00240339 -0.00259079 -0.00279017 -0.00300261 -0.00322906 -0.00347088 -0.00372938 -0.00400618 -0.00430285
-0.00240562 -0.00259504 -0.00279693 -0.00301168 -0.00324046 -0.00348428 -0.00374465 -0.00402297 -0.00432097 -0.00464038
-0.00259742 -0.00280147 -0.00301889 -0.00325012 -0.00349644 -0.00375894 -0.00403924 -0.00433887 -0.00465969 -0.00500357
  -0.002804 -0.00302373 -0.00325781 -0.00350674  -0.0037719 -0.00405448 -0.00435622 -0.00467878 -0.00502416 -0.00539438
-0.00302642 -0.00326296 -0.00351494 -0.00378288 -0.00406829 -0.00437246 -0.00469727  -0.0050445 -0.00541633 -0.00581491
-0.00326584 -0.00352043 -0.00379161 -0.00407999 -0.00438718 -0.00471458 -0.00506421   -0.005438 -0.00583829 -0.00626741
-0.00352349 -0.00379746 -0.00408929 -0.00439964 -0.00473025 -0.00508264 -0.00545899 -0.00586137 -0.00629232 -0.00675433
-0.00380072 -0.00409552 -0.00440955 -0.00474353 -0.00509934 -0.00547862 -0.00588373  -0.0063169 -0.00678085 -0.00727829
-0.00409899 -0.00441618 -0.00475407 -0.00511347  -0.0054964 -0.00590463 -0.00634071 -0.00680703 -0.00730654 -0.00784213
-0.00441987 -0.00476113  -0.0051247 -0.00551144 -0.00592356 -0.00636296 -0.00683237  -0.0073344  -0.0078722 -0.00844889
-0.00476506 -0.00513221 -0.00552339 -0.00593957  -0.0063831 -0.00685606 -0.00736138 -0.00790186  -0.0084809 -0.00910187
 -0.0051364 -0.00553139 -0.00595229 -0.00640014 -0.00687749 -0.00738658 -0.00793057 -0.00851247 -0.00913593  -0.0098046
-0.00553584  -0.0059608 -0.00641367 -0.00689562 -0.00740939 -0.00795738 -0.00854301 -0.00916952 -0.00984084  -0.0105609
-0.00596553 -0.00642273 -0.00691002 -0.00742868 -0.00798164 -0.00857153 -0.00920201 -0.00987657  -0.0105994  -0.0113748
-0.00612762  -0.0066195 -0.00714384 -0.00770201 -0.00829719  -0.0089322 -0.00961098  -0.0103373  -0.0111157  -0.0119507
-0.00662486 -0.00715408 -0.00771829 -0.00831901 -0.00895965 -0.00964325   -0.010374  -0.0111561  -0.0119943  -0.0128936
-0.00715978 -0.00772919 -0.00833632 -0.00898285 -0.00967243  -0.0104084  -0.0111952  -0.0120373    -0.01294  -0.0139085
-0.00773524  -0.0083479 -0.00900125 -0.00969709  -0.0104394  -0.0112317  -0.0120789  -0.0129857  -0.0139578  -0.0150008
-0.00835434 -0.00901356 -0.00971666  -0.0104656  -0.0112646  -0.0121176  -0.0130298  -0.0140063  -0.0150532  -0.0161765
 -0.0090204 -0.00972974  -0.0104864  -0.0112925  -0.0121527   -0.013071  -0.0140532  -0.0151048  -0.0162322  -0.0174421
-0.00973701  -0.0105003  -0.0113146  -0.0121823  -0.0131083   -0.014097  -0.0151547  -0.0162871  -0.0175013  -0.0188044
 -0.010508 -0.0113294 -0.0122058 -0.0131397 -0.0141366 -0.0152012   -0.01634 -0.0175595 -0.0188672 -0.0202708
-0.0113376 -0.0122214 -0.0131647   -0.01417 -0.0152432 -0.0163895 -0.0176158 -0.0189291 -0.0203376 -0.0218495
-0.0122302 -0.0131813 -0.0141965 -0.0152787 -0.0164341 -0.0176683 -0.0189889 -0.0204033 -0.0219204 -0.0235491
-0.0131906 -0.0142142 -0.0153068 -0.0164718 -0.0177157 -0.0190446 -0.0204668 -0.0219902 -0.0236244 -0.0253789
 -0.014224 -0.0153256 -0.0165016 -0.0177557  -0.019095  -0.020526 -0.0220576 -0.0236985 -0.0254588  -0.027349
 -0.015336 -0.0165216 -0.0177874 -0.0191374 -0.0205794 -0.0221204   -0.02377 -0.0255375 -0.0274339 -0.0294704
-0.0165327 -0.0178086 -0.0191711 -0.0206245 -0.0221771 -0.0238367 -0.0256134 -0.0275174 -0.0295604 -0.0317545
-0.0178203 -0.0191935 -0.0206602 -0.0222249 -0.0238968 -0.0256842  -0.027598  -0.029649 -0.0318501  -0.034214
 -0.019206  -0.020684 -0.0222629 -0.0239476 -0.0257481 -0.0276731 -0.0297346 -0.0319441 -0.0343155 -0.0368624
-0.0206975 -0.0222885 -0.0239884 -0.0258027 -0.0277418 -0.0298153 -0.0320361 -0.0344166 -0.0369715 -0.0397157
-0.0223027 -0.0240156 -0.0258459 -0.0277997 -0.0298882 -0.0321217 -0.0345141 -0.0370787 -0.0398314 -0.0427881
-0.0240307 -0.0258747 -0.0278455 -0.0299496  -0.032199 -0.0346049 -0.0371821 -0.0399451 -0.0429107 -0.0460961
-0.0258907  -0.027876 -0.0299981  -0.032264 -0.0346867 -0.0372783 -0.0400546 -0.0430312 -0.0462261 -0.0496579
 -0.027893 -0.0300305 -0.0323155 -0.0347557  -0.037365 -0.0401566 -0.0431473 -0.0463538 -0.0497956 -0.0534927
-0.0300484 -0.0323498 -0.0348102 -0.0374381 -0.0402485 -0.0432553 -0.0464768 -0.0499309 -0.0536387  -0.057622
-0.0323688 -0.0348465 -0.0374958 -0.0403258 -0.0433526 -0.0465912 -0.0500612  -0.053782 -0.0577766 -0.0620696
-0.0348667 -0.0375343  -0.040387 -0.0434346 -0.0466943 -0.0501824   -0.05392 -0.0579284 -0.0622334 -0.0668611
-0.0375557 -0.0404278 -0.0434994 -0.0467811 -0.0502915 -0.0540483 -0.0580745 -0.0623941 -0.0670345 -0.0720194
-0.0404503 -0.0435425 -0.0468496 -0.0503834 -0.0541638 -0.0582103 -0.0625487 -0.0672045 -0.0722028  -0.077553
-0.0435662 -0.0468949 -0.0504554 -0.0542603 -0.0583317 -0.0626914  -0.067367 -0.0723815 -0.0777458   0.116257
-0.0469201 -0.0505034 -0.0543366  -0.058434   -0.06282 -0.0675183 -0.0725538 -0.0779352   0.116052   0.110045
-0.0505301 -0.0543876 -0.0585149 -0.0629285 -0.0676547 -0.0727142 -0.0781179   0.115851   0.109829   0.103564
-0.0544158 -0.0585688 -0.0630141 -0.0677694 -0.0728584 -0.0782874   0.115658   0.109616   0.103335  0.0968749
-0.0585981 -0.0630701 -0.0678584 -0.0729777 -0.0784374   0.115482   0.109415   0.103114  0.0966365  0.0900478
-0.0630997  -0.067915 -0.0730675 -0.0785578   0.115331   0.109237   0.102912  0.0964137  0.0898074  0.0831633
-0.0679442 -0.0731233 -0.0786464   0.115212   0.109088   0.102736  0.0962137  0.0895876  0.0829261  0.0763034
-0.0731556  -0.078708   0.115114   0.108957   0.102571  0.0960201   0.089367  0.0826836  0.0760417  0.0695177
-0.0787591   0.115017   0.108803   0.102365  0.0957608  0.0890624  0.0823368  0.0756605  0.0691064  0.0627487
 0.114956  0.108678  0.102167 0.0954909 0.0887227  0.081934 0.0752013 0.0685992 0.0622009  0.056063
 0.108706  0.102221 0.0955758 0.0888366 0.0820774 0.0753701 0.0687914 0.0624124 0.0562913 0.0504585
  0.10225 0.0956327 0.0889271 0.0821988 0.0755229 0.0689712 0.0626172 0.0565166 0.0507016  0.045182
0.0956649  0.088989 0.0822973  0.075655 0.0691375 0.0628128 0.0567394 0.0509467 0.0454466 0.0402348
 0.089024 0.0823645 0.0757618 0.0692807  0.062993 0.0569514 0.0511881 0.0457121 0.0405214  0.035603
 0.082402 0.0758336 0.0693949 0.0631462 0.0571441 0.0514148 0.0459703 0.0408053 0.0359095 0.0312641
0.0758728   0.06947 0.0632655  0.057304  0.051616 0.0462069 0.0410748 0.0362059  0.031584 0.0271874
0.0695103 0.0633426 0.0574267 0.0517805 0.0464138 0.0413181  0.036483 0.0318887 0.0275163 0.0233422
0.0633876 0.0575127 0.0519172  0.046597 0.0415486  0.036754 0.0321975 0.0278558 0.0237086 0.0197316
0.0575783 0.0520421 0.0467954 0.0418142 0.0370879 0.0325898 0.0283026 0.0241997 0.0202615 0.0164628
0.0521197 0.0469515 0.0420616 0.0374245 0.0330135 0.0288041 0.0247714 0.0208925 0.0171442 0.0135048
 0.0469421  0.0420433  0.0373954  0.0329743  0.0287547  0.0247133  0.0208262  0.0170712  0.0134261 0.00986956
 0.0420341  0.0373776   0.032946  0.0287167  0.0246654  0.0207698  0.0170069  0.0133553 0.00979313 0.00629976
 0.0373681  0.0329275  0.0286872  0.0246258    0.02072  0.0169483  0.0132885 0.00971959 0.00622039 0.00277045
   0.0329175     0.028668    0.0245952    0.0206788    0.0168964    0.0132274   0.00965006   0.00614386   0.00268785 -0.000738142
  0.0286576   0.0245751   0.0206468   0.0168535   0.0131734  0.00958641  0.00607134  0.00260804 -0.00082428 -0.00424564
   0.0245642    0.0206258    0.0168201    0.0131285    0.0095299   0.00600482   0.00253226 -0.000907669  -0.00433564  -0.00777166
   0.0206144     0.016798    0.0130935   0.00948289   0.00594567   0.00246264 -0.000986984  -0.00442291  -0.00786585   -0.0113359
   0.016786   0.0130704  0.00944618  0.00589638  0.00240062 -0.00105996 -0.00450605 -0.00795732  -0.0114346  -0.0149581
  0.0130578  0.00942194  0.00585784  0.00234888 -0.00112506 -0.00458264 -0.00804457  -0.0115306  -0.0150617  -0.0186586
 0.00940865  0.00583233  0.00230832 -0.00117947 -0.00465111 -0.00812511  -0.0116223  -0.0151627  -0.0187675  -0.0224579
 0.00581817  0.00228115 -0.00122268 -0.00470908 -0.00819805  -0.0117081  -0.0152604   -0.018875  -0.0225739  -0.0263786
 0.00226624 -0.00125129 -0.00475456 -0.00825906  -0.0117849  -0.0153507  -0.0189779  -0.0226871  -0.0265007  -0.0304408
  -0.001267 -0.00478469 -0.00830697  -0.0118491  -0.0154315   -0.019073  -0.0227954  -0.0266198  -0.0305693  -0.0346668
-0.00480126 -0.00833874  -0.0118997  -0.0154993  -0.0191582  -0.0228956  -0.0267339  -0.0306949  -0.0348023  -0.0390799
-0.00835622  -0.0119332  -0.0155525  -0.0192296  -0.0229854  -0.0268396  -0.0308153  -0.0349347  -0.0392228  -0.0437043
-0.0119516 -0.0155879 -0.0192858 -0.0230608 -0.0269344 -0.0309267 -0.0350617 -0.0393624  -0.043855 -0.0485658
-0.0156074 -0.0193231 -0.0231201 -0.0270139 -0.0310267 -0.0351793 -0.0394964 -0.0440023 -0.0487248 -0.0536925
-0.0193437 -0.0231595 -0.0270765 -0.0311107 -0.0352849 -0.0396205 -0.0441437 -0.0488803 -0.0538603 -0.0591138
-0.0231812 -0.0271181 -0.0311768 -0.0353735  -0.039732 -0.0442748 -0.0490296 -0.0540245 -0.0592909 -0.0648561
 -0.027141 -0.0312207 -0.0354432 -0.0398255 -0.0443924 -0.0491679  -0.054182 -0.0594642  -0.065043 -0.0709313
-0.0312447 -0.0354893 -0.0398987 -0.0444905 -0.0492913 -0.0543271 -0.0596294 -0.0652247 -0.0711274  -0.077324
-0.0355147 -0.0399474 -0.0445679 -0.0493951 -0.0544576 -0.0597828 -0.0653995 -0.0713196 -0.0775314 -0.0840012
-0.0399743 -0.0446195  -0.049477 -0.0545674  -0.059921 -0.0655619 -0.0715046 -0.0777348 -0.0842207 -0.0909142
-0.0446479 -0.0495314 -0.0546539 -0.0600369 -0.0657077 -0.0716759   -0.07793 -0.0844353 -0.0911458 -0.0980043
 -0.049561 -0.0547105 -0.0601268 -0.0658282 -0.0718275 -0.0781082 -0.0846382 -0.0913689 -0.0982451  -0.105203
-0.0547403 -0.0601838 -0.0659188 -0.0719489 -0.0782609 -0.0848178 -0.0915734   -0.09847  -0.105446  -0.112432
-0.0602133  -0.065975 -0.0720383 -0.0783807 -0.0849684 -0.0917505 -0.0986716  -0.105667  -0.112671  -0.119612
-0.0660075 -0.0721003 -0.0784791 -0.0851003 -0.0919164 -0.0988667  -0.105889  -0.112916  -0.119875  -0.126694
-0.0721515 -0.0785766 -0.0852552 -0.0921235 -0.0991271  -0.106195  -0.113264  -0.120258  -0.127107  -0.133738
-0.0786381 -0.0853803 -0.0923218 -0.0993977  -0.106536  -0.113668  -0.120719  -0.127616  -0.134287  -0.140678
-0.0853528 -0.0922688 -0.0993134  -0.106423  -0.113525  -0.120551  -0.127425  -0.134077  -0.140452  -0.146519
-0.0922394 -0.0992568  -0.106333  -0.113405  -0.120399  -0.127246  -0.133873  -0.140228  -0.146278  -0.152015
-0.0992247  -0.106271  -0.113307  -0.120268   -0.12708  -0.133679  -0.140006  -0.146034  -0.151752  -0.157166
-0.106236  -0.11324 -0.120161 -0.126938 -0.133499 -0.139795 -0.145793 -0.151487  -0.15688 -0.161986
-0.0858837 -0.0927709 -0.0995052  -0.106028  -0.112284  -0.118249  -0.123911  -0.129279  -0.134362  -0.139181
-0.0927318 -0.0994304  -0.105909  -0.112125  -0.118048  -0.123676   -0.12901  -0.134067  -0.138862   -0.14342
-0.0993902  -0.105832  -0.112002  -0.117884  -0.123469  -0.128767   -0.13379  -0.138558  -0.143092  -0.147416
-0.105787 -0.111916 -0.117748 -0.123286 -0.128537  -0.13352  -0.13825 -0.142753  -0.14705 -0.151166
-0.111851 -0.117623 -0.123088 -0.128272 -0.133186 -0.137859 -0.142307  -0.14656 -0.150637 -0.154564
-0.117546 -0.122932 -0.128025  -0.13285 -0.137436 -0.141806 -0.145989 -0.150007 -0.153883 -0.157642
-0.122942 -0.128044  -0.13288 -0.137475 -0.141856 -0.146048 -0.150073 -0.153957 -0.157722 -0.161389
-0.128053 -0.132898 -0.137504 -0.141895 -0.146096  -0.15013 -0.154022 -0.157793 -0.161466 -0.165062
-0.132907 -0.137522 -0.141924 -0.146136 -0.150181 -0.154081  -0.15786  -0.16154 -0.165142 -0.168687
-0.137532 -0.141944 -0.146167 -0.150222 -0.154133 -0.157922  -0.16161 -0.165219  -0.16877 -0.172284
-0.141954 -0.146187 -0.150254 -0.154176 -0.157976 -0.161674 -0.165292  -0.16885 -0.172371 -0.175874
-0.146198 -0.150275  -0.15421 -0.158021 -0.161731 -0.165359 -0.168926 -0.172455 -0.175965 -0.179476
-0.150287 -0.154232 -0.158056 -0.161778 -0.165418 -0.168996 -0.172534 -0.176052 -0.179571 -0.183111
-0.154244  -0.15808 -0.161815 -0.165468 -0.169059 -0.172608 -0.176136 -0.179663 -0.183211 -0.186799
-0.158092 -0.161839 -0.165506 -0.169111 -0.172673 -0.176213 -0.179751 -0.183307 -0.186903 -0.190561
-0.161852 -0.165532 -0.169151 -0.172728 -0.176281 -0.179831 -0.183399 -0.187005  -0.19067 -0.194417
-0.165546 -0.169179 -0.172771 -0.176339 -0.179904 -0.183485 -0.187103 -0.190778 -0.194533  -0.19839
-0.169193   -0.1728 -0.176385 -0.179966 -0.183562 -0.187193 -0.190881 -0.194646 -0.198512 -0.202501
-0.172815 -0.176415 -0.180014 -0.183626 -0.187274 -0.190976 -0.194755 -0.198632 -0.202629 -0.206772
-0.176432 -0.180045 -0.183677 -0.187342 -0.191062 -0.194855 -0.198746 -0.202755 -0.206907 -0.211227
-0.180063 -0.183711 -0.187395 -0.191133 -0.194945 -0.198852 -0.202876  -0.20704  -0.21137  -0.21589
-0.183729 -0.187431  -0.19119 -0.195021 -0.198947 -0.202987 -0.207167  -0.21151 -0.216041 -0.220787
 -0.18745 -0.191227  -0.19508 -0.199026 -0.203088 -0.207285 -0.211644 -0.216188 -0.220946 -0.225947
-0.191247  -0.19512 -0.199089 -0.203172 -0.207391 -0.211768  -0.21633 -0.221102 -0.226115 -0.231399
-0.195141 -0.199131 -0.203238 -0.207479  -0.21188 -0.216461 -0.221252  -0.22628 -0.231577  -0.23717
-0.199154 -0.203282 -0.207549 -0.211973 -0.216579  -0.22139 -0.226437  -0.23175 -0.237358 -0.243272
-0.203306 -0.207595 -0.212046 -0.216677 -0.221513 -0.226582 -0.231916 -0.237539 -0.243468  0.122992
-0.207621 -0.212095 -0.216754 -0.221617 -0.226713 -0.232069 -0.237714 -0.243661  0.122784  0.116292
-0.212122 -0.216806 -0.221699 -0.226823 -0.232207 -0.237877 -0.243846   0.12258  0.116072  0.109357
-0.216834 -0.221754 -0.226909 -0.232323 -0.238023 -0.244017  0.122385  0.115857  0.109126  0.102247
-0.221783 -0.226966 -0.232413 -0.238143 -0.244169  0.122207  0.115654  0.108902  0.102007 0.0950305
-0.226996  -0.23247 -0.238234  -0.24429  0.122054  0.115474  0.108698  0.101782 0.0947878 0.0877844
  -0.2325  -0.23829  -0.24438  0.121934  0.115324  0.108521   0.10158 0.0945659 0.0875451 0.0805892
-0.238323 -0.244442  0.121836  0.115192  0.108355  0.101385 0.0943437 0.0873007 0.0803255 0.0734925
-0.244493  0.121738  0.115037  0.108147  0.101124 0.0940378 0.0869524 0.0799426 0.0730794 0.0664351
 0.121677  0.114912  0.107949  0.100854  0.093697 0.0865483 0.0794819 0.0725705 0.0658855 0.0594819
 0.114939  0.108002  0.100938 0.0938101 0.0866908 0.0796495 0.0727615 0.0660956 0.0597086 0.0536293
 0.108032  0.100994 0.0939001 0.0868115 0.0798014 0.0729402 0.0662992 0.0599325 0.0538709 0.0481228
 0.101027 0.0939617 0.0869095 0.0799329 0.0731056 0.0664938 0.0601542 0.0541148 0.0483859 0.0429622
0.0939966 0.0869763 0.0800392 0.0732482 0.0666731 0.0603652 0.0543551 0.0486503 0.0432474 0.0381325
0.0870137 0.0801108  0.073362 0.0668258 0.0605572 0.0545809 0.0489075 0.0435303 0.0384378 0.0336101
0.0801499 0.0734368 0.0669447 0.0607166 0.0547815 0.0491433 0.0437989 0.0387332 0.0339288 0.0293632
 0.073477 0.0670216  0.060839 0.0549454 0.0493496 0.0440415 0.0390094 0.0342327  0.029691 0.0253601
0.0670665 0.0609248 0.0550818 0.0495324 0.0442714 0.0392798 0.0345406 0.0300297 0.0257255 0.0216031
0.0609902 0.0552065 0.0497304 0.0445365 0.0396131 0.0349323 0.0304757 0.0262159 0.0221321 0.0181985
 0.055284 0.0498864 0.0447837 0.0399494 0.0353555 0.0309766 0.0267869 0.0227623 0.0188791 0.0151146
0.0498768 0.0447652 0.0399199 0.0353159 0.0309268 0.0267282 0.0226954 0.0188054 0.0150351 0.0113626
 0.044756  0.039902 0.0352874 0.0308884 0.0266798 0.0226385 0.0187405 0.0149636 0.0112854 0.0076845
 0.0398924  0.0352688  0.0308587    0.02664  0.0225883  0.0186814  0.0148963  0.0112113 0.00760449 0.00405493
  0.0352587   0.0308394   0.0266091   0.0225468   0.0186292   0.0148348   0.0111413  0.00752741  0.00397173 0.000453588
  0.0308289   0.0265889   0.0225147    0.018586   0.0147804   0.0110772  0.00745443  0.00389141 0.000366896 -0.00313958
   0.026578   0.0224935   0.0185524   0.0147353   0.0110204  0.00738753   0.0038152 0.000283033 -0.00323009 -0.00674456
  0.0224821   0.0185303   0.0147001   0.0109731  0.00732808  0.00374523 0.000203321  -0.0033178 -0.00683923  -0.0103814
  0.0185182   0.0146769   0.0109363  0.00727858  0.00368294 0.000130019 -0.00340131  -0.0069311  -0.0104805  -0.0140702
  0.0146643   0.0109119  0.00723989  0.00363101 6.46699e-05  -0.0034782  -0.0070187  -0.0105769  -0.0141742  -0.0178315
  0.0108986  0.00721433  0.00359036 1.01193e-05 -0.00354684 -0.00709945  -0.0106689  -0.0142754  -0.0179407   -0.021686
  0.00720033   0.00356348 -3.26296e-05   -0.0036042  -0.00717162   -0.0107538   -0.0143721   -0.0180471   -0.0218008    -0.025655
  0.00354873 -6.09262e-05  -0.00364919  -0.00723198   -0.0108297   -0.0144615   -0.0181488   -0.0219127   -0.0257758   -0.0297604
-7.64668e-05    -0.003679  -0.00727937   -0.0108933   -0.0145414   -0.0182429   -0.0220199   -0.0258936   -0.0298876   -0.0340247
-0.00369538 -0.00731079  -0.0109433  -0.0146084  -0.0183272   -0.022119  -0.0260065  -0.0300117  -0.0341587  -0.0384715
-0.00732808  -0.0109764  -0.0146611  -0.0183978  -0.0222078   -0.026111  -0.0301308  -0.0342896  -0.0386127  -0.0431251
-0.0109946  -0.014696 -0.0184534 -0.0222823 -0.0262047  -0.030241 -0.0344152 -0.0387508 -0.0432741 -0.0480117
-0.0147153 -0.0184902 -0.0223409 -0.0262833 -0.0303398 -0.0345314 -0.0388832 -0.0434197 -0.0481689 -0.0531595
-0.0185106 -0.0223799 -0.0263452 -0.0304228 -0.0346358 -0.0390059 -0.0435595 -0.0483226 -0.0533253 -0.0585981
-0.0224013 -0.0263863 -0.0304881 -0.0347233  -0.039116  -0.043689 -0.0484701 -0.0534875 -0.0587731 -0.0643541
 -0.026409 -0.0305315 -0.0347923 -0.0392085 -0.0438052 -0.0486068 -0.0536433 -0.0589444 -0.0645389 -0.0704396
-0.0305554 -0.0348381 -0.0392813 -0.0439029 -0.0487296 -0.0537877 -0.0591089 -0.0647198 -0.0706348 -0.0768408
-0.0348635 -0.0393298   -0.04398 -0.0488329 -0.0539176 -0.0592616 -0.0648937 -0.0708261 -0.0770472 -0.0835233
-0.0393567 -0.0440313 -0.0489145 -0.0540269 -0.0593991 -0.0650554 -0.0710102 -0.0772497 -0.0837418 -0.0904387
-0.0440596 -0.0489686 -0.0541129 -0.0595144 -0.0652004 -0.0711807 -0.0774438 -0.0839553 -0.0906691  -0.097528
 -0.048998 -0.0541692 -0.0596038 -0.0653202 -0.0713314  -0.077621 -0.0841571  -0.090891 -0.0977675  -0.104723
-0.0541989 -0.0596605 -0.0654103 -0.0714521 -0.0777728 -0.0843356 -0.0910942  -0.097991  -0.104964  -0.111945
-0.0596897 -0.0654662 -0.0715409 -0.0778918 -0.0844852 -0.0912702 -0.0981913  -0.105184  -0.112183  -0.119115
-0.0654984 -0.0716025 -0.0779897 -0.0846163  -0.091435 -0.0983851  -0.105405  -0.112426  -0.119377  -0.126185
-0.0716535 -0.0780867 -0.0847704 -0.0916412 -0.0986443   -0.10571  -0.112772  -0.119758  -0.126596  -0.133213
-0.0781479 -0.0848951 -0.0918387  -0.098914  -0.106049  -0.113175  -0.120217  -0.127103   -0.13376  -0.140134
-0.0848673 -0.0917852 -0.0988289  -0.105935  -0.113031  -0.120048   -0.12691  -0.133548  -0.139905  -0.145953
-0.0917554 -0.0987717  -0.105844  -0.112909  -0.119894  -0.126729  -0.133342  -0.139679  -0.145709  -0.151423
-0.0987393  -0.105782   -0.11281  -0.119762  -0.126562  -0.133146  -0.139455  -0.145463  -0.151158  -0.156545
-0.105747 -0.112743 -0.119654 -0.126418 -0.132965 -0.139242  -0.14522 -0.150891 -0.156257 -0.161333
-0.107481 -0.114358 -0.121079 -0.127587 -0.133825 -0.139768 -0.145407 -0.150747 -0.155801 -0.160587
-0.114319 -0.121004 -0.127467 -0.133664 -0.139566 -0.145169 -0.150476 -0.155502 -0.160265 -0.164785
-0.120963 -0.127389  -0.13354   -0.1394 -0.144961 -0.150231 -0.155223 -0.159958 -0.164454 -0.168737
-0.127344 -0.133453 -0.139262 -0.144776 -0.149999  -0.15495 -0.159647 -0.164112 -0.168368 -0.172438
-0.133387 -0.139137 -0.144576 -0.149732 -0.154615 -0.159252 -0.163663 -0.167874 -0.171905 -0.175783
-0.139059  -0.14442 -0.149483 -0.154276 -0.158826 -0.163159 -0.167299 -0.171271 -0.175098 -0.178803
-0.144429 -0.149501 -0.154304 -0.158864 -0.163206 -0.167355 -0.171334 -0.175168 -0.178878 -0.182486
-0.149509 -0.154321  -0.15889 -0.163242   -0.1674 -0.171388 -0.175229 -0.178945 -0.182559  -0.18609
 -0.15433 -0.158908  -0.16327 -0.167437 -0.171435 -0.175284 -0.179008 -0.182628 -0.186165  -0.18964
-0.158917 -0.163288 -0.167466 -0.171474 -0.175333 -0.179066 -0.182693 -0.186237 -0.189718 -0.193156
-0.163298 -0.167485 -0.171504 -0.175373 -0.179116 -0.182753 -0.186305 -0.189793 -0.193237 -0.196657
-0.167495 -0.171523 -0.175405 -0.179158 -0.182806 -0.186368 -0.189864 -0.193315 -0.196742 -0.200163
-0.171534 -0.175425 -0.179191  -0.18285 -0.186423 -0.189929 -0.193389 -0.196823 -0.200252 -0.203694
-0.175436 -0.179213 -0.182884 -0.186469 -0.189987 -0.193457 -0.196901 -0.200337 -0.203786 -0.207269
-0.179224 -0.182907 -0.186505 -0.190035 -0.193518 -0.196972 -0.200418 -0.203876 -0.207365 -0.210907
-0.182919 -0.186529 -0.190073 -0.193569 -0.197036 -0.200493 -0.203961 -0.207459 -0.211008 -0.214629
-0.186542 -0.190098 -0.193608 -0.197089  -0.20056  -0.20404 -0.207548 -0.211107 -0.214735 -0.218456
-0.190111 -0.193634 -0.197131 -0.200616  -0.20411 -0.207631 -0.211201 -0.214839 -0.218568 -0.222408
-0.193649 -0.197158  -0.20066 -0.204169 -0.207705 -0.211288 -0.214938 -0.218677 -0.222526 -0.226508
-0.197173 -0.200689 -0.204215 -0.207767 -0.211366  -0.21503 -0.218781  -0.22264 -0.226632 -0.230777
-0.200705 -0.204245 -0.207815 -0.211431 -0.215112 -0.218877  -0.22275 -0.226752 -0.230908  -0.23524
-0.204262 -0.207848 -0.211482  -0.21518 -0.218964 -0.222852 -0.226868 -0.231035 -0.235378 -0.239922
-0.207865 -0.211516 -0.215234 -0.219036 -0.222943 -0.226975 -0.231157 -0.235512 -0.240067 -0.244849
-0.211535  -0.21527 -0.219093 -0.223019 -0.227071  -0.23127  -0.23564 -0.240208 -0.245001  -0.25005
 -0.21529 -0.219131 -0.223079 -0.227152 -0.231371  -0.23576 -0.240344 -0.245151 -0.250211  -0.25555
-0.219152 -0.223119 -0.227215 -0.231456 -0.235866 -0.240469 -0.245294 -0.250368  -0.25572  -0.26136
-0.223141 -0.227257 -0.231523 -0.235956 -0.240582 -0.245426 -0.250519 -0.255886  -0.26154  0.127311
 -0.22728 -0.231568 -0.236027 -0.240677 -0.245546 -0.250659 -0.256046 -0.261715  0.127121  0.120947
-0.231592 -0.236074 -0.240752 -0.245646 -0.250785 -0.256194 -0.261884  0.126936  0.120747  0.114375
  -0.2361 -0.240801 -0.245725 -0.250891 -0.256327  -0.26204  0.126758  0.120551  0.114164  0.107655
-0.240828 -0.245776 -0.250973 -0.256436 -0.262178  0.126596  0.120366  0.113961  0.107436  0.100857
-0.245803 -0.251024 -0.256518 -0.262288  0.126458  0.120204  0.113776  0.107233  0.100638  0.094063
-0.251051 -0.256569 -0.262368   0.12635  0.120069  0.113617  0.107052  0.100439 0.0938485 0.0873538
-0.256598 -0.262424  0.126262   0.11995  0.113468  0.106876  0.100239 0.0936287 0.0871167 0.0807804
-0.262472  0.126171  0.119806  0.113275  0.106634 0.0999544 0.0933042   0.08676 0.0803955 0.0742861
 0.126113  0.119688  0.113088  0.106378 0.0996325 0.0929224 0.0863246 0.0799145 0.0737666 0.0679391
 0.119719  0.113148  0.106474 0.0997617  0.093085 0.0865159 0.0801324 0.0740063 0.0681977 0.0627388
 0.113182  0.106539 0.0998644 0.0932227 0.0866892 0.0803363 0.0742386 0.0684533 0.0630145 0.0579345
 0.106575 0.0999345 0.0933343 0.0868389 0.0805246   0.07446 0.0687055  0.063292 0.0582339 0.0535296
0.0999741 0.0934102 0.0869596 0.0806864 0.0746637  0.068945 0.0635648  0.058534 0.0538535 0.0495135
0.0934526 0.0870408 0.0808155 0.0748368 0.0691628 0.0638209 0.0588257 0.0541744 0.0498597 0.0458666
0.0870852 0.0809006  0.074972  0.069344 0.0640489 0.0590938 0.0544797 0.0501955  0.046229 0.0425622
0.0809465 0.0750598 0.0694837 0.0642361 0.0593292 0.0547566 0.0505109 0.0465758 0.0429364 0.0395736
0.0751107  0.069581 0.0643909 0.0595367 0.0550175 0.0508177 0.0469252 0.0433207 0.0399883 0.0369085
0.0696529 0.0645279 0.0597543 0.0553088  0.051184 0.0473557 0.0438109 0.0405272 0.0374899 0.0346794
0.0646122 0.0599233 0.0555768 0.0515481  0.047814 0.0443531 0.0411452 0.0381718 0.0354157 0.0328608
0.0599211 0.0555722 0.0515408  0.047804 0.0443405 0.0411302 0.0381548 0.0353968 0.0328404 0.0304707
0.0555707 0.0515376 0.0477989 0.0443335 0.0411215 0.0381443 0.0353849 0.0328272 0.0304564 0.0282588
0.0515362  0.047796 0.0443288  0.041115 0.0381362 0.0353752 0.0328162 0.0304442 0.0282455 0.0262074
0.0477947 0.0443261 0.0411106 0.0381302 0.0353677 0.0328072 0.0304339 0.0282342 0.0261951  0.024305
0.0443249 0.0411081 0.0381261 0.0353621 0.0328002 0.0304256 0.0282246 0.0261846 0.0242936 0.0225407
 0.041107 0.0381238 0.0353584  0.032795 0.0304191 0.0282169 0.0261758 0.0242839 0.0225302 0.0209045
0.0381228 0.0353562 0.0327915 0.0304143 0.0282109 0.0261686 0.0242757 0.0225211 0.0208947 0.0193871
0.0353552 0.0327895 0.0304111 0.0282065  0.026163  0.024269 0.0225135 0.0208864 0.0193781 0.0179799
0.0327886 0.0304092 0.0282035 0.0261589 0.0242639 0.0225074 0.0208793 0.0193703 0.0179715 0.0166748
0.0304084 0.0282018 0.0261562 0.0242601 0.0225026 0.0208736 0.0193638 0.0179643  0.016667 0.0154645
 0.028201 0.0261546 0.0242575  0.022499 0.0208692 0.0193585 0.0179582 0.0166603 0.0154573  0.014342
0.0261538  0.024256 0.0224967 0.0208659 0.0193543 0.0179533 0.0166547 0.0154511 0.0143353 0.0133011
0.0242553 0.0224953 0.0208637 0.0193513 0.0179495 0.0166502 0.0154459 0.0143296 0.0132949 0.0123357
0.0224947 0.0208624 0.0193492 0.0179467 0.0166466 0.0154416 0.0143248 0.0132895 0.0123299 0.0114404
0.0208618 0.0193481 0.0179448  0.016644 0.0154384 0.0143209 0.0132851  0.012325  0.011435   0.01061
 0.0193475  0.0179437  0.0166423  0.0154359  0.0143178  0.0132814  0.0123208  0.0114304  0.0106051 0.00983999
 0.0179432  0.0166412  0.0154343  0.0143156  0.0132786  0.0123175  0.0114266  0.0106008  0.0098354 0.00912585
 0.0166408  0.0154334   0.014314  0.0132765  0.0123148  0.0114235  0.0105973 0.00983145 0.00912158 0.00846354
 0.0154329  0.0143132  0.0132751  0.0123129   0.011421  0.0105944 0.00982815 0.00911793 0.00845958 0.00784931
 0.0143128  0.0132743  0.0123116  0.0114192  0.0105921 0.00982547 0.00911486  0.0084562 0.00784564 0.00727966
 0.0132739  0.0123108   0.011418  0.0105905 0.00982337 0.00911238 0.00845335  0.0078425 0.00727626 0.00675136
 0.0123105  0.0114173  0.0105893 0.00982184 0.00911043 0.00845105 0.00783986 0.00727335 0.00674821 0.00626141
  0.011417  0.0105887  0.0098208 0.00910901 0.00844925 0.00783773  0.0072709 0.00674551 0.00625849 0.00580703
 0.0105884  0.0098202 0.00910805 0.00844793 0.00783606 0.00726892 0.00674325 0.00625599 0.00580432 0.00538562
0.00981993 0.00910749 0.00844703 0.00783483 0.00726737 0.00674141 0.00625389   0.005802 0.00538311  0.0049948
0.00910724 0.00844652   0.007834 0.00726624 0.00673997 0.00625218 0.00580005 0.00538096 0.00499247 0.00463235
0.00844629 0.00783353 0.00726547 0.00673892 0.00625085 0.00579847 0.00537915 0.00499048 0.00463019  0.0042962
0.00783331 0.00726503 0.00673821 0.00624987 0.00579723 0.00537768  0.0049888 0.00462834  0.0042942 0.00398446
0.00726483  0.0067378 0.00624921 0.00579633 0.00537654 0.00498744 0.00462679 0.00429248  0.0039826 0.00369533
0.00673761 0.00624883 0.00579572  0.0053757 0.00498638 0.00462552 0.00429104 0.00398101 0.00369361  0.0034272
0.00624866 0.00579536 0.00537513  0.0049856 0.00462454 0.00428988 0.00397967 0.00369214  0.0034256 0.00317852
 0.0057952  0.0053748 0.00498508 0.00462382 0.00428896 0.00397859  0.0036909 0.00342423 0.00317704 0.00294789
0.00537466 0.00498477 0.00462333 0.00428829 0.00397774 0.00368989 0.00342308 0.00317577 0.00294651 0.00273399
0.00498464 0.00462305 0.00428784 0.00397712 0.00368911 0.00342215  0.0031747 0.00294534 0.00273272 0.00253562
0.00462292 0.00428758  0.0039767 0.00368853 0.00342142 0.00317384 0.00294435 0.00273163 0.00253444 0.00235165
0.00428746 0.00397646 0.00368814 0.00342089 0.00317316 0.00294355 0.00273071 0.00253343 0.00235056 0.00218103
0.00397635 0.00368792 0.00342053 0.00317267 0.00294292 0.00272997 0.00253258 0.00234962 0.00218001 0.00202279
0.00368782 0.00342032 0.00317233 0.00294246 0.00272939 0.00253189 0.00234883 0.00217914 0.00202185 0.00187603
0.00342023 0.00317214 0.00294215 0.00272897 0.00253136 0.00234819 0.00217841 0.00202104 0.00187516 0.00173992
0.00317205 0.00294197 0.00272868 0.00253096 0.00234769 0.00217782 0.00202036 0.00187441 0.00173911 0.00161369
0.00294189 0.00272851  0.0025307 0.00234733 0.00217736 0.00201981 0.00187378 0.00173842 0.00161294 0.00149662
0.00272844 0.00253054 0.00234708 0.00217702 0.00201938 0.00187327 0.00173784  0.0016123 0.00149592 0.00138804
0.00253047 0.00234694 0.00217679 0.00201907 0.00187287 0.00173736 0.00161176 0.00149533  0.0013874 0.00128735
0.00234687 0.00217666 0.00201886 0.00187258   0.001737 0.00161132 0.00149483 0.00138684 0.00128675 0.00119395
 0.0021766 0.00201873 0.00187238 0.00173672 0.00161098 0.00149442 0.00138638 0.00128623  0.0011934 0.00110734
0.00201868 0.00187227 0.00173654 0.00161073  0.0014941   0.001386  0.0012858 0.00119292 0.00110683 0.00102701
 0.00187222  0.00173644  0.00161056  0.00149387  0.00138571  0.00128545  0.00119253  0.00110638  0.00102653 0.000952509
 0.00173639  0.00161046  0.00149371  0.00138549  0.00128518   0.0011922  0.00110601  0.00102612 0.000952067 0.000883414
 0.00161041  0.00149362  0.00138535  0.00128498  0.00119195  0.00110571  0.00102578 0.000951688 0.000883004 0.000819331
 0.00149358  0.00138526  0.00128485  0.00119176  0.00110548   0.0010255  0.00095137 0.000882652 0.000818951 0.000759899
 0.00138523  0.00128477  0.00119164  0.00110531  0.00102529 0.000951112 0.000882357 0.000818625 0.000759546 0.000704778
 0.00128473  0.00119157  0.00110519  0.00102513  0.00095091 0.000882118 0.000818352 0.000759244 0.000704451 0.000653656
 0.00119153  0.00110513  0.00102502 0.000950762 0.000881931  0.00081813  0.00075899  0.00070417 0.000653353 0.000606244
 0.00110509  0.00102496 0.000950663 0.000881794 0.000817956 0.000758784 0.000703935 0.000653093 0.000605962 0.000562271
 0.00102493 0.000950605 0.000881701 0.000817829 0.000758624 0.000703745 0.000652875 0.000605721  0.00056201 0.000521488
0.000950579 0.000881648 0.000817744 0.000758506 0.000703596 0.000652698 0.000605519 0.000561786 0.000521246 0.000483664
0.000881624 0.000817694 0.000758426 0.000703486  0.00065256 0.000605355 0.000561599 0.000521039  0.00048344 0.000448584
0.000817672  0.00075838 0.000703413 0.000652459 0.000605227 0.000561447 0.000520865 0.000483247 0.000448376 0.000416049
0.000758359  0.00070337  0.00065239 0.000605133 0.000561328 0.000520724 0.000483086 0.000448198 0.000415856 0.000385874
0.000703351 0.000652351  0.00060507 0.000561241 0.000520614 0.000482955 0.000448048  0.00041569 0.000385695 0.000357888
0.000652333 0.000605033 0.000561182 0.000520533 0.000482853 0.000447927 0.000415552 0.000385542 0.000357722    0.200332
0.000605016 0.000561148 0.000520478 0.000482778 0.000447832 0.000415439 0.000385413  0.00035758    0.200332    0.200308
0.000561133 0.000520447 0.000482728 0.000447763 0.000415352 0.000385309 0.000357461    0.200332    0.200308    0.200286
0.000520433 0.000482698 0.000447716 0.000415287 0.000385227 0.000357364    0.200332    0.200308    0.200285    0.200265
0.000482685 0.000447689 0.000415244 0.000385168 0.000357288    0.200331    0.200307    0.200285    0.200265    0.200246
0.000447676 0.000415219 0.000385127 0.000357233    0.200331    0.200307    0.200285    0.200265    0.200246    0.200228
0.000415207 0.000385104 0.000357196    0.200331    0.200307    0.200285    0.200265    0.200245    0.200228    0.200211
0.000385093 0.000357174    0.200331    0.200307    0.200285    0.200264    0.200245    0.200228    0.200211    0.200196
0.000357164    0.200331    0.200307    0.200285    0.200264    0.200245    0.200228    0.200211    0.200196    0.200182
0.000331261    0.200307    0.200285    0.200264    0.200245    0.200227    0.200211    0.200196    0.200182    0.200169
0.000307237    0.200285    0.200264    0.200245    0.200227    0.200211    0.200196    0.200182    0.200168    0.200156
0.000284955    0.200264    0.200245    0.200227    0.200211    0.200196    0.200182    0.200168    0.200156    0.200145
0.00026429   0.200245   0.200227   0.200211   0.200196   0.200181   0.200168   0.200156   0.200145   0.200134
0.000245124    0.200227    0.200211    0.200196    0.200181    0.200168    0.200156    0.200145    0.200134    0.200125
0.0002383  0.200221  0.200205   0.20019  0.200176  0.200164  0.200152  0.200141  0.200131  0.200121
0.0002383  0.200221  0.200205   0.20019  0.200176  0.200164  0.200152  0.200141  0.200131  0.200121
0.0002383  0.200221  0.200205   0.20019  0.200176  0.200164  0.200152  0.200141  0.200131  0.200121
0.0002383  0.200221  0.200205   0.20019  0.200176  0.200164  0.200152  0.200141  0.200131  0.200121
0.0002383  0.200221  0.200205   0.20019  0.200176  0.200164  0.200152  0.200141  0.200131  0.200121
0.0002383  0.200221  0.200205   0.20019  0.200176  0.200164  0.200152  0.200141  0.200131  0.200121
0.0002383  0.200221  0.200205   0.20019  0.200176  0.200164  0.200152  0.200141  0.200131  0.200121
0.0002383  0.200221  0.200205   0.20019  0.200176  0.200164  0.200152  0.200141  0.200131  0.200121
0.0002383  0.200221  0.200205   0.20019  0.200176  0.200164  0.200152  0.200141  0.200131  0.200121
0.0002383  0.200221  0.200205   0.20019  0.200176  0.200164  0.200152  0.200141  0.200131  0.200121
0.0002383  0.200221  0.200205   0.20019  0.200176  0.200164  0.200152  0.200141  0.200131  0.200121
0.0002383  0.200221  0.200205   0.20019  0.200176  0.200164  0.200152  0.200141  0.200131  0.200121
0.0002383  0.200221  0.200205   0.20019  0.200176  0.200164  0.200152  0.200141  0.200131  0.200121
0.0002383  0.200221  0.200205   0.20019  0.200176  0.200164  0.200152  0.200141  0.200131  0.200121
0.0002383  0.200221  0.200205   0.20019  0.200176  0.200164  0.200152  0.200141  0.200131  0.200121
0.0002383  0.200221  0.200205   0.20019  0.200176  0.200164  0.200152  0.200141  0.200131  0.200121
0.0002383  0.200221  0.200205   0.20019  0.200176  0.200164  0.200152  0.200141  0.200131  0.200121
0.0002383  0.200221  0.200205   0.20019  0.200176  0.200164  0.200152  0.200141  0.200131  0.200121
0.0002383  0.200221  0.200205   0.20019  0.200176  0.200164  0.200152  0.200141  0.200131  0.200121
0.0002383  0.200221  0.200205   0.20019  0.200176  0.200164  0.200152  0.200141  0.200131  0.200121
0.0002383  0.200221  0.200205   0.20019  0.200176  0.200164  0.200152  0.200141  0.200131  0.200121
0.0002383  0.200221  0.200205   0.20019  0.200176  0.200164  0.200152  0.200141  0.200131  0.200121
0.0002383  0.200221  0.200205   0.20019  0.200176  0.200164  0.200152  0.200141  0.200131  0.200121
0.0002383  0.200221  0.200205   0.20019  0.200176  0.200164  0.200152  0.200141  0.200131  0.200121
0.0002383  0.200221  0.200205   0.20019  0.200176  0.200164  0.200152  0.200141  0.200131  0.200121
0.0002383  0.200221  0.200205   0.20019  0.200176  0.200164  0.200152  0.200141  0.200131  0.200121
0.0002383  0.200221  0.200205   0.20019  0.200176  0.200164  0.200152  0.200141  0.200131  0.200121
0.0002383  0.200221  0.200205   0.20019  0.200176  0.200164  0.200152  0.200141  0.200131  0.200121
0.0002383  0.200221  0.200205   0.20019  0.200176  0.200164  0.200152  0.200141  0.200131  0.200121
0.0002383  0.200221  0.200205   0.20019  0.200176  0.200164  0.200152  0.200141  0.200131  0.200121
0.0002383  0.200221  0.200205   0.20019  0.200176  0.200164  0.200152  0.200141  0.200131  0.200121
0.0002383  0.200221  0.200205   0.20019  0.200176  0.200164  0.200152  0.200141  0.200131  0.200121
0.0002383  0.200221  0.200205   0.20019  0.200176  0.200164  0.200152  0.200141  0.200131  0.200121
0.0002383  0.200221  0.200205   0.20019  0.200176  0.200164  0.200152  0.200141  0.200131  0.200121
0.0002383  0.200221  0.200205   0.20019  0.200176  0.200164  0.200152  0.200141  0.200131  0.200121
0.0002383  0.200221  0.200205   0.20019  0.200176  0.200164  0.200152  0.200141  0.200131  0.200121
0.0002383  0.200221  0.200205   0.20019  0.200176  0.200164  0.200152  0.200141  0.200131  0.200121
0.0002383  0.200221  0.200205   0.20019  0.200176  0.200164  0.200152  0.200141  0.200131  0.200121
0.0002383  0.200221  0.200205   0.20019  0.200176  0.200164  0.200152  0.200141  0.200131  0.200121
0.0002383  0.200221  0.200205   0.20019  0.200176  0.200164  0.200152  0.200141  0.200131  0.200121
0.0002383  0.200221  0.200205   0.20019  0.200176  0.200164  0.200152  0.200141  0.200131  0.200121
0.0002383  0.200221  0.200205   0.20019  0.200176  0.200164  0.200152  0.200141  0.200131  0.200121
0.0002383  0.200221  0.200205   0.20019  0.200176  0.200164  0.200152  0.200141  0.200131  0.200121
0.0002383  0.200221  0.200205   0.20019  0.200176  0.200164  0.200152  0.200141  0.200131  0.200121
0.0002383  0.200221  0.200205   0.20019  0.200176  0.200164  0.200152  0.200141  0.200131  0.200121
0.0002383  0.200221  0.200205   0.20019  0.200176  0.200164  0.200152  0.200141  0.200131  0.200121
0.0002383  0.200221  0.200205   0.20019  0.200176  0.200164  0.200152  0.200141  0.200131  0.200121
0.0002383  0.200221  0.200205   0.20019  0.200176  0.200164  0.200152  0.200141  0.200131  0.200121
0.0002383  0.200221  0.200205   0.20019  0.200176  0.200164  0.200152  0.200141  0.200131  0.200121
0.0002383  0.200221  0.200205   0.20019  0.200176  0.200164  0.200152  0.200141  0.200131  0.200121
0.0002383  0.200221  0.200205   0.20019  0.200176  0.200164  0.200152  0.200141  0.200131  0.200121
0.0002383  0.200221  0.200205   0.20019  0.200176  0.200164  0.200152  0.200141  0.200131  0.200121
0.0002383  0.200221  0.200205   0.20019  0.200176  0.200164  0.200152  0.200141  0.200131  0.200121
0.0002383  0.200221  0.200205   0.20019  0.200176  0.200164  0.200152  0.200141  0.200131  0.200121
0.0002383  0.200221  0.200205   0.20019  0.200176  0.200164  0.200152  0.200141  0.200131  0.200121
0.0002383  0.200221  0.200205   0.20019  0.200176  0.200164  0.200152  0.200141  0.200131  0.200121
0.0002383  0.200221  0.200205   0.20019  0.200176  0.200164  0.200152  0.200141  0.200131  0.200121
0.0002383  0.200221  0.200205   0.20019  0.200176  0.200164  0.200152  0.200141  0.200131  0.200121
0.0002383  0.200221  0.200205   0.20019  0.200176  0.200164  0.200152  0.200141  0.200131  0.200121
0.0002383  0.200221  0.200205   0.20019  0.200176  0.200164  0.200152  0.200141  0.200131  0.200121
0.0002383  0.200221  0.200205   0.20019  0.200176  0.200164  0.200152  0.200141  0.200131  0.200121
0.0002383  0.200221  0.200205   0.20019  0.200176  0.200164  0.200152  0.200141  0.200131  0.200121
0.0002383  0.200221  0.200205   0.20019  0.200176  0.200164  0.200152  0.200141  0.200131  0.200121
0.0002383  0.200221  0.200205   0.20019  0.200176  0.200164  0.200152  0.200141  0.200131  0.200121
0.0002383  0.200221  0.200205   0.20019  0.200176  0.200164  0.200152  0.200141  0.200131  0.200121
0.0002383  0.200221  0.200205   0.20019  0.200176  0.200164  0.200152  0.200141  0.200131  0.200121
0.0002383  0.200221  0.200205   0.20019  0.200176  0.200164  0.200152  0.200141  0.200131  0.200121
0.0002383  0.200221  0.200205   0.20019  0.200176  0.200164  0.200152  0.200141  0.200131  0.200121
0.0002383  0.200221  0.200205   0.20019  0.200176  0.200164  0.200152  0.200141  0.200131  0.200121
0.0002383  0.200221  0.200205   0.20019  0.200176  0.200164  0.200152  0.200141  0.200131  0.200121
0.0002383  0.200221  0.200205   0.20019  0.200176  0.200164  0.200152  0.200141  0.200131  0.200121
0.0002383  0.200221  0.200205   0.20019  0.200176  0.200164  0.200152  0.200141  0.200131  0.200121
0.0002383  0.200221  0.200205   0.20019  0.200176  0.200164  0.200152  0.200141  0.200131  0.200121
0.0002383  0.200221  0.200205   0.20019  0.200176  0.200164  0.200152  0.200141  0.200131  0.200121
0.0002383  0.200221  0.200205   0.20019  0.200176  0.200164  0.200152  0.200141  0.200131  0.200121
0.0002383  0.200221  0.200205   0.20019  0.200176  0.200164  0.200152  0.200141  0.200131  0.200121
0.0002383  0.200221  0.200205   0.20019  0.200176  0.200164  0.200152  0.200141  0.200131  0.200121
0.0002383  0.200221  0.200205   0.20019  0.200176  0.200164  0.200152  0.200141  0.200131  0.200121
0.0002383  0.200221  0.200205   0.20019  0.200176  0.200164  0.200152  0.200141  0.200131  0.200121
0.0002383  0.200221  0.200205   0.20019  0.200176  0.200164  0.200152  0.200141  0.200131  0.200121
0.0002383  0.200221  0.200205   0.20019  0.200176  0.200164  0.200152  0.200141  0.200131  0.200121
0.0002383  0.200221  0.200205   0.20019  0.200176  0.200164  0.200152  0.200141  0.200131  0.200121
0.0002383  0.200221  0.200205   0.20019  0.200176  0.200164  0.200152  0.200141  0.200131  0.200121
0.0002383  0.200221  0.200205   0.20019  0.200176  0.200164  0.200152  0.200141  0.200131  0.200121
0.0002383  0.200221  0.200205   0.20019  0.200176  0.200164  0.200152  0.200141  0.200131  0.200121
0.0002383  0.200221  0.200205   0.20019  0.200176  0.200164  0.200152  0.200141  0.200131  0.200121
0.0002383  0.200221  0.200205   0.20019  0.200176  0.200164  0.200152  0.200141  0.200131  0.200121
0.0002383  0.200221  0.200205   0.20019  0.200176  0.200164  0.200152  0.200141  0.200131  0.200121
0.0002383  0.200221  0.200205   0.20019  0.200176  0.200164  0.200152  0.200141  0.200131  0.200121
0.0002383  0.200221  0.200205   0.20019  0.200176  0.200164  0.200152  0.200141  0.200131  0.200121
0.0002383  0.200221  0.200205   0.20019  0.200176  0.200164  0.200152  0.200141  0.200131  0.200121
0.0002383  0.200221  0.200205   0.20019  0.200176  0.200164  0.200152  0.200141  0.200131  0.200121
0.0002383  0.200221  0.200205   0.20019  0.200176  0.200164  0.200152  0.200141  0.200131  0.200121
0.0002383  0.200221  0.200205   0.20019  0.200176  0.200164  0.200152  0.200141  0.200131  0.200121
0.0002383  0.200221  0.200205   0.20019  0.200176  0.200164  0.200152  0.200141  0.200131  0.200121
0.0002383  0.200221  0.200205   0.20019  0.200176  0.200164  0.200152  0.200141  0.200131  0.200121
0.0002383  0.200221  0.200205   0.20019  0.200176  0.200164  0.200152  0.200141  0.200131  0.200121
0.0002383  0.200221  0.200205   0.20019  0.200176  0.200164  0.200152  0.200141  0.200131  0.200121
0.0002383  0.200221  0.200205   0.20019  0.200176  0.200164  0.200152  0.200141  0.200131  0.200121
0.0002383  0.200221  0.200205   0.20019  0.200176  0.200164  0.200152  0.200141  0.200131  0.200121
0.0002383  0.200221  0.200205   0.20019  0.200176  0.200164  0.200152  0.200141  0.200131  0.200121
0.0002383  0.200221  0.200205   0.20019  0.200176  0.200164  0.200152  0.200141  0.200131  0.200121
0.0002383  0.200221  0.200205   0.20019  0.200176  0.200164  0.200152  0.200141  0.200131  0.200121
0.0002383  0.200221  0.200205   0.20019  0.200176  0.200164  0.200152  0.200141  0.200131  0.200121
0.0002383  0.200221  0.200205   0.20019  0.200176  0.200164  0.200152  0.200141  0.200131  0.200121
0.0002383  0.200221  0.200205   0.20019  0.200176  0.200164  0.200152  0.200141  0.200131  0.200121
0.0002383  0.200221  0.200205   0.20019  0.200176  0.200164  0.200152  0.200141  0.200131  0.200121
0.0002383  0.200221  0.200205   0.20019  0.200176  0.200164  0.200152  0.200141  0.200131  0.200121
0.0002383  0.200221  0.200205   0.20019  0.200176  0.200164  0.200152  0.200141  0.200131  0.200121
0.0002383  0.200221  0.200205   0.20019  0.200176  0.200164  0.200152  0.200141  0.200131  0.200121
0.0002383  0.200221  0.200205   0.20019  0.200176  0.200164  0.200152  0.200141  0.200131  0.200121
0.0002383  0.200221  0.200205   0.20019  0.200176  0.200164  0.200152  0.200141  0.200131  0.200121
0.0002383  0.200221  0.200205   0.20019  0.200176  0.200164  0.200152  0.200141  0.200131  0.200121
0.0002383  0.200221  0.200205   0.20019  0.200176  0.200164  0.200152  0.200141  0.200131  0.200121
0.0002383  0.200221  0.200205   0.20019  0.200176  0.200164  0.200152  0.200141  0.200131  0.200121
0.0002383  0.200221  0.200205   0.20019  0.200176  0.200164  0.200152  0.200141  0.200131  0.200121
0.0002383  0.200221  0.200205   0.20019  0.200176  0.200164  0.200152  0.200141  0.200131  0.200121
0.0002383  0.200221  0.200205   0.20019  0.200176  0.200164  0.200152  0.200141  0.200131  0.200121
0.0002383  0.200221  0.200205   0.20019  0.200176  0.200164  0.200152  0.200141  0.200131  0.200121
0.0002383  0.200221  0.200205   0.20019  0.200176  0.200164  0.200152  0.200141  0.200131  0.200121
0.0002383  0.200221  0.200205   0.20019  0.200176  0.200164  0.200152  0.200141  0.200131  0.200121
0.0002383  0.200221  0.200205   0.20019  0.200176  0.200164  0.200152  0.200141  0.200131  0.200121
0.0002383  0.200221  0.200205   0.20019  0.200176  0.200164  0.200152  0.200141  0.200131  0.200121
0.0002383  0.200221  0.200205   0.20019  0.200176  0.200164  0.200152  0.200141  0.200131  0.200121
0.0002383  0.200221  0.200205   0.20019  0.200176  0.200164  0.200152  0.200141  0.200131  0.200121
0.0002383  0.200221  0.200205   0.20019  0.200176  0.200164  0.200152  0.200141  0.200131  0.200121
0.0002383  0.200221  0.200205   0.20019  0.200176  0.200164  0.200152  0.200141  0.200131  0.200121
0.0002383  0.200221  0.200205   0.20019  0.200176  0.200164  0.200152  0.200141  0.200131  0.200121
0.0002383  0.200221  0.200205   0.20019  0.200176  0.200164  0.200152  0.200141  0.200131  0.200121
0.0002383  0.200221  0.200205   0.20019  0.200176  0.200164  0.200152  0.200141  0.200131  0.200121
0.0002383  0.200221  0.200205   0.20019  0.200176  0.200164  0.200152  0.200141  0.200131  0.200121
0.0002383  0.200221  0.200205   0.20019  0.200176  0.200164  0.200152  0.200141  0.200131  0.200121
0.0002383  0.200221  0.200205   0.20019  0.200176  0.200164  0.200152  0.200141  0.200131  0.200121
0.0002383  0.200221  0.200205   0.20019  0.200176  0.200164  0.200152  0.200141  0.200131  0.200121
