52174
9675
9383
9806
9343
15361
14805
15380
12061
9604
9470
9369
9447
9625
9714
9421
9445
9578
9572
9350
9693
9327
9390
9418
9705
9617
9654
9682
9910
9558
9672
9679
9482
9433
9608
9713
10027
9819
9679
9446
9656
9825
9723
9523
9663
14819
9568
9546
9463
9525
9472
9624
9447
9448
9639
9570
9603
9563
9570
9545
9589
9554
9638
9595
9493
9537
9595
9635
9540
9585
9525
9576
9464
9535
9510
9567
9411
9569
9498
9551
9495
9594
9466
9633
9543
9589
9483
9610
9682
9628
9544
9578
9504
9598
9529
9454
14958
9601
9682
9544
9508
9516
9511
9465
9710
9532
9586
9490
9555
9559
9547
9482
9523
9539
9575
9519
9578
9506
9645
9486
9581
9644
9587
9599
9519
9568
9585
9603
9590
9616
9605
9519
9550
9607
9862
10005
9830
9784
9961
9784
9794
9478
9693
9502
9710
9706
9689
9535
9624
9493
9523
9630
9673
9475
9437
9504
9428
9421
9652
9565
9434
9423
9467
9433
9458
9867
9734
9743
10075
9982
9420
9571
9570
9801
10043
10228
10199
10049
10242
9521
9604
9575
9477
9533
9506
9574
9474
9575
9715
9537
9332
9442
9566
9481
9394
9423
9416
9608
9265
9572
9531
9749
9501
9504
9534
10075
10217
10398
9919
10083
9460
9631
9400
9490
10171
10188
9941
9931
10079
9610
9588
9783
9672
9443
9469
9803
9430
9565
9447
9443
9458
9482
9442
9500
9460
9443
9461
9684
9565
9429
9462
9454
9758
9464
9430
10092
10242
10109
9859
10421
9384
9914
9364
9465
9606
9386
9337
9807
9371
9584
9506
9616
9389
9477
9381
9445
9426
9477
9488
9454
9783
9424
9449
9435
9566
9616
9431
9584
9551
9502
9411
9512
9412
9590
9485
9513
9395
9540
9677
9471
9349
9648
9323
9507
9388
9549
9694
9771
9411
9688
9537
9561
9361
9390
9312
9514
9591
9496
9347
9532
9594
9481
9424
9615
9402
9720
9434
9511
9374
9416
9341
9436
9355
9428
9319
9472
9382
9615
9381
9484
9350
9427
9458
9448
9366
9527
9436
9658
9390
9601
9405
9794
9737
9487
9381
9496
10360
9410
9453
9393
9393
9596
9334
9520
9526
9743
9480
9693
9360
9506
9351
9608
9658
9582
9405
9525
9448
9501
9383
9571
15569
15343
10315
9431
9379
9462
13531
9702
9389
9691
9595
9487
9367
9598
9653
10418
9547
9604
9492
9528
9429
9631
9502
9530
9460
9592
10020
14123
9436
9524
9449
9553
9467
9621
9449
9492
9378
9525
9406
9586
9452
9712
9427
9506
9482
9558
9440
9575
9641
9631
9388
9475
9405
9656
9362
9461
9638
9805
9424
9428
9373
9659
9368
9705
9494
9552
9541
9584
9488
9416
9487
9847
9598
9513
9343
9538
13445
9623
9489
9593
9473
9444
9415
9456
9424
9448
9526
9525
9487
9573
9429
9696
9720
9526
9471
9472
10131
9399
9382
9338
9604
9614
9478
9487
9295
9658
9339
9747
9383
9371
9405
9407
9323
9533
9294
9361
9404
9601
9314
9383
9615
9589
9281
9584
9374
9438
9689
9623
9387
9386
9544
9788
9537
9416
9283
9433
9443
9442
9464
9412
9603
9713
9663
9567
9346
9485
9364
9429
9320
9539
9647
9391
9348
9627
9321
9378
9493
9294
9364
9410
9345
9345
9429
9344
9341
9393
9287
9489
9330
9376
9339
9375
9286
9697
9430
15309
15283
10565
9417
9582
9322
9563
9414
9566
9404
9639
9385
9502
9328
9619
9443
9557
9382
9536
9383
9470
9369
9476
9376
9468
9328
9469
9360
9521
9461
9408
9452
9510
9302
9399
9417
9413
9345
9473
9308
9446
9304
9412
9389
9371
9401
9379
9624
