-1.69407e-21 -1.69407e-21 -1.69407e-21 -1.69407e-21 -1.69407e-21 -1.69407e-21 -1.69407e-21 -1.69407e-21 -1.69407e-21 -1.69407e-21
-1.69407e-21 -1.69407e-21 -1.69407e-21 -1.69407e-21 -1.69407e-21 -1.69407e-21 -1.69407e-21 -1.69407e-21 -1.69407e-21 -1.69407e-21
-1.69407e-21 -1.69407e-21 -1.69407e-21 -1.69407e-21 -1.69407e-21 -1.69407e-21 -1.69407e-21 -1.69407e-21 -1.69407e-21 -1.69407e-21
-1.69407e-21 -1.69407e-21 -1.69407e-21 -1.69407e-21 -1.69407e-21 -1.69407e-21 -1.69407e-21 -1.69407e-21 -1.69407e-21 -1.69407e-21
-1.69407e-21 -1.69407e-21 -1.69407e-21 -1.69407e-21 -1.69407e-21 -1.69407e-21 -1.69407e-21 -1.69407e-21 -1.69407e-21 -1.69407e-21
-1.69407e-21 -1.69407e-21 -1.69407e-21 -1.69407e-21 -1.69407e-21 -1.69407e-21 -1.69407e-21 -1.69407e-21 -1.69407e-21 -1.69407e-21
-1.69407e-21 -1.69407e-21 -1.69407e-21 -1.69407e-21 -1.69407e-21 -1.69407e-21 -1.69407e-21 -1.69407e-21 -1.69407e-21 -1.69407e-21
-1.69407e-21 -1.69407e-21 -1.69407e-21 -1.69407e-21 -1.69407e-21 -1.69407e-21 -1.69407e-21 -1.69407e-21 -1.69407e-21 -1.69407e-21
-1.69407e-21 -1.69407e-21 -1.69407e-21 -1.69407e-21 -1.69407e-21 -1.69407e-21 -1.69407e-21 -1.69407e-21 -1.69407e-21 -1.69407e-21
-1.69407e-21 -1.69407e-21 -1.69407e-21 -1.69407e-21 -1.69407e-21 -1.69407e-21 -1.69407e-21 -1.69407e-21 -1.69407e-21 -1.69407e-21
-1.69407e-21 -1.69407e-21 -1.69407e-21 -1.69407e-21 -1.69407e-21 -1.69407e-21 -1.69407e-21 -1.69407e-21 -1.69407e-21 -1.69407e-21
-1.69407e-21 -1.69407e-21 -1.69407e-21 -1.69407e-21 -1.69407e-21 -1.69407e-21 -1.69407e-21 -1.69407e-21 -1.69407e-21 -1.69407e-21
-1.69407e-21 -1.69407e-21 -1.69407e-21 -1.69407e-21 -1.69407e-21 -1.69407e-21 -1.69407e-21 -1.69407e-21 -1.69407e-21 -1.69407e-21
-1.69407e-21 -1.69407e-21 -1.69407e-21 -1.69407e-21 -1.69407e-21 -1.69407e-21 -1.69407e-21 -1.69407e-21 -1.69407e-21 -1.69407e-21
-1.69407e-21 -1.69407e-21 -1.69407e-21 -1.69407e-21 -1.69407e-21 -1.69407e-21 -1.69407e-21 -1.69407e-21 -1.69407e-21 -1.69407e-21
-1.69407e-21 -1.69407e-21 -1.69407e-21 -1.69407e-21 -1.69407e-21 -1.69407e-21 -1.69407e-21 -1.69407e-21 -1.69407e-21 -1.69407e-21
-1.69407e-21 -1.69407e-21 -1.69407e-21 -1.69407e-21 -1.69407e-21 -1.69407e-21 -1.69407e-21 -1.69407e-21 -1.69407e-21 -1.69407e-21
-1.69407e-21 -1.69407e-21 -1.69407e-21 -1.69407e-21 -1.69407e-21 -1.69407e-21 -1.69407e-21 -1.69407e-21 -1.69407e-21 -1.69407e-21
-1.69407e-21 -1.69407e-21 -1.69407e-21 -1.69407e-21 -1.69407e-21 -1.69407e-21 -1.69407e-21 -1.69407e-21 -1.69407e-21 -1.69407e-21
-1.69407e-21 -1.69407e-21 -1.69407e-21 -1.69407e-21 -1.69407e-21 -1.69407e-21 -1.69407e-21 -1.69407e-21 -1.69407e-21 -1.69407e-21
-1.69407e-21 -1.69407e-21 -1.69407e-21 -1.69407e-21 -1.69407e-21 -1.69407e-21 -1.69407e-21 -1.69407e-21 -1.69407e-21 -1.69407e-21
-1.69407e-21 -1.69407e-21 -1.69407e-21 -1.69407e-21 -1.69407e-21 -1.69407e-21 -1.69407e-21 -1.69407e-21 -1.69407e-21 -1.69407e-21
-1.69407e-21 -1.69407e-21 -1.69407e-21 -1.69407e-21 -1.69407e-21 -1.69407e-21 -1.69407e-21 -1.69407e-21 -1.69407e-21 -1.69407e-21
-1.69407e-21 -1.69407e-21 -1.69407e-21 -1.69407e-21 -1.69407e-21 -1.69407e-21 -1.69407e-21 -1.69407e-21 -1.69407e-21 -1.69407e-21
-1.69407e-21 -1.69407e-21 -1.69407e-21 -1.69407e-21 -1.69407e-21 -1.69407e-21 -1.69407e-21 -1.69407e-21 -1.69407e-21 -1.69407e-21
-1.69407e-21 -1.69407e-21 -1.69407e-21 -1.69407e-21 -1.69407e-21 -1.69407e-21 -1.69407e-21 -1.69407e-21 -1.69407e-21 -1.69407e-21
-1.69407e-21 -1.69407e-21 -1.69407e-21 -1.69407e-21 -1.69407e-21 -1.69407e-21 -1.69407e-21 -1.69407e-21 -1.69407e-21 -1.69407e-21
-1.69407e-21 -1.69407e-21 -1.69407e-21 -1.69407e-21 -1.69407e-21 -1.69407e-21 -1.69407e-21 -1.69407e-21 -1.69407e-21 -1.69407e-21
-1.69407e-21 -1.69407e-21 -1.69407e-21 -1.69407e-21 -1.69407e-21 -1.69407e-21 -1.69407e-21 -1.69407e-21 -1.69407e-21 -1.69407e-21
-1.69407e-21 -1.69407e-21 -1.69407e-21 -1.69407e-21 -1.69407e-21 -1.69407e-21 -1.69407e-21 -1.69407e-21 -1.69407e-21 -1.69407e-21
-1.69407e-21 -1.69407e-21 -1.69407e-21 -1.69407e-21 -1.69407e-21 -1.69407e-21 -1.69407e-21 -1.69407e-21 -1.69407e-21 -1.69407e-21
-1.69407e-21 -1.69407e-21 -1.69407e-21 -1.69407e-21 -1.69407e-21 -1.69407e-21 -1.69407e-21 -1.69407e-21 -1.69407e-21 -1.69407e-21
-1.69407e-21 -1.69407e-21 -1.69407e-21 -1.69407e-21 -1.69407e-21 -1.69407e-21 -1.69407e-21 -1.69407e-21 -1.69407e-21 -1.69407e-21
-1.69407e-21 -1.69407e-21 -1.69407e-21 -1.69407e-21 -1.69407e-21 -1.69407e-21 -1.69407e-21 -1.69407e-21 -1.69407e-21 -1.69407e-21
-1.69407e-21 -1.69407e-21 -1.69407e-21 -1.69407e-21 -1.69407e-21 -1.69407e-21 -1.69407e-21 -1.69407e-21 -1.69407e-21 -1.69407e-21
-1.69407e-21 -1.69407e-21 -1.69407e-21 -1.69407e-21 -1.69407e-21 -1.69407e-21 -1.69407e-21 -1.69407e-21 -1.69407e-21 -1.69407e-21
-1.69407e-21 -1.69407e-21 -1.69407e-21 -1.69407e-21 -1.69407e-21 -1.69407e-21 -1.69407e-21 -1.69407e-21 -1.69407e-21 -1.69407e-21
-1.69407e-21 -1.69407e-21 -1.69407e-21 -1.69407e-21 -1.69407e-21 -1.69407e-21 -1.69407e-21 -1.69407e-21 -1.69407e-21 -1.69407e-21
-1.69407e-21 -1.69407e-21 -1.69407e-21 -1.69407e-21 -1.69407e-21 -1.69407e-21 -1.69407e-21 -1.69407e-21 -1.69407e-21 -1.69407e-21
-1.69407e-21 -1.69407e-21 -1.69407e-21 -1.69407e-21 -1.69407e-21 -1.69407e-21 -1.69407e-21 -1.69407e-21 -1.69407e-21 -1.69407e-21
-1.69407e-21 -1.69407e-21 -1.69407e-21 -1.69407e-21 -1.69407e-21 -1.69407e-21 -1.69407e-21 -1.69407e-21 -1.69407e-21 -1.69407e-21
-1.69407e-21 -1.69407e-21 -1.69407e-21 -1.69407e-21 -1.69407e-21 -1.69407e-21 -1.69407e-21 -1.69407e-21 -1.69407e-21 -1.69407e-21
-1.69407e-21 -1.69407e-21 -1.69407e-21 -1.69407e-21 -1.69407e-21 -1.69407e-21 -1.69407e-21 -1.69407e-21 -1.69407e-21 -1.69407e-21
-1.69407e-21 -1.69407e-21 -1.69407e-21 -1.69407e-21 -1.69407e-21 -1.69407e-21 -1.69407e-21 -1.69407e-21 -1.69407e-21 -1.69407e-21
-1.69407e-21 -1.69407e-21 -1.69407e-21 -1.69407e-21 -1.69407e-21 -1.69407e-21 -1.69407e-21 -1.69407e-21 -1.69407e-21 -1.69407e-21
-1.69407e-21 -1.69407e-21 -1.69407e-21 -1.69407e-21 -1.69407e-21 -1.69407e-21 -1.69407e-21 -1.69407e-21 -1.69407e-21 -1.69407e-21
-1.69407e-21 -1.69407e-21 -1.69407e-21 -1.69407e-21 -1.69407e-21 -1.69407e-21 -1.69407e-21 -1.69407e-21 -1.69407e-21 -1.69407e-21
-1.69407e-21 -1.69407e-21 -1.69407e-21 -1.69407e-21 -1.69407e-21 -1.69407e-21 -1.69407e-21 -1.69407e-21 -1.69407e-21 -1.69407e-21
-1.69407e-21 -1.69407e-21 -1.69407e-21 -1.69407e-21 -1.69407e-21 -1.69407e-21 -1.69407e-21 -1.69407e-21 -1.69407e-21 -1.69407e-21
-1.69407e-21 -1.69407e-21 -1.69407e-21 -1.69407e-21 -1.69407e-21 -1.69407e-21 -1.69407e-21 -1.69407e-21 -1.69407e-21 -1.69407e-21
-1.69407e-21 -1.69407e-21 -1.69407e-21 -1.69407e-21 -1.69407e-21 -1.69407e-21 -1.69407e-21 -1.69407e-21 -1.69407e-21 -1.69407e-21
-1.69407e-21 -1.69407e-21 -1.69407e-21 -1.69407e-21 -1.69407e-21 -1.69407e-21 -1.69407e-21 -1.69407e-21 -1.69407e-21 -1.69407e-21
-1.69407e-21 -1.69407e-21 -1.69407e-21 -1.69407e-21 -1.69407e-21 -1.69407e-21 -1.69407e-21 -1.69407e-21 -1.69407e-21 -1.69407e-21
-1.69407e-21 -1.69407e-21 -1.69407e-21 -1.69407e-21 -1.69407e-21 -1.69407e-21 -1.69407e-21 -1.69407e-21 -1.69407e-21 -1.69407e-21
-1.69407e-21 -1.69407e-21 -1.69407e-21 -1.69407e-21 -1.69407e-21 -1.69407e-21 -1.69407e-21 -1.69407e-21 -1.69407e-21 -1.69407e-21
-1.69407e-21 -1.69407e-21 -1.69407e-21 -1.69407e-21 -1.69407e-21 -1.69407e-21 -1.69407e-21 -1.69407e-21 -1.69407e-21 -1.69407e-21
-1.69407e-21 -1.69407e-21 -1.69407e-21 -1.69407e-21 -1.69407e-21 -1.69407e-21 -1.69407e-21 -1.69407e-21 -1.69407e-21 -1.69407e-21
-1.69407e-21 -1.69407e-21 -1.69407e-21 -1.69407e-21 -1.69407e-21 -1.69407e-21 -1.69407e-21 -1.69407e-21 -1.69407e-21 -1.69407e-21
-1.69407e-21 -1.69407e-21 -1.69407e-21 -1.69407e-21 -1.69407e-21 -1.69407e-21 -1.69407e-21 -1.69407e-21 -1.69407e-21 -1.69407e-21
-1.69407e-21 -1.69407e-21 -1.69407e-21 -1.69407e-21 -1.69407e-21 -1.69407e-21 -1.69407e-21 -1.69407e-21 -1.69407e-21 -1.69407e-21
-1.69407e-21 -1.69407e-21 -1.69407e-21 -1.69407e-21 -1.69407e-21 -1.69407e-21 -1.69407e-21 -1.69407e-21 -1.69407e-21 -1.69407e-21
-1.69407e-21 -1.69407e-21 -1.69407e-21 -1.69407e-21 -1.69407e-21 -1.69407e-21 -1.69407e-21 -1.69407e-21 -1.69407e-21 -1.69407e-21
-1.69407e-21 -1.69407e-21 -1.69407e-21 -1.69407e-21 -1.69407e-21 -1.69407e-21 -1.69407e-21 -1.69407e-21 -1.69407e-21 -1.69407e-21
-1.69407e-21 -1.69407e-21 -1.69407e-21 -1.69407e-21 -1.69407e-21 -1.69407e-21 -1.69407e-21 -1.69407e-21 -1.69407e-21 -1.69407e-21
-1.69407e-21 -1.69407e-21 -1.69407e-21 -1.69407e-21 -1.69407e-21 -1.69407e-21 -1.69407e-21 -1.69407e-21 -1.69407e-21 -1.69407e-21
-1.69407e-21 -1.69407e-21 -1.69407e-21 -1.69407e-21 -1.69407e-21 -1.69407e-21 -1.69407e-21 -1.69407e-21 -1.69407e-21 -1.69407e-21
-1.69407e-21 -1.69407e-21 -1.69407e-21 -1.69407e-21 -1.69407e-21 -1.69407e-21 -1.69407e-21 -1.69407e-21 -1.69407e-21 -1.69407e-21
-1.69407e-21 -1.69407e-21 -1.69407e-21 -1.69407e-21 -1.69407e-21 -1.69407e-21 -1.69407e-21 -1.69407e-21 -1.69407e-21 -1.69407e-21
-1.69407e-21 -1.69407e-21 -1.69407e-21 -1.69407e-21 -1.69407e-21 -1.69407e-21 -1.69407e-21 -1.69407e-21 -1.69407e-21 -1.69407e-21
-1.69407e-21 -1.69407e-21 -1.69407e-21 -1.69407e-21 -1.69407e-21 -1.69407e-21 -1.69407e-21 -1.69407e-21 -1.69407e-21 -1.69407e-21
-1.69407e-21 -1.69407e-21 -1.69407e-21 -1.69407e-21 -1.69407e-21 -1.69407e-21 -1.69407e-21 -1.69407e-21 -1.69407e-21 -1.69407e-21
-1.69407e-21 -1.69407e-21 -1.69407e-21 -1.69407e-21 -1.69407e-21 -1.69407e-21 -1.69407e-21 -1.69407e-21 -1.69407e-21 -1.69407e-21
-1.69407e-21 -1.69407e-21 -1.69407e-21 -1.69407e-21 -1.69407e-21 -1.69407e-21 -1.69407e-21 -1.69407e-21 -1.69407e-21 -1.69407e-21
-1.69407e-21 -1.69407e-21 -1.69407e-21 -1.69407e-21 -1.69407e-21 -1.69407e-21 -1.69407e-21 -1.69407e-21 -1.69407e-21 -1.69407e-21
-1.69407e-21 -1.69407e-21 -1.69407e-21 -1.69407e-21 -1.69407e-21 -1.69407e-21 -1.69407e-21 -1.69407e-21 -1.69407e-21 -1.69407e-21
-1.69407e-21 -1.69407e-21 -1.69407e-21 -1.69407e-21 -1.69407e-21 -1.69407e-21 -1.69407e-21 -1.69407e-21 -1.69407e-21 -1.69407e-21
-1.69407e-21 -1.69407e-21 -1.69407e-21 -1.69407e-21 -1.69407e-21 -1.69407e-21 -1.69407e-21 -1.69407e-21 -1.69407e-21 -1.69407e-21
-1.69407e-21 -1.69407e-21 -1.69407e-21 -1.69407e-21 -1.69407e-21 -1.69407e-21 -1.69407e-21 -1.69407e-21 -1.69407e-21 -1.69407e-21
-1.69407e-21 -1.69407e-21 -1.69407e-21 -1.69407e-21 -1.69407e-21 -1.69407e-21 -1.69407e-21 -1.69407e-21 -1.69407e-21 -1.69407e-21
-1.69407e-21 -1.69407e-21 -1.69407e-21 -1.69407e-21 -1.69407e-21 -1.69407e-21 -1.69407e-21 -1.69407e-21 -1.69407e-21 -1.69407e-21
-1.69407e-21 -1.69407e-21 -1.69407e-21 -1.69407e-21 -1.69407e-21 -1.69407e-21 -1.69407e-21 -1.69407e-21 -1.69407e-21 -1.69407e-21
-1.69407e-21 -1.69407e-21 -1.69407e-21 -1.69407e-21 -1.69407e-21 -1.69407e-21 -1.69407e-21 -1.69407e-21 -1.69407e-21 -1.69407e-21
-1.69407e-21 -1.69407e-21 -1.69407e-21 -1.69407e-21 -1.69407e-21 -1.69407e-21 -1.69407e-21 -1.69407e-21 -1.69407e-21 -1.69407e-21
-1.69407e-21 -1.69407e-21 -1.69407e-21 -1.69407e-21 -1.69407e-21 -1.69407e-21 -1.69407e-21 -1.69407e-21 -1.69407e-21 -1.69407e-21
-1.69407e-21 -1.69407e-21 -1.69407e-21 -1.69407e-21 -1.69407e-21 -1.69407e-21 -1.69407e-21 -1.69407e-21 -1.69407e-21 -1.69407e-21
-1.69407e-21 -1.69407e-21 -1.69407e-21 -1.69407e-21 -1.69407e-21 -1.69407e-21 -1.69407e-21 -1.69407e-21 -1.69407e-21 -1.69407e-21
-1.69407e-21 -1.69407e-21 -1.69407e-21 -1.69407e-21 -1.69407e-21 -1.69407e-21 -1.69407e-21 -1.69407e-21 -1.69407e-21 -1.69407e-21
-1.69407e-21 -1.69407e-21 -1.69407e-21 -1.69407e-21 -1.69407e-21 -1.69407e-21 -1.69407e-21 -1.69407e-21 -1.69407e-21 -1.69407e-21
-1.69407e-21 -1.69407e-21 -1.69407e-21 -1.69407e-21 -1.69407e-21 -1.69407e-21 -1.69407e-21 -1.69407e-21 -1.69407e-21 -1.69407e-21
-1.69407e-21 -1.69407e-21 -1.69407e-21 -1.69407e-21 -1.69407e-21 -1.69407e-21 -1.69407e-21 -1.69407e-21 -1.69407e-21 -1.69407e-21
-1.69407e-21 -1.69407e-21 -1.69407e-21 -1.69407e-21 -1.69407e-21 -1.69407e-21 -1.69407e-21 -1.69407e-21 -1.69407e-21 -1.69407e-21
-1.69407e-21 -1.69407e-21 -1.69407e-21 -1.69407e-21 -1.69407e-21 -1.69407e-21 -1.69407e-21 -1.69407e-21 -1.69407e-21 -1.69407e-21
-1.69407e-21 -1.69407e-21 -1.69407e-21 -1.69407e-21 -1.69407e-21 -1.69407e-21 -1.69407e-21 -1.69407e-21 -1.69407e-21 -1.69407e-21
-1.69407e-21 -1.69407e-21 -1.69407e-21 -1.69407e-21 -1.69407e-21 -1.69407e-21 -1.69407e-21 -1.69407e-21 -1.69407e-21 -1.69407e-21
-1.69407e-21 -1.69407e-21 -1.69407e-21 -1.69407e-21 -1.69407e-21 -1.69407e-21 -1.69407e-21 -1.69407e-21 -1.69407e-21 -1.69407e-21
-1.69407e-21 -1.69407e-21 -1.69407e-21 -1.69407e-21 -1.69407e-21 -1.69407e-21 -1.69407e-21 -1.69407e-21 -1.69407e-21 -1.69407e-21
-1.69407e-21 -1.69407e-21 -1.69407e-21 -1.69407e-21 -1.69407e-21 -1.69407e-21 -1.69407e-21 -1.69407e-21 -1.69407e-21 -1.69407e-21
-1.69407e-21 -1.69407e-21 -1.69407e-21 -1.69407e-21 -1.69407e-21 -1.69407e-21 -1.69407e-21 -1.69407e-21 -1.69407e-21 -1.69407e-21
-1.69407e-21 -1.69407e-21 -1.69407e-21 -1.69407e-21 -1.69407e-21 -1.69407e-21 -1.69407e-21 -1.69407e-21 -1.69407e-21 -1.69407e-21
-1.69407e-21 -1.69407e-21 -1.69407e-21 -1.69407e-21 -1.69407e-21 -1.69407e-21 -1.69407e-21 -1.69407e-21 -1.69407e-21 -1.69407e-21
-1.69407e-21 -1.69407e-21 -1.69407e-21 -1.69407e-21 -1.69407e-21 -1.69407e-21 -1.69407e-21 -1.69407e-21 -1.69407e-21 -1.69407e-21
-1.69407e-21 -1.69407e-21 -1.69407e-21 -1.69407e-21 -1.69407e-21 -1.69407e-21 -1.69407e-21 -1.69407e-21 -1.69407e-21 -1.69407e-21
-1.69407e-21 -1.69407e-21 -1.69407e-21 -1.69407e-21 -1.69407e-21 -1.69407e-21 -1.69407e-21 -1.69407e-21 -1.69407e-21 -1.69407e-21
-1.69407e-21 -1.69407e-21 -1.69407e-21 -1.69407e-21 -1.69407e-21 -1.69407e-21 -1.69407e-21 -1.69407e-21 -1.69407e-21 -1.69407e-21
-1.69407e-21 -1.69407e-21 -1.69407e-21 -1.69407e-21 -1.69407e-21 -1.69407e-21 -1.69407e-21 -1.69407e-21 -1.69407e-21 -1.69407e-21
-1.69407e-21 -1.69407e-21 -1.69407e-21 -1.69407e-21 -1.69407e-21 -1.69407e-21 -1.69407e-21 -1.69407e-21 -1.69407e-21 -1.69407e-21
-1.69407e-21 -1.69407e-21 -1.69407e-21 -1.69407e-21 -1.69407e-21 -1.69407e-21 -1.69407e-21 -1.69407e-21 -1.69407e-21 -1.69407e-21
-1.69407e-21 -1.69407e-21 -1.69407e-21 -1.69407e-21 -1.69407e-21 -1.69407e-21 -1.69407e-21 -1.69407e-21 -1.69407e-21 -1.69407e-21
-1.69407e-21 -1.69407e-21 -1.69407e-21 -1.69407e-21 -1.69407e-21 -1.69407e-21 -1.69407e-21 -1.69407e-21 -1.69407e-21 -1.69407e-21
-1.69407e-21 -1.69407e-21 -1.69407e-21 -1.69407e-21 -1.69407e-21 -1.69407e-21 -1.69407e-21 -1.69407e-21 -1.69407e-21 -1.69407e-21
-1.69407e-21 -1.69407e-21 -1.69407e-21 -1.69407e-21 -1.69407e-21 -1.69407e-21 -1.69407e-21 -1.69407e-21 -1.69407e-21 -1.69407e-21
-1.69407e-21 -1.69407e-21 -1.69407e-21 -1.69407e-21 -1.69407e-21 -1.69407e-21 -1.69407e-21 -1.69407e-21 -1.69407e-21 -1.69407e-21
-1.69407e-21 -1.69407e-21 -1.69407e-21 -1.69407e-21 -1.69407e-21 -1.69407e-21 -1.69407e-21 -1.69407e-21 -1.69407e-21 -1.69407e-21
-1.69407e-21 -1.69407e-21 -1.69407e-21 -1.69407e-21 -1.69407e-21 -1.69407e-21 -1.69407e-21 -1.69407e-21 -1.69407e-21 -1.69407e-21
-1.69407e-21 -1.69407e-21 -1.69407e-21 -1.69407e-21 -1.69407e-21 -1.69407e-21 -1.69407e-21 -1.69407e-21 -1.69407e-21 -1.69407e-21
-1.69407e-21 -1.69407e-21 -1.69407e-21 -1.69407e-21 -1.69407e-21 -1.69407e-21 -1.69407e-21 -1.69407e-21 -1.69407e-21 -1.69407e-21
-1.69407e-21 -1.69407e-21 -1.69407e-21 -1.69407e-21 -1.69407e-21 -1.69407e-21 -1.69407e-21 -1.69407e-21 -1.69407e-21 -1.69407e-21
-1.69407e-21 -1.69407e-21 -1.69407e-21 -1.69407e-21 -1.69407e-21 -1.69407e-21 -1.69407e-21 -1.69407e-21 -1.69407e-21 -1.69407e-21
-1.69407e-21 -1.69407e-21 -1.69407e-21 -1.69407e-21 -1.69407e-21 -1.69407e-21 -1.69407e-21 -1.69407e-21 -1.69407e-21 -1.69407e-21
-1.69407e-21 -1.69407e-21 -1.69407e-21 -1.69407e-21 -1.69407e-21 -1.69407e-21 -1.69407e-21 -1.69407e-21 -1.69407e-21 -1.69407e-21
-1.69407e-21 -1.69407e-21 -1.69407e-21 -1.69407e-21 -1.69407e-21 -1.69407e-21 -1.69407e-21 -1.69407e-21 -1.69407e-21 -1.69407e-21
-1.69407e-21 -1.69407e-21 -1.69407e-21 -1.69407e-21 -1.69407e-21 -1.69407e-21 -1.69407e-21 -1.69407e-21 -1.69407e-21 -1.69407e-21
-1.69407e-21 -1.69407e-21 -1.69407e-21 -1.69407e-21 -1.69407e-21 -1.69407e-21 -1.69407e-21 -1.69407e-21 -1.69407e-21 -1.69407e-21
-1.69407e-21 -1.69407e-21 -1.69407e-21 -1.69407e-21 -1.69407e-21 -1.69407e-21 -1.69407e-21 -1.69407e-21 -1.69407e-21 -1.69407e-21
-1.69407e-21 -1.69407e-21 -1.69407e-21 -1.69407e-21 -1.69407e-21 -1.69407e-21 -1.69407e-21 -1.69407e-21 -1.69407e-21 -1.69407e-21
-1.69407e-21 -1.69407e-21 -1.69407e-21 -1.69407e-21 -1.69407e-21 -1.69407e-21 -1.69407e-21 -1.69407e-21 -1.69407e-21 -1.69407e-21
-1.69407e-21 -1.69407e-21 -1.69407e-21 -1.69407e-21 -1.69407e-21 -1.69407e-21 -1.69407e-21 -1.69407e-21 -1.69407e-21 -1.69407e-21
-1.69407e-21 -1.69407e-21 -1.69407e-21 -1.69407e-21 -1.69407e-21 -1.69407e-21 -1.69407e-21 -1.69407e-21 -1.69407e-21 -1.69407e-21
-1.69407e-21 -1.69407e-21 -1.69407e-21 -1.69407e-21 -1.69407e-21 -1.69407e-21 -1.69407e-21 -1.69407e-21 -1.69407e-21 -1.69407e-21
-1.69407e-21 -1.69407e-21 -1.69407e-21 -1.69407e-21 -1.69407e-21 -1.69407e-21 -1.69407e-21 -1.69407e-21 -1.69407e-21 -1.69407e-21
-1.69407e-21 -1.69407e-21 -1.69407e-21 -1.69407e-21 -1.69407e-21 -1.69407e-21 -1.69407e-21 -1.69407e-21 -1.69407e-21 -1.69407e-21
-1.69407e-21 -1.69407e-21 -1.69407e-21 -1.69407e-21 -1.69407e-21 -1.69407e-21 -1.69407e-21 -1.69407e-21 -1.69407e-21 -1.69407e-21
-1.69407e-21 -1.69407e-21 -1.69407e-21 -1.69407e-21 -1.69407e-21 -1.69407e-21 -1.69407e-21 -1.69407e-21 -1.69407e-21 -1.69407e-21
-1.69407e-21 -1.69407e-21 -1.69407e-21 -1.69407e-21 -1.69407e-21 -1.69407e-21 -1.69407e-21 -1.69407e-21 -1.69407e-21 -1.69407e-21
-1.69407e-21 -1.69407e-21 -1.69407e-21 -1.69407e-21 -1.69407e-21 -1.69407e-21 -1.69407e-21 -1.69407e-21 -1.69407e-21 -1.69407e-21
-1.69407e-21 -1.69407e-21 -1.69407e-21 -1.69407e-21 -1.69407e-21 -1.69407e-21 -1.69407e-21 -1.69407e-21 -1.69407e-21 -1.69407e-21
-1.69407e-21 -1.69407e-21 -1.69407e-21 -1.69407e-21 -1.69407e-21 -1.69407e-21 -1.69407e-21 -1.69407e-21 -1.69407e-21 -1.69407e-21
-1.69407e-21 -1.69407e-21 -1.69407e-21 -1.69407e-21 -1.69407e-21 -1.69407e-21 -1.69407e-21 -1.69407e-21 -1.69407e-21 -1.69407e-21
-1.69407e-21 -1.69407e-21 -1.69407e-21 -1.69407e-21 -1.69407e-21 -1.69407e-21 -1.69407e-21 -1.69407e-21 -1.69407e-21 -1.69407e-21
0.000807603 0.000807603 0.000807603 0.000807603 0.000807603 0.000807603 0.000807603 0.000807603 0.000807603 0.000807603
0.000807603 0.000807603 0.000807603 0.000807603 0.000807603 0.000807603 0.000807603 0.000807603 0.000807603 0.000807603
0.000807603 0.000807603 0.000807603 0.000807603 0.000807603 0.000807603 0.000807603 0.000807603 0.000807603 0.000807603
0.000807603 0.000807603 0.000807603 0.000807603 0.000807603 0.000807603 0.000807603 0.000807603 0.000807603 0.000807603
0.000807603 0.000807603 0.000807603 0.000807603 0.000807603 0.000807603 0.000807603 0.000807603 0.000807603 0.000807603
0.000807603 0.000807603 0.000807603 0.000807603 0.000807603 0.000807603 0.000807603 0.000807603 0.000807603 0.000807603
0.000807603 0.000807603 0.000807603 0.000807603 0.000807603 0.000807603 0.000807603 0.000807603 0.000807603 0.000807603
0.000807603 0.000807603 0.000807603 0.000807603 0.000807603 0.000807603 0.000807603 0.000807603 0.000807603 0.000807603
0.000807603 0.000807603 0.000807603 0.000807603 0.000807603 0.000807603 0.000807603 0.000807603 0.000807603 0.000807603
0.000807603 0.000807603 0.000807603 0.000807603 0.000807603 0.000807603 0.000807603 0.000807603 0.000807603 0.000807603
0.000807603 0.000807603 0.000807603 0.000807603 0.000807603 0.000807603 0.000807603 0.000807603 0.000807603 0.000807603
0.000807603 0.000807603 0.000807603 0.000807603 0.000807603 0.000807603 0.000807603 0.000807603 0.000807603 0.000807603
0.000807603 0.000807603 0.000807603 0.000807603 0.000807603 0.000807603 0.000807603 0.000807603 0.000807603 0.000807603
0.000807603 0.000807603 0.000807603 0.000807603 0.000807603 0.000807603 0.000807603 0.000807603 0.000807603 0.000807603
0.000807603 0.000807603 0.000807603 0.000807603 0.000807603 0.000807603 0.000807603 0.000807603 0.000807603 0.000807603
0.000807603 0.000807603 0.000807603 0.000807603 0.000807603 0.000807603 0.000807603 0.000807603 0.000807603 0.000807603
0.000807603 0.000807603 0.000807603 0.000807603 0.000807603 0.000807603 0.000807603 0.000807603 0.000807603 0.000807603
0.000807603 0.000807603 0.000807603 0.000807603 0.000807603 0.000807603 0.000807603 0.000807603 0.000807603 0.000807603
0.000807603 0.000807603 0.000807603 0.000807603 0.000807603 0.000807603 0.000807603 0.000807603 0.000807603 0.000807603
0.000807603 0.000807603 0.000807603 0.000807603 0.000807603 0.000807603 0.000807603 0.000807603 0.000807603 0.000807603
0.000807603 0.000807603 0.000807603 0.000807603 0.000807603 0.000807603 0.000807603 0.000807603 0.000807603 0.000807603
0.000807603 0.000807603 0.000807603 0.000807603 0.000807603 0.000807603 0.000807603 0.000807603 0.000807603 0.000807603
0.000807603 0.000807603 0.000807603 0.000807603 0.000807603 0.000807603 0.000807603 0.000807603 0.000807603 0.000807603
0.000807603 0.000807603 0.000807603 0.000807603 0.000807603 0.000807603 0.000807603 0.000807603 0.000807603 0.000807603
0.000807603 0.000807603 0.000807603 0.000807603 0.000807603 0.000807603 0.000807603 0.000807603 0.000807603 0.000807603
0.000807603 0.000807603 0.000807603 0.000807603 0.000807603 0.000807603 0.000807603 0.000807603 0.000807603 0.000807603
0.000807603 0.000807603 0.000807603 0.000807603 0.000807603 0.000807603 0.000807603 0.000807603 0.000807603 0.000807603
0.000807603 0.000807603 0.000807603 0.000807603 0.000807603 0.000807603 0.000807603 0.000807603 0.000807603 0.000807603
0.000807603 0.000807603 0.000807603 0.000807603 0.000807603 0.000807603 0.000807603 0.000807603 0.000807603 0.000807603
0.000807603 0.000807603 0.000807603 0.000807603 0.000807603 0.000807603 0.000807603 0.000807603 0.000807603 0.000807603
0.000807603 0.000807603 0.000807603 0.000807603 0.000807603 0.000807603 0.000807603 0.000807603 0.000807603 0.000807603
0.000807603 0.000807603 0.000807603 0.000807603 0.000807603 0.000807603 0.000807603 0.000807603 0.000807603 0.000807603
0.000807603 0.000807603 0.000807603 0.000807603 0.000807603 0.000807603 0.000807603 0.000807603 0.000807603 0.000807603
0.000807603 0.000807603 0.000807603 0.000807603 0.000807603 0.000807603 0.000807603 0.000807603 0.000807603 0.000807603
0.000807603 0.000807603 0.000807603 0.000807603 0.000807603 0.000807603 0.000807603 0.000807603 0.000807603 0.000807603
0.000807603 0.000807603 0.000807603 0.000807603 0.000807603 0.000807603 0.000807603 0.000807603 0.000807603 0.000807603
0.000807603 0.000807603 0.000807603 0.000807603 0.000807603 0.000807603 0.000807603 0.000807603 0.000807603 0.000807603
0.000807603 0.000807603 0.000807603 0.000807603 0.000807603 0.000807603 0.000807603 0.000807603 0.000807603 0.000807603
0.000807603 0.000807603 0.000807603 0.000807603 0.000807603 0.000807603 0.000807603 0.000807603 0.000807603 0.000807603
0.000807603 0.000807603 0.000807603 0.000807603 0.000807603 0.000807603 0.000807603 0.000807603 0.000807603 0.000807603
0 0 0 0 0 0 0 0 0 0
0 0 0 0 0 0 0 0 0 0
0 0 0 0 0 0 0 0 0 0
0 0 0 0 0 0 0 0 0 0
0 0 0 0 0 0 0 0 0 0
0 0 0 0 0 0 0 0 0 0
0 0 0 0 0 0 0 0 0 0
0 0 0 0 0 0 0 0 0 0
0 0 0 0 0 0 0 0 0 0
0 0 0 0 0 0 0 0 0 0
0 0 0 0 0 0 0 0 0 0
0 0 0 0 0 0 0 0 0 0
0 0 0 0 0 0 0 0 0 0
0 0 0 0 0 0 0 0 0 0
0 0 0 0 0 0 0 0 0 0
0 0 0 0 0 0 0 0 0 0
0 0 0 0 0 0 0 0 0 0
0 0 0 0 0 0 0 0 0 0
0 0 0 0 0 0 0 0 0 0
0 0 0 0 0 0 0 0 0 0
0 0 0 0 0 0 0 0 0 0
0 0 0 0 0 0 0 0 0 0
0 0 0 0 0 0 0 0 0 0
0 0 0 0 0 0 0 0 0 0
0 0 0 0 0 0 0 0 0 0
0 0 0 0 0 0 0 0 0 0
0 0 0 0 0 0 0 0 0 0
0 0 0 0 0 0 0 0 0 0
0 0 0 0 0 0 0 0 0 0
0 0 0 0 0 0 0 0 0 0
0 0 0 0 0 0 0 0 0 0
0 0 0 0 0 0 0 0 0 0
0 0 0 0 0 0 0 0 0 0
0 0 0 0 0 0 0 0 0 0
0 0 0 0 0 0 0 0 0 0
0 0 0 0 0 0 0 0 0 0
0 0 0 0 0 0 0 0 0 0
0 0 0 0 0 0 0 0 0 0
0 0 0 0 0 0 0 0 0 0
0 0 0 0 0 0 0 0 0 0
-0.185998 -0.185998 -0.185998 -0.185998 -0.185998 -0.185998 -0.185998 -0.185998 -0.185998 -0.185998
-0.185998 -0.185998 -0.185998 -0.185998 -0.185998 -0.185998 -0.185998 -0.185998 -0.185998 -0.185998
-0.185998 -0.185998 -0.185998 -0.185998 -0.185998 -0.185998 -0.185998 -0.185998 -0.185998 -0.185998
-0.185998 -0.185998 -0.185998 -0.185998 -0.185998 -0.185998 -0.185998 -0.185998 -0.185998 -0.185998
-0.185998 -0.185998 -0.185998 -0.185998 -0.185998 -0.185998 -0.185998 -0.185998 -0.185998 -0.185998
-0.185998 -0.185998 -0.185998 -0.185998 -0.185998 -0.185998 -0.185998 -0.185998 -0.185998 -0.185998
-0.185998 -0.185998 -0.185998 -0.185998 -0.185998 -0.185998 -0.185998 -0.185998 -0.185998 -0.185998
-0.185998 -0.185998 -0.185998 -0.185998 -0.185998 -0.185998 -0.185998 -0.185998 -0.185998 -0.185998
-0.185998 -0.185998 -0.185998 -0.185998 -0.185998 -0.185998 -0.185998 -0.185998 -0.185998 -0.185998
-0.185998 -0.185998 -0.185998 -0.185998 -0.185998 -0.185998 -0.185998 -0.185998 -0.185998 -0.185998
-0.185998 -0.185998 -0.185998 -0.185998 -0.185998 -0.185998 -0.185998 -0.185998 -0.185998 -0.185998
-0.185998 -0.185998 -0.185998 -0.185998 -0.185998 -0.185998 -0.185998 -0.185998 -0.185998 -0.185998
-0.185998 -0.185998 -0.185998 -0.185998 -0.185998 -0.185998 -0.185998 -0.185998 -0.185998 -0.185998
-0.185998 -0.185998 -0.185998 -0.185998 -0.185998 -0.185998 -0.185998 -0.185998 -0.185998 -0.185998
-0.185998 -0.185998 -0.185998 -0.185998 -0.185998 -0.185998 -0.185998 -0.185998 -0.185998 -0.185998
-0.185998 -0.185998 -0.185998 -0.185998 -0.185998 -0.185998 -0.185998 -0.185998 -0.185998 -0.185998
-0.185998 -0.185998 -0.185998 -0.185998 -0.185998 -0.185998 -0.185998 -0.185998 -0.185998 -0.185998
-0.185998 -0.185998 -0.185998 -0.185998 -0.185998 -0.185998 -0.185998 -0.185998 -0.185998 -0.185998
-0.185998 -0.185998 -0.185998 -0.185998 -0.185998 -0.185998 -0.185998 -0.185998 -0.185998 -0.185998
-0.185998 -0.185998 -0.185998 -0.185998 -0.185998 -0.185998 -0.185998 -0.185998 -0.185998 -0.185998
-0.185998 -0.185998 -0.185998 -0.185998 -0.185998 -0.185998 -0.185998 -0.185998 -0.185998 -0.185998
-0.185998 -0.185998 -0.185998 -0.185998 -0.185998 -0.185998 -0.185998 -0.185998 -0.185998 -0.185998
-0.185998 -0.185998 -0.185998 -0.185998 -0.185998 -0.185998 -0.185998 -0.185998 -0.185998 -0.185998
-0.185998 -0.185998 -0.185998 -0.185998 -0.185998 -0.185998 -0.185998 -0.185998 -0.185998 -0.185998
-0.185998 -0.185998 -0.185998 -0.185998 -0.185998 -0.185998 -0.185998 -0.185998 -0.185998 -0.185998
-0.185998 -0.185998 -0.185998 -0.185998 -0.185998 -0.185998 -0.185998 -0.185998 -0.185998 -0.185998
-0.185998 -0.185998 -0.185998 -0.185998 -0.185998 -0.185998 -0.185998 -0.185998 -0.185998       0.2
-0.185998 -0.185998 -0.185998 -0.185998 -0.185998 -0.185998 -0.185998 -0.185998       0.2       0.2
-0.185998 -0.185998 -0.185998 -0.185998 -0.185998 -0.185998 -0.185998       0.2       0.2       0.2
-0.185998 -0.185998 -0.185998 -0.185998 -0.185998 -0.185998       0.2       0.2       0.2       0.2
-0.185998 -0.185998 -0.185998 -0.185998 -0.185998       0.2       0.2       0.2       0.2       0.2
-0.185998 -0.185998 -0.185998 -0.185998       0.2       0.2       0.2       0.2       0.2       0.2
-0.185998 -0.185998 -0.185998       0.2       0.2       0.2       0.2       0.2       0.2       0.2
-0.185998 -0.185998       0.2       0.2       0.2       0.2       0.2       0.2       0.2       0.2
-0.185998       0.2       0.2       0.2       0.2       0.2       0.2       0.2       0.2       0.2
0.2 0.2 0.2 0.2 0.2 0.2 0.2 0.2 0.2 0.2
0.2 0.2 0.2 0.2 0.2 0.2 0.2 0.2 0.2 0.2
0.2 0.2 0.2 0.2 0.2 0.2 0.2 0.2 0.2 0.2
0.2 0.2 0.2 0.2 0.2 0.2 0.2 0.2 0.2 0.2
0.2 0.2 0.2 0.2 0.2 0.2 0.2 0.2 0.2 0.2
0 0 0 0 0 0 0 0 0 0
0 0 0 0 0 0 0 0 0 0
0 0 0 0 0 0 0 0 0 0
0 0 0 0 0 0 0 0 0 0
0 0 0 0 0 0 0 0 0 0
0 0 0 0 0 0 0 0 0 0
0 0 0 0 0 0 0 0 0 0
0 0 0 0 0 0 0 0 0 0
0 0 0 0 0 0 0 0 0 0
0 0 0 0 0 0 0 0 0 0
0 0 0 0 0 0 0 0 0 0
0 0 0 0 0 0 0 0 0 0
0 0 0 0 0 0 0 0 0 0
0 0 0 0 0 0 0 0 0 0
0 0 0 0 0 0 0 0 0 0
0 0 0 0 0 0 0 0 0 0
0 0 0 0 0 0 0 0 0 0
0 0 0 0 0 0 0 0 0 0
0 0 0 0 0 0 0 0 0 0
0 0 0 0 0 0 0 0 0 0
0 0 0 0 0 0 0 0 0 0
0 0 0 0 0 0 0 0 0 0
0 0 0 0 0 0 0 0 0 0
0 0 0 0 0 0 0 0 0 0
0 0 0 0 0 0 0 0 0 0
0 0 0 0 0 0 0 0 0 0
0 0 0 0 0 0 0 0 0 0
0 0 0 0 0 0 0 0 0 0
0 0 0 0 0 0 0 0 0 0
0 0 0 0 0 0 0 0 0 0
0 0 0 0 0 0 0 0 0 0
0 0 0 0 0 0 0 0 0 0
0 0 0 0 0 0 0 0 0 0
0 0 0 0 0 0 0 0 0 0
0 0 0 0 0 0 0 0 0 0
0 0 0 0 0 0 0 0 0 0
0 0 0 0 0 0 0 0 0 0
0 0 0 0 0 0 0 0 0 0
0 0 0 0 0 0 0 0 0 0
0 0 0 0 0 0 0 0 0 0
-0.194851 -0.194851 -0.194851 -0.194851 -0.194851 -0.194851 -0.194851 -0.194851 -0.194851 -0.194851
-0.194851 -0.194851 -0.194851 -0.194851 -0.194851 -0.194851 -0.194851 -0.194851 -0.194851 -0.194851
-0.194851 -0.194851 -0.194851 -0.194851 -0.194851 -0.194851 -0.194851 -0.194851 -0.194851 -0.194851
-0.194851 -0.194851 -0.194851 -0.194851 -0.194851 -0.194851 -0.194851 -0.194851 -0.194851 -0.194851
-0.194851 -0.194851 -0.194851 -0.194851 -0.194851 -0.194851 -0.194851 -0.194851 -0.194851 -0.194851
-0.194851 -0.194851 -0.194851 -0.194851 -0.194851 -0.194851 -0.194851 -0.194851 -0.194851 -0.194851
-0.194851 -0.194851 -0.194851 -0.194851 -0.194851 -0.194851 -0.194851 -0.194851 -0.194851 -0.194851
-0.194851 -0.194851 -0.194851 -0.194851 -0.194851 -0.194851 -0.194851 -0.194851 -0.194851 -0.194851
-0.194851 -0.194851 -0.194851 -0.194851 -0.194851 -0.194851 -0.194851 -0.194851 -0.194851 -0.194851
-0.194851 -0.194851 -0.194851 -0.194851 -0.194851 -0.194851 -0.194851 -0.194851 -0.194851 -0.194851
-0.194851 -0.194851 -0.194851 -0.194851 -0.194851 -0.194851 -0.194851 -0.194851 -0.194851 -0.194851
-0.194851 -0.194851 -0.194851 -0.194851 -0.194851 -0.194851 -0.194851 -0.194851 -0.194851 -0.194851
-0.194851 -0.194851 -0.194851 -0.194851 -0.194851 -0.194851 -0.194851 -0.194851 -0.194851 -0.194851
-0.194851 -0.194851 -0.194851 -0.194851 -0.194851 -0.194851 -0.194851 -0.194851 -0.194851 -0.194851
-0.194851 -0.194851 -0.194851 -0.194851 -0.194851 -0.194851 -0.194851 -0.194851 -0.194851 -0.194851
-0.194851 -0.194851 -0.194851 -0.194851 -0.194851 -0.194851 -0.194851 -0.194851 -0.194851 -0.194851
-0.194851 -0.194851 -0.194851 -0.194851 -0.194851 -0.194851 -0.194851 -0.194851 -0.194851 -0.194851
-0.194851 -0.194851 -0.194851 -0.194851 -0.194851 -0.194851 -0.194851 -0.194851 -0.194851 -0.194851
-0.194851 -0.194851 -0.194851 -0.194851 -0.194851 -0.194851 -0.194851 -0.194851 -0.194851 -0.194851
-0.194851 -0.194851 -0.194851 -0.194851 -0.194851 -0.194851 -0.194851 -0.194851 -0.194851 -0.194851
-0.194851 -0.194851 -0.194851 -0.194851 -0.194851 -0.194851 -0.194851 -0.194851 -0.194851 -0.194851
-0.194851 -0.194851 -0.194851 -0.194851 -0.194851 -0.194851 -0.194851 -0.194851 -0.194851 -0.194851
-0.194851 -0.194851 -0.194851 -0.194851 -0.194851 -0.194851 -0.194851 -0.194851 -0.194851 -0.194851
-0.194851 -0.194851 -0.194851 -0.194851 -0.194851 -0.194851 -0.194851 -0.194851 -0.194851 -0.194851
-0.194851 -0.194851 -0.194851 -0.194851 -0.194851 -0.194851 -0.194851 -0.194851 -0.194851 -0.194851
-0.194851 -0.194851 -0.194851 -0.194851 -0.194851 -0.194851 -0.194851 -0.194851 -0.194851 -0.194851
-0.194851 -0.194851 -0.194851 -0.194851 -0.194851 -0.194851 -0.194851 -0.194851 -0.194851       0.2
-0.194851 -0.194851 -0.194851 -0.194851 -0.194851 -0.194851 -0.194851 -0.194851       0.2       0.2
-0.194851 -0.194851 -0.194851 -0.194851 -0.194851 -0.194851 -0.194851       0.2       0.2       0.2
-0.194851 -0.194851 -0.194851 -0.194851 -0.194851 -0.194851       0.2       0.2       0.2       0.2
-0.194851 -0.194851 -0.194851 -0.194851 -0.194851       0.2       0.2       0.2       0.2       0.2
-0.194851 -0.194851 -0.194851 -0.194851       0.2       0.2       0.2       0.2       0.2       0.2
-0.194851 -0.194851 -0.194851       0.2       0.2       0.2       0.2       0.2       0.2       0.2
-0.194851 -0.194851       0.2       0.2       0.2       0.2       0.2       0.2       0.2       0.2
-0.194851       0.2       0.2       0.2       0.2       0.2       0.2       0.2       0.2       0.2
0.2 0.2 0.2 0.2 0.2 0.2 0.2 0.2 0.2 0.2
0.2 0.2 0.2 0.2 0.2 0.2 0.2 0.2 0.2 0.2
0.2 0.2 0.2 0.2 0.2 0.2 0.2 0.2 0.2 0.2
0.2 0.2 0.2 0.2 0.2 0.2 0.2 0.2 0.2 0.2
0.2 0.2 0.2 0.2 0.2 0.2 0.2 0.2 0.2 0.2
0 0 0 0 0 0 0 0 0 0
0 0 0 0 0 0 0 0 0 0
0 0 0 0 0 0 0 0 0 0
0 0 0 0 0 0 0 0 0 0
0 0 0 0 0 0 0 0 0 0
0 0 0 0 0 0 0 0 0 0
0 0 0 0 0 0 0 0 0 0
0 0 0 0 0 0 0 0 0 0
0 0 0 0 0 0 0 0 0 0
0 0 0 0 0 0 0 0 0 0
0 0 0 0 0 0 0 0 0 0
0 0 0 0 0 0 0 0 0 0
0 0 0 0 0 0 0 0 0 0
0 0 0 0 0 0 0 0 0 0
0 0 0 0 0 0 0 0 0 0
0 0 0 0 0 0 0 0 0 0
0 0 0 0 0 0 0 0 0 0
0 0 0 0 0 0 0 0 0 0
0 0 0 0 0 0 0 0 0 0
0 0 0 0 0 0 0 0 0 0
0 0 0 0 0 0 0 0 0 0
0 0 0 0 0 0 0 0 0 0
0 0 0 0 0 0 0 0 0 0
0 0 0 0 0 0 0 0 0 0
0 0 0 0 0 0 0 0 0 0
0 0 0 0 0 0 0 0 0 0
0 0 0 0 0 0 0 0 0 0
0 0 0 0 0 0 0 0 0 0
0 0 0 0 0 0 0 0 0 0
0 0 0 0 0 0 0 0 0 0
0 0 0 0 0 0 0 0 0 0
0 0 0 0 0 0 0 0 0 0
0 0 0 0 0 0 0 0 0 0
0 0 0 0 0 0 0 0 0 0
0 0 0 0 0 0 0 0 0 0
0 0 0 0 0 0 0 0 0 0
0 0 0 0 0 0 0 0 0 0
0 0 0 0 0 0 0 0 0 0
0 0 0 0 0 0 0 0 0 0
0 0 0 0 0 0 0 0 0 0
-0.19784 -0.19784 -0.19784 -0.19784 -0.19784 -0.19784 -0.19784 -0.19784 -0.19784 -0.19784
-0.19784 -0.19784 -0.19784 -0.19784 -0.19784 -0.19784 -0.19784 -0.19784 -0.19784 -0.19784
-0.19784 -0.19784 -0.19784 -0.19784 -0.19784 -0.19784 -0.19784 -0.19784 -0.19784 -0.19784
-0.19784 -0.19784 -0.19784 -0.19784 -0.19784 -0.19784 -0.19784 -0.19784 -0.19784 -0.19784
-0.19784 -0.19784 -0.19784 -0.19784 -0.19784 -0.19784 -0.19784 -0.19784 -0.19784 -0.19784
-0.19784 -0.19784 -0.19784 -0.19784 -0.19784 -0.19784 -0.19784 -0.19784 -0.19784 -0.19784
-0.19784 -0.19784 -0.19784 -0.19784 -0.19784 -0.19784 -0.19784 -0.19784 -0.19784 -0.19784
-0.19784 -0.19784 -0.19784 -0.19784 -0.19784 -0.19784 -0.19784 -0.19784 -0.19784 -0.19784
-0.19784 -0.19784 -0.19784 -0.19784 -0.19784 -0.19784 -0.19784 -0.19784 -0.19784 -0.19784
-0.19784 -0.19784 -0.19784 -0.19784 -0.19784 -0.19784 -0.19784 -0.19784 -0.19784 -0.19784
-0.19784 -0.19784 -0.19784 -0.19784 -0.19784 -0.19784 -0.19784 -0.19784 -0.19784 -0.19784
-0.19784 -0.19784 -0.19784 -0.19784 -0.19784 -0.19784 -0.19784 -0.19784 -0.19784 -0.19784
-0.19784 -0.19784 -0.19784 -0.19784 -0.19784 -0.19784 -0.19784 -0.19784 -0.19784 -0.19784
-0.19784 -0.19784 -0.19784 -0.19784 -0.19784 -0.19784 -0.19784 -0.19784 -0.19784 -0.19784
-0.19784 -0.19784 -0.19784 -0.19784 -0.19784 -0.19784 -0.19784 -0.19784 -0.19784 -0.19784
-0.19784 -0.19784 -0.19784 -0.19784 -0.19784 -0.19784 -0.19784 -0.19784 -0.19784 -0.19784
-0.19784 -0.19784 -0.19784 -0.19784 -0.19784 -0.19784 -0.19784 -0.19784 -0.19784 -0.19784
-0.19784 -0.19784 -0.19784 -0.19784 -0.19784 -0.19784 -0.19784 -0.19784 -0.19784 -0.19784
-0.19784 -0.19784 -0.19784 -0.19784 -0.19784 -0.19784 -0.19784 -0.19784 -0.19784 -0.19784
-0.19784 -0.19784 -0.19784 -0.19784 -0.19784 -0.19784 -0.19784 -0.19784 -0.19784 -0.19784
-0.19784 -0.19784 -0.19784 -0.19784 -0.19784 -0.19784 -0.19784 -0.19784 -0.19784 -0.19784
-0.19784 -0.19784 -0.19784 -0.19784 -0.19784 -0.19784 -0.19784 -0.19784 -0.19784 -0.19784
-0.19784 -0.19784 -0.19784 -0.19784 -0.19784 -0.19784 -0.19784 -0.19784 -0.19784 -0.19784
-0.19784 -0.19784 -0.19784 -0.19784 -0.19784 -0.19784 -0.19784 -0.19784 -0.19784 -0.19784
-0.19784 -0.19784 -0.19784 -0.19784 -0.19784 -0.19784 -0.19784 -0.19784 -0.19784 -0.19784
-0.19784 -0.19784 -0.19784 -0.19784 -0.19784 -0.19784 -0.19784 -0.19784 -0.19784 -0.19784
-0.19784 -0.19784 -0.19784 -0.19784 -0.19784 -0.19784 -0.19784 -0.19784 -0.19784 -0.19784
-0.19784 -0.19784 -0.19784 -0.19784 -0.19784 -0.19784 -0.19784 -0.19784 -0.19784 -0.19784
-0.19784 -0.19784 -0.19784 -0.19784 -0.19784 -0.19784 -0.19784 -0.19784 -0.19784 -0.19784
-0.19784 -0.19784 -0.19784 -0.19784 -0.19784 -0.19784 -0.19784 -0.19784 -0.19784 -0.19784
-0.19784 -0.19784 -0.19784 -0.19784 -0.19784 -0.19784 -0.19784 -0.19784 -0.19784 -0.19784
-0.19784 -0.19784 -0.19784 -0.19784 -0.19784 -0.19784 -0.19784 -0.19784 -0.19784 -0.19784
-0.19784 -0.19784 -0.19784 -0.19784 -0.19784 -0.19784 -0.19784 -0.19784 -0.19784 -0.19784
-0.19784 -0.19784 -0.19784 -0.19784 -0.19784 -0.19784 -0.19784 -0.19784 -0.19784 -0.19784
-0.19784 -0.19784 -0.19784 -0.19784 -0.19784 -0.19784 -0.19784 -0.19784 -0.19784 -0.19784
-0.19784 -0.19784 -0.19784 -0.19784 -0.19784 -0.19784 -0.19784 -0.19784 -0.19784 -0.19784
-0.19784 -0.19784 -0.19784 -0.19784 -0.19784 -0.19784 -0.19784 -0.19784 -0.19784 -0.19784
-0.19784 -0.19784 -0.19784 -0.19784 -0.19784 -0.19784 -0.19784 -0.19784 -0.19784 -0.19784
-0.19784 -0.19784 -0.19784 -0.19784 -0.19784 -0.19784 -0.19784 -0.19784 -0.19784 -0.19784
-0.19784 -0.19784 -0.19784 -0.19784 -0.19784 -0.19784 -0.19784 -0.19784 -0.19784 -0.19784
   -0.19784 -0.00803041 -0.00803041 -0.00803041 -0.00803041 -0.00803041 -0.00803041 -0.00803041 -0.00803041 -0.00803041
   -0.19784 -0.00850343 -0.00850343 -0.00850343 -0.00850343 -0.00850343 -0.00850343 -0.00850343 -0.00850343 -0.00850343
   -0.19784 -0.00873792 -0.00873792 -0.00873792 -0.00873792 -0.00873792 -0.00873792 -0.00873792 -0.00873792 -0.00873792
   -0.19784 -0.00878073 -0.00878073 -0.00878073 -0.00878073 -0.00878073 -0.00878073 -0.00878073 -0.00878073 -0.00878073
   -0.19784 -0.00874724 -0.00874724 -0.00874724 -0.00874724 -0.00874724 -0.00874724 -0.00874724 -0.00874724 -0.00874724
   -0.19784 -0.00864916 -0.00864916 -0.00864916 -0.00864916 -0.00864916 -0.00864916 -0.00864916 -0.00864916 -0.00864916
   -0.19784 -0.00840774 -0.00840774 -0.00840774 -0.00840774 -0.00840774 -0.00840774 -0.00840774 -0.00840774 -0.00840774
   -0.19784 -0.00794623 -0.00794623 -0.00794623 -0.00794623 -0.00794623 -0.00794623 -0.00794623 -0.00794623 -0.00794623
   -0.19784 -0.00689694 -0.00689694 -0.00689694 -0.00689694 -0.00689694 -0.00689694 -0.00689694 -0.00689694 -0.00689694
   -0.19784 -0.00475656 -0.00475656 -0.00475656 -0.00475656 -0.00475656 -0.00475656 -0.00475656 -0.00475656 -0.00475656
   -0.19784 -0.00184426 -0.00184426 -0.00184426 -0.00184426 -0.00184426 -0.00184426 -0.00184426 -0.00184426 -0.00184426
  -0.19784 0.00131838 0.00131838 0.00131838 0.00131838 0.00131838 0.00131838 0.00131838 0.00131838 0.00131838
  -0.19784 0.00429937 0.00429937 0.00429937 0.00429937 0.00429937 0.00429937 0.00429937 0.00429937 0.00429937
  -0.19784 0.00682212 0.00682212 0.00682212 0.00682212 0.00682212 0.00682212 0.00682212 0.00682212 0.00682212
  -0.19784 0.00875499 0.00875499 0.00875499 0.00875499 0.00875499 0.00875499 0.00875499 0.00875499 0.00875499
 -0.19784 0.0100461 0.0100461 0.0100461 0.0100461 0.0100461 0.0100461 0.0100461 0.0100461 0.0100461
 -0.19784 0.0106398 0.0106398 0.0106398 0.0106398 0.0106398 0.0106398 0.0106398 0.0106398 0.0106398
 -0.19784 0.0106397 0.0106397 0.0106397 0.0106397 0.0106397 0.0106397 0.0106397 0.0106397 0.0106397
-0.19784 0.010153 0.010153 0.010153 0.010153 0.010153 0.010153 0.010153 0.010153 0.010153
  -0.19784 0.00931925 0.00931925 0.00931925 0.00931925 0.00931925 0.00931925 0.00931925 0.00931925 0.00931925
  -0.19784 0.00832344 0.00832344 0.00832344 0.00832344 0.00832344 0.00832344 0.00832344 0.00832344 0.00832344
  -0.19784 0.00734262 0.00734262 0.00734262 0.00734262 0.00734262 0.00734262 0.00734262 0.00734262 0.00734262
  -0.19784 0.00647868 0.00647868 0.00647868 0.00647868 0.00647868 0.00647868 0.00647868 0.00647868 0.00647868
  -0.19784 0.00588756 0.00588756 0.00588756 0.00588756 0.00588756 0.00588756 0.00588756 0.00588756 0.00588756
 -0.19784 0.0056388 0.0056388 0.0056388 0.0056388 0.0056388 0.0056388 0.0056388 0.0056388 0.0056388
  -0.19784 0.00574505 0.00574505 0.00574505 0.00574505 0.00574505 0.00574505 0.00574505 0.00574505 0.00574505
  -0.19784 0.00616134 0.00616134 0.00616134 0.00616134 0.00616134 0.00616134 0.00616134 0.00616134 0.00616134
  -0.19784 0.00685859 0.00685859 0.00685859 0.00685859 0.00685859 0.00685859 0.00685859 0.00685859 0.00685859
  -0.19784 0.00767681 0.00767681 0.00767681 0.00767681 0.00767681 0.00767681 0.00767681 0.00767681 0.00767681
  -0.19784 0.00840631 0.00840631 0.00840631 0.00840631 0.00840631 0.00840631 0.00840631 0.00840631 0.00840631
  -0.19784 0.00885858 0.00885858 0.00885858 0.00885858 0.00885858 0.00885858 0.00885858 0.00885858 0.00885858
  -0.19784 0.00923516 0.00923516 0.00923516 0.00923516 0.00923516 0.00923516 0.00923516 0.00923516 0.00899675
  -0.19784 0.00959268 0.00959268 0.00959268 0.00959268 0.00959268 0.00959268 0.00959268 0.00937998 0.00959268
  -0.19784 0.00963303 0.00963303 0.00963303 0.00963303 0.00963303 0.00963303 0.00964093 0.00963303 0.00963303
  -0.19784 0.00955811 0.00955811 0.00955811 0.00955811 0.00955811 0.00960302 0.00955811 0.00955811 0.00955811
  -0.19784 0.00956276 0.00956276 0.00956276 0.00956276 0.00954734 0.00956276 0.00956276 0.00956276 0.00956276
  -0.19784 0.00960694 0.00960694 0.00960694 0.00957975 0.00960694 0.00960694 0.00960694 0.00960694 0.00960694
  -0.19784 0.00965725 0.00965725  0.0096357 0.00965725 0.00965725 0.00965725 0.00965725 0.00965725 0.00965725
  -0.19784 0.00947477  0.0096264 0.00947477 0.00947477 0.00947477 0.00947477 0.00947477 0.00947477 0.00947477
  -0.19784 0.00931281 0.00882658 0.00882658 0.00882658 0.00882658 0.00882658 0.00882658 0.00882658 0.00882658
  -0.19784 0.00931281 0.00824902 0.00824902 0.00824902 0.00824902 0.00824902 0.00824902 0.00824902 0.00824902
  -0.19784 0.00931281 0.00824902 0.00824902 0.00824902 0.00824902 0.00824902 0.00824902 0.00824902 0.00824902
  -0.19784 0.00931281 0.00824902 0.00824902 0.00824902 0.00824902 0.00824902 0.00824902 0.00824902 0.00824902
  -0.19784 0.00931281 0.00824902 0.00824902 0.00824902 0.00824902 0.00824902 0.00824902 0.00824902 0.00824902
  -0.19784 0.00931281 0.00824902 0.00824902 0.00824902 0.00824902 0.00824902 0.00824902 0.00824902 0.00824902
  -0.19784 0.00931281 0.00824902 0.00824902 0.00824902 0.00824902 0.00824902 0.00824902 0.00824902 0.00824902
  -0.19784 0.00931281 0.00824902 0.00824902 0.00824902 0.00824902 0.00824902 0.00824902 0.00824902 0.00824902
  -0.19784 0.00931281 0.00824902 0.00824902 0.00824902 0.00824902 0.00824902 0.00824902 0.00824902 0.00824902
  -0.19784 0.00931281 0.00824902 0.00824902 0.00824902 0.00824902 0.00824902 0.00824902 0.00824902 0.00824902
  -0.19784 0.00931281 0.00824902 0.00824902 0.00824902 0.00824902 0.00824902 0.00824902 0.00824902 0.00824902
  -0.19784 0.00931281 0.00824902 0.00824902 0.00824902 0.00824902 0.00824902 0.00824902 0.00824902 0.00824902
  -0.19784 0.00931281 0.00824902 0.00824902 0.00824902 0.00824902 0.00824902 0.00824902 0.00824902 0.00824902
  -0.19784 0.00931281 0.00824902 0.00824902 0.00824902 0.00824902 0.00824902 0.00824902 0.00824902 0.00824902
  -0.19784 0.00931281 0.00824902 0.00824902 0.00824902 0.00824902 0.00824902 0.00824902 0.00824902 0.00824902
  -0.19784 0.00931281 0.00824902 0.00824902 0.00824902 0.00824902 0.00824902 0.00824902 0.00824902 0.00824902
  -0.19784 0.00931281 0.00824902 0.00824902 0.00824902 0.00824902 0.00824902 0.00824902 0.00824902 0.00824902
  -0.19784 0.00931281 0.00824902 0.00824902 0.00824902 0.00824902 0.00824902 0.00824902 0.00824902 0.00824902
  -0.19784 0.00931281 0.00824902 0.00824902 0.00824902 0.00824902 0.00824902 0.00824902 0.00824902 0.00824902
  -0.19784 0.00931281 0.00824902 0.00824902 0.00824902 0.00824902 0.00824902 0.00824902 0.00824902 0.00824902
  -0.19784 0.00931281 0.00824902 0.00824902 0.00824902 0.00824902 0.00824902 0.00824902 0.00824902 0.00824902
  -0.19784 0.00931281 0.00824902 0.00824902 0.00824902 0.00824902 0.00824902 0.00824902 0.00824902 0.00824902
  -0.19784 0.00931281 0.00824902 0.00824902 0.00824902 0.00824902 0.00824902 0.00824902 0.00824902 0.00824902
  -0.19784 0.00931281 0.00824902 0.00824902 0.00824902 0.00824902 0.00824902 0.00824902 0.00824902 0.00824902
  -0.19784 0.00931281 0.00824902 0.00824902 0.00824902 0.00824902 0.00824902 0.00824902 0.00824902 0.00824902
  -0.19784 0.00931281 0.00824902 0.00824902 0.00824902 0.00824902 0.00824902 0.00824902 0.00824902 0.00824902
  -0.19784 0.00931281 0.00824902 0.00824902 0.00824902 0.00824902 0.00824902 0.00824902 0.00824902 0.00824902
  -0.19784 0.00931281 0.00824902 0.00824902 0.00824902 0.00824902 0.00824902 0.00824902 0.00824902 0.00824902
  -0.19784 0.00931281 0.00824902 0.00824902 0.00824902 0.00824902 0.00824902 0.00824902 0.00824902 0.00824902
  -0.19784 0.00931281 0.00824902 0.00824902 0.00824902 0.00824902 0.00824902 0.00824902 0.00824902 0.00824902
  -0.19784 0.00931281 0.00824902 0.00824902 0.00824902 0.00824902 0.00824902 0.00824902 0.00824902 0.00824902
  -0.19784 0.00931281 0.00824902 0.00824902 0.00824902 0.00824902 0.00824902 0.00824902 0.00824902 0.00824902
  -0.19784 0.00931281 0.00824902 0.00824902 0.00824902 0.00824902 0.00824902 0.00824902 0.00824902 0.00824902
  -0.19784 0.00931281 0.00824902 0.00824902 0.00824902 0.00824902 0.00824902 0.00824902 0.00824902 0.00824902
  -0.19784 0.00931281 0.00824902 0.00824902 0.00824902 0.00824902 0.00824902 0.00824902 0.00824902 0.00824902
  -0.19784 0.00931281 0.00824902 0.00824902 0.00824902 0.00824902 0.00824902 0.00824902 0.00824902 0.00824902
  -0.19784 0.00931281 0.00824902 0.00824902 0.00824902 0.00824902 0.00824902 0.00824902 0.00824902 0.00824902
  -0.19784 0.00931281 0.00824902 0.00824902 0.00824902 0.00824902 0.00824902 0.00824902 0.00824902 0.00824902
  -0.19784 0.00931281 0.00824902 0.00824902 0.00824902 0.00824902 0.00824902 0.00824902 0.00824902 0.00824902
  -0.19784 0.00931281 0.00824902 0.00824902 0.00824902 0.00824902 0.00824902 0.00824902 0.00824902 0.00824902
  -0.19784 0.00931281 0.00824902 0.00824902 0.00824902 0.00824902 0.00824902 0.00824902 0.00824902 0.00824902
  -0.19784 0.00931281 0.00824902 0.00824902 0.00824902 0.00824902 0.00824902 0.00824902 0.00824902 0.00824902
  -0.19784 0.00931281 0.00824902 0.00824902 0.00824902 0.00824902 0.00824902 0.00824902 0.00824902 0.00824902
  -0.19784 0.00931281 0.00824902 0.00824902 0.00824902 0.00824902 0.00824902 0.00824902 0.00824902 0.00824902
  -0.19784 0.00931281 0.00824902 0.00824902 0.00824902 0.00824902 0.00824902 0.00824902 0.00824902 0.00824902
  -0.19784 0.00931281 0.00824902 0.00824902 0.00824902 0.00824902 0.00824902 0.00824902 0.00824902 0.00824902
  -0.19784 0.00931281 0.00824902 0.00824902 0.00824902 0.00824902 0.00824902 0.00824902 0.00824902 0.00824902
  -0.19784 0.00931281 0.00824902 0.00824902 0.00824902 0.00824902 0.00824902 0.00824902 0.00824902 0.00824902
  -0.19784 0.00931281 0.00824902 0.00824902 0.00824902 0.00824902 0.00824902 0.00824902 0.00824902 0.00824902
  -0.19784 0.00931281 0.00824902 0.00824902 0.00824902 0.00824902 0.00824902 0.00824902 0.00824902 0.00824902
  -0.19784 0.00931281 0.00824902 0.00824902 0.00824902 0.00824902 0.00824902 0.00824902 0.00824902 0.00824902
  -0.19784 0.00931281 0.00824902 0.00824902 0.00824902 0.00824902 0.00824902 0.00824902 0.00824902 0.00824902
  -0.19784 0.00931281 0.00824902 0.00824902 0.00824902 0.00824902 0.00824902 0.00824902 0.00824902 0.00824902
  -0.19784 0.00931281 0.00824902 0.00824902 0.00824902 0.00824902 0.00824902 0.00824902 0.00824902 0.00824902
  -0.19784 0.00931281 0.00824902 0.00824902 0.00824902 0.00824902 0.00824902 0.00824902 0.00824902 0.00824902
  -0.19784 0.00931281 0.00824902 0.00824902 0.00824902 0.00824902 0.00824902 0.00824902 0.00824902 0.00824902
  -0.19784 0.00931281 0.00824902 0.00824902 0.00824902 0.00824902 0.00824902 0.00824902 0.00824902 0.00824902
  -0.19784 0.00931281 0.00824902 0.00824902 0.00824902 0.00824902 0.00824902 0.00824902 0.00824902 0.00824902
  -0.19784 0.00931281 0.00824902 0.00824902 0.00824902 0.00824902 0.00824902 0.00824902 0.00824902 0.00824902
  -0.19784 0.00931281 0.00824902 0.00824902 0.00824902 0.00824902 0.00824902 0.00824902 0.00824902 0.00824902
  -0.19784 0.00931281 0.00824902 0.00824902 0.00824902 0.00824902 0.00824902 0.00824902 0.00824902 0.00824902
  -0.19784 0.00931281 0.00824902 0.00824902 0.00824902 0.00824902 0.00824902 0.00824902 0.00824902 0.00824902
  -0.19784 0.00931281 0.00824902 0.00824902 0.00824902 0.00824902 0.00824902 0.00824902 0.00824902 0.00824902
  -0.19784 0.00931281 0.00824902 0.00824902 0.00824902 0.00824902 0.00824902 0.00824902 0.00824902 0.00824902
  -0.19784 0.00931281 0.00824902 0.00824902 0.00824902 0.00824902 0.00824902 0.00824902 0.00824902 0.00824902
  -0.19784 0.00931281 0.00824902 0.00824902 0.00824902 0.00824902 0.00824902 0.00824902 0.00824902 0.00824902
  -0.19784 0.00931281 0.00824902 0.00824902 0.00824902 0.00824902 0.00824902 0.00824902 0.00824902 0.00824902
  -0.19784 0.00931281 0.00824902 0.00824902 0.00824902 0.00824902 0.00824902 0.00824902 0.00824902 0.00824902
  -0.19784 0.00931281 0.00824902 0.00824902 0.00824902 0.00824902 0.00824902 0.00824902 0.00824902 0.00824902
  -0.19784 0.00931281 0.00824902 0.00824902 0.00824902 0.00824902 0.00824902 0.00824902 0.00824902 0.00824902
  -0.19784 0.00931281 0.00824902 0.00824902 0.00824902 0.00824902 0.00824902 0.00824902 0.00824902 0.00824902
  -0.19784 0.00931281 0.00824902 0.00824902 0.00824902 0.00824902 0.00824902 0.00824902 0.00824902 0.00824902
  -0.19784 0.00931281 0.00824902 0.00824902 0.00824902 0.00824902 0.00824902 0.00824902 0.00824902 0.00824902
  -0.19784 0.00931281 0.00824902 0.00824902 0.00824902 0.00824902 0.00824902 0.00824902 0.00824902 0.00824902
  -0.19784 0.00931281 0.00824902 0.00824902 0.00824902 0.00824902 0.00824902 0.00824902 0.00824902 0.00824902
  -0.19784 0.00931281 0.00824902 0.00824902 0.00824902 0.00824902 0.00824902 0.00824902 0.00824902 0.00824902
  -0.19784 0.00931281 0.00824902 0.00824902 0.00824902 0.00824902 0.00824902 0.00824902 0.00824902 0.00824902
  -0.19784 0.00931281 0.00824902 0.00824902 0.00824902 0.00824902 0.00824902 0.00824902 0.00824902 0.00824902
  -0.19784 0.00931281 0.00824902 0.00824902 0.00824902 0.00824902 0.00824902 0.00824902 0.00824902 0.00824902
  -0.19784 0.00931281 0.00824902 0.00824902 0.00824902 0.00824902 0.00824902 0.00824902 0.00824902 0.00824902
  -0.19784 0.00931281 0.00824902 0.00824902 0.00824902 0.00824902 0.00824902 0.00824902 0.00824902 0.00824902
  -0.19784 0.00931281 0.00824902 0.00824902 0.00824902 0.00824902 0.00824902 0.00824902 0.00824902 0.00824902
  -0.19784 0.00931281 0.00824902 0.00824902 0.00824902 0.00824902 0.00824902 0.00824902 0.00824902 0.00824902
  -0.19784 0.00931281 0.00824902 0.00824902 0.00824902 0.00824902 0.00824902 0.00824902 0.00824902 0.00824902
  -0.19784 0.00931281 0.00824902 0.00824902 0.00824902 0.00824902 0.00824902 0.00824902 0.00824902 0.00824902
  -0.19784 0.00931281 0.00824902 0.00824902 0.00824902 0.00824902 0.00824902 0.00824902 0.00824902 0.00824902
  -0.19784 0.00931281 0.00824902 0.00824902 0.00824902 0.00824902 0.00824902 0.00824902 0.00824902 0.00824902
  -0.19784 0.00931281 0.00824902 0.00824902 0.00824902 0.00824902 0.00824902 0.00824902 0.00824902 0.00824902
  -0.19784 0.00931281 0.00824902 0.00824902 0.00824902 0.00824902 0.00824902 0.00824902 0.00824902 0.00824902
  -0.19784 0.00931281 0.00824902 0.00824902 0.00824902 0.00824902 0.00824902 0.00824902 0.00824902 0.00824902
  -0.19784 0.00931281 0.00824902 0.00824902 0.00824902 0.00824902 0.00824902 0.00824902 0.00824902 0.00824902
  -0.19784 0.00931281 0.00824902 0.00824902 0.00824902 0.00824902 0.00824902 0.00824902 0.00824902 0.00824902
  -0.19784 0.00931281 0.00824902 0.00824902 0.00824902 0.00824902 0.00824902 0.00824902 0.00824902 0.00824902
  -0.19784 0.00931281 0.00824902 0.00824902 0.00824902 0.00824902 0.00824902 0.00824902 0.00824902 0.00824902
  -0.19784 0.00931281 0.00824902 0.00824902 0.00824902 0.00824902 0.00824902 0.00824902 0.00824902 0.00824902
  -0.19784 0.00931281 0.00824902 0.00824902 0.00824902 0.00824902 0.00824902 0.00824902 0.00824902 0.00824902
  -0.19784 0.00931281 0.00824902 0.00824902 0.00824902 0.00824902 0.00824902 0.00824902 0.00824902 0.00824902
  -0.19784 0.00931281 0.00824902 0.00824902 0.00824902 0.00824902 0.00824902 0.00824902 0.00824902 0.00824902
  -0.19784 0.00931281 0.00824902 0.00824902 0.00824902 0.00824902 0.00824902 0.00824902 0.00824902 0.00824902
  -0.19784 0.00931281 0.00824902 0.00824902 0.00824902 0.00824902 0.00824902 0.00824902 0.00824902 0.00824902
  -0.19784 0.00931281 0.00824902 0.00824902 0.00824902 0.00824902 0.00824902 0.00824902 0.00824902 0.00824902
  -0.19784 0.00931281 0.00824902 0.00824902 0.00824902 0.00824902 0.00824902 0.00824902 0.00824902 0.00824902
  -0.19784 0.00931281 0.00824902 0.00824902 0.00824902 0.00824902 0.00824902 0.00824902 0.00824902 0.00824902
  -0.19784 0.00931281 0.00824902 0.00824902 0.00824902 0.00824902 0.00824902 0.00824902 0.00824902 0.00824902
  -0.19784 0.00931281 0.00824902 0.00824902 0.00824902 0.00824902 0.00824902 0.00824902 0.00824902 0.00824902
  -0.19784 0.00931281 0.00824902 0.00824902 0.00824902 0.00824902 0.00824902 0.00824902 0.00824902 0.00824902
  -0.19784 0.00931281 0.00824902 0.00824902 0.00824902 0.00824902 0.00824902 0.00824902 0.00824902 0.00824902
  -0.19784 0.00931281 0.00824902 0.00824902 0.00824902 0.00824902 0.00824902 0.00824902 0.00824902 0.00824902
  -0.19784 0.00931281 0.00824902 0.00824902 0.00824902 0.00824902 0.00824902 0.00824902 0.00824902 0.00824902
  -0.19784 0.00931281 0.00824902 0.00824902 0.00824902 0.00824902 0.00824902 0.00824902 0.00824902 0.00824902
  -0.19784 0.00931281 0.00824902 0.00824902 0.00824902 0.00824902 0.00824902 0.00824902 0.00824902 0.00824902
  -0.19784 0.00931281 0.00824902 0.00824902 0.00824902 0.00824902 0.00824902 0.00824902 0.00824902 0.00824902
  -0.19784 0.00931281 0.00824902 0.00824902 0.00824902 0.00824902 0.00824902 0.00824902 0.00824902 0.00824902
  -0.19784 0.00931281 0.00824902 0.00824902 0.00824902 0.00824902 0.00824902 0.00824902 0.00824902 0.00824902
  -0.19784 0.00931281 0.00824902 0.00824902 0.00824902 0.00824902 0.00824902 0.00824902 0.00824902 0.00824902
  -0.19784 0.00931281 0.00824902 0.00824902 0.00824902 0.00824902 0.00824902 0.00824902 0.00824902 0.00824902
  -0.19784 0.00931281 0.00824902 0.00824902 0.00824902 0.00824902 0.00824902 0.00824902 0.00824902 0.00824902
  -0.19784 0.00931281 0.00824902 0.00824902 0.00824902 0.00824902 0.00824902 0.00824902 0.00824902 0.00824902
  -0.19784 0.00931281 0.00824902 0.00824902 0.00824902 0.00824902 0.00824902 0.00824902 0.00824902 0.00824902
  -0.19784 0.00931281 0.00824902 0.00824902 0.00824902 0.00824902 0.00824902 0.00824902 0.00824902 0.00824902
  -0.19784 0.00931281 0.00824902 0.00824902 0.00824902 0.00824902 0.00824902 0.00824902 0.00824902 0.00824902
  -0.19784 0.00931281 0.00824902 0.00824902 0.00824902 0.00824902 0.00824902 0.00824902 0.00824902 0.00824902
  -0.19784 0.00931281 0.00824902 0.00824902 0.00824902 0.00824902 0.00824902 0.00824902 0.00824902 0.00824902
  -0.19784 0.00931281 0.00824902 0.00824902 0.00824902 0.00824902 0.00824902 0.00824902 0.00824902 0.00824902
  -0.19784 0.00931281 0.00824902 0.00824902 0.00824902 0.00824902 0.00824902 0.00824902 0.00824902 0.00824902
  -0.19784 0.00931281 0.00824902 0.00824902 0.00824902 0.00824902 0.00824902 0.00824902 0.00824902 0.00824902
  -0.19784 0.00931281 0.00824902 0.00824902 0.00824902 0.00824902 0.00824902 0.00824902 0.00824902 0.00824902
  -0.19784 0.00931281 0.00824902 0.00824902 0.00824902 0.00824902 0.00824902 0.00824902 0.00824902 0.00824902
  -0.19784 0.00931281 0.00824902 0.00824902 0.00824902 0.00824902 0.00824902 0.00824902 0.00824902 0.00824902
  -0.19784 0.00931281 0.00824902 0.00824902 0.00824902 0.00824902 0.00824902 0.00824902 0.00824902 0.00824902
  -0.19784 0.00931281 0.00824902 0.00824902 0.00824902 0.00824902 0.00824902 0.00824902 0.00824902 0.00824902
  -0.19784 0.00931281 0.00824902 0.00824902 0.00824902 0.00824902 0.00824902 0.00824902 0.00824902 0.00824902
  -0.19784 0.00931281 0.00824902 0.00824902 0.00824902 0.00824902 0.00824902 0.00824902 0.00824902 0.00824902
  -0.19784 0.00931281 0.00824902 0.00824902 0.00824902 0.00824902 0.00824902 0.00824902 0.00824902 0.00824902
  -0.19784 0.00931281 0.00824902 0.00824902 0.00824902 0.00824902 0.00824902 0.00824902 0.00824902 0.00824902
