0 0 0 0 0 0 0 0 0 0
0 0 0 0 0 0 0 0 0 0
0 0 0 0 0 0 0 0 0 0
0 0 0 0 0 0 0 0 0 0
0 0 0 0 0 0 0 0 0 0
0 0 0 0 0 0 0 0 0 0
0 0 0 0 0 0 0 0 0 0
0 0 0 0 0 0 0 0 0 0
0 0 0 0 0 0 0 0 0 0
0 0 0 0 0 0 0 0 0 0
0 0 0 0 0 0 0 0 0 0
0 0 0 0 0 0 0 0 0 0
0 0 0 0 0 0 0 0 0 0
0 0 0 0 0 0 0 0 0 0
0 0 0 0 0 0 0 0 0 0
0 0 0 0 0 0 0 0 0 0
0 0 0 0 0 0 0 0 0 0
0 0 0 0 0 0 0 0 0 0
0 0 0 0 0 0 0 0 0 0
0 0 0 0 0 0 0 0 0 0
0 0 0 0 0 0 0 0 0 0
0 0 0 0 0 0 0 0 0 0
0 0 0 0 0 0 0 0 0 0
0 0 0 0 0 0 0 0 0 0
0 0 0 0 0 0 0 0 0 0
0 0 0 0 0 0 0 0 0 0
0 0 0 0 0 0 0 0 0 0
0 0 0 0 0 0 0 0 0 0
0 0 0 0 0 0 0 0 0 0
0 0 0 0 0 0 0 0 0 0
0 0 0 0 0 0 0 0 0 0
0 0 0 0 0 0 0 0 0 0
0 0 0 0 0 0 0 0 0 0
0 0 0 0 0 0 0 0 0 0
0 0 0 0 0 0 0 0 0 0
0 0 0 0 0 0 0 0 0 0
0 0 0 0 0 0 0 0 0 0
0 0 0 0 0 0 0 0 0 0
0 0 0 0 0 0 0 0 0 0
0 0 0 0 0 0 0 0 0 0
0 0 0 0 0 0 0 0 0 0
0 0 0 0 0 0 0 0 0 0
0 0 0 0 0 0 0 0 0 0
0 0 0 0 0 0 0 0 0 0
0 0 0 0 0 0 0 0 0 0
0 0 0 0 0 0 0 0 0 0
0 0 0 0 0 0 0 0 0 0
0 0 0 0 0 0 0 0 0 0
0 0 0 0 0 0 0 0 0 0
0 0 0 0 0 0 0 0 0 0
0 0 0 0 0 0 0 0 0 0
0 0 0 0 0 0 0 0 0 0
0 0 0 0 0 0 0 0 0 0
0 0 0 0 0 0 0 0 0 0
0 0 0 0 0 0 0 0 0 0
0 0 0 0 0 0 0 0 0 0
0 0 0 0 0 0 0 0 0 0
0 0 0 0 0 0 0 0 0 0
0 0 0 0 0 0 0 0 0 0
0 0 0 0 0 0 0 0 0 0
0 0 0 0 0 0 0 0 0 0
0 0 0 0 0 0 0 0 0 0
0 0 0 0 0 0 0 0 0 0
0 0 0 0 0 0 0 0 0 0
0 0 0 0 0 0 0 0 0 0
0 0 0 0 0 0 0 0 0 0
0 0 0 0 0 0 0 0 0 0
0 0 0 0 0 0 0 0 0 0
0 0 0 0 0 0 0 0 0 0
0 0 0 0 0 0 0 0 0 0
0 0 0 0 0 0 0 0 0 0
0 0 0 0 0 0 0 0 0 0
0 0 0 0 0 0 0 0 0 0
0 0 0 0 0 0 0 0 0 0
0 0 0 0 0 0 0 0 0 0
0 0 0 0 0 0 0 0 0 0
0 0 0 0 0 0 0 0 0 0
0 0 0 0 0 0 0 0 0 0
0 0 0 0 0 0 0 0 0 0
0 0 0 0 0 0 0 0 0 0
0 0 0 0 0 0 0 0 0 0
0 0 0 0 0 0 0 0 0 0
0 0 0 0 0 0 0 0 0 0
0 0 0 0 0 0 0 0 0 0
0 0 0 0 0 0 0 0 0 0
0 0 0 0 0 0 0 0 0 0
0 0 0 0 0 0 0 0 0 0
0 0 0 0 0 0 0 0 0 0
0 0 0 0 0 0 0 0 0 0
0 0 0 0 0 0 0 0 0 0
0 0 0 0 0 0 0 0 0 0
0 0 0 0 0 0 0 0 0 0
0 0 0 0 0 0 0 0 0 0
0 0 0 0 0 0 0 0 0 0
0 0 0 0 0 0 0 0 0 0
0 0 0 0 0 0 0 0 0 0
0 0 0 0 0 0 0 0 0 0
0 0 0 0 0 0 0 0 0 0
0 0 0 0 0 0 0 0 0 0
0 0 0 0 0 0 0 0 0 0
0 0 0 0 0 0 0 0 0 0
0 0 0 0 0 0 0 0 0 0
0 0 0 0 0 0 0 0 0 0
0 0 0 0 0 0 0 0 0 0
0 0 0 0 0 0 0 0 0 0
0 0 0 0 0 0 0 0 0 0
0 0 0 0 0 0 0 0 0 0
0 0 0 0 0 0 0 0 0 0
0 0 0 0 0 0 0 0 0 0
0 0 0 0 0 0 0 0 0 0
0 0 0 0 0 0 0 0 0 0
0 0 0 0 0 0 0 0 0 0
0 0 0 0 0 0 0 0 0 0
0 0 0 0 0 0 0 0 0 0
0 0 0 0 0 0 0 0 0 0
0 0 0 0 0 0 0 0 0 0
0 0 0 0 0 0 0 0 0 0
0 0 0 0 0 0 0 0 0 0
0 0 0 0 0 0 0 0 0 0
0 0 0 0 0 0 0 0 0 0
0 0 0 0 0 0 0 0 0 0
0 0 0 0 0 0 0 0 0 0
0 0 0 0 0 0 0 0 0 0
0 0 0 0 0 0 0 0 0 0
0 0 0 0 0 0 0 0 0 0
0 0 0 0 0 0 0 0 0 0
0 0 0 0 0 0 0 0 0 0
0 0 0 0 0 0 0 0 0 0
0 0 0 0 0 0 0 0 0 0
0 0 0 0 0 0 0 0 0 0
0 0 0 0 0 0 0 0 0 0
0 0 0 0 0 0 0 0 0 0
0 0 0 0 0 0 0 0 0 0
0 0 0 0 0 0 0 0 0 0
0 0 0 0 0 0 0 0 0 0
0 0 0 0 0 0 0 0 0 0
0 0 0 0 0 0 0 0 0 0
0 0 0 0 0 0 0 0 0 0
0 0 0 0 0 0 0 0 0 0
0.20936 0.20936 0.20936 0.20936 0.20936 0.20936 0.20936 0.20936 0.20936 0.20936
0.20936 0.20936 0.20936 0.20936 0.20936 0.20936 0.20936 0.20936 0.20936 0.20936
0.20936 0.20936 0.20936 0.20936 0.20936 0.20936 0.20936 0.20936 0.20936 0.20936
0.20936 0.20936 0.20936 0.20936 0.20936 0.20936 0.20936 0.20936 0.20936 0.20936
0.20936 0.20936 0.20936 0.20936 0.20936 0.20936 0.20936 0.20936 0.20936 0.20936
0.20936 0.20936 0.20936 0.20936 0.20936 0.20936 0.20936 0.20936 0.20936 0.20936
0.20936 0.20936 0.20936 0.20936 0.20936 0.20936 0.20936 0.20936 0.20936 0.20936
0.20936 0.20936 0.20936 0.20936 0.20936 0.20936 0.20936 0.20936 0.20936 0.20936
0.20936 0.20936 0.20936 0.20936 0.20936 0.20936 0.20936 0.20936 0.20936 0.20936
0.20936 0.20936 0.20936 0.20936 0.20936 0.20936 0.20936 0.20936 0.20936 0.20936
0.20936 0.20936 0.20936 0.20936 0.20936 0.20936 0.20936 0.20936 0.20936 0.20936
0.20936 0.20936 0.20936 0.20936 0.20936 0.20936 0.20936 0.20936 0.20936 0.20936
0.20936 0.20936 0.20936 0.20936 0.20936 0.20936 0.20936 0.20936 0.20936 0.20936
0.20936 0.20936 0.20936 0.20936 0.20936 0.20936 0.20936 0.20936 0.20936 0.20936
0.20936 0.20936 0.20936 0.20936 0.20936 0.20936 0.20936 0.20936 0.20936 0.20936
0.20936 0.20936 0.20936 0.20936 0.20936 0.20936 0.20936 0.20936 0.20936 0.20936
0.20936 0.20936 0.20936 0.20936 0.20936 0.20936 0.20936 0.20936 0.20936 0.20936
0.20936 0.20936 0.20936 0.20936 0.20936 0.20936 0.20936 0.20936 0.20936 0.20936
0.20936 0.20936 0.20936 0.20936 0.20936 0.20936 0.20936 0.20936 0.20936 0.20936
0.20936 0.20936 0.20936 0.20936 0.20936 0.20936 0.20936 0.20936 0.20936 0.20936
0.20936 0.20936 0.20936 0.20936 0.20936 0.20936 0.20936 0.20936 0.20936 0.20936
0.20936 0.20936 0.20936 0.20936 0.20936 0.20936 0.20936 0.20936 0.20936 0.20936
0.20936 0.20936 0.20936 0.20936 0.20936 0.20936 0.20936 0.20936 0.20936 0.20936
0.20936 0.20936 0.20936 0.20936 0.20936 0.20936 0.20936 0.20936 0.20936 0.20936
0.20936 0.20936 0.20936 0.20936 0.20936 0.20936 0.20936 0.20936 0.20936 0.20936
0.20936 0.20936 0.20936 0.20936 0.20936 0.20936 0.20936 0.20936 0.20936 0.20936
0.20936 0.20936 0.20936 0.20936 0.20936 0.20936 0.20936 0.20936 0.20936 0.20936
0.20936 0.20936 0.20936 0.20936 0.20936 0.20936 0.20936 0.20936 0.20936 0.20936
0.20936 0.20936 0.20936 0.20936 0.20936 0.20936 0.20936 0.20936 0.20936 0.20936
0.20936 0.20936 0.20936 0.20936 0.20936 0.20936 0.20936 0.20936 0.20936 0.20936
0.20936 0.20936 0.20936 0.20936 0.20936 0.20936 0.20936 0.20936 0.20936 0.20936
0.20936 0.20936 0.20936 0.20936 0.20936 0.20936 0.20936 0.20936 0.20936 0.20936
0.20936 0.20936 0.20936 0.20936 0.20936 0.20936 0.20936 0.20936 0.20936 0.20936
0.20936 0.20936 0.20936 0.20936 0.20936 0.20936 0.20936 0.20936 0.20936 0.20936
0.20936 0.20936 0.20936 0.20936 0.20936 0.20936 0.20936 0.20936 0.20936 0.20936
0.20936 0.20936 0.20936 0.20936 0.20936 0.20936 0.20936 0.20936 0.20936 0.20936
0.20936 0.20936 0.20936 0.20936 0.20936 0.20936 0.20936 0.20936 0.20936 0.20936
0.20936 0.20936 0.20936 0.20936 0.20936 0.20936 0.20936 0.20936 0.20936 0.20936
0.20936 0.20936 0.20936 0.20936 0.20936 0.20936 0.20936 0.20936 0.20936 0.20936
0.20936 0.20936 0.20936 0.20936 0.20936 0.20936 0.20936 0.20936 0.20936 0.20936
0 0 0 0 0 0 0 0 0 0
0 0 0 0 0 0 0 0 0 0
0 0 0 0 0 0 0 0 0 0
0 0 0 0 0 0 0 0 0 0
0 0 0 0 0 0 0 0 0 0
0 0 0 0 0 0 0 0 0 0
0 0 0 0 0 0 0 0 0 0
0 0 0 0 0 0 0 0 0 0
0 0 0 0 0 0 0 0 0 0
0 0 0 0 0 0 0 0 0 0
0 0 0 0 0 0 0 0 0 0
0 0 0 0 0 0 0 0 0 0
0 0 0 0 0 0 0 0 0 0
0 0 0 0 0 0 0 0 0 0
0 0 0 0 0 0 0 0 0 0
0 0 0 0 0 0 0 0 0 0
0 0 0 0 0 0 0 0 0 0
0 0 0 0 0 0 0 0 0 0
0 0 0 0 0 0 0 0 0 0
0 0 0 0 0 0 0 0 0 0
0 0 0 0 0 0 0 0 0 0
0 0 0 0 0 0 0 0 0 0
0 0 0 0 0 0 0 0 0 0
0 0 0 0 0 0 0 0 0 0
0 0 0 0 0 0 0 0 0 0
0 0 0 0 0 0 0 0 0 0
0 0 0 0 0 0 0 0 0 0
0 0 0 0 0 0 0 0 0 0
0 0 0 0 0 0 0 0 0 0
0 0 0 0 0 0 0 0 0 0
0 0 0 0 0 0 0 0 0 0
0 0 0 0 0 0 0 0 0 0
0 0 0 0 0 0 0 0 0 0
0 0 0 0 0 0 0 0 0 0
0 0 0 0 0 0 0 0 0 0
0 0 0 0 0 0 0 0 0 0
0 0 0 0 0 0 0 0 0 0
0 0 0 0 0 0 0 0 0 0
0 0 0 0 0 0 0 0 0 0
0 0 0 0 0 0 0 0 0 0
0.239079 0.239079 0.239079 0.239079 0.239079 0.239079 0.239079 0.239079 0.239079 0.239079
0.239079 0.239079 0.239079 0.239079 0.239079 0.239079 0.239079 0.239079 0.239079 0.239079
0.239079 0.239079 0.239079 0.239079 0.239079 0.239079 0.239079 0.239079 0.239079 0.239079
0.239079 0.239079 0.239079 0.239079 0.239079 0.239079 0.239079 0.239079 0.239079 0.239079
0.239079 0.239079 0.239079 0.239079 0.239079 0.239079 0.239079 0.239079 0.239079 0.239079
0.239079 0.239079 0.239079 0.239079 0.239079 0.239079 0.239079 0.239079 0.239079 0.239079
0.239079 0.239079 0.239079 0.239079 0.239079 0.239079 0.239079 0.239079 0.239079 0.239079
0.239079 0.239079 0.239079 0.239079 0.239079 0.239079 0.239079 0.239079 0.239079 0.239079
0.239079 0.239079 0.239079 0.239079 0.239079 0.239079 0.239079 0.239079 0.239079 0.239079
0.239079 0.239079 0.239079 0.239079 0.239079 0.239079 0.239079 0.239079 0.239079 0.239079
0.239079 0.239079 0.239079 0.239079 0.239079 0.239079 0.239079 0.239079 0.239079 0.239079
0.239079 0.239079 0.239079 0.239079 0.239079 0.239079 0.239079 0.239079 0.239079 0.239079
0.239079 0.239079 0.239079 0.239079 0.239079 0.239079 0.239079 0.239079 0.239079 0.239079
0.239079 0.239079 0.239079 0.239079 0.239079 0.239079 0.239079 0.239079 0.239079 0.239079
0.239079 0.239079 0.239079 0.239079 0.239079 0.239079 0.239079 0.239079 0.239079 0.239079
0.239079 0.239079 0.239079 0.239079 0.239079 0.239079 0.239079 0.239079 0.239079 0.239079
0.239079 0.239079 0.239079 0.239079 0.239079 0.239079 0.239079 0.239079 0.239079 0.239079
0.239079 0.239079 0.239079 0.239079 0.239079 0.239079 0.239079 0.239079 0.239079 0.239079
0.239079 0.239079 0.239079 0.239079 0.239079 0.239079 0.239079 0.239079 0.239079 0.239079
0.239079 0.239079 0.239079 0.239079 0.239079 0.239079 0.239079 0.239079 0.239079 0.239079
0.239079 0.239079 0.239079 0.239079 0.239079 0.239079 0.239079 0.239079 0.239079 0.239079
0.239079 0.239079 0.239079 0.239079 0.239079 0.239079 0.239079 0.239079 0.239079 0.239079
0.239079 0.239079 0.239079 0.239079 0.239079 0.239079 0.239079 0.239079 0.239079 0.239079
0.239079 0.239079 0.239079 0.239079 0.239079 0.239079 0.239079 0.239079 0.239079 0.239079
0.239079 0.239079 0.239079 0.239079 0.239079 0.239079 0.239079 0.239079 0.239079 0.239079
0.239079 0.239079 0.239079 0.239079 0.239079 0.239079 0.239079 0.239079 0.239079 0.239079
0.239079 0.239079 0.239079 0.239079 0.239079 0.239079 0.239079 0.239079 0.239079 0.239079
0.239079 0.239079 0.239079 0.239079 0.239079 0.239079 0.239079 0.239079 0.239079 0.239079
0.239079 0.239079 0.239079 0.239079 0.239079 0.239079 0.239079 0.239079 0.239079 0.239079
0.239079 0.239079 0.239079 0.239079 0.239079 0.239079 0.239079 0.239079 0.239079 0.239079
0.239079 0.239079 0.239079 0.239079 0.239079 0.239079 0.239079 0.239079 0.239079 0.239079
0.239079 0.239079 0.239079 0.239079 0.239079 0.239079 0.239079 0.239079 0.239079 0.239079
0.239079 0.239079 0.239079 0.239079 0.239079 0.239079 0.239079 0.239079 0.239079 0.239079
0.239079 0.239079 0.239079 0.239079 0.239079 0.239079 0.239079 0.239079 0.239079 0.239079
0.239079 0.239079 0.239079 0.239079 0.239079 0.239079 0.239079 0.239079 0.239079 0.239079
0.239079 0.239079 0.239079 0.239079 0.239079 0.239079 0.239079 0.239079 0.239079 0.239079
0.239079 0.239079 0.239079 0.239079 0.239079 0.239079 0.239079 0.239079 0.239079 0.239079
0.239079 0.239079 0.239079 0.239079 0.239079 0.239079 0.239079 0.239079 0.239079 0.239079
0.239079 0.239079 0.239079 0.239079 0.239079 0.239079 0.239079 0.239079 0.239079 0.239079
0.239079 0.239079 0.239079 0.239079 0.239079 0.239079 0.239079 0.239079 0.239079 0.239079
0 0 0 0 0 0 0 0 0 0
0 0 0 0 0 0 0 0 0 0
0 0 0 0 0 0 0 0 0 0
0 0 0 0 0 0 0 0 0 0
0 0 0 0 0 0 0 0 0 0
0 0 0 0 0 0 0 0 0 0
0 0 0 0 0 0 0 0 0 0
0 0 0 0 0 0 0 0 0 0
0 0 0 0 0 0 0 0 0 0
0 0 0 0 0 0 0 0 0 0
0 0 0 0 0 0 0 0 0 0
0 0 0 0 0 0 0 0 0 0
0 0 0 0 0 0 0 0 0 0
0 0 0 0 0 0 0 0 0 0
0 0 0 0 0 0 0 0 0 0
0 0 0 0 0 0 0 0 0 0
0 0 0 0 0 0 0 0 0 0
0 0 0 0 0 0 0 0 0 0
0 0 0 0 0 0 0 0 0 0
0 0 0 0 0 0 0 0 0 0
0 0 0 0 0 0 0 0 0 0
0 0 0 0 0 0 0 0 0 0
0 0 0 0 0 0 0 0 0 0
0 0 0 0 0 0 0 0 0 0
0 0 0 0 0 0 0 0 0 0
0 0 0 0 0 0 0 0 0 0
0 0 0 0 0 0 0 0 0 0
0 0 0 0 0 0 0 0 0 0
0 0 0 0 0 0 0 0 0 0
0 0 0 0 0 0 0 0 0 0
0 0 0 0 0 0 0 0 0 0
0 0 0 0 0 0 0 0 0 0
0 0 0 0 0 0 0 0 0 0
0 0 0 0 0 0 0 0 0 0
0 0 0 0 0 0 0 0 0 0
0 0 0 0 0 0 0 0 0 0
0 0 0 0 0 0 0 0 0 0
0 0 0 0 0 0 0 0 0 0
0 0 0 0 0 0 0 0 0 0
0 0 0 0 0 0 0 0 0 0
0.235975 0.235975 0.235975 0.235975 0.235975 0.235975 0.235975 0.235975 0.235975 0.235975
0.235975 0.235975 0.235975 0.235975 0.235975 0.235975 0.235975 0.235975 0.235975 0.235975
0.235975 0.235975 0.235975 0.235975 0.235975 0.235975 0.235975 0.235975 0.235975 0.235975
0.235975 0.235975 0.235975 0.235975 0.235975 0.235975 0.235975 0.235975 0.235975 0.235975
0.235975 0.235975 0.235975 0.235975 0.235975 0.235975 0.235975 0.235975 0.235975 0.235975
0.235975 0.235975 0.235975 0.235975 0.235975 0.235975 0.235975 0.235975 0.235975 0.235975
0.235975 0.235975 0.235975 0.235975 0.235975 0.235975 0.235975 0.235975 0.235975 0.235975
0.235975 0.235975 0.235975 0.235975 0.235975 0.235975 0.235975 0.235975 0.235975 0.235975
0.235975 0.235975 0.235975 0.235975 0.235975 0.235975 0.235975 0.235975 0.235975 0.235975
0.235975 0.235975 0.235975 0.235975 0.235975 0.235975 0.235975 0.235975 0.235975 0.235975
0.235975 0.235975 0.235975 0.235975 0.235975 0.235975 0.235975 0.235975 0.235975 0.235975
0.235975 0.235975 0.235975 0.235975 0.235975 0.235975 0.235975 0.235975 0.235975 0.235975
0.235975 0.235975 0.235975 0.235975 0.235975 0.235975 0.235975 0.235975 0.235975 0.235975
0.235975 0.235975 0.235975 0.235975 0.235975 0.235975 0.235975 0.235975 0.235975 0.235975
0.235975 0.235975 0.235975 0.235975 0.235975 0.235975 0.235975 0.235975 0.235975 0.235975
0.235975 0.235975 0.235975 0.235975 0.235975 0.235975 0.235975 0.235975 0.235975 0.235975
0.235975 0.235975 0.235975 0.235975 0.235975 0.235975 0.235975 0.235975 0.235975 0.235975
0.235975 0.235975 0.235975 0.235975 0.235975 0.235975 0.235975 0.235975 0.235975 0.235975
0.235975 0.235975 0.235975 0.235975 0.235975 0.235975 0.235975 0.235975 0.235975 0.235975
0.235975 0.235975 0.235975 0.235975 0.235975 0.235975 0.235975 0.235975 0.235975 0.235975
0.235975 0.235975 0.235975 0.235975 0.235975 0.235975 0.235975 0.235975 0.235975 0.235975
0.235975 0.235975 0.235975 0.235975 0.235975 0.235975 0.235975 0.235975 0.235975 0.235975
0.235975 0.235975 0.235975 0.235975 0.235975 0.235975 0.235975 0.235975 0.235975 0.235975
0.235975 0.235975 0.235975 0.235975 0.235975 0.235975 0.235975 0.235975 0.235975 0.235975
0.235975 0.235975 0.235975 0.235975 0.235975 0.235975 0.235975 0.235975 0.235975 0.235975
0.235975 0.235975 0.235975 0.235975 0.235975 0.235975 0.235975 0.235975 0.235975 0.235975
0.235975 0.235975 0.235975 0.235975 0.235975 0.235975 0.235975 0.235975 0.235975 0.235975
0.235975 0.235975 0.235975 0.235975 0.235975 0.235975 0.235975 0.235975 0.235975 0.235975
0.235975 0.235975 0.235975 0.235975 0.235975 0.235975 0.235975 0.235975 0.235975 0.235975
0.235975 0.235975 0.235975 0.235975 0.235975 0.235975 0.235975 0.235975 0.235975 0.235975
0.235975 0.235975 0.235975 0.235975 0.235975 0.235975 0.235975 0.235975 0.235975 0.235975
0.235975 0.235975 0.235975 0.235975 0.235975 0.235975 0.235975 0.235975 0.235975 0.235975
0.235975 0.235975 0.235975 0.235975 0.235975 0.235975 0.235975 0.235975 0.235975 0.235975
0.235975 0.235975 0.235975 0.235975 0.235975 0.235975 0.235975 0.235975 0.235975 0.235975
0.235975 0.235975 0.235975 0.235975 0.235975 0.235975 0.235975 0.235975 0.235975 0.235975
0.235975 0.235975 0.235975 0.235975 0.235975 0.235975 0.235975 0.235975 0.235975 0.235975
0.235975 0.235975 0.235975 0.235975 0.235975 0.235975 0.235975 0.235975 0.235975 0.235975
0.235975 0.235975 0.235975 0.235975 0.235975 0.235975 0.235975 0.235975 0.235975 0.235975
0.235975 0.235975 0.235975 0.235975 0.235975 0.235975 0.235975 0.235975 0.235975 0.235975
0.235975 0.235975 0.235975 0.235975 0.235975 0.235975 0.235975 0.235975 0.235975 0.235975
0 0 0 0 0 0 0 0 0 0
0 0 0 0 0 0 0 0 0 0
0 0 0 0 0 0 0 0 0 0
0 0 0 0 0 0 0 0 0 0
0 0 0 0 0 0 0 0 0 0
0 0 0 0 0 0 0 0 0 0
0 0 0 0 0 0 0 0 0 0
0 0 0 0 0 0 0 0 0 0
0 0 0 0 0 0 0 0 0 0
0 0 0 0 0 0 0 0 0 0
0 0 0 0 0 0 0 0 0 0
0 0 0 0 0 0 0 0 0 0
0 0 0 0 0 0 0 0 0 0
0 0 0 0 0 0 0 0 0 0
0 0 0 0 0 0 0 0 0 0
0 0 0 0 0 0 0 0 0 0
0 0 0 0 0 0 0 0 0 0
0 0 0 0 0 0 0 0 0 0
0 0 0 0 0 0 0 0 0 0
0 0 0 0 0 0 0 0 0 0
0 0 0 0 0 0 0 0 0 0
0 0 0 0 0 0 0 0 0 0
0 0 0 0 0 0 0 0 0 0
0 0 0 0 0 0 0 0 0 0
0 0 0 0 0 0 0 0 0 0
0 0 0 0 0 0 0 0 0 0
0 0 0 0 0 0 0 0 0 0
0 0 0 0 0 0 0 0 0 0
0 0 0 0 0 0 0 0 0 0
0 0 0 0 0 0 0 0 0 0
0 0 0 0 0 0 0 0 0 0
0 0 0 0 0 0 0 0 0 0
0 0 0 0 0 0 0 0 0 0
0 0 0 0 0 0 0 0 0 0
0 0 0 0 0 0 0 0 0 0
0 0 0 0 0 0 0 0 0 0
0 0 0 0 0 0 0 0 0 0
0 0 0 0 0 0 0 0 0 0
0 0 0 0 0 0 0 0 0 0
0 0 0 0 0 0 0 0 0 0
0.244637 0.244637 0.244637 0.244637 0.244637 0.244637 0.244637 0.244637 0.244637 0.244637
0.244637 0.244637 0.244637 0.244637 0.244637 0.244637 0.244637 0.244637 0.244637 0.244637
0.244637 0.244637 0.244637 0.244637 0.244637 0.244637 0.244637 0.244637 0.244637 0.244637
0.244637 0.244637 0.244637 0.244637 0.244637 0.244637 0.244637 0.244637 0.244637 0.244637
0.244637 0.244637 0.244637 0.244637 0.244637 0.244637 0.244637 0.244637 0.244637 0.244637
0.244637 0.244637 0.244637 0.244637 0.244637 0.244637 0.244637 0.244637 0.244637 0.244637
0.244637 0.244637 0.244637 0.244637 0.244637 0.244637 0.244637 0.244637 0.244637 0.244637
0.244637 0.244637 0.244637 0.244637 0.244637 0.244637 0.244637 0.244637 0.244637 0.244637
0.244637 0.244637 0.244637 0.244637 0.244637 0.244637 0.244637 0.244637 0.244637 0.244637
0.244637 0.244637 0.244637 0.244637 0.244637 0.244637 0.244637 0.244637 0.244637 0.244637
0.244637 0.244637 0.244637 0.244637 0.244637 0.244637 0.244637 0.244637 0.244637 0.244637
0.244637 0.244637 0.244637 0.244637 0.244637 0.244637 0.244637 0.244637 0.244637 0.244637
0.244637 0.244637 0.244637 0.244637 0.244637 0.244637 0.244637 0.244637 0.244637 0.244637
0.244637 0.244637 0.244637 0.244637 0.244637 0.244637 0.244637 0.244637 0.244637 0.244637
0.244637 0.244637 0.244637 0.244637 0.244637 0.244637 0.244637 0.244637 0.244637 0.244637
0.244637 0.244637 0.244637 0.244637 0.244637 0.244637 0.244637 0.244637 0.244637 0.244637
0.244637 0.244637 0.244637 0.244637 0.244637 0.244637 0.244637 0.244637 0.244637 0.244637
0.244637 0.244637 0.244637 0.244637 0.244637 0.244637 0.244637 0.244637 0.244637 0.244637
0.244637 0.244637 0.244637 0.244637 0.244637 0.244637 0.244637 0.244637 0.244637 0.244637
0.244637 0.244637 0.244637 0.244637 0.244637 0.244637 0.244637 0.244637 0.244637 0.244637
0.244637 0.244637 0.244637 0.244637 0.244637 0.244637 0.244637 0.244637 0.244637 0.244637
0.244637 0.244637 0.244637 0.244637 0.244637 0.244637 0.244637 0.244637 0.244637 0.244637
0.244637 0.244637 0.244637 0.244637 0.244637 0.244637 0.244637 0.244637 0.244637 0.244637
0.244637 0.244637 0.244637 0.244637 0.244637 0.244637 0.244637 0.244637 0.244637 0.244637
0.244637 0.244637 0.244637 0.244637 0.244637 0.244637 0.244637 0.244637 0.244637 0.244637
0.244637 0.244637 0.244637 0.244637 0.244637 0.244637 0.244637 0.244637 0.244637 0.244637
0.244637 0.244637 0.244637 0.244637 0.244637 0.244637 0.244637 0.244637 0.244637 0.244637
0.244637 0.244637 0.244637 0.244637 0.244637 0.244637 0.244637 0.244637 0.244637 0.244637
0.244637 0.244637 0.244637 0.244637 0.244637 0.244637 0.244637 0.244637 0.244637 0.244637
0.244637 0.244637 0.244637 0.244637 0.244637 0.244637 0.244637 0.244637 0.244637 0.244637
0.244637 0.244637 0.244637 0.244637 0.244637 0.244637 0.244637 0.244637 0.244637 0.244637
0.244637 0.244637 0.244637 0.244637 0.244637 0.244637 0.244637 0.244637 0.244637 0.244637
0.244637 0.244637 0.244637 0.244637 0.244637 0.244637 0.244637 0.244637 0.244637 0.244637
0.244637 0.244637 0.244637 0.244637 0.244637 0.244637 0.244637 0.244637 0.244637 0.244637
0.244637 0.244637 0.244637 0.244637 0.244637 0.244637 0.244637 0.244637 0.244637 0.244637
0.244637 0.244637 0.244637 0.244637 0.244637 0.244637 0.244637 0.244637 0.244637 0.244637
0.244637 0.244637 0.244637 0.244637 0.244637 0.244637 0.244637 0.244637 0.244637 0.244637
0.244637 0.244637 0.244637 0.244637 0.244637 0.244637 0.244637 0.244637 0.244637 0.244637
0.244637 0.244637 0.244637 0.244637 0.244637 0.244637 0.244637 0.244637 0.244637 0.244637
0.244637 0.244637 0.244637 0.244637 0.244637 0.244637 0.244637 0.244637 0.244637 0.244637
0.244637 0.237858 0.237858 0.237858 0.237858 0.237858 0.237858 0.237858 0.237858 0.237858
0.244637 0.237844 0.237844 0.237844 0.237844 0.237844 0.237844 0.237844 0.237844 0.237844
0.244637 0.237769 0.237769 0.237769 0.237769 0.237769 0.237769 0.237769 0.237769 0.237769
0.244637 0.237658 0.237658 0.237658 0.237658 0.237658 0.237658 0.237658 0.237658 0.237658
0.244637 0.237418 0.237418 0.237418 0.237418 0.237418 0.237418 0.237418 0.237418 0.237418
0.244637 0.236977 0.236977 0.236977 0.236977 0.236977 0.236977 0.236977 0.236977 0.236977
0.244637 0.236639 0.236639 0.236639 0.236639 0.236639 0.236639 0.236639 0.236639 0.236639
0.244637 0.236343 0.236343 0.236343 0.236343 0.236343 0.236343 0.236343 0.236343 0.236343
0.244637 0.236222 0.236222 0.236222 0.236222 0.236222 0.236222 0.236222 0.236222 0.236222
0.244637  0.23593  0.23593  0.23593  0.23593  0.23593  0.23593  0.23593  0.23593  0.23593
0.244637 0.235421 0.235421 0.235421 0.235421 0.235421 0.235421 0.235421 0.235421 0.235421
0.244637 0.234928 0.234928 0.234928 0.234928 0.234928 0.234928 0.234928 0.234928 0.234928
0.244637 0.234621 0.234621 0.234621 0.234621 0.234621 0.234621 0.234621 0.234621 0.234621
0.244637 0.234513 0.234513 0.234513 0.234513 0.234513 0.234513 0.234513 0.234513 0.234513
0.244637 0.234511 0.234511 0.234511 0.234511 0.234511 0.234511 0.234511 0.234511 0.234511
0.244637 0.234501 0.234501 0.234501 0.234501 0.234501 0.234501 0.234501 0.234501 0.234501
0.244637 0.234415 0.234415 0.234415 0.234415 0.234415 0.234415 0.234415 0.234415 0.234415
0.244637 0.234277 0.234277 0.234277 0.234277 0.234277 0.234277 0.234277 0.234277 0.234277
0.244637  0.23415  0.23415  0.23415  0.23415  0.23415  0.23415  0.23415  0.23415  0.23415
0.244637 0.234091 0.234091 0.234091 0.234091 0.234091 0.234091 0.234091 0.234091 0.234091
0.244637  0.23411  0.23411  0.23411  0.23411  0.23411  0.23411  0.23411  0.23411  0.23411
0.244637 0.234163 0.234163 0.234163 0.234163 0.234163 0.234163 0.234163 0.234163 0.234163
0.244637 0.234204 0.234204 0.234204 0.234204 0.234204 0.234204 0.234204 0.234204 0.234204
0.244637 0.234215 0.234215 0.234215 0.234215 0.234215 0.234215 0.234215 0.234215 0.234215
0.244637 0.234217 0.234217 0.234217 0.234217 0.234217 0.234217 0.234217 0.234217 0.234217
0.244637 0.234232 0.234232 0.234232 0.234232 0.234232 0.234232 0.234232 0.234232 0.234232
0.244637 0.234229 0.234229 0.234229 0.234229 0.234229 0.234229 0.234229 0.234229 0.234229
0.244637 0.234258 0.234258 0.234258 0.234258 0.234258 0.234258 0.234258 0.234258 0.234258
0.244637 0.234256 0.234256 0.234256 0.234256 0.234256 0.234256 0.234256 0.234256 0.234256
0.244637  0.23432  0.23432  0.23432  0.23432  0.23432  0.23432  0.23432  0.23432  0.23432
0.244637 0.234651 0.234651 0.234651 0.234651 0.234651 0.234651 0.234651 0.234651 0.234651
0.244637 0.234663 0.234663 0.234663 0.234663 0.234663 0.234663 0.234663 0.234663 0.234704
0.244637 0.234571 0.234571 0.234571 0.234571 0.234571 0.234571 0.234571 0.234625 0.234571
0.244637 0.234682 0.234682 0.234682 0.234682 0.234682 0.234682 0.234575 0.234682 0.234682
0.244637 0.234912 0.234912 0.234912 0.234912 0.234912 0.234771 0.234912 0.234912 0.234912
0.244637  0.23503  0.23503  0.23503  0.23503 0.234983  0.23503  0.23503  0.23503  0.23503
0.244637 0.234912 0.234912 0.234912    0.235 0.234912 0.234912 0.234912 0.234912 0.234912
0.244637 0.234805 0.234805  0.23486 0.234805 0.234805 0.234805 0.234805 0.234805 0.234805
0.244637  0.23481 0.234793  0.23481  0.23481  0.23481  0.23481  0.23481  0.23481  0.23481
0.244637 0.234841 0.234921 0.234921 0.234921 0.234921 0.234921 0.234921 0.234921 0.234921
0.244637 0.234841 0.235029 0.235029 0.235029 0.235029 0.235029 0.235029 0.235029 0.235029
0.244637 0.234841 0.235029 0.235029 0.235029 0.235029 0.235029 0.235029 0.235029 0.235029
0.244637 0.234841 0.235029 0.235029 0.235029 0.235029 0.235029 0.235029 0.235029 0.235029
0.244637 0.234841 0.235029 0.235029 0.235029 0.235029 0.235029 0.235029 0.235029 0.235029
0.244637 0.234841 0.235029 0.235029 0.235029 0.235029 0.235029 0.235029 0.235029 0.235029
0.244637 0.234841 0.235029 0.235029 0.235029 0.235029 0.235029 0.235029 0.235029 0.235029
0.244637 0.234841 0.235029 0.235029 0.235029 0.235029 0.235029 0.235029 0.235029 0.235029
0.244637 0.234841 0.235029 0.235029 0.235029 0.235029 0.235029 0.235029 0.235029 0.235029
0.244637 0.234841 0.235029 0.235029 0.235029 0.235029 0.235029 0.235029 0.235029 0.235029
0.244637 0.234841 0.235029 0.235029 0.235029 0.235029 0.235029 0.235029 0.235029 0.235029
0.244637 0.234841 0.235029 0.235029 0.235029 0.235029 0.235029 0.235029 0.235029 0.235029
0.244637 0.234841 0.235029 0.235029 0.235029 0.235029 0.235029 0.235029 0.235029 0.235029
0.244637 0.234841 0.235029 0.235029 0.235029 0.235029 0.235029 0.235029 0.235029 0.235029
0.244637 0.234841 0.235029 0.235029 0.235029 0.235029 0.235029 0.235029 0.235029 0.235029
0.244637 0.234841 0.235029 0.235029 0.235029 0.235029 0.235029 0.235029 0.235029 0.235029
0.244637 0.234841 0.235029 0.235029 0.235029 0.235029 0.235029 0.235029 0.235029 0.235029
0.244637 0.234841 0.235029 0.235029 0.235029 0.235029 0.235029 0.235029 0.235029 0.235029
0.244637 0.234841 0.235029 0.235029 0.235029 0.235029 0.235029 0.235029 0.235029 0.235029
0.244637 0.234841 0.235029 0.235029 0.235029 0.235029 0.235029 0.235029 0.235029 0.235029
0.244637 0.234841 0.235029 0.235029 0.235029 0.235029 0.235029 0.235029 0.235029 0.235029
0.244637 0.234841 0.235029 0.235029 0.235029 0.235029 0.235029 0.235029 0.235029 0.235029
0.244637 0.234841 0.235029 0.235029 0.235029 0.235029 0.235029 0.235029 0.235029 0.235029
0.244637 0.234841 0.235029 0.235029 0.235029 0.235029 0.235029 0.235029 0.235029 0.235029
0.244637 0.234841 0.235029 0.235029 0.235029 0.235029 0.235029 0.235029 0.235029 0.235029
0.244637 0.234841 0.235029 0.235029 0.235029 0.235029 0.235029 0.235029 0.235029 0.235029
0.244637 0.234841 0.235029 0.235029 0.235029 0.235029 0.235029 0.235029 0.235029 0.235029
0.244637 0.234841 0.235029 0.235029 0.235029 0.235029 0.235029 0.235029 0.235029 0.235029
0.244637 0.234841 0.235029 0.235029 0.235029 0.235029 0.235029 0.235029 0.235029 0.235029
0.244637 0.234841 0.235029 0.235029 0.235029 0.235029 0.235029 0.235029 0.235029 0.235029
0.244637 0.234841 0.235029 0.235029 0.235029 0.235029 0.235029 0.235029 0.235029 0.235029
0.244637 0.234841 0.235029 0.235029 0.235029 0.235029 0.235029 0.235029 0.235029 0.235029
0.244637 0.234841 0.235029 0.235029 0.235029 0.235029 0.235029 0.235029 0.235029 0.235029
0.244637 0.234841 0.235029 0.235029 0.235029 0.235029 0.235029 0.235029 0.235029 0.235029
0.244637 0.234841 0.235029 0.235029 0.235029 0.235029 0.235029 0.235029 0.235029 0.235029
0.244637 0.234841 0.235029 0.235029 0.235029 0.235029 0.235029 0.235029 0.235029 0.235029
0.244637 0.234841 0.235029 0.235029 0.235029 0.235029 0.235029 0.235029 0.235029 0.235029
0.244637 0.234841 0.235029 0.235029 0.235029 0.235029 0.235029 0.235029 0.235029 0.235029
0.244637 0.234841 0.235029 0.235029 0.235029 0.235029 0.235029 0.235029 0.235029 0.235029
0.244637 0.234841 0.235029 0.235029 0.235029 0.235029 0.235029 0.235029 0.235029 0.235029
0.244637 0.234841 0.235029 0.235029 0.235029 0.235029 0.235029 0.235029 0.235029 0.235029
0.244637 0.234841 0.235029 0.235029 0.235029 0.235029 0.235029 0.235029 0.235029 0.235029
0.244637 0.234841 0.235029 0.235029 0.235029 0.235029 0.235029 0.235029 0.235029 0.235029
0.244637 0.234841 0.235029 0.235029 0.235029 0.235029 0.235029 0.235029 0.235029 0.235029
0.244637 0.234841 0.235029 0.235029 0.235029 0.235029 0.235029 0.235029 0.235029 0.235029
0.244637 0.234841 0.235029 0.235029 0.235029 0.235029 0.235029 0.235029 0.235029 0.235029
0.244637 0.234841 0.235029 0.235029 0.235029 0.235029 0.235029 0.235029 0.235029 0.235029
0.244637 0.234841 0.235029 0.235029 0.235029 0.235029 0.235029 0.235029 0.235029 0.235029
0.244637 0.234841 0.235029 0.235029 0.235029 0.235029 0.235029 0.235029 0.235029 0.235029
0.244637 0.234841 0.235029 0.235029 0.235029 0.235029 0.235029 0.235029 0.235029 0.235029
0.244637 0.234841 0.235029 0.235029 0.235029 0.235029 0.235029 0.235029 0.235029 0.235029
0.244637 0.234841 0.235029 0.235029 0.235029 0.235029 0.235029 0.235029 0.235029 0.235029
0.244637 0.234841 0.235029 0.235029 0.235029 0.235029 0.235029 0.235029 0.235029 0.235029
0.244637 0.234841 0.235029 0.235029 0.235029 0.235029 0.235029 0.235029 0.235029 0.235029
0.244637 0.234841 0.235029 0.235029 0.235029 0.235029 0.235029 0.235029 0.235029 0.235029
0.244637 0.234841 0.235029 0.235029 0.235029 0.235029 0.235029 0.235029 0.235029 0.235029
0.244637 0.234841 0.235029 0.235029 0.235029 0.235029 0.235029 0.235029 0.235029 0.235029
0.244637 0.234841 0.235029 0.235029 0.235029 0.235029 0.235029 0.235029 0.235029 0.235029
0.244637 0.234841 0.235029 0.235029 0.235029 0.235029 0.235029 0.235029 0.235029 0.235029
0.244637 0.234841 0.235029 0.235029 0.235029 0.235029 0.235029 0.235029 0.235029 0.235029
0.244637 0.234841 0.235029 0.235029 0.235029 0.235029 0.235029 0.235029 0.235029 0.235029
0.244637 0.234841 0.235029 0.235029 0.235029 0.235029 0.235029 0.235029 0.235029 0.235029
0.244637 0.234841 0.235029 0.235029 0.235029 0.235029 0.235029 0.235029 0.235029 0.235029
0.244637 0.234841 0.235029 0.235029 0.235029 0.235029 0.235029 0.235029 0.235029 0.235029
0.244637 0.234841 0.235029 0.235029 0.235029 0.235029 0.235029 0.235029 0.235029 0.235029
0.244637 0.234841 0.235029 0.235029 0.235029 0.235029 0.235029 0.235029 0.235029 0.235029
0.244637 0.234841 0.235029 0.235029 0.235029 0.235029 0.235029 0.235029 0.235029 0.235029
0.244637 0.234841 0.235029 0.235029 0.235029 0.235029 0.235029 0.235029 0.235029 0.235029
0.244637 0.234841 0.235029 0.235029 0.235029 0.235029 0.235029 0.235029 0.235029 0.235029
0.244637 0.234841 0.235029 0.235029 0.235029 0.235029 0.235029 0.235029 0.235029 0.235029
0.244637 0.234841 0.235029 0.235029 0.235029 0.235029 0.235029 0.235029 0.235029 0.235029
0.244637 0.234841 0.235029 0.235029 0.235029 0.235029 0.235029 0.235029 0.235029 0.235029
0.244637 0.234841 0.235029 0.235029 0.235029 0.235029 0.235029 0.235029 0.235029 0.235029
0.244637 0.234841 0.235029 0.235029 0.235029 0.235029 0.235029 0.235029 0.235029 0.235029
0.244637 0.234841 0.235029 0.235029 0.235029 0.235029 0.235029 0.235029 0.235029 0.235029
0.244637 0.234841 0.235029 0.235029 0.235029 0.235029 0.235029 0.235029 0.235029 0.235029
0.244637 0.234841 0.235029 0.235029 0.235029 0.235029 0.235029 0.235029 0.235029 0.235029
0.244637 0.234841 0.235029 0.235029 0.235029 0.235029 0.235029 0.235029 0.235029 0.235029
0.244637 0.234841 0.235029 0.235029 0.235029 0.235029 0.235029 0.235029 0.235029 0.235029
0.244637 0.234841 0.235029 0.235029 0.235029 0.235029 0.235029 0.235029 0.235029 0.235029
0.244637 0.234841 0.235029 0.235029 0.235029 0.235029 0.235029 0.235029 0.235029 0.235029
0.244637 0.234841 0.235029 0.235029 0.235029 0.235029 0.235029 0.235029 0.235029 0.235029
0.244637 0.234841 0.235029 0.235029 0.235029 0.235029 0.235029 0.235029 0.235029 0.235029
0.244637 0.234841 0.235029 0.235029 0.235029 0.235029 0.235029 0.235029 0.235029 0.235029
0.244637 0.234841 0.235029 0.235029 0.235029 0.235029 0.235029 0.235029 0.235029 0.235029
0.244637 0.234841 0.235029 0.235029 0.235029 0.235029 0.235029 0.235029 0.235029 0.235029
0.244637 0.234841 0.235029 0.235029 0.235029 0.235029 0.235029 0.235029 0.235029 0.235029
0.244637 0.234841 0.235029 0.235029 0.235029 0.235029 0.235029 0.235029 0.235029 0.235029
0.244637 0.234841 0.235029 0.235029 0.235029 0.235029 0.235029 0.235029 0.235029 0.235029
0.244637 0.234841 0.235029 0.235029 0.235029 0.235029 0.235029 0.235029 0.235029 0.235029
0.244637 0.234841 0.235029 0.235029 0.235029 0.235029 0.235029 0.235029 0.235029 0.235029
0.244637 0.234841 0.235029 0.235029 0.235029 0.235029 0.235029 0.235029 0.235029 0.235029
0.244637 0.234841 0.235029 0.235029 0.235029 0.235029 0.235029 0.235029 0.235029 0.235029
0.244637 0.234841 0.235029 0.235029 0.235029 0.235029 0.235029 0.235029 0.235029 0.235029
0.244637 0.234841 0.235029 0.235029 0.235029 0.235029 0.235029 0.235029 0.235029 0.235029
0.244637 0.234841 0.235029 0.235029 0.235029 0.235029 0.235029 0.235029 0.235029 0.235029
0.244637 0.234841 0.235029 0.235029 0.235029 0.235029 0.235029 0.235029 0.235029 0.235029
0.244637 0.234841 0.235029 0.235029 0.235029 0.235029 0.235029 0.235029 0.235029 0.235029
0.244637 0.234841 0.235029 0.235029 0.235029 0.235029 0.235029 0.235029 0.235029 0.235029
0.244637 0.234841 0.235029 0.235029 0.235029 0.235029 0.235029 0.235029 0.235029 0.235029
0.244637 0.234841 0.235029 0.235029 0.235029 0.235029 0.235029 0.235029 0.235029 0.235029
0.244637 0.234841 0.235029 0.235029 0.235029 0.235029 0.235029 0.235029 0.235029 0.235029
0.244637 0.234841 0.235029 0.235029 0.235029 0.235029 0.235029 0.235029 0.235029 0.235029
0.244637 0.234841 0.235029 0.235029 0.235029 0.235029 0.235029 0.235029 0.235029 0.235029
0.244637 0.234841 0.235029 0.235029 0.235029 0.235029 0.235029 0.235029 0.235029 0.235029
0.244637 0.234841 0.235029 0.235029 0.235029 0.235029 0.235029 0.235029 0.235029 0.235029
0.244637 0.234841 0.235029 0.235029 0.235029 0.235029 0.235029 0.235029 0.235029 0.235029
0.244637 0.234841 0.235029 0.235029 0.235029 0.235029 0.235029 0.235029 0.235029 0.235029
0.244637 0.234841 0.235029 0.235029 0.235029 0.235029 0.235029 0.235029 0.235029 0.235029
0.244637 0.234841 0.235029 0.235029 0.235029 0.235029 0.235029 0.235029 0.235029 0.235029
0.244637 0.234841 0.235029 0.235029 0.235029 0.235029 0.235029 0.235029 0.235029 0.235029
0.244637 0.234841 0.235029 0.235029 0.235029 0.235029 0.235029 0.235029 0.235029 0.235029
0.244637 0.234841 0.235029 0.235029 0.235029 0.235029 0.235029 0.235029 0.235029 0.235029
0.244637 0.234841 0.235029 0.235029 0.235029 0.235029 0.235029 0.235029 0.235029 0.235029
0.244637 0.234841 0.235029 0.235029 0.235029 0.235029 0.235029 0.235029 0.235029 0.235029
0.244637 0.234841 0.235029 0.235029 0.235029 0.235029 0.235029 0.235029 0.235029 0.235029
0.244637 0.234841 0.235029 0.235029 0.235029 0.235029 0.235029 0.235029 0.235029 0.235029
0.244637 0.234841 0.235029 0.235029 0.235029 0.235029 0.235029 0.235029 0.235029 0.235029
0.244637 0.234841 0.235029 0.235029 0.235029 0.235029 0.235029 0.235029 0.235029 0.235029
0.244637 0.234841 0.235029 0.235029 0.235029 0.235029 0.235029 0.235029 0.235029 0.235029
0.244637 0.234841 0.235029 0.235029 0.235029 0.235029 0.235029 0.235029 0.235029 0.235029
0.244637 0.234841 0.235029 0.235029 0.235029 0.235029 0.235029 0.235029 0.235029 0.235029
0.244637 0.234841 0.235029 0.235029 0.235029 0.235029 0.235029 0.235029 0.235029 0.235029
0.244637 0.234841 0.235029 0.235029 0.235029 0.235029 0.235029 0.235029 0.235029 0.235029
0.244637 0.234841 0.235029 0.235029 0.235029 0.235029 0.235029 0.235029 0.235029 0.235029
0.244637 0.234841 0.235029 0.235029 0.235029 0.235029 0.235029 0.235029 0.235029 0.235029
0.244637 0.234841 0.235029 0.235029 0.235029 0.235029 0.235029 0.235029 0.235029 0.235029
0.244637 0.234841 0.235029 0.235029 0.235029 0.235029 0.235029 0.235029 0.235029 0.235029
0.244637 0.234841 0.235029 0.235029 0.235029 0.235029 0.235029 0.235029 0.235029 0.235029
0.244637 0.234841 0.235029 0.235029 0.235029 0.235029 0.235029 0.235029 0.235029 0.235029
0.244637 0.234841 0.235029 0.235029 0.235029 0.235029 0.235029 0.235029 0.235029 0.235029
0.244637 0.234841 0.235029 0.235029 0.235029 0.235029 0.235029 0.235029 0.235029 0.235029
0.244637 0.234841 0.235029 0.235029 0.235029 0.235029 0.235029 0.235029 0.235029 0.235029
0.244637 0.234841 0.235029 0.235029 0.235029 0.235029 0.235029 0.235029 0.235029 0.235029
0.244637 0.234841 0.235029 0.235029 0.235029 0.235029 0.235029 0.235029 0.235029 0.235029
