0.726695 0.726695 0.726695 0.726695 0.726695 0.726695 0.726695 0.726695 0.726695 0.726695
0.726692 0.726692 0.726692 0.726692 0.726692 0.726692 0.726692 0.726692 0.726692 0.726692
0.726692 0.726692 0.726692 0.726692 0.726692 0.726692 0.726692 0.726692 0.726692 0.726692
0.726692 0.726692 0.726692 0.726692 0.726692 0.726692 0.726692 0.726692 0.726692 0.726692
0.726693 0.726693 0.726693 0.726692 0.726692 0.726692 0.726692 0.726692 0.726692 0.726692
0.726614 0.726614 0.726614 0.726614 0.726614 0.726614 0.726614 0.726614 0.726614 0.726614
0.726488 0.726488 0.726488 0.726488 0.726488 0.726488 0.726488 0.726488 0.726488 0.726488
0.726317 0.726317 0.726317 0.726317 0.726317 0.726317 0.726317 0.726317 0.726317 0.726317
0.7261 0.7261 0.7261 0.7261 0.7261 0.7261 0.7261 0.7261 0.7261 0.7261
0.72585 0.72585 0.72585 0.72585 0.72585 0.72585 0.72585 0.72585 0.72585 0.72585
0.72558 0.72558 0.72558 0.72558 0.72558 0.72558 0.72558 0.72558 0.72558 0.72558
0.725297 0.725297 0.725297 0.725297 0.725297 0.725297 0.725297 0.725297 0.725297 0.725297
0.725 0.725 0.725 0.725 0.725 0.725 0.725 0.725 0.725 0.725
0.724685 0.724685 0.724685 0.724685 0.724685 0.724685 0.724685 0.724685 0.724685 0.724685
0.724349 0.724349 0.724349 0.724349 0.724349 0.724349 0.724349 0.724349 0.724349 0.724349
0.723992 0.723992 0.723992 0.723992 0.723992 0.723992 0.723992 0.723992 0.723992 0.723992
0.723615 0.723615 0.723615 0.723615 0.723615 0.723615 0.723615 0.723615 0.723615 0.723615
0.723221 0.723221 0.723221 0.723221 0.723221 0.723221 0.723221 0.723221 0.723221 0.723221
0.72281 0.72281 0.72281 0.72281 0.72281 0.72281 0.72281 0.72281 0.72281 0.72281
0.722383 0.722383 0.722383 0.722383 0.722383 0.722383 0.722383 0.722383 0.722383 0.722383
0.72194 0.72194 0.72194 0.72194 0.72194 0.72194 0.72194 0.72194 0.72194 0.72194
0.721482 0.721482 0.721482 0.721482 0.721482 0.721482 0.721482 0.721482 0.721482 0.721482
0.721008 0.721008 0.721008 0.721008 0.721008 0.721008 0.721008 0.721008 0.721008 0.721008
0.72052 0.72052 0.72052 0.72052 0.72052 0.72052 0.72052 0.72052 0.72052 0.72052
0.720019 0.720019 0.720019 0.720019 0.720019 0.720019 0.720019 0.720019 0.720019 0.720019
0.719504 0.719504 0.719504 0.719504 0.719504 0.719504 0.719504 0.719504 0.719504 0.719504
0.718978 0.718978 0.718978 0.718978 0.718978 0.718978 0.718978 0.718978 0.718978 0.718978
0.71844 0.71844 0.71844 0.71844 0.71844 0.71844 0.71844 0.71844 0.71844 0.71844
0.717893 0.717893 0.717893 0.717893 0.717893 0.717893 0.717893 0.717893 0.717893 0.717893
0.717337 0.717337 0.717337 0.717337 0.717337 0.717337 0.717337 0.717337 0.717337 0.717337
0.716774 0.716774 0.716774 0.716774 0.716774 0.716774 0.716774 0.716774 0.716774 0.716774
0.716205 0.716205 0.716205 0.716205 0.716205 0.716205 0.716205 0.716205 0.716205 0.716205
0.715632 0.715632 0.715632 0.715632 0.715632 0.715632 0.715632 0.715632 0.715632 0.715632
0.715058 0.715058 0.715058 0.715058 0.715058 0.715058 0.715058 0.715058 0.715058 0.715058
0.714484 0.714484 0.714484 0.714484 0.714484 0.714484 0.714484 0.714484 0.714484 0.714484
0.713913 0.713913 0.713913 0.713913 0.713913 0.713913 0.713913 0.713913 0.713913 0.713913
0.713347 0.713347 0.713347 0.713347 0.713347 0.713347 0.713347 0.713347 0.713347 0.713347
0.712791 0.712791 0.712791 0.712791 0.712791 0.712791 0.712791 0.712791 0.712791 0.712791
0.712246 0.712246 0.712246 0.712246 0.712246 0.712246 0.712246 0.712246 0.712246 0.712246
0.711716 0.711716 0.711716 0.711716 0.711716 0.711716 0.711716 0.711716 0.711716 0.711716
0.711205 0.711205 0.711205 0.711205 0.711205 0.711205 0.711205 0.711205 0.711205 0.711205
0.710712 0.710712 0.710712 0.710712 0.710712 0.710712 0.710712 0.710712 0.710712 0.710712
0.710242 0.710242 0.710242 0.710242 0.710242 0.710242 0.710242 0.710242 0.710242 0.710242
0.7098 0.7098 0.7098 0.7098 0.7098 0.7098 0.7098 0.7098 0.7098 0.7098
0.709393 0.709393 0.709393 0.709393 0.709393 0.709393 0.709393 0.709393 0.709393 0.709393
0.709026 0.709026 0.709026 0.709026 0.709026 0.709026 0.709026 0.709026 0.709026 0.709026
0.708706 0.708706 0.708706 0.708706 0.708706 0.708706 0.708706 0.708706 0.708706 0.708706
0.708439 0.708439 0.708439 0.708439 0.708439 0.708439 0.708439 0.708439 0.708439 0.708439
0.708226 0.708226 0.708226 0.708226 0.708226 0.708226 0.708226 0.708226 0.708226 0.708226
0.708071 0.708071 0.708071 0.708071 0.708071 0.708071 0.708071 0.708071 0.708071 0.708071
0.707963 0.707963 0.707963 0.707963 0.707963 0.707963 0.707963 0.707963 0.707963 0.707963
0.707881 0.707881 0.707881 0.707881 0.707881 0.707881 0.707881 0.707881 0.707881 0.707881
0.707824 0.707824 0.707824 0.707824 0.707824 0.707824 0.707824 0.707824 0.707824 0.707824
0.707796 0.707796 0.707796 0.707796 0.707796 0.707796 0.707796 0.707796 0.707796 0.707796
0.707791 0.707791 0.707791 0.707791 0.707791 0.707791 0.707791 0.707791 0.707791 0.707791
0.707791 0.707791 0.707791 0.707791 0.707791 0.707791 0.707791 0.707791 0.707791 0.707791
0.707792 0.707792 0.707792 0.707792 0.707792 0.707792 0.707792 0.707792 0.707792 0.707792
0.707793 0.707793 0.707793 0.707793 0.707793 0.707793 0.707793 0.707793 0.707793 0.707793
0.707794 0.707794 0.707794 0.707794 0.707794 0.707794 0.707794 0.707794 0.707794 0.707794
0.707794 0.707794 0.707794 0.707794 0.707794 0.707794 0.707794 0.707794 0.707794 0.707794
0.707792 0.707792 0.707792 0.707792 0.707792 0.707792 0.707792 0.707792 0.707792 0.707792
0.707789 0.707789 0.707789 0.707789 0.707789 0.707789 0.707789 0.707789 0.707789 0.707789
0.707786 0.707786 0.707786 0.707786 0.707786 0.707786 0.707786 0.707786 0.707786 0.707786
0.707783 0.707783 0.707783 0.707783 0.707783 0.707783 0.707783 0.707783 0.707783 0.707783
0.707794 0.707794 0.707794 0.707794 0.707794 0.707794 0.707794 0.707794 0.707794 0.707794
0.707823 0.707823 0.707823 0.707823 0.707823 0.707823 0.707823 0.707823 0.707823 0.707823
0.707873 0.707873 0.707873 0.707873 0.707873 0.707873 0.707873 0.707873 0.707873 0.707873
0.707941 0.707941 0.707941 0.707941 0.707941 0.707941 0.707941 0.707941 0.707941 0.707941
0.708016 0.708016 0.708016 0.708016 0.708016 0.708016 0.708016 0.708016 0.708016 0.708016
0.708094 0.708094 0.708094 0.708094 0.708094 0.708094 0.708094 0.708094 0.708094 0.708094
0.70817 0.70817 0.70817 0.70817 0.70817 0.70817 0.70817 0.70817 0.70817 0.70817
0.708248 0.708248 0.708248 0.708248 0.708248 0.708248 0.708248 0.708248 0.708248 0.708248
0.708342 0.708342 0.708342 0.708342 0.708342 0.708342 0.708342 0.708342 0.708342 0.708342
0.708424 0.708424 0.708424 0.708424 0.708424 0.708424 0.708424 0.708424 0.708424 0.708424
0.708498 0.708498 0.708498 0.708498 0.708498 0.708498 0.708498 0.708498 0.708498 0.708498
0.708561 0.708561 0.708561 0.708561 0.708561 0.708561 0.708561 0.708561 0.708561 0.708561
0.708605 0.708605 0.708605 0.708605 0.708605 0.708605 0.708605 0.708605 0.708605 0.708605
0.708631 0.708631 0.708631 0.708631 0.708631 0.708631 0.708631 0.708631 0.708631 0.708631
0.708646 0.708646 0.708646 0.708646 0.708646 0.708646 0.708646 0.708646 0.708646 0.708646
0.708656 0.708656 0.708656 0.708656 0.708656 0.708656 0.708656 0.708656 0.708656 0.708656
0.708663 0.708663 0.708663 0.708663 0.708663 0.708663 0.708663 0.708663 0.708663 0.708663
0.708667 0.708667 0.708667 0.708667 0.708667 0.708667 0.708667 0.708667 0.708667 0.708667
0.708666 0.708666 0.708666 0.708666 0.708666 0.708666 0.708666 0.708666 0.708666 0.708666
0.70866 0.70866 0.70866 0.70866 0.70866 0.70866 0.70866 0.70866 0.70866 0.70866
0.708648 0.708648 0.708648 0.708648 0.708648 0.708648 0.708648 0.708648 0.708648 0.708648
0.70863 0.70863 0.70863 0.70863 0.70863 0.70863 0.70863 0.70863 0.70863 0.70863
0.708608 0.708608 0.708608 0.708608 0.708608 0.708608 0.708608 0.708608 0.708608 0.708608
0.708582 0.708582 0.708582 0.708582 0.708582 0.708582 0.708582 0.708582 0.708582 0.708582
0.708554 0.708554 0.708554 0.708554 0.708554 0.708554 0.708554 0.708554 0.708554 0.708554
0.708524 0.708524 0.708524 0.708524 0.708524 0.708524 0.708524 0.708524 0.708524 0.708524
0.708495 0.708495 0.708495 0.708495 0.708495 0.708495 0.708495 0.708495 0.708495 0.708495
0.708466 0.708466 0.708466 0.708466 0.708466 0.708466 0.708466 0.708466 0.708466 0.708466
0.708439 0.708439 0.708439 0.708439 0.708439 0.708439 0.708439 0.708439 0.708439 0.708439
0.708414 0.708414 0.708414 0.708414 0.708414 0.708414 0.708414 0.708414 0.708414 0.708414
0.708396 0.708396 0.708396 0.708396 0.708396 0.708396 0.708396 0.708396 0.708396 0.708396
0.708378 0.708378 0.708378 0.708378 0.708378 0.708378 0.708378 0.708378 0.708378 0.708378
0.708367 0.708367 0.708367 0.708367 0.708367 0.708367 0.708367 0.708367 0.708367 0.708367
0.70837 0.70837 0.70837 0.70837 0.70837 0.70837 0.70837 0.70837 0.70837 0.70837
0.70838 0.70838 0.70838 0.70838 0.70838 0.70838 0.70838 0.70838 0.70838 0.70838
0.708402 0.708402 0.708402 0.708402 0.708402 0.708402 0.708402 0.708402 0.708402 0.708402
0.708444 0.708444 0.708444 0.708444 0.708444 0.708444 0.708444 0.708444 0.708444 0.708444
0.708518 0.708518 0.708518 0.708518 0.708518 0.708518 0.708518 0.708518 0.708518 0.708518
0.708609 0.708609 0.708609 0.708609 0.708609 0.708609 0.708609 0.708609 0.708609 0.708609
0.708703 0.708703 0.708703 0.708703 0.708703 0.708703 0.708703 0.708703 0.708703 0.708703
0.708793 0.708793 0.708793 0.708793 0.708793 0.708793 0.708793 0.708793 0.708793 0.708793
0.708765 0.708765 0.708765 0.708765 0.708765 0.708765 0.708765 0.708765 0.708765 0.708765
0.708574 0.708574 0.708574 0.708574 0.708574 0.708574 0.708574 0.708574 0.708574 0.708574
0.708505 0.708505 0.708505 0.708505 0.708505 0.708505 0.708505 0.708505 0.708505 0.708505
0.708615 0.708615 0.708615 0.708615 0.708615 0.708615 0.708615 0.708615 0.708615 0.708615
0.708876 0.708876 0.708876 0.708876 0.708876 0.708876 0.708876 0.708876 0.708876 0.708876
0.709191 0.709191 0.709191 0.709191 0.709191 0.709191 0.709191 0.709191 0.709191 0.709191
0.709416 0.709416 0.709416 0.709416 0.709416 0.709416 0.709416 0.709416 0.709416 0.709416
0.709605 0.709605 0.709605 0.709605 0.709605 0.709605 0.709605 0.709605 0.709605 0.709605
0.709794 0.709794 0.709794 0.709794 0.709794 0.709794 0.709794 0.709794 0.709794 0.709794
0.709963 0.709963 0.709963 0.709963 0.709963 0.709963 0.709963 0.709963 0.709963 0.709963
0.710064 0.710064 0.710064 0.710064 0.710064 0.710064 0.710064 0.710064 0.710064 0.710064
0.710089 0.710089 0.710089 0.710089 0.710089 0.710089 0.710089 0.710089 0.710089 0.710089
0.710048 0.710048 0.710048 0.710048 0.710048 0.710048 0.710048 0.710048 0.710048 0.710048
0.709961 0.709961 0.709961 0.709961 0.709961 0.709961 0.709961 0.709961 0.709961 0.709961
0.709819 0.709819 0.709819 0.709819 0.709819 0.709819 0.709819 0.709819 0.709819 0.709819
0.709618 0.709618 0.709618 0.709618 0.709618 0.709618 0.709618 0.709618 0.709618 0.709618
0.709359 0.709359 0.709359 0.709359 0.709359 0.709359 0.709359 0.709359 0.709359 0.709359
0.708987 0.708987 0.708987 0.708987 0.708987 0.708987 0.708987 0.708987 0.708987 0.708987
0.708579 0.708579 0.708579 0.708579 0.708579 0.708579 0.708579 0.708579 0.708579 0.708579
0.708168 0.708168 0.708168 0.708168 0.708168 0.708168 0.708168 0.708168 0.708168 0.708168
0.707907 0.707907 0.707907 0.707907 0.707907 0.707907 0.707907 0.707907 0.707907 0.707907
0.707809 0.707809 0.707809 0.707809 0.707809 0.707809 0.707809 0.707809 0.707809 0.707809
0.707759 0.707759 0.707759 0.707759 0.707759 0.707759 0.707759 0.707759 0.707759 0.707759
0.707742 0.707742 0.707742 0.707742 0.707742 0.707742 0.707742 0.707742 0.707742 0.707742
0.707777 0.707777 0.707777 0.707777 0.707777 0.707777 0.707777 0.707777 0.707777 0.707777
0.707873 0.707873 0.707873 0.707873 0.707873 0.707873 0.707873 0.707873 0.707873 0.707873
0.708019 0.708019 0.708019 0.708019 0.708019 0.708019 0.708019 0.708019 0.708019 0.708019
0.708184 0.708184 0.708184 0.708184 0.708184 0.708184 0.708184 0.708184 0.708184 0.708184
0.708393 0.708393 0.708393 0.708393 0.708393 0.708393 0.708393 0.708393 0.708393 0.708393
0.708699 0.708699 0.708699 0.708699 0.708699 0.708699 0.708699 0.708699 0.708699 0.708699
0.709062 0.709062 0.709062 0.709062 0.709062 0.709062 0.709062 0.709062 0.709062 0.709062
0.709396 0.709396 0.709396 0.709396 0.709396 0.709396 0.709396 0.709396 0.709396 0.709396
0.709591 0.709591 0.709591 0.709591 0.709591 0.709591 0.709591 0.709591 0.709591 0.709591
0.709416 0.709416 0.709416 0.709416 0.709416 0.709416 0.709416 0.709416 0.709416 0.709416
0.708484 0.708484 0.708484 0.708484 0.708484 0.708484 0.708484 0.708484 0.708484 0.708484
0.708405 0.708405 0.708405 0.708405 0.708405 0.708405 0.708405 0.708405 0.708405 0.708405
0.708485 0.708485 0.708485 0.708485 0.708485 0.708485 0.708485 0.708485 0.708485 0.708485
0.708572 0.708572 0.708572 0.708572 0.708572 0.708572 0.708572 0.708572 0.708572 0.708572
0.708619 0.708619 0.708619 0.708619 0.708619 0.708619 0.708619 0.708619 0.708619 0.708619
0.708635 0.708635 0.708635 0.708635 0.708635 0.708635 0.708635 0.708635 0.708635 0.708635
0.708545 0.708545 0.708545 0.708545 0.708545 0.708545 0.708545 0.708545 0.708545 0.708545
0.708201 0.708201 0.708201 0.708201 0.708201 0.708201 0.708201 0.708201 0.708201 0.708201
0.707991 0.707991 0.707991 0.707991 0.707991 0.707991 0.707991 0.707991 0.707991 0.707991
0.708103 0.708103 0.708103 0.708103 0.708103 0.708103 0.708103 0.708103 0.708103 0.708103
0.708295 0.708295 0.708295 0.708295 0.708295 0.708295 0.708295 0.708295 0.708295 0.708295
0.70845 0.70845 0.70845 0.70845 0.70845 0.70845 0.70845 0.70845 0.70845 0.70845
0.708577 0.708577 0.708577 0.708577 0.708577 0.708577 0.708577 0.708577 0.708577 0.708577
0.708709 0.708709 0.708709 0.708708 0.708708 0.708708 0.708708 0.708708 0.708708 0.708708
0.708891 0.708891 0.708891 0.708891 0.708891 0.708891 0.708891 0.708891 0.708891 0.708891
0.709138 0.709138 0.709138 0.709138 0.709138 0.709138 0.709138 0.709138 0.709138 0.709138
0.709425 0.709425 0.709425 0.709425 0.709425 0.709425 0.709425 0.709425 0.709425 0.709425
0.709676 0.709676 0.709676 0.709676 0.709676 0.709676 0.709676 0.709676 0.709676 0.709676
0.709844 0.709844 0.709844 0.709844 0.709844 0.709844 0.709844 0.709844 0.709844 0.709844
0.709938 0.709938 0.709938 0.709938 0.709938 0.709938 0.709938 0.709938 0.709938 0.709938
0.709932 0.709932 0.709932 0.709932 0.709932 0.709932 0.709932 0.709932 0.709932 0.709932
0.709822 0.709822 0.709822 0.709822 0.709822 0.709822 0.709822 0.709822 0.709822 0.709822
0.709544 0.709544 0.709544 0.709544 0.709544 0.709544 0.709544 0.709544 0.709544 0.709544
0.709027 0.709027 0.709027 0.709027 0.709027 0.709027 0.709027 0.709027 0.709027 0.709027
0.708407 0.708407 0.708407 0.708407 0.708407 0.708407 0.708407 0.708407 0.708406 0.708406
0.707907 0.707907 0.707907 0.707907 0.707907 0.707907 0.707907 0.707907 0.707907 0.707907
0.707624 0.707624 0.707624 0.707624 0.707624 0.707624 0.707624 0.707624 0.707624 0.707624
0.707464 0.707464 0.707464 0.707464 0.707464 0.707464 0.707464 0.707464 0.707464 0.707464
0.707353 0.707353 0.707353 0.707353 0.707353 0.707353 0.707353 0.707353 0.707353 0.707353
0.707326 0.707326 0.707326 0.707326 0.707326 0.707325 0.707325 0.707325 0.707325 0.707325
0.707432 0.707432 0.707432 0.707432 0.707432 0.707432 0.707432 0.707432 0.707432 0.707432
0.707643 0.707643 0.707643 0.707643 0.707643 0.707643 0.707643 0.707643 0.707643 0.707643
0.707916 0.707916 0.707916 0.707916 0.707916 0.707916 0.707916 0.707916 0.707916 0.707916
0.708227 0.708227 0.708227 0.708227 0.708227 0.708227 0.708227 0.708227 0.708227 0.708227
0.708584 0.708584 0.708584 0.708584 0.708584 0.708584 0.708584 0.708584 0.708584 0.708584
0.708982 0.708982 0.708982 0.708982 0.708982 0.708982 0.708982 0.708982 0.708982 0.708982
0.709388 0.709388 0.709388 0.709388 0.709388 0.709388 0.709388 0.709388 0.709388 0.709388
0.709729 0.709729 0.709729 0.709729 0.709729 0.709729 0.709729 0.709729 0.709729 0.709729
0.709938 0.709938 0.709938 0.709938 0.709938 0.709938 0.709938 0.709938 0.709938 0.709938
0.709836 0.709836 0.709836 0.709836 0.709836 0.709836 0.709836 0.709836 0.709836 0.709836
0.707721 0.707721 0.707721 0.707721 0.707721 0.707721 0.707721 0.707721 0.707721 0.707721
0.707926 0.707926 0.707926 0.707926 0.707926 0.707926 0.707926 0.707926 0.707926 0.707926
0.708133 0.708133 0.708133 0.708133 0.708133 0.708133 0.708133 0.708133 0.708133 0.708133
0.708381 0.708381 0.708381 0.708381 0.708381 0.708381 0.708381 0.708381 0.708381 0.708381
0.708619 0.708619 0.708619 0.708619 0.708619 0.708619 0.708619 0.708619 0.708619 0.708619
0.708741 0.708741 0.708741 0.708741 0.708741 0.708741 0.708741 0.708741 0.708741 0.708741
0.708593 0.708593 0.708593 0.708593 0.708593 0.708593 0.708593 0.708593 0.708593 0.708593
0.708256 0.708256 0.708256 0.708256 0.708256 0.708256 0.708256 0.708256 0.708256 0.708256
0.708035 0.708035 0.708035 0.708035 0.708035 0.708035 0.708035 0.708035 0.708035 0.708035
0.708252 0.708252 0.708252 0.708252 0.708252 0.708252 0.708252 0.708252 0.708252 0.708252
0.708656 0.708656 0.708656 0.708656 0.708656 0.708656 0.708656 0.708656 0.708656 0.708656
0.709123 0.709123 0.709123 0.709123 0.709123 0.709123 0.709123 0.709123 0.709123 0.709123
0.709644 0.709644 0.709644 0.709644 0.709644 0.709644 0.709644 0.709644 0.709644 0.709644
0.710229 0.710229 0.710229 0.710229 0.710229 0.710229 0.710229 0.710229 0.710229 0.710229
0.710788 0.710788 0.710788 0.710788 0.710788 0.710788 0.710788 0.710788 0.710788 0.710788
0.711302 0.711302 0.711302 0.711302 0.711302 0.711302 0.711302 0.711302 0.711302 0.711302
0.711756 0.711756 0.711756 0.711756 0.711756 0.711756 0.711756 0.711756 0.711756 0.711756
0.712131 0.712131 0.712131 0.712131 0.712131 0.712131 0.712131 0.712131 0.712131 0.712131
0.712498 0.712498 0.712498 0.712498 0.712498 0.712498 0.712498 0.712498 0.712498 0.712498
0.712826 0.712826 0.712826 0.712826 0.712826 0.712826 0.712826 0.712826 0.712826 0.712826
0.712937 0.712937 0.712937 0.712937 0.712937 0.712937 0.712937 0.712937 0.712937 0.712937
0.712764 0.712764 0.712764 0.712764 0.712764 0.712764 0.712764 0.712764 0.712764 0.712764
0.712413 0.712413 0.712413 0.712413 0.712413 0.712413 0.712413 0.712413 0.712413 0.712413
0.712085 0.712085 0.712085 0.712085 0.712084 0.712084 0.712084 0.712084 0.712084 0.712084
0.711836 0.711836 0.711836 0.711836 0.711836 0.711836 0.711836 0.711836 0.711836 0.711836
0.711614 0.711614 0.711614 0.711614 0.711614 0.711614 0.711614 0.711614 0.711614 0.711614
0.711402 0.711402 0.711402 0.711402 0.711402 0.711402 0.711402 0.711402 0.711402 0.711402
0.711184 0.711184 0.711184 0.711184 0.711184 0.711184 0.711184 0.711184 0.711184 0.711184
0.711014 0.711014 0.711014 0.711014 0.711014 0.711014 0.711014 0.711014 0.711013 0.711013
0.710888 0.710888 0.710888 0.710888 0.710888 0.710888 0.710888 0.710888 0.710888 0.710888
0.71088 0.71088 0.71088 0.71088 0.71088 0.71088 0.71088 0.71088 0.71088 0.71088
0.711019 0.711019 0.711019 0.711019 0.711019 0.711019 0.711019 0.711019 0.711019 0.711019
0.711263 0.711263 0.711263 0.711263 0.711263 0.711263 0.711263 0.711263 0.711263 0.711263
0.711607 0.711607 0.711607 0.711607 0.711607 0.711607 0.711607 0.711607 0.711607 0.711607
0.712038 0.712038 0.712038 0.712038 0.712038 0.712038 0.712038 0.712038 0.712038 0.712038
0.712533 0.712533 0.712533 0.712533 0.712533 0.712533 0.712533 0.712533 0.712533 0.712533
0.713057 0.713057 0.713057 0.713057 0.713057 0.713057 0.713057 0.713057 0.713057 0.713057
0.713402 0.713402 0.713402 0.713402 0.713402 0.713402 0.713402 0.713402 0.713402 0.713402
0.71347 0.71347 0.71347 0.71347 0.71347 0.71347 0.71347 0.71347 0.71347 0.71347
0.713322 0.713322 0.713322 0.713322 0.713322 0.713322 0.713322 0.713322 0.713322 0.713322
0.698401 0.698401 0.698401 0.698401 0.698401 0.698401 0.698401 0.698401 0.698401 0.698401
0.69937 0.69937 0.69937 0.69937 0.69937 0.69937 0.69937 0.69937 0.69937 0.69937
0.700979 0.700979 0.700979 0.700979 0.700979 0.700979 0.700979 0.700979 0.700979 0.700979
0.702528 0.702528 0.702528 0.702528 0.702528 0.702528 0.702528 0.702528 0.702528 0.702528
0.703865 0.703865 0.703865 0.703865 0.703865 0.703865 0.703865 0.703865 0.703865 0.703865
0.704828 0.704828 0.704828 0.704828 0.704828 0.704828 0.704828 0.704828 0.704828 0.704828
0.70546 0.70546 0.70546 0.70546 0.70546 0.70546 0.70546 0.70546 0.70546 0.70546
0.705983 0.705983 0.705983 0.705983 0.705983 0.705983 0.705983 0.705983 0.705983 0.705983
0.706627 0.706627 0.706627 0.706627 0.706627 0.706627 0.706627 0.706627 0.706627 0.706627
0.706472 0.706472 0.706472 0.706472 0.706472 0.706472 0.706472 0.706472 0.706472 0.706471
0.705744 0.705744 0.705744 0.705744 0.705744 0.705744 0.705744 0.705744 0.705744 0.705744
0.705397 0.705397 0.705397 0.705397 0.705397 0.705397 0.705397 0.705397 0.705397 0.705397
0.705904 0.705904 0.705904 0.705904 0.705904 0.705904 0.705904 0.705904 0.705904 0.705904
0.706997 0.706997 0.706997 0.706997 0.706997 0.706997 0.706997 0.706997 0.706997 0.706997
0.708523 0.708523 0.708523 0.708523 0.708523 0.708523 0.708523 0.708523 0.708523 0.708523
0.709967 0.709967 0.709967 0.709967 0.709967 0.709967 0.709967 0.709967 0.709967 0.709967
0.710966 0.710966 0.710966 0.710966 0.710966 0.710966 0.710966 0.710966 0.710966 0.710966
0.71161 0.71161 0.71161 0.71161 0.71161 0.71161 0.71161 0.71161 0.71161 0.71161
0.711849 0.711849 0.711849 0.711849 0.711849 0.711849 0.711849 0.711849 0.711849 0.711849
0.711909 0.711908 0.711908 0.711908 0.711908 0.711908 0.711908 0.711908 0.711908 0.711908
0.712058 0.712058 0.712058 0.712058 0.712058 0.712058 0.712058 0.712058 0.712058 0.712058
0.712334 0.712334 0.712334 0.712334 0.712334 0.712334 0.712334 0.712334 0.712334 0.712334
0.712718 0.712718 0.712718 0.712718 0.712718 0.712718 0.712718 0.712718 0.712718 0.712718
0.713209 0.713209 0.713209 0.713209 0.713209 0.713209 0.713209 0.713209 0.713209 0.713209
0.713756 0.713756 0.713756 0.713756 0.713756 0.713756 0.713756 0.713756 0.713756 0.713756
0.714288 0.714288 0.714288 0.714288 0.714288 0.714288 0.714288 0.714288 0.714288 0.714288
0.714852 0.714852 0.714852 0.714852 0.714852 0.714852 0.714852 0.714852 0.714852 0.714852
0.715332 0.715332 0.715332 0.715332 0.715332 0.715332 0.715332 0.715332 0.715332 0.715332
0.715654 0.715654 0.715654 0.715654 0.715654 0.715654 0.715653 0.715653 0.715653 0.715653
0.715862 0.715862 0.715862 0.715862 0.715862 0.715862 0.715861 0.715861 0.715861 0.715861
0.715958 0.715958 0.715958 0.715958 0.715958 0.715958 0.715958 0.715958 0.715958 0.715958
0.71591 0.71591 0.71591 0.71591 0.71591 0.71591 0.71591 0.71591 0.71591 0.71591
0.716453 0.716453 0.716453 0.716453 0.716453 0.716453 0.716453 0.716453 0.716453 0.716453
0.718011 0.718011 0.718011 0.718011 0.718011 0.718011 0.718011 0.718011 0.718011 0.718011
0.719615 0.719615 0.719615 0.719615 0.719615 0.719615 0.719615 0.719615 0.719615 0.719615
0.72056 0.72056 0.72056 0.72056 0.72056 0.72056 0.72056 0.72056 0.72056 0.72056
0.720644 0.720644 0.720644 0.720644 0.720644 0.720644 0.720644 0.720644 0.720644 0.720644
0.719888 0.719888 0.719888 0.719888 0.719888 0.719888 0.719888 0.719888 0.719888 0.719888
0.718403 0.718403 0.718403 0.718403 0.718403 0.718403 0.718403 0.718403 0.718403 0.718403
0.716746 0.716746 0.716746 0.716746 0.716746 0.716746 0.716746 0.716746 0.716746 0.716746
0.703212 0.703212 0.703212 0.703212 0.703212 0.703212 0.703212 0.703212 0.703212 0.703212
0.702845 0.702845 0.702845 0.702846 0.702846 0.702846 0.702846 0.702846 0.702846 0.702846
0.703185 0.703185 0.703185 0.703185 0.703185 0.703185 0.703185 0.703185 0.703185 0.703185
0.70344 0.70344 0.70344 0.70344 0.70344 0.70344 0.70344 0.70344 0.70344 0.70344
0.703569 0.703569 0.703569 0.703569 0.703569 0.703569 0.703569 0.703569 0.703569 0.703569
0.703456 0.703456 0.703456 0.703456 0.703455 0.703455 0.703455 0.703455 0.703455 0.703455
0.703381 0.703381 0.703381 0.703381 0.703381 0.703381 0.703381 0.703381 0.703381 0.703381
0.703103 0.703103 0.703103 0.703103 0.703103 0.703103 0.703103 0.703103 0.703103 0.703103
0.70295 0.70295 0.70295 0.70295 0.70295 0.70295 0.70295 0.70295 0.70295 0.70295
0.702767 0.702767 0.702767 0.702767 0.702767 0.702767 0.702767 0.702767 0.702767 0.702767
0.701383 0.701383 0.701383 0.701383 0.701383 0.701383 0.701383 0.701383 0.701383 0.701383
0.700267 0.700267 0.700267 0.700267 0.700267 0.700267 0.700267 0.700267 0.700267 0.700267
0.699416 0.699416 0.699416 0.699416 0.699416 0.699416 0.699416 0.699416 0.699416 0.699416
0.698638 0.698638 0.698638 0.698638 0.698638 0.698638 0.698638 0.698638 0.698638 0.698638
0.698155 0.698155 0.698155 0.698155 0.698155 0.698155 0.698155 0.698155 0.698155 0.698155
0.69821 0.69821 0.69821 0.69821 0.69821 0.69821 0.69821 0.69821 0.69821 0.69821
0.698387 0.698387 0.698387 0.698387 0.698387 0.698387 0.698387 0.698387 0.698387 0.698387
0.698156 0.698156 0.698156 0.698156 0.698156 0.698156 0.698156 0.698156 0.698156 0.698156
0.697311 0.697311 0.697311 0.697311 0.697311 0.697311 0.697311 0.697311 0.697311 0.697311
0.696065 0.696065 0.696065 0.696065 0.696065 0.696065 0.696065 0.696065 0.696065 0.696065
0.694861 0.694861 0.694861 0.694861 0.694861 0.694861 0.694861 0.694861 0.694861 0.694861
0.694032 0.694032 0.694032 0.694032 0.694032 0.694032 0.694032 0.694032 0.694032 0.694032
0.693556 0.693556 0.693556 0.693556 0.693556 0.693556 0.693556 0.693556 0.693556 0.693556
0.693416 0.693416 0.693416 0.693416 0.693416 0.693416 0.693416 0.693416 0.693416 0.693416
0.693447 0.693447 0.693447 0.693447 0.693447 0.693447 0.693447 0.693447 0.693447 0.693447
0.693519 0.693519 0.693519 0.693519 0.693519 0.693519 0.693519 0.693519 0.693519 0.693519
0.693714 0.693714 0.693714 0.693714 0.693714 0.693714 0.693714 0.693714 0.693714 0.693714
0.693885 0.693885 0.693885 0.693885 0.693885 0.693885 0.693885 0.693885 0.693885 0.693885
0.694083 0.694083 0.694083 0.694083 0.694083 0.694083 0.694083 0.694083 0.694083 0.694083
0.694927 0.694927 0.694927 0.694927 0.694927 0.694927 0.694927 0.694927 0.694927 0.694927
0.696584 0.696584 0.696584 0.696584 0.696584 0.696584 0.696584 0.696584 0.696583 0.696583
0.699231 0.699231 0.699231 0.699231 0.699231 0.699231 0.699231 0.699231 0.699231 0.699231
0.702509 0.702509 0.702509 0.702509 0.702509 0.702509 0.702509 0.702509 0.702509 0.702509
0.705284 0.705284 0.705284 0.705284 0.705284 0.705284 0.705284 0.705284 0.705284 0.705284
0.706846 0.706846 0.706846 0.706846 0.706846 0.706846 0.706846 0.706846 0.706846 0.706846
0.707433 0.707433 0.707433 0.707433 0.707433 0.707433 0.707433 0.707433 0.707433 0.707433
0.707113 0.707113 0.707113 0.707113 0.707113 0.707113 0.707113 0.707113 0.707113 0.707113
0.706115 0.706115 0.706115 0.706115 0.706115 0.706115 0.706115 0.706115 0.706115 0.706115
0.704302 0.704302 0.704302 0.704302 0.704302 0.704302 0.704302 0.704302 0.704302 0.704302
0.702044 0.702044 0.702044 0.702044 0.702044 0.702044 0.702044 0.702044 0.702044 0.702044
0.702334 0.702334 0.702334 0.702334 0.702334 0.702334 0.702334 0.702334 0.702334 0.702334
0.700277 0.700277 0.700277 0.700277 0.700277 0.700277 0.700277 0.700277 0.700277 0.700277
0.698698 0.698698 0.698698 0.698698 0.698698 0.698698 0.698698 0.698698 0.698698 0.698698
0.697677 0.697677 0.697677 0.697677 0.697677 0.697677 0.697677 0.697677 0.697677 0.697677
0.697265 0.697265 0.697265 0.697265 0.697265 0.697265 0.697265 0.697265 0.697265 0.697265
0.697155 0.697155 0.697155 0.697155 0.697155 0.697155 0.697155 0.697155 0.697155 0.697155
0.697173 0.697173 0.697173 0.697173 0.697173 0.697173 0.697173 0.697173 0.697173 0.697173
0.69708 0.69708 0.69708 0.69708 0.69708 0.69708 0.69708 0.69708 0.69708 0.69708
0.696498 0.696498 0.696498 0.696497 0.696497 0.696497 0.696497 0.696497 0.696497 0.696497
0.695605 0.695605 0.695605 0.695605 0.695605 0.695605 0.695605 0.695605 0.695605 0.695605
0.694866 0.694866 0.694866 0.694866 0.694866 0.694866 0.694866 0.694866 0.694866 0.694866
0.694358 0.694358 0.694358 0.694358 0.694358 0.694358 0.694358 0.694358 0.694358 0.694358
0.693977 0.693977 0.693977 0.693977 0.693977 0.693977 0.693977 0.693977 0.693977 0.693977
0.693588 0.693588 0.693588 0.693588 0.693588 0.693588 0.693588 0.693588 0.693588 0.693588
0.693094 0.693094 0.693094 0.693094 0.693094 0.693094 0.693094 0.693094 0.693094 0.693094
0.692413 0.692413 0.692413 0.692413 0.692413 0.692413 0.692413 0.692413 0.692413 0.692413
0.691607 0.691607 0.691607 0.691607 0.691607 0.691607 0.691607 0.691607 0.691607 0.691607
0.690687 0.690687 0.690687 0.690687 0.690687 0.690687 0.690687 0.690687 0.690687 0.690687
0.689774 0.689774 0.689774 0.689774 0.689774 0.689774 0.689774 0.689774 0.689774 0.689774
0.688932 0.688932 0.688932 0.688932 0.688932 0.688932 0.688932 0.688932 0.688932 0.688932
0.688064 0.688064 0.688064 0.688064 0.688064 0.688064 0.688064 0.688064 0.688064 0.688064
0.687881 0.687881 0.687881 0.687881 0.687881 0.687881 0.687881 0.687881 0.687881 0.687881
0.688274 0.688274 0.688274 0.688274 0.688274 0.688274 0.688274 0.688274 0.688274 0.688274
0.688819 0.688819 0.688819 0.688819 0.688819 0.688819 0.688819 0.688819 0.688819 0.688819
0.689289 0.689289 0.689289 0.689289 0.689289 0.689289 0.689289 0.689289 0.689289 0.689289
0.689804 0.689804 0.689804 0.689804 0.689804 0.689804 0.689804 0.689804 0.689804 0.689804
0.690333 0.690333 0.690333 0.690333 0.690333 0.690333 0.690333 0.690333 0.690333 0.690333
0.690937 0.690937 0.690937 0.690937 0.690937 0.690937 0.690937 0.690937 0.690937 0.690937
0.691692 0.691692 0.691692 0.691692 0.691692 0.691692 0.691692 0.691692 0.691692 0.691691
0.69257 0.69257 0.69257 0.69257 0.69257 0.69257 0.69257 0.69257 0.69257 0.69257
0.694112 0.694112 0.694112 0.694112 0.694112 0.694112 0.694112 0.694112 0.694112 0.694112
0.695978 0.695978 0.695978 0.695978 0.695978 0.695978 0.695978 0.695978 0.695978 0.695978
0.698188 0.698188 0.698188 0.698188 0.698188 0.698188 0.698188 0.698188 0.698188 0.698188
0.701104 0.701104 0.701104 0.701104 0.701104 0.701104 0.701104 0.701104 0.701104 0.701104
0.70403 0.70403 0.70403 0.70403 0.70403 0.70403 0.70403 0.70403 0.70403 0.70403
0.705953 0.705953 0.705953 0.705953 0.705953 0.705953 0.705953 0.705953 0.705953 0.705953
0.706774 0.706774 0.706774 0.706774 0.706774 0.706774 0.706774 0.706774 0.706774 0.706774
0.706539 0.706539 0.706539 0.706539 0.706539 0.706539 0.706539 0.706539 0.706539 0.706539
0.70557 0.70557 0.70557 0.70557 0.70557 0.70557 0.70557 0.70557 0.70557 0.70557
0.704387 0.704387 0.704387 0.704387 0.704387 0.704387 0.704387 0.704387 0.704387 0.704387
0.70654 0.70654 0.70654 0.70654 0.70654 0.70654 0.70654 0.70654 0.70654 0.70654
0.705237 0.705237 0.705237 0.705237 0.705237 0.705237 0.705237 0.705237 0.705237 0.705237
0.704156 0.704156 0.704156 0.704156 0.704156 0.704156 0.704156 0.704156 0.704156 0.704156
0.703236 0.703236 0.703236 0.703236 0.703236 0.703236 0.703236 0.703236 0.703236 0.703236
0.702661 0.702661 0.702661 0.702661 0.702661 0.702661 0.702661 0.702661 0.702661 0.702661
0.702334 0.702334 0.702334 0.702334 0.702334 0.702334 0.702334 0.702334 0.702334 0.702334
0.701934 0.701934 0.701934 0.701934 0.701934 0.701934 0.701934 0.701934 0.701934 0.701934
0.701529 0.701529 0.701529 0.701529 0.701529 0.701529 0.701529 0.701529 0.701529 0.701529
0.701494 0.701494 0.701494 0.701494 0.701494 0.701494 0.701494 0.701494 0.701494 0.701494
0.701867 0.701867 0.701867 0.701867 0.701867 0.701867 0.701867 0.701867 0.701867 0.701867
0.702529 0.702529 0.702529 0.702528 0.702528 0.702528 0.702528 0.702528 0.702528 0.702528
0.703191 0.703191 0.703191 0.703191 0.703191 0.703191 0.703191 0.703191 0.703191 0.703191
0.703796 0.703796 0.703796 0.703796 0.703796 0.703796 0.703796 0.703796 0.703796 0.703796
0.704239 0.704239 0.704239 0.704239 0.704239 0.704239 0.704239 0.704239 0.704239 0.704239
0.704426 0.704426 0.704426 0.704426 0.704426 0.704426 0.704426 0.704426 0.704426 0.704426
0.70455 0.70455 0.70455 0.70455 0.70455 0.70455 0.70455 0.70455 0.70455 0.70455
0.704766 0.704766 0.704766 0.704766 0.704766 0.704766 0.704766 0.704766 0.704766 0.704766
0.705028 0.705028 0.705028 0.705028 0.705028 0.705028 0.705028 0.705028 0.705028 0.705028
0.705332 0.705332 0.705332 0.705332 0.705332 0.705332 0.705332 0.705332 0.705332 0.705332
0.705651 0.705651 0.705651 0.705651 0.705651 0.705651 0.705651 0.705651 0.705651 0.705651
0.706016 0.706016 0.706016 0.706016 0.706016 0.706016 0.706016 0.706016 0.706016 0.706016
0.706383 0.706383 0.706383 0.706383 0.706383 0.706383 0.706383 0.706383 0.706383 0.706383
0.706536 0.706536 0.706536 0.706536 0.706536 0.706536 0.706536 0.706536 0.706536 0.706536
0.70659 0.70659 0.70659 0.70659 0.70659 0.70659 0.70659 0.70659 0.70659 0.70659
0.706711 0.706711 0.706711 0.706711 0.706711 0.706711 0.706711 0.706711 0.706711 0.706711
0.706895 0.706895 0.706895 0.706895 0.706895 0.706895 0.706895 0.706895 0.706895 0.706895
0.707152 0.707152 0.707152 0.707152 0.707152 0.707152 0.707152 0.707152 0.707152 0.707152
0.707403 0.707403 0.707403 0.707403 0.707403 0.707403 0.707403 0.707403 0.707403 0.707403
0.707556 0.707556 0.707556 0.707556 0.707556 0.707556 0.707556 0.707556 0.707556 0.707556
0.707546 0.707546 0.707546 0.707546 0.707546 0.707546 0.707546 0.707546 0.707546 0.707546
0.707976 0.707976 0.707976 0.707976 0.707976 0.707976 0.707976 0.707976 0.707976 0.707976
0.710412 0.710412 0.710412 0.710412 0.710412 0.710411 0.710411 0.710411 0.710411 0.710411
0.713181 0.713181 0.713181 0.713181 0.713181 0.713181 0.713181 0.713181 0.713181 0.713181
0.714841 0.714841 0.714841 0.714841 0.714841 0.714841 0.714841 0.714841 0.714841 0.714841
0.715432 0.715432 0.715432 0.715432 0.715432 0.715432 0.715432 0.715432 0.715432 0.715432
0.714939 0.714939 0.714939 0.714939 0.714939 0.714939 0.714939 0.714939 0.714939 0.714939
0.71382 0.71382 0.71382 0.71382 0.71382 0.71382 0.71382 0.71382 0.71382 0.71382
0.712637 0.712637 0.712637 0.712637 0.712637 0.712637 0.712637 0.712637 0.712637 0.712637
0.7121 0.7121 0.7121 0.7121 0.7121 0.7121 0.7121 0.7121 0.7121 0.7121
0.711919 0.711919 0.711919 0.711919 0.711919 0.711919 0.711919 0.711919 0.711919 0.711919
0.710761 0.710761 0.710761 0.710761 0.710761 0.710761 0.710761 0.710761 0.710761 0.710761
0.708732 0.708732 0.708732 0.708732 0.708732 0.708732 0.708732 0.708732 0.708732 0.708732
0.706345 0.706345 0.706345 0.706345 0.706345 0.706345 0.706345 0.706345 0.706345 0.706345
0.703931 0.703931 0.703931 0.703931 0.703931 0.703931 0.703931 0.703931 0.703931 0.703931
0.701848 0.701848 0.701848 0.701848 0.701848 0.701848 0.701848 0.701848 0.701848 0.701848
0.700295 0.700295 0.700295 0.700295 0.700295 0.700295 0.700295 0.700295 0.700295 0.700295
0.699151 0.699151 0.699151 0.699151 0.699151 0.699151 0.699151 0.699151 0.699151 0.699151
0.698243 0.698243 0.698243 0.698243 0.698243 0.698243 0.698243 0.698243 0.698243 0.698243
0.697255 0.697255 0.697255 0.697255 0.697255 0.697255 0.697255 0.697255 0.697255 0.697255
0.696141 0.696141 0.696141 0.696141 0.696141 0.696141 0.696141 0.696141 0.696141 0.696141
0.695016 0.695016 0.695016 0.695016 0.695016 0.695016 0.695016 0.695016 0.695016 0.695016
0.694179 0.694179 0.694179 0.694179 0.694179 0.694179 0.694179 0.694179 0.694179 0.694179
0.693509 0.693509 0.693509 0.693509 0.693509 0.693509 0.693509 0.693509 0.693509 0.693509
0.69273 0.69273 0.69273 0.69273 0.69273 0.69273 0.69273 0.69273 0.69273 0.69273
0.691763 0.691763 0.691763 0.691763 0.691763 0.691763 0.691763 0.691763 0.691763 0.691763
0.690513 0.690513 0.690513 0.690513 0.690513 0.690513 0.690513 0.690513 0.690513 0.690513
0.689051 0.689051 0.689051 0.689051 0.689051 0.689051 0.689051 0.689051 0.689051 0.689051
0.687489 0.687489 0.687489 0.687489 0.687489 0.687489 0.687489 0.687489 0.687489 0.687489
0.685818 0.685818 0.685818 0.685818 0.685818 0.685818 0.685818 0.685818 0.685818 0.685818
0.684073 0.684073 0.684073 0.684073 0.684073 0.684073 0.684073 0.684073 0.684073 0.684073
0.683204 0.683204 0.683204 0.683204 0.683204 0.683204 0.683204 0.683204 0.683204 0.683204
0.683214 0.683214 0.683214 0.683214 0.683214 0.683214 0.683214 0.683214 0.683214 0.683214
0.683715 0.683715 0.683715 0.683715 0.683715 0.683715 0.683715 0.683715 0.683715 0.683715
0.684217 0.684217 0.684217 0.684217 0.684217 0.684217 0.684217 0.684217 0.684217 0.684217
0.684666 0.684666 0.684666 0.684666 0.684666 0.684666 0.684666 0.684666 0.684666 0.684666
0.685223 0.685223 0.685223 0.685223 0.685223 0.685223 0.685223 0.685223 0.685223 0.685223
0.685942 0.685942 0.685942 0.685942 0.685942 0.685942 0.685942 0.685942 0.685942 0.685942
0.686808 0.686808 0.686808 0.686808 0.686808 0.686808 0.686808 0.686808 0.686808 0.686808
0.688121 0.688121 0.688121 0.688121 0.688121 0.688121 0.688121 0.688121 0.688121 0.688121
0.690094 0.690094 0.690094 0.690094 0.690094 0.690094 0.690094 0.690094 0.690094 0.690094
0.692299 0.692299 0.692299 0.692299 0.692299 0.692299 0.692299 0.692299 0.692299 0.692299
0.694551 0.694551 0.694551 0.694551 0.694551 0.694551 0.694551 0.694551 0.694551 0.694551
0.6968 0.6968 0.6968 0.6968 0.6968 0.6968 0.6968 0.6968 0.6968 0.6968
0.698937 0.698937 0.698937 0.698937 0.698937 0.698937 0.698937 0.698937 0.698937 0.698937
0.700803 0.700803 0.700803 0.700803 0.700803 0.700803 0.700803 0.700803 0.700803 0.700803
0.702172 0.702172 0.702172 0.702172 0.702172 0.702172 0.702172 0.702172 0.702172 0.702172
0.702948 0.702948 0.702948 0.702948 0.702948 0.702948 0.702948 0.702948 0.702948 0.701964
0.703441 0.703441 0.703441 0.703441 0.703441 0.703441  0.70344  0.70344 0.702456 0.699504
0.703994 0.703994 0.703994 0.703994 0.703994 0.703994 0.703994  0.70301 0.700057 0.695137
0.704592 0.704592 0.704592 0.704592 0.704592 0.704592 0.703608 0.700655 0.695735 0.688846
0.705206 0.705206 0.705206 0.705206 0.705206  0.70425 0.701381   0.6966 0.689906 0.681299
0.705789 0.705789 0.705789 0.705789 0.704833 0.701965 0.697183  0.69049 0.681884 0.671366
0.706453 0.706453 0.706453 0.705498  0.70263  0.69785 0.691159 0.682556 0.672041 0.659615
0.707144 0.707144 0.706188 0.703322 0.698545 0.691857 0.683258 0.672749 0.660328 0.645997
0.707625  0.70667 0.703807 0.699035 0.692354 0.683765 0.673266 0.660859 0.646543 0.630318
0.707671 0.706718  0.70386 0.699098  0.69243 0.683857 0.673379 0.660996 0.646709 0.630515
0.707819 0.706868 0.704015 0.699259 0.692602 0.684042  0.67358 0.661216 0.646949 0.630781
0.708368 0.707418 0.704569 0.699819 0.693171 0.684622 0.674174 0.661826 0.647579 0.631432
0.709265 0.708316 0.705468 0.700722 0.694076 0.685533  0.67509 0.662749  0.64851 0.632372
 0.71013 0.709182 0.706338 0.701598 0.694961 0.686429    0.676 0.663676 0.649455 0.633338
0.710792 0.709846 0.707008 0.702279 0.695658 0.687145 0.676741 0.664444 0.650256 0.634177
0.711211 0.710267 0.707436 0.702717 0.696111 0.687618 0.677237 0.664968 0.650812 0.634769
0.711412  0.71047 0.707642  0.70293 0.696334 0.687852 0.677485 0.665234 0.651098 0.635077
0.711464 0.710522 0.707697 0.702987 0.696393 0.687916 0.677555  0.66531 0.651181 0.635168
0.711473 0.710531 0.707705 0.702996 0.696402 0.687925 0.677564 0.665319  0.65119 0.635177
 0.71154 0.710598 0.707772 0.703063 0.696469 0.687993 0.677632 0.665387 0.651259 0.635247
0.711712  0.71077 0.707946 0.703238 0.696648 0.688174 0.677818 0.665578 0.651455  0.63545
0.711918 0.710978 0.708155  0.70345 0.696864 0.688396 0.678046 0.665814 0.651701 0.635705
0.712127 0.711187 0.708366 0.703664 0.697082 0.688618 0.678275  0.66605 0.651945 0.635959
0.712316 0.711375 0.708555 0.703855 0.697274 0.688813 0.678472 0.666251  0.65215 0.636168
0.712463 0.711522 0.708702 0.704001  0.69742 0.688958 0.678616 0.666394 0.652291 0.636308
0.712564 0.711624 0.708803 0.704101 0.697518 0.689054  0.67871 0.666484 0.652378 0.636391
0.712654 0.711714 0.708892 0.704189 0.697605 0.689139 0.678793 0.666565 0.652457 0.636467
0.712689 0.711749 0.708927 0.704224 0.697639 0.689173 0.678826 0.666598 0.652489 0.636498
0.712651  0.71171 0.708888 0.704185   0.6976 0.689135 0.678788 0.666559  0.65245 0.636459
0.712507 0.711567 0.708744 0.704041 0.697456  0.68899 0.678642 0.666413 0.652302  0.63631
0.712242 0.711301 0.708479 0.703776 0.697191 0.688725 0.678377 0.666148 0.652037 0.636986
  0.7119 0.710959 0.708137 0.703432 0.696847 0.688379  0.67803   0.6658 0.652628 0.639457
0.711489 0.710548 0.707725 0.703021 0.696436 0.687968 0.677619  0.66633  0.65504  0.64375
0.710986 0.710045 0.707222 0.702516 0.695928 0.687459 0.678048 0.668637 0.659226 0.649815
0.710517 0.709574 0.706746 0.702034 0.695436 0.687896 0.680356 0.672815 0.665275 0.657735
0.710077 0.709134 0.706306 0.701593 0.695938 0.690282 0.684627 0.678971 0.673316  0.66766
 0.70962 0.708678 0.705851 0.702082 0.698314 0.694545 0.690776 0.687008 0.683239  0.67947
0.709244 0.708302 0.706417 0.704531 0.702646 0.700761 0.698875  0.69699 0.695105 0.693219
0.708964 0.708964 0.708964 0.708964 0.708964 0.708964 0.708964 0.708964 0.708964 0.708964
0.708668 0.708668 0.708668 0.708668 0.708668 0.708668 0.708668 0.708668 0.708668 0.708668
 0.70836  0.70836  0.70836  0.70836  0.70836  0.70836  0.70836  0.70836 0.708359 0.707342
0.708067 0.708067 0.708067 0.708067 0.708067 0.708067 0.708067 0.708067 0.707048 0.703994
 0.70773  0.70773  0.70773  0.70773  0.70773  0.70773  0.70773 0.706712 0.703658 0.698567
0.707246 0.707246 0.707246 0.707246 0.707246 0.707246 0.706228 0.703175 0.698087 0.690964
0.707094 0.707094 0.707094 0.707094 0.707094 0.707094 0.706077 0.703025 0.697939 0.690819
0.707094 0.707094 0.707094 0.707094 0.707094 0.707094 0.706077 0.703025 0.697939 0.690819
0.707094 0.707094 0.707094 0.707094 0.707094 0.707094 0.706077 0.703025 0.697939 0.690819
0.707094 0.707094 0.707094 0.707094 0.707094 0.707094 0.706077 0.703025 0.697939 0.690819
0.707094 0.707094 0.707094 0.707094 0.707094 0.707094 0.706077 0.703025 0.697939 0.690819
0.707094 0.707094 0.707094 0.707094 0.707094 0.707094 0.706077 0.703025 0.697939 0.690819
0.707094 0.707094 0.707094 0.707094 0.707094 0.707094 0.706077 0.703025 0.697939 0.690819
0.707094 0.707094 0.707094 0.707094 0.707094 0.707094 0.706077 0.703025 0.697939 0.690819
0.707094 0.707094 0.707094 0.707094 0.707094 0.707094 0.706077 0.703025 0.697939 0.690819
0.707094 0.707094 0.707094 0.707094 0.707094 0.707094 0.706077 0.703025 0.697939 0.690819
0.707094 0.707094 0.707094 0.707094 0.707094 0.707094 0.706077 0.703025 0.697939 0.690819
0.707094 0.707094 0.707094 0.707094 0.707094 0.707094 0.706077 0.703025 0.697939 0.690819
0.707094 0.707094 0.707094 0.707094 0.707094 0.707094 0.706077 0.703025 0.697939 0.690819
0.707094 0.707094 0.707094 0.707094 0.707094 0.707094 0.706077 0.703025 0.697939 0.690819
0.707094 0.707094 0.707094 0.707094 0.707094 0.707094 0.706077 0.703025 0.697939 0.690819
0.707094 0.707094 0.707094 0.707094 0.707094 0.707094 0.706077 0.703025 0.697939 0.690819
0.707094 0.707094 0.707094 0.707094 0.707094 0.707094 0.706077 0.703025 0.697939 0.690819
0.707094 0.707094 0.707094 0.707094 0.707094 0.707094 0.706077 0.703025 0.697939 0.690819
0.707094 0.707094 0.707094 0.707094 0.707094 0.707094 0.706077 0.703025 0.697939 0.690819
0.707094 0.707094 0.707094 0.707094 0.707094 0.707094 0.706077 0.703025 0.697939 0.690819
0.707094 0.707094 0.707094 0.707094 0.707094 0.707094 0.706077 0.703025 0.697939 0.690819
0.707094 0.707094 0.707094 0.707094 0.707094 0.707094 0.706077 0.703025 0.697939 0.690819
0.707094 0.707094 0.707094 0.707094 0.707094 0.707094 0.706077 0.703025 0.697939 0.690819
0.707094 0.707094 0.707094 0.707094 0.707094 0.707094 0.706077 0.703025 0.697939 0.690819
0.707094 0.707094 0.707094 0.707094 0.707094 0.707094 0.706077 0.703025 0.697939 0.690819
0.707094 0.707094 0.707094 0.707094 0.707094 0.707094 0.706077 0.703025 0.697939 0.690819
0.707094 0.707094 0.707094 0.707094 0.707094 0.707094 0.706077 0.703025 0.697939 0.690819
0.707094 0.707094 0.707094 0.707094 0.707094 0.707094 0.706077 0.703025 0.697939 0.690819
0.707094 0.707094 0.707094 0.707094 0.707094 0.707094 0.706077 0.703025 0.697939 0.690819
0.707094 0.707094 0.707094 0.707094 0.707094 0.707094 0.706077 0.703025 0.697939 0.690819
0.707094 0.707094 0.707094 0.707094 0.707094 0.707094 0.706077 0.703025 0.697939 0.690819
0.707094 0.707094 0.707094 0.707094 0.707094 0.707094 0.706077 0.703025 0.697939 0.690819
0.707094 0.707094 0.707094 0.707094 0.707094 0.707094 0.706077 0.703025 0.697939 0.690819
0.707094 0.707094 0.707094 0.707094 0.707094 0.707094 0.706077 0.703025 0.697939 0.690819
0.707094 0.707094 0.707094 0.707094 0.707094 0.707094 0.706077 0.703025 0.697939 0.690819
0.707094 0.707094 0.707094 0.707094 0.707094 0.707094 0.706077 0.703025 0.697939 0.690819
0.707094 0.707094 0.707094 0.707094 0.707094 0.707094 0.706077 0.703025 0.697939 0.690819
0.707094 0.707094 0.707094 0.707094 0.707094 0.707094 0.706077 0.703025 0.697939 0.690819
0.707094 0.707094 0.707094 0.707094 0.707094 0.707094 0.706077 0.703025 0.697939 0.690819
0.707094 0.707094 0.707094 0.707094 0.707094 0.707094 0.706077 0.703025 0.697939 0.690819
0.707094 0.707094 0.707094 0.707094 0.707094 0.707094 0.706077 0.703025 0.697939 0.690819
0.707094 0.707094 0.707094 0.707094 0.707094 0.707094 0.706077 0.703025 0.697939 0.690819
0.707094 0.707094 0.707094 0.707094 0.707094 0.707094 0.706077 0.703025 0.697939 0.690819
0.707094 0.707094 0.707094 0.707094 0.707094 0.707094 0.706077 0.703025 0.697939 0.690819
0.707094 0.707094 0.707094 0.707094 0.707094 0.707094 0.706077 0.703025 0.697939 0.690819
0.707094 0.707094 0.707094 0.707094 0.707094 0.707094 0.706077 0.703025 0.697939 0.690819
0.707094 0.707094 0.707094 0.707094 0.707094 0.707094 0.706077 0.703025 0.697939 0.690819
0.707094 0.707094 0.707094 0.707094 0.707094 0.707094 0.706077 0.703025 0.697939 0.690819
0.707094 0.707094 0.707094 0.707094 0.707094 0.707094 0.706077 0.703025 0.697939 0.690819
0.707094 0.707094 0.707094 0.707094 0.707094 0.707094 0.706077 0.703025 0.697939 0.690819
0.707094 0.707094 0.707094 0.707094 0.707094 0.707094 0.706077 0.703025 0.697939 0.690819
0.707094 0.707094 0.707094 0.707094 0.707094 0.707094 0.706077 0.703025 0.697939 0.690819
0.707094 0.707094 0.707094 0.707094 0.707094 0.707094 0.706077 0.703025 0.697939 0.690819
0.707094 0.707094 0.707094 0.707094 0.707094 0.707094 0.706077 0.703025 0.697939 0.690819
0.707094 0.707094 0.707094 0.707094 0.707094 0.707094 0.706077 0.703025 0.697939 0.690819
0.707094 0.707094 0.707094 0.707094 0.707094 0.707094 0.706077 0.703025 0.697939 0.690819
0.707094 0.707094 0.707094 0.707094 0.707094 0.707094 0.706077 0.703025 0.697939 0.690819
0.707094 0.707094 0.707094 0.707094 0.707094 0.707094 0.706077 0.703025 0.697939 0.690819
0.707094 0.707094 0.707094 0.707094 0.707094 0.707094 0.706077 0.703025 0.697939 0.690819
0.707094 0.707094 0.707094 0.707094 0.707094 0.707094 0.706077 0.703025 0.697939 0.690819
0.707094 0.707094 0.707094 0.707094 0.707094 0.707094 0.706077 0.703025 0.697939 0.690819
0.707094 0.707094 0.707094 0.707094 0.707094 0.707094 0.706077 0.703025 0.697939 0.690819
0.707094 0.707094 0.707094 0.707094 0.707094 0.707094 0.706077 0.703025 0.697939 0.690819
0.707094 0.707094 0.707094 0.707094 0.707094 0.707094 0.706077 0.703025 0.697939 0.690819
0.707094 0.707094 0.707094 0.707094 0.707094 0.707094 0.706077 0.703025 0.697939 0.690819
0.707094 0.707094 0.707094 0.707094 0.707094 0.707094 0.706077 0.703025 0.697939 0.690819
0.707094 0.707094 0.707094 0.707094 0.707094 0.707094 0.706077 0.703025 0.697939 0.690819
0.707094 0.707094 0.707094 0.707094 0.707094 0.707094 0.706077 0.703025 0.697939 0.690819
0.707094 0.707094 0.707094 0.707094 0.707094 0.707094 0.706077 0.703025 0.697939 0.690819
0.707094 0.707094 0.707094 0.707094 0.707094 0.707094 0.706077 0.703025 0.697939 0.690819
0.707094 0.707094 0.707094 0.707094 0.707094 0.707094 0.706077 0.703025 0.697939 0.690819
0.707094 0.707094 0.707094 0.707094 0.707094 0.707094 0.706077 0.703025 0.697939 0.690819
0.707094 0.707094 0.707094 0.707094 0.707094 0.707094 0.706077 0.703025 0.697939 0.690819
0.707094 0.707094 0.707094 0.707094 0.707094 0.707094 0.706077 0.703025 0.697939 0.690819
0.707094 0.707094 0.707094 0.707094 0.707094 0.707094 0.706077 0.703025 0.697939 0.690819
0.707094 0.707094 0.707094 0.707094 0.707094 0.707094 0.706077 0.703025 0.697939 0.690819
0.707094 0.707094 0.707094 0.707094 0.707094 0.707094 0.706077 0.703025 0.697939 0.690819
0.707094 0.707094 0.707094 0.707094 0.707094 0.707094 0.706077 0.703025 0.697939 0.690819
0.707094 0.707094 0.707094 0.707094 0.707094 0.707094 0.706077 0.703025 0.697939 0.690819
0.707094 0.707094 0.707094 0.707094 0.707094 0.707094 0.706077 0.703025 0.697939 0.690819
0.707094 0.707094 0.707094 0.707094 0.707094 0.707094 0.706077 0.703025 0.697939 0.690819
0.707094 0.707094 0.707094 0.707094 0.707094 0.707094 0.706077 0.703025 0.697939 0.690819
0.707094 0.707094 0.707094 0.707094 0.707094 0.707094 0.706077 0.703025 0.697939 0.690819
0.707094 0.707094 0.707094 0.707094 0.707094 0.707094 0.706077 0.703025 0.697939 0.690819
0.707094 0.707094 0.707094 0.707094 0.707094 0.707094 0.706077 0.703025 0.697939 0.690819
0.707094 0.707094 0.707094 0.707094 0.707094 0.707094 0.706077 0.703025 0.697939 0.690819
0.707094 0.707094 0.707094 0.707094 0.707094 0.707094 0.706077 0.703025 0.697939 0.690819
0.707094 0.707094 0.707094 0.707094 0.707094 0.707094 0.706077 0.703025 0.697939 0.690819
0.707094 0.707094 0.707094 0.707094 0.707094 0.707094 0.706077 0.703025 0.697939 0.690819
0.707094 0.707094 0.707094 0.707094 0.707094 0.707094 0.706077 0.703025 0.697939 0.690819
0.707094 0.707094 0.707094 0.707094 0.707094 0.707094 0.706077 0.703025 0.697939 0.690819
0.707094 0.707094 0.707094 0.707094 0.707094 0.707094 0.706077 0.703025 0.697939 0.690819
0.707094 0.707094 0.707094 0.707094 0.707094 0.707094 0.706077 0.703025 0.697939 0.690819
0.707094 0.707094 0.707094 0.707094 0.707094 0.707094 0.706077 0.703025 0.697939 0.690819
0.707094 0.707094 0.707094 0.707094 0.707094 0.707094 0.706077 0.703025 0.697939 0.690819
0.707094 0.707094 0.707094 0.707094 0.707094 0.707094 0.706077 0.703025 0.697939 0.690819
0.707094 0.707094 0.707094 0.707094 0.707094 0.707094 0.706077 0.703025 0.697939 0.690819
0.707094 0.707094 0.707094 0.707094 0.707094 0.707094 0.706077 0.703025 0.697939 0.690819
0.707094 0.707094 0.707094 0.707094 0.707094 0.707094 0.706077 0.703025 0.697939 0.690819
0.707094 0.707094 0.707094 0.707094 0.707094 0.707094 0.706077 0.703025 0.697939 0.690819
0.707094 0.707094 0.707094 0.707094 0.707094 0.707094 0.706077 0.703025 0.697939 0.690819
0.707094 0.707094 0.707094 0.707094 0.707094 0.707094 0.706077 0.703025 0.697939 0.690819
0.707094 0.707094 0.707094 0.707094 0.707094 0.707094 0.706077 0.703025 0.697939 0.690819
0.707094 0.707094 0.707094 0.707094 0.707094 0.707094 0.706077 0.703025 0.697939 0.690819
0.707094 0.707094 0.707094 0.707094 0.707094 0.707094 0.706077 0.703025 0.697939 0.690819
0.707094 0.707094 0.707094 0.707094 0.707094 0.707094 0.706077 0.703025 0.697939 0.690819
0.707094 0.707094 0.707094 0.707094 0.707094 0.707094 0.706077 0.703025 0.697939 0.690819
0.707094 0.707094 0.707094 0.707094 0.707094 0.707094 0.706077 0.703025 0.697939 0.690819
0.707094 0.707094 0.707094 0.707094 0.707094 0.707094 0.706077 0.703025 0.697939 0.690819
0.707094 0.707094 0.707094 0.707094 0.707094 0.707094 0.706077 0.703025 0.697939 0.690819
0.707094 0.707094 0.707094 0.707094 0.707094 0.707094 0.706077 0.703025 0.697939 0.690819
0.707094 0.707094 0.707094 0.707094 0.707094 0.707094 0.706077 0.703025 0.697939 0.690819
0.707094 0.707094 0.707094 0.707094 0.707094 0.707094 0.706077 0.703025 0.697939 0.690819
0.707094 0.707094 0.707094 0.707094 0.707094 0.707094 0.706077 0.703025 0.697939 0.690819
0.707094 0.707094 0.707094 0.707094 0.707094 0.707094 0.706077 0.703025 0.697939 0.690819
0.707094 0.707094 0.707094 0.707094 0.707094 0.707094 0.706077 0.703025 0.697939 0.690819
0.707094 0.707094 0.707094 0.707094 0.707094 0.707094 0.706077 0.703025 0.697939 0.690819
0.707094 0.707094 0.707094 0.707094 0.707094 0.707094 0.706077 0.703025 0.697939 0.690819
0.707094 0.707094 0.707094 0.707094 0.707094 0.707094 0.706077 0.703025 0.697939 0.690819
0.707094 0.707094 0.707094 0.707094 0.707094 0.707094 0.706077 0.703025 0.697939 0.690819
0.707094 0.707094 0.707094 0.707094 0.707094 0.707094 0.706077 0.703025 0.697939 0.690819
0.707094 0.707094 0.707094 0.707094 0.707094 0.707094 0.706077 0.703025 0.697939 0.690819
0.707094 0.707094 0.707094 0.707094 0.707094 0.707094 0.706077 0.703025 0.697939 0.690819
0.707094 0.707094 0.707094 0.707094 0.707094 0.707094 0.706077 0.703025 0.697939 0.690819
0.707094 0.707094 0.707094 0.707094 0.707094 0.707094 0.706077 0.703025 0.697939 0.690819
0.707094 0.707094 0.707094 0.707094 0.707094 0.707094 0.706077 0.703025 0.697939 0.690819
0.707094 0.707094 0.707094 0.707094 0.707094 0.707094 0.706077 0.703025 0.697939 0.690819
0.707094 0.707094 0.707094 0.707094 0.707094 0.707094 0.706077 0.703025 0.697939 0.690819
0.707094 0.707094 0.707094 0.707094 0.707094 0.707094 0.706077 0.703025 0.697939 0.690819
0.707094 0.707094 0.707094 0.707094 0.707094 0.707094 0.706077 0.703025 0.697939 0.690819
0.707094 0.707094 0.707094 0.707094 0.707094 0.707094 0.706077 0.703025 0.697939 0.690819
0.707094 0.707094 0.707094 0.707094 0.707094 0.707094 0.706077 0.703025 0.697939 0.690819
0.707094 0.707094 0.707094 0.707094 0.707094 0.707094 0.706077 0.703025 0.697939 0.690819
0.707094 0.707094 0.707094 0.707094 0.707094 0.707094 0.706077 0.703025 0.697939 0.690819
