-2.10988e-05 -2.10988e-05 -2.10988e-05 -2.10988e-05 -2.10988e-05 -2.10988e-05 -2.10988e-05 -2.10988e-05 -2.10988e-05 -2.10988e-05
-2.10988e-05 -2.10988e-05 -2.10988e-05 -2.10988e-05 -2.10988e-05 -2.10988e-05 -2.10988e-05 -2.10988e-05 -2.10988e-05 -2.10988e-05
-2.10988e-05 -2.10988e-05 -2.10988e-05 -2.10988e-05 -2.10988e-05 -2.10988e-05 -2.10988e-05 -2.10988e-05 -2.10988e-05 -2.10988e-05
-2.10988e-05 -2.10988e-05 -2.10988e-05 -2.10988e-05 -2.10988e-05 -2.10988e-05 -2.10988e-05 -2.10988e-05 -2.10988e-05 -2.10988e-05
-2.10988e-05 -2.10988e-05 -2.10988e-05 -2.10988e-05 -2.10988e-05 -2.10988e-05 -2.10988e-05 -2.10988e-05 -2.10988e-05 -2.10988e-05
-2.10988e-05 -2.10988e-05 -2.10988e-05 -2.10988e-05 -2.10988e-05 -2.10988e-05 -2.10988e-05 -2.10988e-05 -2.10988e-05 -2.10988e-05
-2.10988e-05 -2.10988e-05 -2.10988e-05 -2.10988e-05 -2.10988e-05 -2.10988e-05 -2.10988e-05 -2.10988e-05 -2.10988e-05 -2.10988e-05
-2.10988e-05 -2.10988e-05 -2.10988e-05 -2.10988e-05 -2.10988e-05 -2.10988e-05 -2.10988e-05 -2.10988e-05 -2.10988e-05 -2.10988e-05
-2.10988e-05 -2.10988e-05 -2.10988e-05 -2.10988e-05 -2.10988e-05 -2.10988e-05 -2.10988e-05 -2.10988e-05 -2.10988e-05 -2.10988e-05
-2.10988e-05 -2.10988e-05 -2.10988e-05 -2.10988e-05 -2.10988e-05 -2.10988e-05 -2.10988e-05 -2.10988e-05 -2.10988e-05 -2.10988e-05
-2.10988e-05 -2.10988e-05 -2.10988e-05 -2.10988e-05 -2.10988e-05 -2.10988e-05 -2.10988e-05 -2.10988e-05 -2.10988e-05 -2.10988e-05
-2.10988e-05 -2.10988e-05 -2.10988e-05 -2.10988e-05 -2.10988e-05 -2.10988e-05 -2.10988e-05 -2.10988e-05 -2.10988e-05 -2.10988e-05
-2.10988e-05 -2.10988e-05 -2.10988e-05 -2.10988e-05 -2.10988e-05 -2.10988e-05 -2.10988e-05 -2.10988e-05 -2.10988e-05 -2.10988e-05
-2.10988e-05 -2.10988e-05 -2.10988e-05 -2.10988e-05 -2.10988e-05 -2.10988e-05 -2.10988e-05 -2.10988e-05 -2.10988e-05 -2.10988e-05
-2.10988e-05 -2.10988e-05 -2.10988e-05 -2.10988e-05 -2.10988e-05 -2.10988e-05 -2.10988e-05 -2.10988e-05 -2.10988e-05 -2.10988e-05
-2.10988e-05 -2.10988e-05 -2.10988e-05 -2.10988e-05 -2.10988e-05 -2.10988e-05 -2.10988e-05 -2.10988e-05 -2.10988e-05 -2.10988e-05
-2.10988e-05 -2.10988e-05 -2.10988e-05 -2.10988e-05 -2.10988e-05 -2.10988e-05 -2.10988e-05 -2.10988e-05 -2.10988e-05 -2.10988e-05
-2.10988e-05 -2.10988e-05 -2.10988e-05 -2.10988e-05 -2.10988e-05 -2.10988e-05 -2.10988e-05 -2.10988e-05 -2.10988e-05 -2.10988e-05
-2.10988e-05 -2.10988e-05 -2.10988e-05 -2.10988e-05 -2.10988e-05 -2.10988e-05 -2.10988e-05 -2.10988e-05 -2.10988e-05 -2.10988e-05
-2.10988e-05 -2.10988e-05 -2.10988e-05 -2.10988e-05 -2.10988e-05 -2.10988e-05 -2.10988e-05 -2.10988e-05 -2.10988e-05 -2.10988e-05
-2.10988e-05 -2.10988e-05 -2.10988e-05 -2.10988e-05 -2.10988e-05 -2.10988e-05 -2.10988e-05 -2.10988e-05 -2.10988e-05 -2.10988e-05
-2.10988e-05 -2.10988e-05 -2.10988e-05 -2.10988e-05 -2.10988e-05 -2.10988e-05 -2.10988e-05 -2.10988e-05 -2.10988e-05 -2.10988e-05
-2.10988e-05 -2.10988e-05 -2.10988e-05 -2.10988e-05 -2.10988e-05 -2.10988e-05 -2.10988e-05 -2.10988e-05 -2.10988e-05 -2.10988e-05
-2.10988e-05 -2.10988e-05 -2.10988e-05 -2.10988e-05 -2.10988e-05 -2.10988e-05 -2.10988e-05 -2.10988e-05 -2.10988e-05 -2.10988e-05
-2.10988e-05 -2.10988e-05 -2.10988e-05 -2.10988e-05 -2.10988e-05 -2.10988e-05 -2.10988e-05 -2.10988e-05 -2.10988e-05 -2.10988e-05
-2.10988e-05 -2.10988e-05 -2.10988e-05 -2.10988e-05 -2.10988e-05 -2.10988e-05 -2.10988e-05 -2.10988e-05 -2.10988e-05 -2.10988e-05
-2.10988e-05 -2.10988e-05 -2.10988e-05 -2.10988e-05 -2.10988e-05 -2.10988e-05 -2.10988e-05 -2.10988e-05 -2.10988e-05 -2.10988e-05
-2.10988e-05 -2.10988e-05 -2.10988e-05 -2.10988e-05 -2.10988e-05 -2.10988e-05 -2.10988e-05 -2.10988e-05 -2.10988e-05 -2.10988e-05
-2.10988e-05 -2.10988e-05 -2.10988e-05 -2.10988e-05 -2.10988e-05 -2.10988e-05 -2.10988e-05 -2.10988e-05 -2.10988e-05 -2.10988e-05
-2.10988e-05 -2.10988e-05 -2.10988e-05 -2.10988e-05 -2.10988e-05 -2.10988e-05 -2.10988e-05 -2.10988e-05 -2.10988e-05 -2.10988e-05
-2.10988e-05 -2.10988e-05 -2.10988e-05 -2.10988e-05 -2.10988e-05 -2.10988e-05 -2.10988e-05 -2.10988e-05 -2.10988e-05 -2.10988e-05
-2.10988e-05 -2.10988e-05 -2.10988e-05 -2.10988e-05 -2.10988e-05 -2.10988e-05 -2.10988e-05 -2.10988e-05 -2.10988e-05 -2.10988e-05
-2.10988e-05 -2.10988e-05 -2.10988e-05 -2.10988e-05 -2.10988e-05 -2.10988e-05 -2.10988e-05 -2.10988e-05 -2.10988e-05 -2.10988e-05
-2.10988e-05 -2.10988e-05 -2.10988e-05 -2.10988e-05 -2.10988e-05 -2.10988e-05 -2.10988e-05 -2.10988e-05 -2.10988e-05 -2.10988e-05
-2.10988e-05 -2.10988e-05 -2.10988e-05 -2.10988e-05 -2.10988e-05 -2.10988e-05 -2.10988e-05 -2.10988e-05 -2.10988e-05 -2.10988e-05
-2.10988e-05 -2.10988e-05 -2.10988e-05 -2.10988e-05 -2.10988e-05 -2.10988e-05 -2.10988e-05 -2.10988e-05 -2.10988e-05 -2.10988e-05
-2.10988e-05 -2.10988e-05 -2.10988e-05 -2.10988e-05 -2.10988e-05 -2.10988e-05 -2.10988e-05 -2.10988e-05 -2.10988e-05 -2.10988e-05
-2.10988e-05 -2.10988e-05 -2.10988e-05 -2.10988e-05 -2.10988e-05 -2.10988e-05 -2.10988e-05 -2.10988e-05 -2.10988e-05 -2.10988e-05
-2.10988e-05 -2.10988e-05 -2.10988e-05 -2.10988e-05 -2.10988e-05 -2.10988e-05 -2.10988e-05 -2.10988e-05 -2.10988e-05 -2.10988e-05
-2.10988e-05 -2.10988e-05 -2.10988e-05 -2.10988e-05 -2.10988e-05 -2.10988e-05 -2.10988e-05 -2.10988e-05 -2.10988e-05 -2.10988e-05
-2.10988e-05 -2.10988e-05 -2.10988e-05 -2.10988e-05 -2.10988e-05 -2.10988e-05 -2.10988e-05 -2.10988e-05 -2.10988e-05 -2.10988e-05
-2.10988e-05 -2.10988e-05 -2.10988e-05 -2.10988e-05 -2.10988e-05 -2.10988e-05 -2.10988e-05 -2.10988e-05 -2.10988e-05 -2.10988e-05
-2.10988e-05 -2.10988e-05 -2.10988e-05 -2.10988e-05 -2.10988e-05 -2.10988e-05 -2.10988e-05 -2.10988e-05 -2.10988e-05 -2.10988e-05
-2.10988e-05 -2.10988e-05 -2.10988e-05 -2.10988e-05 -2.10988e-05 -2.10988e-05 -2.10988e-05 -2.10988e-05 -2.10988e-05 -2.10988e-05
-2.10988e-05 -2.10988e-05 -2.10988e-05 -2.10988e-05 -2.10988e-05 -2.10988e-05 -2.10988e-05 -2.10988e-05 -2.10988e-05 -2.10988e-05
-2.10988e-05 -2.10988e-05 -2.10988e-05 -2.10988e-05 -2.10988e-05 -2.10988e-05 -2.10988e-05 -2.10988e-05 -2.10988e-05 -2.10988e-05
-2.10988e-05 -2.10988e-05 -2.10988e-05 -2.10988e-05 -2.10988e-05 -2.10988e-05 -2.10988e-05 -2.10988e-05 -2.10988e-05 -2.10988e-05
-2.10988e-05 -2.10988e-05 -2.10988e-05 -2.10988e-05 -2.10988e-05 -2.10988e-05 -2.10988e-05 -2.10988e-05 -2.10988e-05 -2.10988e-05
-2.10988e-05 -2.10988e-05 -2.10988e-05 -2.10988e-05 -2.10988e-05 -2.10988e-05 -2.10988e-05 -2.10988e-05 -2.10988e-05 -2.10988e-05
-2.10988e-05 -2.10988e-05 -2.10988e-05 -2.10988e-05 -2.10988e-05 -2.10988e-05 -2.10988e-05 -2.10988e-05 -2.10988e-05 -2.10988e-05
-2.10988e-05 -2.10988e-05 -2.10988e-05 -2.10988e-05 -2.10988e-05 -2.10988e-05 -2.10988e-05 -2.10988e-05 -2.10988e-05 -2.10988e-05
-2.10988e-05 -2.10988e-05 -2.10988e-05 -2.10988e-05 -2.10988e-05 -2.10988e-05 -2.10988e-05 -2.10988e-05 -2.10988e-05 -2.10988e-05
-2.10988e-05 -2.10988e-05 -2.10988e-05 -2.10988e-05 -2.10988e-05 -2.10988e-05 -2.10988e-05 -2.10988e-05 -2.10988e-05 -2.10988e-05
-2.10988e-05 -2.10988e-05 -2.10988e-05 -2.10988e-05 -2.10988e-05 -2.10988e-05 -2.10988e-05 -2.10988e-05 -2.10988e-05 -2.10988e-05
-2.10988e-05 -2.10988e-05 -2.10988e-05 -2.10988e-05 -2.10988e-05 -2.10988e-05 -2.10988e-05 -2.10988e-05 -2.10988e-05 -2.10988e-05
-2.10988e-05 -2.10988e-05 -2.10988e-05 -2.10988e-05 -2.10988e-05 -2.10988e-05 -2.10988e-05 -2.10988e-05 -2.10988e-05 -2.10988e-05
-2.10988e-05 -2.10988e-05 -2.10988e-05 -2.10988e-05 -2.10988e-05 -2.10988e-05 -2.10988e-05 -2.10988e-05 -2.10988e-05 -2.10988e-05
-2.10988e-05 -2.10988e-05 -2.10988e-05 -2.10988e-05 -2.10988e-05 -2.10988e-05 -2.10988e-05 -2.10988e-05 -2.10988e-05 -2.10988e-05
-2.10988e-05 -2.10988e-05 -2.10988e-05 -2.10988e-05 -2.10988e-05 -2.10988e-05 -2.10988e-05 -2.10988e-05 -2.10988e-05 -2.10988e-05
-2.10988e-05 -2.10988e-05 -2.10988e-05 -2.10988e-05 -2.10988e-05 -2.10988e-05 -2.10988e-05 -2.10988e-05 -2.10988e-05 -2.10988e-05
-2.10988e-05 -2.10988e-05 -2.10988e-05 -2.10988e-05 -2.10988e-05 -2.10988e-05 -2.10988e-05 -2.10988e-05 -2.10988e-05 -2.10988e-05
-2.10988e-05 -2.10988e-05 -2.10988e-05 -2.10988e-05 -2.10988e-05 -2.10988e-05 -2.10988e-05 -2.10988e-05 -2.10988e-05 -2.10988e-05
-2.10988e-05 -2.10988e-05 -2.10988e-05 -2.10988e-05 -2.10988e-05 -2.10988e-05 -2.10988e-05 -2.10988e-05 -2.10988e-05 -2.10988e-05
-2.10988e-05 -2.10988e-05 -2.10988e-05 -2.10988e-05 -2.10988e-05 -2.10988e-05 -2.10988e-05 -2.10988e-05 -2.10988e-05 -2.10988e-05
-2.10988e-05 -2.10988e-05 -2.10988e-05 -2.10988e-05 -2.10988e-05 -2.10988e-05 -2.10988e-05 -2.10988e-05 -2.10988e-05 -2.10988e-05
-2.10988e-05 -2.10988e-05 -2.10988e-05 -2.10988e-05 -2.10988e-05 -2.10988e-05 -2.10988e-05 -2.10988e-05 -2.10988e-05 -2.10988e-05
-2.10988e-05 -2.10988e-05 -2.10988e-05 -2.10988e-05 -2.10988e-05 -2.10988e-05 -2.10988e-05 -2.10988e-05 -2.10988e-05 -2.10988e-05
-2.10988e-05 -2.10988e-05 -2.10988e-05 -2.10988e-05 -2.10988e-05 -2.10988e-05 -2.10988e-05 -2.10988e-05 -2.10988e-05 -2.10988e-05
-2.10988e-05 -2.10988e-05 -2.10988e-05 -2.10988e-05 -2.10988e-05 -2.10988e-05 -2.10988e-05 -2.10988e-05 -2.10988e-05 -2.10988e-05
-2.10988e-05 -2.10988e-05 -2.10988e-05 -2.10988e-05 -2.10988e-05 -2.10988e-05 -2.10988e-05 -2.10988e-05 -2.10988e-05 -2.10988e-05
-2.10988e-05 -2.10988e-05 -2.10988e-05 -2.10988e-05 -2.10988e-05 -2.10988e-05 -2.10988e-05 -2.10988e-05 -2.10988e-05 -2.10988e-05
-2.10988e-05 -2.10988e-05 -2.10988e-05 -2.10988e-05 -2.10988e-05 -2.10988e-05 -2.10988e-05 -2.10988e-05 -2.10988e-05 -2.10988e-05
-2.10988e-05 -2.10988e-05 -2.10988e-05 -2.10988e-05 -2.10988e-05 -2.10988e-05 -2.10988e-05 -2.10988e-05 -2.10988e-05 -2.10988e-05
-2.10988e-05 -2.10988e-05 -2.10988e-05 -2.10988e-05 -2.10988e-05 -2.10988e-05 -2.10988e-05 -2.10988e-05 -2.10988e-05 -2.10988e-05
-2.10988e-05 -2.10988e-05 -2.10988e-05 -2.10988e-05 -2.10988e-05 -2.10988e-05 -2.10988e-05 -2.10988e-05 -2.10988e-05 -2.10988e-05
-2.10988e-05 -2.10988e-05 -2.10988e-05 -2.10988e-05 -2.10988e-05 -2.10988e-05 -2.10988e-05 -2.10988e-05 -2.10988e-05 -2.10988e-05
-2.10988e-05 -2.10988e-05 -2.10988e-05 -2.10988e-05 -2.10988e-05 -2.10988e-05 -2.10988e-05 -2.10988e-05 -2.10988e-05 -2.10988e-05
-2.10988e-05 -2.10988e-05 -2.10988e-05 -2.10988e-05 -2.10988e-05 -2.10988e-05 -2.10988e-05 -2.10988e-05 -2.10988e-05 -2.10988e-05
-2.10988e-05 -2.10988e-05 -2.10988e-05 -2.10988e-05 -2.10988e-05 -2.10988e-05 -2.10988e-05 -2.10988e-05 -2.10988e-05 -2.10988e-05
-2.10988e-05 -2.10988e-05 -2.10988e-05 -2.10988e-05 -2.10988e-05 -2.10988e-05 -2.10988e-05 -2.10988e-05 -2.10988e-05 -2.10988e-05
-2.10988e-05 -2.10988e-05 -2.10988e-05 -2.10988e-05 -2.10988e-05 -2.10988e-05 -2.10988e-05 -2.10988e-05 -2.10988e-05 -2.10988e-05
-2.10988e-05 -2.10988e-05 -2.10988e-05 -2.10988e-05 -2.10988e-05 -2.10988e-05 -2.10988e-05 -2.10988e-05 -2.10988e-05 -2.10988e-05
-2.10988e-05 -2.10988e-05 -2.10988e-05 -2.10988e-05 -2.10988e-05 -2.10988e-05 -2.10988e-05 -2.10988e-05 -2.10988e-05 -2.10988e-05
-2.10988e-05 -2.10988e-05 -2.10988e-05 -2.10988e-05 -2.10988e-05 -2.10988e-05 -2.10988e-05 -2.10988e-05 -2.10988e-05 -2.10988e-05
-2.10988e-05 -2.10988e-05 -2.10988e-05 -2.10988e-05 -2.10988e-05 -2.10988e-05 -2.10988e-05 -2.10988e-05 -2.10988e-05 -2.10988e-05
-2.10988e-05 -2.10988e-05 -2.10988e-05 -2.10988e-05 -2.10988e-05 -2.10988e-05 -2.10988e-05 -2.10988e-05 -2.10988e-05 -2.10988e-05
-2.10988e-05 -2.10988e-05 -2.10988e-05 -2.10988e-05 -2.10988e-05 -2.10988e-05 -2.10988e-05 -2.10988e-05 -2.10988e-05 -2.10988e-05
-2.10988e-05 -2.10988e-05 -2.10988e-05 -2.10988e-05 -2.10988e-05 -2.10988e-05 -2.10988e-05 -2.10988e-05 -2.10988e-05 -2.10988e-05
-2.10988e-05 -2.10988e-05 -2.10988e-05 -2.10988e-05 -2.10988e-05 -2.10988e-05 -2.10988e-05 -2.10988e-05 -2.10988e-05 -2.10988e-05
-2.10988e-05 -2.10988e-05 -2.10988e-05 -2.10988e-05 -2.10988e-05 -2.10988e-05 -2.10988e-05 -2.10988e-05 -2.10988e-05 -2.10988e-05
-2.10988e-05 -2.10988e-05 -2.10988e-05 -2.10988e-05 -2.10988e-05 -2.10988e-05 -2.10988e-05 -2.10988e-05 -2.10988e-05 -2.10988e-05
-2.10988e-05 -2.10988e-05 -2.10988e-05 -2.10988e-05 -2.10988e-05 -2.10988e-05 -2.10988e-05 -2.10988e-05 -2.10988e-05 -2.10988e-05
-2.10988e-05 -2.10988e-05 -2.10988e-05 -2.10988e-05 -2.10988e-05 -2.10988e-05 -2.10988e-05 -2.10988e-05 -2.10988e-05 -2.10988e-05
-2.10988e-05 -2.10988e-05 -2.10988e-05 -2.10988e-05 -2.10988e-05 -2.10988e-05 -2.10988e-05 -2.10988e-05 -2.10988e-05 -2.10988e-05
-2.10988e-05 -2.10988e-05 -2.10988e-05 -2.10988e-05 -2.10988e-05 -2.10988e-05 -2.10988e-05 -2.10988e-05 -2.10988e-05 -2.10988e-05
-2.10988e-05 -2.10988e-05 -2.10988e-05 -2.10988e-05 -2.10988e-05 -2.10988e-05 -2.10988e-05 -2.10988e-05 -2.10988e-05 -2.10988e-05
-2.10988e-05 -2.10988e-05 -2.10988e-05 -2.10988e-05 -2.10988e-05 -2.10988e-05 -2.10988e-05 -2.10988e-05 -2.10988e-05 -2.10988e-05
-2.10988e-05 -2.10988e-05 -2.10988e-05 -2.10988e-05 -2.10988e-05 -2.10988e-05 -2.10988e-05 -2.10988e-05 -2.10988e-05 -2.10988e-05
-2.10988e-05 -2.10988e-05 -2.10988e-05 -2.10988e-05 -2.10988e-05 -2.10988e-05 -2.10988e-05 -2.10988e-05 -2.10988e-05 -2.10988e-05
-2.10988e-05 -2.10988e-05 -2.10988e-05 -2.10988e-05 -2.10988e-05 -2.10988e-05 -2.10988e-05 -2.10988e-05 -2.10988e-05 -2.10988e-05
-2.10988e-05 -2.10988e-05 -2.10988e-05 -2.10988e-05 -2.10988e-05 -2.10988e-05 -2.10988e-05 -2.10988e-05 -2.10988e-05 -2.10988e-05
-2.10988e-05 -2.10988e-05 -2.10988e-05 -2.10988e-05 -2.10988e-05 -2.10988e-05 -2.10988e-05 -2.10988e-05 -2.10988e-05 -2.10988e-05
-2.10988e-05 -2.10988e-05 -2.10988e-05 -2.10988e-05 -2.10988e-05 -2.10988e-05 -2.10988e-05 -2.10988e-05 -2.10988e-05 -2.10988e-05
-2.10988e-05 -2.10988e-05 -2.10988e-05 -2.10988e-05 -2.10988e-05 -2.10988e-05 -2.10988e-05 -2.10988e-05 -2.10988e-05 -2.10988e-05
-2.10988e-05 -2.10988e-05 -2.10988e-05 -2.10988e-05 -2.10988e-05 -2.10988e-05 -2.10988e-05 -2.10988e-05 -2.10988e-05 -2.10988e-05
-2.10988e-05 -2.10988e-05 -2.10988e-05 -2.10988e-05 -2.10988e-05 -2.10988e-05 -2.10988e-05 -2.10988e-05 -2.10988e-05 -2.10988e-05
-2.10988e-05 -2.10988e-05 -2.10988e-05 -2.10988e-05 -2.10988e-05 -2.10988e-05 -2.10988e-05 -2.10988e-05 -2.10988e-05 -2.10988e-05
-2.10988e-05 -2.10988e-05 -2.10988e-05 -2.10988e-05 -2.10988e-05 -2.10988e-05 -2.10988e-05 -2.10988e-05 -2.10988e-05 -2.10988e-05
-2.10988e-05 -2.10988e-05 -2.10988e-05 -2.10988e-05 -2.10988e-05 -2.10988e-05 -2.10988e-05 -2.10988e-05 -2.10988e-05 -2.10988e-05
-2.10988e-05 -2.10988e-05 -2.10988e-05 -2.10988e-05 -2.10988e-05 -2.10988e-05 -2.10988e-05 -2.10988e-05 -2.10988e-05 -2.10988e-05
-2.10988e-05 -2.10988e-05 -2.10988e-05 -2.10988e-05 -2.10988e-05 -2.10988e-05 -2.10988e-05 -2.10988e-05 -2.10988e-05 -2.10988e-05
-2.10988e-05 -2.10988e-05 -2.10988e-05 -2.10988e-05 -2.10988e-05 -2.10988e-05 -2.10988e-05 -2.10988e-05 -2.10988e-05 -2.10988e-05
-2.10988e-05 -2.10988e-05 -2.10988e-05 -2.10988e-05 -2.10988e-05 -2.10988e-05 -2.10988e-05 -2.10988e-05 -2.10988e-05 -2.10988e-05
-2.10988e-05 -2.10988e-05 -2.10988e-05 -2.10988e-05 -2.10988e-05 -2.10988e-05 -2.10988e-05 -2.10988e-05 -2.10988e-05 -2.10988e-05
-2.10988e-05 -2.10988e-05 -2.10988e-05 -2.10988e-05 -2.10988e-05 -2.10988e-05 -2.10988e-05 -2.10988e-05 -2.10988e-05 -2.10988e-05
-2.10988e-05 -2.10988e-05 -2.10988e-05 -2.10988e-05 -2.10988e-05 -2.10988e-05 -2.10988e-05 -2.10988e-05 -2.10988e-05 -2.10988e-05
-2.10988e-05 -2.10988e-05 -2.10988e-05 -2.10988e-05 -2.10988e-05 -2.10988e-05 -2.10988e-05 -2.10988e-05 -2.10988e-05 -2.10988e-05
-2.10988e-05 -2.10988e-05 -2.10988e-05 -2.10988e-05 -2.10988e-05 -2.10988e-05 -2.10988e-05 -2.10988e-05 -2.10988e-05 -2.10988e-05
-2.10988e-05 -2.10988e-05 -2.10988e-05 -2.10988e-05 -2.10988e-05 -2.10988e-05 -2.10988e-05 -2.10988e-05 -2.10988e-05 -2.10988e-05
-2.10988e-05 -2.10988e-05 -2.10988e-05 -2.10988e-05 -2.10988e-05 -2.10988e-05 -2.10988e-05 -2.10988e-05 -2.10988e-05 -2.10988e-05
-2.10988e-05 -2.10988e-05 -2.10988e-05 -2.10988e-05 -2.10988e-05 -2.10988e-05 -2.10988e-05 -2.10988e-05 -2.10988e-05 -2.10988e-05
-2.10988e-05 -2.10988e-05 -2.10988e-05 -2.10988e-05 -2.10988e-05 -2.10988e-05 -2.10988e-05 -2.10988e-05 -2.10988e-05 -2.10988e-05
-2.10988e-05 -2.10988e-05 -2.10988e-05 -2.10988e-05 -2.10988e-05 -2.10988e-05 -2.10988e-05 -2.10988e-05 -2.10988e-05 -2.10988e-05
-2.10988e-05 -2.10988e-05 -2.10988e-05 -2.10988e-05 -2.10988e-05 -2.10988e-05 -2.10988e-05 -2.10988e-05 -2.10988e-05 -2.10988e-05
-2.10988e-05 -2.10988e-05 -2.10988e-05 -2.10988e-05 -2.10988e-05 -2.10988e-05 -2.10988e-05 -2.10988e-05 -2.10988e-05 -2.10988e-05
-2.10988e-05 -2.10988e-05 -2.10988e-05 -2.10988e-05 -2.10988e-05 -2.10988e-05 -2.10988e-05 -2.10988e-05 -2.10988e-05 -2.10988e-05
-2.10988e-05 -2.10988e-05 -2.10988e-05 -2.10988e-05 -2.10988e-05 -2.10988e-05 -2.10988e-05 -2.10988e-05 -2.10988e-05 -2.10988e-05
-2.10988e-05 -2.10988e-05 -2.10988e-05 -2.10988e-05 -2.10988e-05 -2.10988e-05 -2.10988e-05 -2.10988e-05 -2.10988e-05 -2.10988e-05
-2.10988e-05 -2.10988e-05 -2.10988e-05 -2.10988e-05 -2.10988e-05 -2.10988e-05 -2.10988e-05 -2.10988e-05 -2.10988e-05 -2.10988e-05
-2.10988e-05 -2.10988e-05 -2.10988e-05 -2.10988e-05 -2.10988e-05 -2.10988e-05 -2.10988e-05 -2.10988e-05 -2.10988e-05 -2.10988e-05
-2.10988e-05 -2.10988e-05 -2.10988e-05 -2.10988e-05 -2.10988e-05 -2.10988e-05 -2.10988e-05 -2.10988e-05 -2.10988e-05 -2.10988e-05
-2.10988e-05 -2.10988e-05 -2.10988e-05 -2.10988e-05 -2.10988e-05 -2.10988e-05 -2.10988e-05 -2.10988e-05 -2.10988e-05 -2.10988e-05
-2.10988e-05 -2.10988e-05 -2.10988e-05 -2.10988e-05 -2.10988e-05 -2.10988e-05 -2.10988e-05 -2.10988e-05 -2.10988e-05 -2.10988e-05
-2.10988e-05 -2.10988e-05 -2.10988e-05 -2.10988e-05 -2.10988e-05 -2.10988e-05 -2.10988e-05 -2.10988e-05 -2.10988e-05 -2.10988e-05
-2.10988e-05 -2.10988e-05 -2.10988e-05 -2.10988e-05 -2.10988e-05 -2.10988e-05 -2.10988e-05 -2.10988e-05 -2.10988e-05 -2.10988e-05
-2.10988e-05 -2.10988e-05 -2.10988e-05 -2.10988e-05 -2.10988e-05 -2.10988e-05 -2.10988e-05 -2.10988e-05 -2.10988e-05 -2.10988e-05
-2.10988e-05 -2.10988e-05 -2.10988e-05 -2.10988e-05 -2.10988e-05 -2.10988e-05 -2.10988e-05 -2.10988e-05 -2.10988e-05 -2.10988e-05
-2.10988e-05 -2.10988e-05 -2.10988e-05 -2.10988e-05 -2.10988e-05 -2.10988e-05 -2.10988e-05 -2.10988e-05 -2.10988e-05 -2.10988e-05
-2.10988e-05 -2.10988e-05 -2.10988e-05 -2.10988e-05 -2.10988e-05 -2.10988e-05 -2.10988e-05 -2.10988e-05 -2.10988e-05 -2.10988e-05
0 0 0 0 0 0 0 0 0 0
0 0 0 0 0 0 0 0 0 0
0 0 0 0 0 0 0 0 0 0
0 0 0 0 0 0 0 0 0 0
0 0 0 0 0 0 0 0 0 0
0 0 0 0 0 0 0 0 0 0
0 0 0 0 0 0 0 0 0 0
0 0 0 0 0 0 0 0 0 0
0 0 0 0 0 0 0 0 0 0
0 0 0 0 0 0 0 0 0 0
0 0 0 0 0 0 0 0 0 0
0 0 0 0 0 0 0 0 0 0
0 0 0 0 0 0 0 0 0 0
0 0 0 0 0 0 0 0 0 0
0 0 0 0 0 0 0 0 0 0
0 0 0 0 0 0 0 0 0 0
0 0 0 0 0 0 0 0 0 0
0 0 0 0 0 0 0 0 0 0
0 0 0 0 0 0 0 0 0 0
0 0 0 0 0 0 0 0 0 0
0 0 0 0 0 0 0 0 0 0
0 0 0 0 0 0 0 0 0 0
0 0 0 0 0 0 0 0 0 0
0 0 0 0 0 0 0 0 0 0
0 0 0 0 0 0 0 0 0 0
0 0 0 0 0 0 0 0 0 0
0 0 0 0 0 0 0 0 0 0
0 0 0 0 0 0 0 0 0 0
0 0 0 0 0 0 0 0 0 0
0 0 0 0 0 0 0 0 0 0
0 0 0 0 0 0 0 0 0 0
0 0 0 0 0 0 0 0 0 0
0 0 0 0 0 0 0 0 0 0
0 0 0 0 0 0 0 0 0 0
0 0 0 0 0 0 0 0 0 0
0 0 0 0 0 0 0 0 0 0
0 0 0 0 0 0 0 0 0 0
0 0 0 0 0 0 0 0 0 0
0 0 0 0 0 0 0 0 0 0
0 0 0 0 0 0 0 0 0 0
0.000300149 0.000300149 0.000300149 0.000300149 0.000300149 0.000300149 0.000300149 0.000300149 0.000300149 0.000300149
0.000300149 0.000300149 0.000300149 0.000300149 0.000300149 0.000300149 0.000300149 0.000300149 0.000300149 0.000300149
0.000300149 0.000300149 0.000300149 0.000300149 0.000300149 0.000300149 0.000300149 0.000300149 0.000300149 0.000300149
0.000300149 0.000300149 0.000300149 0.000300149 0.000300149 0.000300149 0.000300149 0.000300149 0.000300149 0.000300149
0.000300149 0.000300149 0.000300149 0.000300149 0.000300149 0.000300149 0.000300149 0.000300149 0.000300149 0.000300149
0.000300149 0.000300149 0.000300149 0.000300149 0.000300149 0.000300149 0.000300149 0.000300149 0.000300149 0.000300149
0.000300149 0.000300149 0.000300149 0.000300149 0.000300149 0.000300149 0.000300149 0.000300149 0.000300149 0.000300149
0.000300149 0.000300149 0.000300149 0.000300149 0.000300149 0.000300149 0.000300149 0.000300149 0.000300149 0.000300149
0.000300149 0.000300149 0.000300149 0.000300149 0.000300149 0.000300149 0.000300149 0.000300149 0.000300149 0.000300149
0.000300149 0.000300149 0.000300149 0.000300149 0.000300149 0.000300149 0.000300149 0.000300149 0.000300149 0.000300149
0.000300149 0.000300149 0.000300149 0.000300149 0.000300149 0.000300149 0.000300149 0.000300149 0.000300149 0.000300149
0.000300149 0.000300149 0.000300149 0.000300149 0.000300149 0.000300149 0.000300149 0.000300149 0.000300149 0.000300149
0.000300149 0.000300149 0.000300149 0.000300149 0.000300149 0.000300149 0.000300149 0.000300149 0.000300149 0.000300149
0.000300149 0.000300149 0.000300149 0.000300149 0.000300149 0.000300149 0.000300149 0.000300149 0.000300149 0.000300149
0.000300149 0.000300149 0.000300149 0.000300149 0.000300149 0.000300149 0.000300149 0.000300149 0.000300149 0.000300149
0.000300149 0.000300149 0.000300149 0.000300149 0.000300149 0.000300149 0.000300149 0.000300149 0.000300149 0.000300149
0.000300149 0.000300149 0.000300149 0.000300149 0.000300149 0.000300149 0.000300149 0.000300149 0.000300149 0.000300149
0.000300149 0.000300149 0.000300149 0.000300149 0.000300149 0.000300149 0.000300149 0.000300149 0.000300149 0.000300149
0.000300149 0.000300149 0.000300149 0.000300149 0.000300149 0.000300149 0.000300149 0.000300149 0.000300149 0.000300149
0.000300149 0.000300149 0.000300149 0.000300149 0.000300149 0.000300149 0.000300149 0.000300149 0.000300149 0.000300149
0.000300149 0.000300149 0.000300149 0.000300149 0.000300149 0.000300149 0.000300149 0.000300149 0.000300149 0.000300149
0.000300149 0.000300149 0.000300149 0.000300149 0.000300149 0.000300149 0.000300149 0.000300149 0.000300149 0.000300149
0.000300149 0.000300149 0.000300149 0.000300149 0.000300149 0.000300149 0.000300149 0.000300149 0.000300149 0.000300149
0.000300149 0.000300149 0.000300149 0.000300149 0.000300149 0.000300149 0.000300149 0.000300149 0.000300149 0.000300149
0.000300149 0.000300149 0.000300149 0.000300149 0.000300149 0.000300149 0.000300149 0.000300149 0.000300149 0.000300149
0.000300149 0.000300149 0.000300149 0.000300149 0.000300149 0.000300149 0.000300149 0.000300149 0.000300149 0.000300149
0.000300149 0.000300149 0.000300149 0.000300149 0.000300149 0.000300149 0.000300149 0.000300149 0.000300149         0.2
0.000300149 0.000300149 0.000300149 0.000300149 0.000300149 0.000300149 0.000300149 0.000300149         0.2         0.2
0.000300149 0.000300149 0.000300149 0.000300149 0.000300149 0.000300149 0.000300149         0.2         0.2         0.2
0.000300149 0.000300149 0.000300149 0.000300149 0.000300149 0.000300149         0.2         0.2         0.2         0.2
0.000300149 0.000300149 0.000300149 0.000300149 0.000300149         0.2         0.2         0.2         0.2         0.2
0.000300149 0.000300149 0.000300149 0.000300149         0.2         0.2         0.2         0.2         0.2         0.2
0.000300149 0.000300149 0.000300149         0.2         0.2         0.2         0.2         0.2         0.2         0.2
0.000300149 0.000300149         0.2         0.2         0.2         0.2         0.2         0.2         0.2         0.2
0.000300149         0.2         0.2         0.2         0.2         0.2         0.2         0.2         0.2         0.2
0.2 0.2 0.2 0.2 0.2 0.2 0.2 0.2 0.2 0.2
0.2 0.2 0.2 0.2 0.2 0.2 0.2 0.2 0.2 0.2
0.2 0.2 0.2 0.2 0.2 0.2 0.2 0.2 0.2 0.2
0.2 0.2 0.2 0.2 0.2 0.2 0.2 0.2 0.2 0.2
0.2 0.2 0.2 0.2 0.2 0.2 0.2 0.2 0.2 0.2
0 0 0 0 0 0 0 0 0 0
0 0 0 0 0 0 0 0 0 0
0 0 0 0 0 0 0 0 0 0
0 0 0 0 0 0 0 0 0 0
0 0 0 0 0 0 0 0 0 0
0 0 0 0 0 0 0 0 0 0
0 0 0 0 0 0 0 0 0 0
0 0 0 0 0 0 0 0 0 0
0 0 0 0 0 0 0 0 0 0
0 0 0 0 0 0 0 0 0 0
0 0 0 0 0 0 0 0 0 0
0 0 0 0 0 0 0 0 0 0
0 0 0 0 0 0 0 0 0 0
0 0 0 0 0 0 0 0 0 0
0 0 0 0 0 0 0 0 0 0
0 0 0 0 0 0 0 0 0 0
0 0 0 0 0 0 0 0 0 0
0 0 0 0 0 0 0 0 0 0
0 0 0 0 0 0 0 0 0 0
0 0 0 0 0 0 0 0 0 0
0 0 0 0 0 0 0 0 0 0
0 0 0 0 0 0 0 0 0 0
0 0 0 0 0 0 0 0 0 0
0 0 0 0 0 0 0 0 0 0
0 0 0 0 0 0 0 0 0 0
0 0 0 0 0 0 0 0 0 0
0 0 0 0 0 0 0 0 0 0
0 0 0 0 0 0 0 0 0 0
0 0 0 0 0 0 0 0 0 0
0 0 0 0 0 0 0 0 0 0
0 0 0 0 0 0 0 0 0 0
0 0 0 0 0 0 0 0 0 0
0 0 0 0 0 0 0 0 0 0
0 0 0 0 0 0 0 0 0 0
0 0 0 0 0 0 0 0 0 0
0 0 0 0 0 0 0 0 0 0
0 0 0 0 0 0 0 0 0 0
0 0 0 0 0 0 0 0 0 0
0 0 0 0 0 0 0 0 0 0
0 0 0 0 0 0 0 0 0 0
-0.172681 -0.172681 -0.172681 -0.172681 -0.172681 -0.172681 -0.172681 -0.172681 -0.172681 -0.172681
-0.172681 -0.172681 -0.172681 -0.172681 -0.172681 -0.172681 -0.172681 -0.172681 -0.172681 -0.172681
-0.172681 -0.172681 -0.172681 -0.172681 -0.172681 -0.172681 -0.172681 -0.172681 -0.172681 -0.172681
-0.172681 -0.172681 -0.172681 -0.172681 -0.172681 -0.172681 -0.172681 -0.172681 -0.172681 -0.172681
-0.172681 -0.172681 -0.172681 -0.172681 -0.172681 -0.172681 -0.172681 -0.172681 -0.172681 -0.172681
-0.172681 -0.172681 -0.172681 -0.172681 -0.172681 -0.172681 -0.172681 -0.172681 -0.172681 -0.172681
-0.172681 -0.172681 -0.172681 -0.172681 -0.172681 -0.172681 -0.172681 -0.172681 -0.172681 -0.172681
-0.172681 -0.172681 -0.172681 -0.172681 -0.172681 -0.172681 -0.172681 -0.172681 -0.172681 -0.172681
-0.172681 -0.172681 -0.172681 -0.172681 -0.172681 -0.172681 -0.172681 -0.172681 -0.172681 -0.172681
-0.172681 -0.172681 -0.172681 -0.172681 -0.172681 -0.172681 -0.172681 -0.172681 -0.172681 -0.172681
-0.172681 -0.172681 -0.172681 -0.172681 -0.172681 -0.172681 -0.172681 -0.172681 -0.172681 -0.172681
-0.172681 -0.172681 -0.172681 -0.172681 -0.172681 -0.172681 -0.172681 -0.172681 -0.172681 -0.172681
-0.172681 -0.172681 -0.172681 -0.172681 -0.172681 -0.172681 -0.172681 -0.172681 -0.172681 -0.172681
-0.172681 -0.172681 -0.172681 -0.172681 -0.172681 -0.172681 -0.172681 -0.172681 -0.172681 -0.172681
-0.172681 -0.172681 -0.172681 -0.172681 -0.172681 -0.172681 -0.172681 -0.172681 -0.172681 -0.172681
-0.172681 -0.172681 -0.172681 -0.172681 -0.172681 -0.172681 -0.172681 -0.172681 -0.172681 -0.172681
-0.172681 -0.172681 -0.172681 -0.172681 -0.172681 -0.172681 -0.172681 -0.172681 -0.172681 -0.172681
-0.172681 -0.172681 -0.172681 -0.172681 -0.172681 -0.172681 -0.172681 -0.172681 -0.172681 -0.172681
-0.172681 -0.172681 -0.172681 -0.172681 -0.172681 -0.172681 -0.172681 -0.172681 -0.172681 -0.172681
-0.172681 -0.172681 -0.172681 -0.172681 -0.172681 -0.172681 -0.172681 -0.172681 -0.172681 -0.172681
-0.172681 -0.172681 -0.172681 -0.172681 -0.172681 -0.172681 -0.172681 -0.172681 -0.172681 -0.172681
-0.172681 -0.172681 -0.172681 -0.172681 -0.172681 -0.172681 -0.172681 -0.172681 -0.172681 -0.172681
-0.172681 -0.172681 -0.172681 -0.172681 -0.172681 -0.172681 -0.172681 -0.172681 -0.172681 -0.172681
-0.172681 -0.172681 -0.172681 -0.172681 -0.172681 -0.172681 -0.172681 -0.172681 -0.172681 -0.172681
-0.172681 -0.172681 -0.172681 -0.172681 -0.172681 -0.172681 -0.172681 -0.172681 -0.172681 -0.172681
-0.172681 -0.172681 -0.172681 -0.172681 -0.172681 -0.172681 -0.172681 -0.172681 -0.172681 -0.172681
-0.172681 -0.172681 -0.172681 -0.172681 -0.172681 -0.172681 -0.172681 -0.172681 -0.172681       0.2
-0.172681 -0.172681 -0.172681 -0.172681 -0.172681 -0.172681 -0.172681 -0.172681       0.2       0.2
-0.172681 -0.172681 -0.172681 -0.172681 -0.172681 -0.172681 -0.172681       0.2       0.2       0.2
-0.172681 -0.172681 -0.172681 -0.172681 -0.172681 -0.172681       0.2       0.2       0.2       0.2
-0.172681 -0.172681 -0.172681 -0.172681 -0.172681       0.2       0.2       0.2       0.2       0.2
-0.172681 -0.172681 -0.172681 -0.172681       0.2       0.2       0.2       0.2       0.2       0.2
-0.172681 -0.172681 -0.172681       0.2       0.2       0.2       0.2       0.2       0.2       0.2
-0.172681 -0.172681       0.2       0.2       0.2       0.2       0.2       0.2       0.2       0.2
-0.172681       0.2       0.2       0.2       0.2       0.2       0.2       0.2       0.2       0.2
0.2 0.2 0.2 0.2 0.2 0.2 0.2 0.2 0.2 0.2
0.2 0.2 0.2 0.2 0.2 0.2 0.2 0.2 0.2 0.2
0.2 0.2 0.2 0.2 0.2 0.2 0.2 0.2 0.2 0.2
0.2 0.2 0.2 0.2 0.2 0.2 0.2 0.2 0.2 0.2
0.2 0.2 0.2 0.2 0.2 0.2 0.2 0.2 0.2 0.2
0 0 0 0 0 0 0 0 0 0
0 0 0 0 0 0 0 0 0 0
0 0 0 0 0 0 0 0 0 0
0 0 0 0 0 0 0 0 0 0
0 0 0 0 0 0 0 0 0 0
0 0 0 0 0 0 0 0 0 0
0 0 0 0 0 0 0 0 0 0
0 0 0 0 0 0 0 0 0 0
0 0 0 0 0 0 0 0 0 0
0 0 0 0 0 0 0 0 0 0
0 0 0 0 0 0 0 0 0 0
0 0 0 0 0 0 0 0 0 0
0 0 0 0 0 0 0 0 0 0
0 0 0 0 0 0 0 0 0 0
0 0 0 0 0 0 0 0 0 0
0 0 0 0 0 0 0 0 0 0
0 0 0 0 0 0 0 0 0 0
0 0 0 0 0 0 0 0 0 0
0 0 0 0 0 0 0 0 0 0
0 0 0 0 0 0 0 0 0 0
0 0 0 0 0 0 0 0 0 0
0 0 0 0 0 0 0 0 0 0
0 0 0 0 0 0 0 0 0 0
0 0 0 0 0 0 0 0 0 0
0 0 0 0 0 0 0 0 0 0
0 0 0 0 0 0 0 0 0 0
0 0 0 0 0 0 0 0 0 0
0 0 0 0 0 0 0 0 0 0
0 0 0 0 0 0 0 0 0 0
0 0 0 0 0 0 0 0 0 0
0 0 0 0 0 0 0 0 0 0
0 0 0 0 0 0 0 0 0 0
0 0 0 0 0 0 0 0 0 0
0 0 0 0 0 0 0 0 0 0
0 0 0 0 0 0 0 0 0 0
0 0 0 0 0 0 0 0 0 0
0 0 0 0 0 0 0 0 0 0
0 0 0 0 0 0 0 0 0 0
0 0 0 0 0 0 0 0 0 0
0 0 0 0 0 0 0 0 0 0
-0.194776 -0.194776 -0.194776 -0.194776 -0.194776 -0.194776 -0.194776 -0.194776 -0.194776 -0.194776
-0.194776 -0.194776 -0.194776 -0.194776 -0.194776 -0.194776 -0.194776 -0.194776 -0.194776 -0.194776
-0.194776 -0.194776 -0.194776 -0.194776 -0.194776 -0.194776 -0.194776 -0.194776 -0.194776 -0.194776
-0.194776 -0.194776 -0.194776 -0.194776 -0.194776 -0.194776 -0.194776 -0.194776 -0.194776 -0.194776
-0.194776 -0.194776 -0.194776 -0.194776 -0.194776 -0.194776 -0.194776 -0.194776 -0.194776 -0.194776
-0.194776 -0.194776 -0.194776 -0.194776 -0.194776 -0.194776 -0.194776 -0.194776 -0.194776 -0.194776
-0.194776 -0.194776 -0.194776 -0.194776 -0.194776 -0.194776 -0.194776 -0.194776 -0.194776 -0.194776
-0.194776 -0.194776 -0.194776 -0.194776 -0.194776 -0.194776 -0.194776 -0.194776 -0.194776 -0.194776
-0.194776 -0.194776 -0.194776 -0.194776 -0.194776 -0.194776 -0.194776 -0.194776 -0.194776 -0.194776
-0.194776 -0.194776 -0.194776 -0.194776 -0.194776 -0.194776 -0.194776 -0.194776 -0.194776 -0.194776
-0.194776 -0.194776 -0.194776 -0.194776 -0.194776 -0.194776 -0.194776 -0.194776 -0.194776 -0.194776
-0.194776 -0.194776 -0.194776 -0.194776 -0.194776 -0.194776 -0.194776 -0.194776 -0.194776 -0.194776
-0.194776 -0.194776 -0.194776 -0.194776 -0.194776 -0.194776 -0.194776 -0.194776 -0.194776 -0.194776
-0.194776 -0.194776 -0.194776 -0.194776 -0.194776 -0.194776 -0.194776 -0.194776 -0.194776 -0.194776
-0.194776 -0.194776 -0.194776 -0.194776 -0.194776 -0.194776 -0.194776 -0.194776 -0.194776 -0.194776
-0.194776 -0.194776 -0.194776 -0.194776 -0.194776 -0.194776 -0.194776 -0.194776 -0.194776 -0.194776
-0.194776 -0.194776 -0.194776 -0.194776 -0.194776 -0.194776 -0.194776 -0.194776 -0.194776 -0.194776
-0.194776 -0.194776 -0.194776 -0.194776 -0.194776 -0.194776 -0.194776 -0.194776 -0.194776 -0.194776
-0.194776 -0.194776 -0.194776 -0.194776 -0.194776 -0.194776 -0.194776 -0.194776 -0.194776 -0.194776
-0.194776 -0.194776 -0.194776 -0.194776 -0.194776 -0.194776 -0.194776 -0.194776 -0.194776 -0.194776
-0.194776 -0.194776 -0.194776 -0.194776 -0.194776 -0.194776 -0.194776 -0.194776 -0.194776 -0.194776
-0.194776 -0.194776 -0.194776 -0.194776 -0.194776 -0.194776 -0.194776 -0.194776 -0.194776 -0.194776
-0.194776 -0.194776 -0.194776 -0.194776 -0.194776 -0.194776 -0.194776 -0.194776 -0.194776 -0.194776
-0.194776 -0.194776 -0.194776 -0.194776 -0.194776 -0.194776 -0.194776 -0.194776 -0.194776 -0.194776
-0.194776 -0.194776 -0.194776 -0.194776 -0.194776 -0.194776 -0.194776 -0.194776 -0.194776 -0.194776
-0.194776 -0.194776 -0.194776 -0.194776 -0.194776 -0.194776 -0.194776 -0.194776 -0.194776 -0.194776
-0.194776 -0.194776 -0.194776 -0.194776 -0.194776 -0.194776 -0.194776 -0.194776 -0.194776       0.2
-0.194776 -0.194776 -0.194776 -0.194776 -0.194776 -0.194776 -0.194776 -0.194776       0.2       0.2
-0.194776 -0.194776 -0.194776 -0.194776 -0.194776 -0.194776 -0.194776       0.2       0.2       0.2
-0.194776 -0.194776 -0.194776 -0.194776 -0.194776 -0.194776       0.2       0.2       0.2       0.2
-0.194776 -0.194776 -0.194776 -0.194776 -0.194776       0.2       0.2       0.2       0.2       0.2
-0.194776 -0.194776 -0.194776 -0.194776       0.2       0.2       0.2       0.2       0.2       0.2
-0.194776 -0.194776 -0.194776       0.2       0.2       0.2       0.2       0.2       0.2       0.2
-0.194776 -0.194776       0.2       0.2       0.2       0.2       0.2       0.2       0.2       0.2
-0.194776       0.2       0.2       0.2       0.2       0.2       0.2       0.2       0.2       0.2
0.2 0.2 0.2 0.2 0.2 0.2 0.2 0.2 0.2 0.2
0.2 0.2 0.2 0.2 0.2 0.2 0.2 0.2 0.2 0.2
0.2 0.2 0.2 0.2 0.2 0.2 0.2 0.2 0.2 0.2
0.2 0.2 0.2 0.2 0.2 0.2 0.2 0.2 0.2 0.2
0.2 0.2 0.2 0.2 0.2 0.2 0.2 0.2 0.2 0.2
0 0 0 0 0 0 0 0 0 0
0 0 0 0 0 0 0 0 0 0
0 0 0 0 0 0 0 0 0 0
0 0 0 0 0 0 0 0 0 0
0 0 0 0 0 0 0 0 0 0
0 0 0 0 0 0 0 0 0 0
0 0 0 0 0 0 0 0 0 0
0 0 0 0 0 0 0 0 0 0
0 0 0 0 0 0 0 0 0 0
0 0 0 0 0 0 0 0 0 0
0 0 0 0 0 0 0 0 0 0
0 0 0 0 0 0 0 0 0 0
0 0 0 0 0 0 0 0 0 0
0 0 0 0 0 0 0 0 0 0
0 0 0 0 0 0 0 0 0 0
0 0 0 0 0 0 0 0 0 0
0 0 0 0 0 0 0 0 0 0
0 0 0 0 0 0 0 0 0 0
0 0 0 0 0 0 0 0 0 0
0 0 0 0 0 0 0 0 0 0
0 0 0 0 0 0 0 0 0 0
0 0 0 0 0 0 0 0 0 0
0 0 0 0 0 0 0 0 0 0
0 0 0 0 0 0 0 0 0 0
0 0 0 0 0 0 0 0 0 0
0 0 0 0 0 0 0 0 0 0
0 0 0 0 0 0 0 0 0 0
0 0 0 0 0 0 0 0 0 0
0 0 0 0 0 0 0 0 0 0
0 0 0 0 0 0 0 0 0 0
0 0 0 0 0 0 0 0 0 0
0 0 0 0 0 0 0 0 0 0
0 0 0 0 0 0 0 0 0 0
0 0 0 0 0 0 0 0 0 0
0 0 0 0 0 0 0 0 0 0
0 0 0 0 0 0 0 0 0 0
0 0 0 0 0 0 0 0 0 0
0 0 0 0 0 0 0 0 0 0
0 0 0 0 0 0 0 0 0 0
0 0 0 0 0 0 0 0 0 0
0 0 0 0 0 0 0 0 0 0
0 0 0 0 0 0 0 0 0 0
0 0 0 0 0 0 0 0 0 0
0 0 0 0 0 0 0 0 0 0
0 0 0 0 0 0 0 0 0 0
0 0 0 0 0 0 0 0 0 0
0 0 0 0 0 0 0 0 0 0
0 0 0 0 0 0 0 0 0 0
0 0 0 0 0 0 0 0 0 0
0 0 0 0 0 0 0 0 0 0
0 0 0 0 0 0 0 0 0 0
0 0 0 0 0 0 0 0 0 0
0 0 0 0 0 0 0 0 0 0
0 0 0 0 0 0 0 0 0 0
0 0 0 0 0 0 0 0 0 0
0 0 0 0 0 0 0 0 0 0
0 0 0 0 0 0 0 0 0 0
0 0 0 0 0 0 0 0 0 0
0 0 0 0 0 0 0 0 0 0
0 0 0 0 0 0 0 0 0 0
0 0 0 0 0 0 0 0 0 0
0 0 0 0 0 0 0 0 0 0
0 0 0 0 0 0 0 0 0 0
0 0 0 0 0 0 0 0 0 0
0 0 0 0 0 0 0 0 0 0
0 0 0 0 0 0 0 0 0 0
  0   0   0   0   0   0   0   0   0 0.2
  0   0   0   0   0   0   0   0 0.2 0.2
  0   0   0   0   0   0   0 0.2 0.2 0.2
  0   0   0   0   0   0 0.2 0.2 0.2 0.2
  0   0   0   0   0 0.2 0.2 0.2 0.2 0.2
  0   0   0   0 0.2 0.2 0.2 0.2 0.2 0.2
  0   0   0 0.2 0.2 0.2 0.2 0.2 0.2 0.2
  0   0 0.2 0.2 0.2 0.2 0.2 0.2 0.2 0.2
  0 0.2 0.2 0.2 0.2 0.2 0.2 0.2 0.2 0.2
  0 0.2 0.2 0.2 0.2 0.2 0.2 0.2 0.2 0.2
  0 0.2 0.2 0.2 0.2 0.2 0.2 0.2 0.2 0.2
  0 0.2 0.2 0.2 0.2 0.2 0.2 0.2 0.2 0.2
  0 0.2 0.2 0.2 0.2 0.2 0.2 0.2 0.2 0.2
  0 0.2 0.2 0.2 0.2 0.2 0.2 0.2 0.2 0.2
  0 0.2 0.2 0.2 0.2 0.2 0.2 0.2 0.2 0.2
  0 0.2 0.2 0.2 0.2 0.2 0.2 0.2 0.2 0.2
  0 0.2 0.2 0.2 0.2 0.2 0.2 0.2 0.2 0.2
  0 0.2 0.2 0.2 0.2 0.2 0.2 0.2 0.2 0.2
  0 0.2 0.2 0.2 0.2 0.2 0.2 0.2 0.2 0.2
  0 0.2 0.2 0.2 0.2 0.2 0.2 0.2 0.2 0.2
  0 0.2 0.2 0.2 0.2 0.2 0.2 0.2 0.2 0.2
  0 0.2 0.2 0.2 0.2 0.2 0.2 0.2 0.2 0.2
  0 0.2 0.2 0.2 0.2 0.2 0.2 0.2 0.2 0.2
  0 0.2 0.2 0.2 0.2 0.2 0.2 0.2 0.2 0.2
  0 0.2 0.2 0.2 0.2 0.2 0.2 0.2 0.2 0.2
  0 0.2 0.2 0.2 0.2 0.2 0.2 0.2 0.2 0.2
  0 0.2 0.2 0.2 0.2 0.2 0.2 0.2 0.2 0.2
  0 0.2 0.2 0.2 0.2 0.2 0.2 0.2 0.2 0.2
  0 0.2 0.2 0.2 0.2 0.2 0.2 0.2 0.2 0.2
  0 0.2 0.2 0.2 0.2 0.2 0.2 0.2 0.2 0.2
  0 0.2 0.2 0.2 0.2 0.2 0.2 0.2 0.2 0.2
  0 0.2 0.2 0.2 0.2 0.2 0.2 0.2 0.2 0.2
  0 0.2 0.2 0.2 0.2 0.2 0.2 0.2 0.2 0.2
  0 0.2 0.2 0.2 0.2 0.2 0.2 0.2 0.2 0.2
  0 0.2 0.2 0.2 0.2 0.2 0.2 0.2 0.2 0.2
  0 0.2 0.2 0.2 0.2 0.2 0.2 0.2 0.2 0.2
  0 0.2 0.2 0.2 0.2 0.2 0.2 0.2 0.2 0.2
  0 0.2 0.2 0.2 0.2 0.2 0.2 0.2 0.2 0.2
  0 0.2 0.2 0.2 0.2 0.2 0.2 0.2 0.2 0.2
  0 0.2 0.2 0.2 0.2 0.2 0.2 0.2 0.2 0.2
  0 0.2 0.2 0.2 0.2 0.2 0.2 0.2 0.2 0.2
  0 0.2 0.2 0.2 0.2 0.2 0.2 0.2 0.2 0.2
  0 0.2 0.2 0.2 0.2 0.2 0.2 0.2 0.2 0.2
  0 0.2 0.2 0.2 0.2 0.2 0.2 0.2 0.2 0.2
  0 0.2 0.2 0.2 0.2 0.2 0.2 0.2 0.2 0.2
  0 0.2 0.2 0.2 0.2 0.2 0.2 0.2 0.2 0.2
  0 0.2 0.2 0.2 0.2 0.2 0.2 0.2 0.2 0.2
  0 0.2 0.2 0.2 0.2 0.2 0.2 0.2 0.2 0.2
  0 0.2 0.2 0.2 0.2 0.2 0.2 0.2 0.2 0.2
  0 0.2 0.2 0.2 0.2 0.2 0.2 0.2 0.2 0.2
  0 0.2 0.2 0.2 0.2 0.2 0.2 0.2 0.2 0.2
  0 0.2 0.2 0.2 0.2 0.2 0.2 0.2 0.2 0.2
  0 0.2 0.2 0.2 0.2 0.2 0.2 0.2 0.2 0.2
  0 0.2 0.2 0.2 0.2 0.2 0.2 0.2 0.2 0.2
  0 0.2 0.2 0.2 0.2 0.2 0.2 0.2 0.2 0.2
  0 0.2 0.2 0.2 0.2 0.2 0.2 0.2 0.2 0.2
  0 0.2 0.2 0.2 0.2 0.2 0.2 0.2 0.2 0.2
  0 0.2 0.2 0.2 0.2 0.2 0.2 0.2 0.2 0.2
  0 0.2 0.2 0.2 0.2 0.2 0.2 0.2 0.2 0.2
  0 0.2 0.2 0.2 0.2 0.2 0.2 0.2 0.2 0.2
  0 0.2 0.2 0.2 0.2 0.2 0.2 0.2 0.2 0.2
  0 0.2 0.2 0.2 0.2 0.2 0.2 0.2 0.2 0.2
  0 0.2 0.2 0.2 0.2 0.2 0.2 0.2 0.2 0.2
  0 0.2 0.2 0.2 0.2 0.2 0.2 0.2 0.2 0.2
  0 0.2 0.2 0.2 0.2 0.2 0.2 0.2 0.2 0.2
  0 0.2 0.2 0.2 0.2 0.2 0.2 0.2 0.2 0.2
  0 0.2 0.2 0.2 0.2 0.2 0.2 0.2 0.2 0.2
  0 0.2 0.2 0.2 0.2 0.2 0.2 0.2 0.2 0.2
  0 0.2 0.2 0.2 0.2 0.2 0.2 0.2 0.2 0.2
  0 0.2 0.2 0.2 0.2 0.2 0.2 0.2 0.2 0.2
  0 0.2 0.2 0.2 0.2 0.2 0.2 0.2 0.2 0.2
  0 0.2 0.2 0.2 0.2 0.2 0.2 0.2 0.2 0.2
  0 0.2 0.2 0.2 0.2 0.2 0.2 0.2 0.2 0.2
  0 0.2 0.2 0.2 0.2 0.2 0.2 0.2 0.2 0.2
  0 0.2 0.2 0.2 0.2 0.2 0.2 0.2 0.2 0.2
  0 0.2 0.2 0.2 0.2 0.2 0.2 0.2 0.2 0.2
  0 0.2 0.2 0.2 0.2 0.2 0.2 0.2 0.2 0.2
  0 0.2 0.2 0.2 0.2 0.2 0.2 0.2 0.2 0.2
  0 0.2 0.2 0.2 0.2 0.2 0.2 0.2 0.2 0.2
  0 0.2 0.2 0.2 0.2 0.2 0.2 0.2 0.2 0.2
  0 0.2 0.2 0.2 0.2 0.2 0.2 0.2 0.2 0.2
  0 0.2 0.2 0.2 0.2 0.2 0.2 0.2 0.2 0.2
  0 0.2 0.2 0.2 0.2 0.2 0.2 0.2 0.2 0.2
  0 0.2 0.2 0.2 0.2 0.2 0.2 0.2 0.2 0.2
  0 0.2 0.2 0.2 0.2 0.2 0.2 0.2 0.2 0.2
  0 0.2 0.2 0.2 0.2 0.2 0.2 0.2 0.2 0.2
  0 0.2 0.2 0.2 0.2 0.2 0.2 0.2 0.2 0.2
  0 0.2 0.2 0.2 0.2 0.2 0.2 0.2 0.2 0.2
  0 0.2 0.2 0.2 0.2 0.2 0.2 0.2 0.2 0.2
  0 0.2 0.2 0.2 0.2 0.2 0.2 0.2 0.2 0.2
  0 0.2 0.2 0.2 0.2 0.2 0.2 0.2 0.2 0.2
  0 0.2 0.2 0.2 0.2 0.2 0.2 0.2 0.2 0.2
  0 0.2 0.2 0.2 0.2 0.2 0.2 0.2 0.2 0.2
  0 0.2 0.2 0.2 0.2 0.2 0.2 0.2 0.2 0.2
  0 0.2 0.2 0.2 0.2 0.2 0.2 0.2 0.2 0.2
  0 0.2 0.2 0.2 0.2 0.2 0.2 0.2 0.2 0.2
  0 0.2 0.2 0.2 0.2 0.2 0.2 0.2 0.2 0.2
  0 0.2 0.2 0.2 0.2 0.2 0.2 0.2 0.2 0.2
  0 0.2 0.2 0.2 0.2 0.2 0.2 0.2 0.2 0.2
  0 0.2 0.2 0.2 0.2 0.2 0.2 0.2 0.2 0.2
  0 0.2 0.2 0.2 0.2 0.2 0.2 0.2 0.2 0.2
  0 0.2 0.2 0.2 0.2 0.2 0.2 0.2 0.2 0.2
  0 0.2 0.2 0.2 0.2 0.2 0.2 0.2 0.2 0.2
  0 0.2 0.2 0.2 0.2 0.2 0.2 0.2 0.2 0.2
  0 0.2 0.2 0.2 0.2 0.2 0.2 0.2 0.2 0.2
  0 0.2 0.2 0.2 0.2 0.2 0.2 0.2 0.2 0.2
  0 0.2 0.2 0.2 0.2 0.2 0.2 0.2 0.2 0.2
  0 0.2 0.2 0.2 0.2 0.2 0.2 0.2 0.2 0.2
  0 0.2 0.2 0.2 0.2 0.2 0.2 0.2 0.2 0.2
  0 0.2 0.2 0.2 0.2 0.2 0.2 0.2 0.2 0.2
  0 0.2 0.2 0.2 0.2 0.2 0.2 0.2 0.2 0.2
  0 0.2 0.2 0.2 0.2 0.2 0.2 0.2 0.2 0.2
  0 0.2 0.2 0.2 0.2 0.2 0.2 0.2 0.2 0.2
  0 0.2 0.2 0.2 0.2 0.2 0.2 0.2 0.2 0.2
  0 0.2 0.2 0.2 0.2 0.2 0.2 0.2 0.2 0.2
  0 0.2 0.2 0.2 0.2 0.2 0.2 0.2 0.2 0.2
  0 0.2 0.2 0.2 0.2 0.2 0.2 0.2 0.2 0.2
  0 0.2 0.2 0.2 0.2 0.2 0.2 0.2 0.2 0.2
  0 0.2 0.2 0.2 0.2 0.2 0.2 0.2 0.2 0.2
  0 0.2 0.2 0.2 0.2 0.2 0.2 0.2 0.2 0.2
  0 0.2 0.2 0.2 0.2 0.2 0.2 0.2 0.2 0.2
  0 0.2 0.2 0.2 0.2 0.2 0.2 0.2 0.2 0.2
  0 0.2 0.2 0.2 0.2 0.2 0.2 0.2 0.2 0.2
  0 0.2 0.2 0.2 0.2 0.2 0.2 0.2 0.2 0.2
  0 0.2 0.2 0.2 0.2 0.2 0.2 0.2 0.2 0.2
  0 0.2 0.2 0.2 0.2 0.2 0.2 0.2 0.2 0.2
  0 0.2 0.2 0.2 0.2 0.2 0.2 0.2 0.2 0.2
  0 0.2 0.2 0.2 0.2 0.2 0.2 0.2 0.2 0.2
  0 0.2 0.2 0.2 0.2 0.2 0.2 0.2 0.2 0.2
  0 0.2 0.2 0.2 0.2 0.2 0.2 0.2 0.2 0.2
  0 0.2 0.2 0.2 0.2 0.2 0.2 0.2 0.2 0.2
  0 0.2 0.2 0.2 0.2 0.2 0.2 0.2 0.2 0.2
  0 0.2 0.2 0.2 0.2 0.2 0.2 0.2 0.2 0.2
  0 0.2 0.2 0.2 0.2 0.2 0.2 0.2 0.2 0.2
  0 0.2 0.2 0.2 0.2 0.2 0.2 0.2 0.2 0.2
  0 0.2 0.2 0.2 0.2 0.2 0.2 0.2 0.2 0.2
  0 0.2 0.2 0.2 0.2 0.2 0.2 0.2 0.2 0.2
  0 0.2 0.2 0.2 0.2 0.2 0.2 0.2 0.2 0.2
  0 0.2 0.2 0.2 0.2 0.2 0.2 0.2 0.2 0.2
  0 0.2 0.2 0.2 0.2 0.2 0.2 0.2 0.2 0.2
  0 0.2 0.2 0.2 0.2 0.2 0.2 0.2 0.2 0.2
  0 0.2 0.2 0.2 0.2 0.2 0.2 0.2 0.2 0.2
  0 0.2 0.2 0.2 0.2 0.2 0.2 0.2 0.2 0.2
  0 0.2 0.2 0.2 0.2 0.2 0.2 0.2 0.2 0.2
  0 0.2 0.2 0.2 0.2 0.2 0.2 0.2 0.2 0.2
  0 0.2 0.2 0.2 0.2 0.2 0.2 0.2 0.2 0.2
  0 0.2 0.2 0.2 0.2 0.2 0.2 0.2 0.2 0.2
  0 0.2 0.2 0.2 0.2 0.2 0.2 0.2 0.2 0.2
