-0.102484 -0.102484 -0.102484 -0.102485 -0.102486 -0.102487 -0.102488 -0.102491 -0.102493 -0.102497
-0.102486 -0.102487 -0.102488  -0.10249 -0.102493 -0.102496 -0.102499 -0.102503 -0.102508 -0.102513
-0.102486 -0.102488 -0.102489 -0.102492 -0.102495 -0.102498 -0.102502 -0.102506 -0.102511 -0.102516
-0.102488  -0.10249 -0.102492 -0.102495 -0.102499 -0.102503 -0.102507 -0.102512 -0.102518 -0.102523
 -0.10249 -0.102493 -0.102496   -0.1025 -0.102504 -0.102509 -0.102514 -0.102519 -0.102525 -0.102532
-0.102493 -0.102496   -0.1025 -0.102504 -0.102509 -0.102514  -0.10252 -0.102526 -0.102532 -0.102539
-0.102496   -0.1025 -0.102504 -0.102509 -0.102514  -0.10252 -0.102526 -0.102533  -0.10254 -0.102547
  -0.1025 -0.102504 -0.102509 -0.102515  -0.10252 -0.102526 -0.102533  -0.10254 -0.102548 -0.102556
-0.102504 -0.102509 -0.102515 -0.102521 -0.102527 -0.102533  -0.10254 -0.102548 -0.102556 -0.102565
-0.102509 -0.102515 -0.102521 -0.102527 -0.102534 -0.102541 -0.102549 -0.102557 -0.102565 -0.102574
-0.102515 -0.102521 -0.102527 -0.102534 -0.102541 -0.102549 -0.102557 -0.102566 -0.102575 -0.102585
-0.102521 -0.102527 -0.102534 -0.102542 -0.102549 -0.102558 -0.102566 -0.102576 -0.102586 -0.102596
-0.102528 -0.102534 -0.102542  -0.10255 -0.102558 -0.102567 -0.102576 -0.102586 -0.102597 -0.102608
-0.102535 -0.102542  -0.10255 -0.102559 -0.102568 -0.102577 -0.102587 -0.102598 -0.102609 -0.102621
-0.102542  -0.10255 -0.102559 -0.102568 -0.102578 -0.102588 -0.102598  -0.10261 -0.102622 -0.102635
 -0.10255 -0.102559 -0.102568 -0.102578 -0.102588 -0.102599 -0.102611 -0.102623 -0.102636 -0.102649
-0.102559 -0.102569 -0.102578 -0.102589   -0.1026 -0.102611 -0.102624 -0.102637  -0.10265 -0.102665
-0.102569 -0.102579 -0.102589   -0.1026 -0.102612 -0.102624 -0.102637 -0.102651 -0.102666 -0.102682
-0.102579 -0.102589 -0.102601 -0.102613 -0.102625 -0.102638 -0.102652 -0.102667 -0.102683   -0.1027
 -0.10259 -0.102601 -0.102613 -0.102626 -0.102639 -0.102653 -0.102668 -0.102684 -0.102701 -0.102719
-0.102601 -0.102613 -0.102626  -0.10264 -0.102654 -0.102669 -0.102685 -0.102702  -0.10272 -0.102739
-0.102614 -0.102627  -0.10264 -0.102655  -0.10267 -0.102686 -0.102703 -0.102722 -0.102741 -0.102762
-0.102627 -0.102641 -0.102655 -0.102671 -0.102687 -0.102705 -0.102723 -0.102742 -0.102763 -0.102785
-0.102641 -0.102656 -0.102672 -0.102688 -0.102706 -0.102724 -0.102744 -0.102765 -0.102787 -0.102811
-0.102656 -0.102672 -0.102689 -0.102706 -0.102725 -0.102745 -0.102766 -0.102788 -0.102812 -0.102838
-0.102672 -0.102689 -0.102707 -0.102726 -0.102746 -0.102768  -0.10279 -0.102814  -0.10284 -0.102867
-0.102689 -0.102708 -0.102727 -0.102747 -0.102769 -0.102792 -0.102816 -0.102842 -0.102869 -0.102898
-0.102708 -0.102727 -0.102748  -0.10277 -0.102793 -0.102817 -0.102843 -0.102871   -0.1029 -0.102932
-0.102728 -0.102749 -0.102771 -0.102794 -0.102819 -0.102845 -0.102873 -0.102902 -0.102934 -0.102967
-0.102749 -0.102771 -0.102795  -0.10282 -0.102847 -0.102875 -0.102905 -0.102936  -0.10297 -0.103005
-0.102772 -0.102796 -0.102821 -0.102848 -0.102876 -0.102907 -0.102938 -0.102972 -0.103008 -0.103046
-0.102796 -0.102822 -0.102849 -0.102878 -0.102908 -0.102941 -0.102975 -0.103011 -0.103049 -0.103089
-0.102822  -0.10285 -0.102879  -0.10291 -0.102942 -0.102977 -0.103013 -0.103051 -0.103092 -0.103134
 -0.10285  -0.10288 -0.102911 -0.102944 -0.102979 -0.103015 -0.103054 -0.103095 -0.103137 -0.103183
 -0.10288 -0.102912 -0.102945  -0.10298 -0.103018 -0.103056 -0.103097 -0.103141 -0.103186 -0.103234
-0.102912 -0.102946 -0.102981 -0.103019 -0.103058 -0.103099 -0.103142 -0.103188 -0.103236 -0.103287
-0.102946 -0.102982 -0.103019 -0.103059   -0.1031 -0.103144  -0.10319 -0.103238 -0.103289 -0.103343
-0.102982  -0.10302  -0.10306 -0.103101 -0.103145 -0.103191  -0.10324 -0.103291 -0.103345 -0.103402
 -0.10302  -0.10306 -0.103102 -0.103147 -0.103193 -0.103242 -0.103293 -0.103347 -0.103405 -0.103465
-0.103061 -0.103103 -0.103148 -0.103194 -0.103243 -0.103295 -0.103349 -0.103407 -0.103468 -0.103533
-0.103103 -0.103148 -0.103195 -0.103245 -0.103297 -0.103352  -0.10341 -0.103471 -0.103536 -0.103606
-0.103149 -0.103196 -0.103246 -0.103298 -0.103354 -0.103412 -0.103474 -0.103539 -0.103609 -0.103684
-0.103197 -0.103247   -0.1033 -0.103355 -0.103414 -0.103476 -0.103542 -0.103612 -0.103687 -0.103767
-0.103247 -0.103301 -0.103357 -0.103416 -0.103478 -0.103545 -0.103615  -0.10369 -0.103771 -0.103857
-0.103301 -0.103358 -0.103417  -0.10348 -0.103547 -0.103618 -0.103694 -0.103774 -0.103861 -0.103953
-0.103358 -0.103419 -0.103483  -0.10355 -0.103622 -0.103698 -0.103779 -0.103866 -0.103959 -0.104059
-0.103419 -0.103484 -0.103552 -0.103625 -0.103702 -0.103784 -0.103871 -0.103965 -0.104065 -0.104172
-0.103485 -0.103554 -0.103627 -0.103705 -0.103788 -0.103876  -0.10397 -0.104071 -0.104179 -0.104295
-0.103555 -0.103629 -0.103708 -0.103791  -0.10388 -0.103975 -0.104077 -0.104185 -0.104302 -0.104427
 -0.10363 -0.103709 -0.103794 -0.103884  -0.10398 -0.104082 -0.104192 -0.104309 -0.104434 -0.104569
 -0.10371 -0.103796 -0.103887 -0.103984 -0.104087 -0.104197 -0.104315 -0.104441 -0.104577 -0.104722
-0.103797 -0.103889 -0.103987 -0.104091 -0.104203 -0.104321 -0.104448 -0.104584  -0.10473 -0.104887
 -0.10389 -0.103989 -0.104095 -0.104207 -0.104327 -0.104455 -0.104592 -0.104738 -0.104896 -0.105065
 -0.10399 -0.104097  -0.10421 -0.104331 -0.104461 -0.104599 -0.104746 -0.104904 -0.105074 -0.105256
-0.104098 -0.104213 -0.104335 -0.104466 -0.104605 -0.104754 -0.104913 -0.105083 -0.105266 -0.105463
-0.104214 -0.104338  -0.10447  -0.10461  -0.10476 -0.104921 -0.105092 -0.105276 -0.105473 -0.105685
-0.104339 -0.104472 -0.104614 -0.104766 -0.104928   -0.1051 -0.105285 -0.105484 -0.105696 -0.105925
-0.104474 -0.104617  -0.10477 -0.104933 -0.105108 -0.105294 -0.105494 -0.105707 -0.105937 -0.106183
-0.104619 -0.104773 -0.104938 -0.105114 -0.105302 -0.105503 -0.105718 -0.105948 -0.106195 -0.106461
-0.104775 -0.104941 -0.105119 -0.105309 -0.105511 -0.105728 -0.105959 -0.106208 -0.106474  -0.10676
-0.104943 -0.105122 -0.105314 -0.105518 -0.105737  -0.10597  -0.10622 -0.106487 -0.106775 -0.107083
-0.105124 -0.105318 -0.105524 -0.105744 -0.105979 -0.106231   -0.1065 -0.106788 -0.107098 -0.107431
-0.105319 -0.105528  -0.10575 -0.105987 -0.106241 -0.106512 -0.106802 -0.107113 -0.107447 -0.107805
 -0.10553 -0.105754 -0.105994 -0.106249 -0.106522 -0.106814 -0.107127 -0.107462 -0.107822 -0.108208
-0.105756 -0.105998 -0.106256 -0.106531 -0.106826  -0.10714 -0.107477 -0.107839 -0.108226 -0.108642
   -0.106 -0.106261 -0.106539 -0.106835 -0.107152 -0.107492 -0.107855 -0.108244 -0.108661  -0.10911
-0.106263 -0.106543 -0.106843 -0.107163 -0.107504  -0.10787 -0.108261  -0.10868  -0.10913 -0.109614
-0.106546 -0.106848 -0.107171 -0.107515 -0.107883 -0.108277 -0.108698  -0.10915 -0.109635 -0.110156
-0.106851 -0.107176 -0.107524 -0.107895 -0.108291 -0.108715 -0.109169 -0.109656 -0.110179 -0.110741
-0.107179 -0.107529 -0.107904 -0.108303  -0.10873 -0.109187 -0.109677 -0.110202 -0.110765 -0.111371
-0.107532  -0.10791 -0.108313 -0.108743 -0.109203 -0.109696 -0.110223 -0.110789 -0.111396 -0.112049
-0.107913 -0.108319 -0.108753 -0.109217 -0.109713 -0.110243 -0.110812 -0.111422 -0.112076 -0.112781
-0.108323  -0.10876 -0.109228 -0.109727 -0.110261 -0.110833 -0.111446 -0.112103 -0.112809 -0.113569
-0.108764 -0.109235 -0.109739 -0.110277 -0.110852 -0.111468 -0.112129 -0.112838 -0.113599 -0.114418
-0.109239 -0.109746 -0.110289 -0.110869 -0.111489 -0.112153 -0.112865 -0.113629  -0.11445 -0.115333
-0.109751 -0.110297 -0.110882 -0.111507 -0.112176 -0.112892  -0.11366 -0.114484 -0.115369 -0.116321
-0.110302 -0.110891 -0.111521 -0.112195 -0.112916 -0.113688 -0.114516 -0.115405 -0.116359 -0.117386
-0.110896 -0.111531  -0.11221 -0.112936 -0.113714 -0.114546 -0.115439 -0.116397 -0.117426 -0.118533
-0.111536  -0.11222 -0.112952 -0.113735 -0.114573  -0.11547 -0.116433 -0.117466 -0.118576 -0.119768
-0.112226 -0.112963 -0.113752 -0.114596 -0.115499 -0.116466 -0.117504 -0.118618 -0.119814 -0.121099
-0.112969 -0.113763 -0.114614 -0.115523 -0.116497  -0.11754 -0.118658 -0.119858 -0.121147 -0.122532
-0.113769 -0.114625 -0.115542 -0.116522 -0.117571 -0.118695 -0.119901 -0.121194 -0.122583 -0.124076
-0.114632 -0.115554 -0.116542 -0.117598 -0.118729  -0.11994 -0.121239 -0.122633 -0.124129 -0.125738
-0.115561 -0.116555 -0.117619 -0.118758 -0.119976 -0.121281 -0.122681 -0.124182 -0.125794 -0.127527
-0.116563 -0.117634  -0.11878 -0.120006 -0.121319 -0.122725 -0.124232  -0.12585 -0.127587 -0.129453
-0.117641 -0.118794 -0.120029  -0.12135 -0.122764 -0.124278 -0.125902 -0.127644 -0.129515 -0.131526
-0.118802 -0.120044 -0.121374 -0.122796 -0.124319  -0.12595 -0.127699 -0.129575 -0.131591  -0.13376
-0.120053  -0.12139 -0.122822 -0.124353 -0.125993  -0.12775 -0.129633 -0.131655 -0.133828 -0.136167
-0.121399 -0.122839  -0.12438 -0.126029 -0.127795 -0.129687 -0.131716 -0.133896  -0.13624 -0.138759
-0.122848 -0.124398 -0.126058 -0.127834 -0.129735 -0.131773  -0.13396 -0.136311 -0.138836  -0.14153
-0.124408 -0.126077 -0.127864 -0.129776 -0.131824  -0.13402 -0.136379 -0.138911 -0.141611 -0.144445
-0.126088 -0.127884 -0.129808 -0.131867 -0.134074 -0.136443 -0.138984  -0.14169 -0.144531 -0.147447
-0.127895 -0.129829 -0.131901  -0.13412   -0.1365 -0.139051 -0.141767 -0.144615 -0.147539 -0.150466
-0.129841 -0.131924 -0.134156 -0.136548 -0.139112 -0.141838 -0.144696 -0.147627 -0.150562  -0.15342
-0.131936 -0.134179 -0.136585  -0.13916 -0.141899 -0.144768 -0.147709 -0.150652 -0.153517 -0.156237
 -0.13419 -0.136606 -0.139194 -0.141945 -0.144825 -0.147776 -0.150728 -0.153601 -0.156327  -0.15886
-0.136616 -0.139212 -0.141974 -0.144864 -0.147825 -0.150785 -0.153666 -0.156399 -0.158937 -0.161253
-0.139224 -0.141995 -0.144898 -0.147871 -0.150843 -0.153735 -0.156477 -0.159023 -0.161346  -0.16343
-0.142025 -0.144954  -0.14796 -0.150962 -0.153883 -0.156652 -0.159222 -0.161564 -0.163665 -0.165518
-0.144993 -0.148042 -0.151092 -0.154064 -0.156878 -0.159492 -0.161872 -0.164007 -0.165887 -0.167513
 -0.14799 -0.150992 -0.153905 -0.156665 -0.159224 -0.161557 -0.163647 -0.165492 -0.167087 -0.168437
-0.150939 -0.153803 -0.156503 -0.159006 -0.161283 -0.163326 -0.165125 -0.166684 -0.168002 -0.169086
-0.153744 -0.156391 -0.158828 -0.161044 -0.163025 -0.164771 -0.166281 -0.167559 -0.168608 -0.169433
 -0.15631 -0.158674   -0.1608 -0.162698 -0.164361 -0.165798  -0.16701 -0.168004 -0.168782  -0.16935
-0.158581 -0.160613 -0.162402 -0.163958 -0.165292 -0.166411 -0.167321 -0.168029 -0.168537 -0.168849
-0.160608 -0.162393 -0.163943 -0.165272 -0.166386 -0.167292 -0.167996 -0.168501  -0.16881 -0.168925
-0.162386 -0.163932 -0.165254 -0.166361 -0.167261 -0.167959 -0.168459 -0.168765 -0.168876 -0.168794
-0.163925 -0.165241 -0.166342 -0.167235 -0.167926  -0.16842  -0.16872 -0.168827 -0.168741 -0.168463
-0.165234 -0.166328 -0.167213 -0.167898 -0.168384 -0.168678 -0.168779 -0.168689 -0.168406 -0.167928
 -0.16632 -0.167199 -0.167874 -0.168354 -0.168639 -0.168733 -0.168637 -0.168349 -0.167867 -0.167188
-0.167191 -0.167859 -0.168329 -0.168606 -0.168692 -0.168588 -0.168293 -0.167806 -0.167122 -0.166239
 -0.16785 -0.168312 -0.168579 -0.168656 -0.168543 -0.168241 -0.167746 -0.167057 -0.166168 -0.165075
-0.168303 -0.168561 -0.168628 -0.168505 -0.168193  -0.16769 -0.166993 -0.166098    -0.165 -0.163691
-0.168551 -0.168609 -0.168475 -0.168152 -0.167639 -0.166933  -0.16603 -0.164924  -0.16361 -0.162078
-0.168598 -0.168454  -0.16812 -0.167595 -0.166878 -0.165965 -0.164851 -0.163529 -0.161991 -0.160228
-0.168443 -0.168097  -0.16756 -0.166831 -0.165906 -0.164781  -0.16345 -0.161904 -0.160134 -0.158129
-0.168085 -0.167536 -0.166793 -0.165856 -0.164718 -0.163375 -0.161819  -0.16004 -0.158028 -0.155771
-0.167523 -0.166768 -0.165816 -0.164665 -0.163308  -0.16174  -0.15995 -0.157929 -0.155665 -0.153143
-0.166754 -0.165789 -0.164622 -0.163251 -0.161668 -0.159866 -0.157834 -0.155559 -0.153029 -0.150229
-0.165774 -0.164594 -0.163206 -0.161608  -0.15979 -0.157744 -0.155458 -0.152917 -0.150108 -0.147014
-0.164578 -0.163176  -0.16156 -0.159726 -0.157664 -0.155363 -0.152809 -0.149989 -0.146886  -0.14348
-0.163159 -0.161528 -0.159675 -0.157596 -0.155277 -0.152709 -0.149875  -0.14676 -0.143344 -0.139607
 -0.16151 -0.159641 -0.157542 -0.155205 -0.152618 -0.149768 -0.146638 -0.143211 -0.139462 -0.135371
-0.159623 -0.157506 -0.155148 -0.152541 -0.149672 -0.146525 -0.143082 -0.139321 -0.135218 -0.130754
-0.157486  -0.15511 -0.152481 -0.149591 -0.146423 -0.142962 -0.139185 -0.135069 -0.130592 -0.125752
-0.155089 -0.152441 -0.149528 -0.146339 -0.142855 -0.139059 -0.134926 -0.130435 -0.125582 -0.120389
-0.152419 -0.149485 -0.146271 -0.142765 -0.138946 -0.134793 -0.130284 -0.125416 -0.120209  -0.11471
-0.149462 -0.146227 -0.142694  -0.13885 -0.134672 -0.130143 -0.125255 -0.120032 -0.114519 -0.108775
-0.146202 -0.142647 -0.138775 -0.134572 -0.130016 -0.125106 -0.119863 -0.114332 -0.108573 -0.102655
 -0.142621  -0.138726  -0.134494  -0.129911  -0.124974  -0.119708  -0.114156   -0.10838  -0.102446 -0.0964332
   -0.1387  -0.134445  -0.129833   -0.12487  -0.119577  -0.114002  -0.108204  -0.102253  -0.096225 -0.0902013
  -0.13442  -0.129786  -0.124794  -0.119476  -0.113875  -0.108055  -0.102083  -0.096038 -0.0899995 -0.0840538
 -0.129758  -0.124741  -0.119392  -0.113763  -0.107913  -0.101917 -0.0958486 -0.0897912 -0.0838291 -0.0780511
 -0.124694  -0.119301  -0.113619  -0.107721  -0.101676 -0.0955655 -0.0894689 -0.0834748  -0.077669 -0.0721383
 -0.119243    -0.1135  -0.107533  -0.101418 -0.0952403  -0.089083 -0.0830348 -0.0771826  -0.071613 -0.0663943
 -0.113538  -0.107606  -0.101534 -0.0953966 -0.0892797 -0.0832662 -0.0774462 -0.0719029 -0.0667073 -0.0618999
 -0.107647  -0.101612 -0.0955206 -0.0894461 -0.0834756 -0.0776925 -0.0721835 -0.0670159  -0.062233 -0.0578539
 -0.101656  -0.095605 -0.0895803 -0.0836557 -0.0779192 -0.0724501 -0.0673196  -0.062567 -0.0582144 -0.0542663
-0.0956526 -0.0896715 -0.0838006 -0.0781135 -0.0726946 -0.0676072 -0.0628946 -0.0585747 -0.0546552 -0.0511318
-0.0997224  -0.093898 -0.0882684 -0.0829023 -0.0778684 -0.0732018 -0.0689246   -0.06504 -0.0615471 -0.0584363
-0.0939513 -0.0883705 -0.0830645 -0.0780859 -0.0734755 -0.0692464 -0.0654065 -0.0619502 -0.0588713 -0.0561575
-0.0884257 -0.0831702  -0.078254 -0.0737007 -0.0695297 -0.0657397 -0.0623296 -0.0592886 -0.0566078 -0.0542738
-0.0832312 -0.0783705  -0.073886 -0.0697781 -0.0660521  -0.062697  -0.059707  -0.057068 -0.0547703 -0.0528008
-0.0784544 -0.0740459 -0.0700321 -0.0663921 -0.0631246 -0.0602095 -0.0576401 -0.0553994 -0.0534795 -0.0518671
-0.0741435 -0.0702271 -0.0667014 -0.0635444 -0.0607379  -0.058265 -0.0561116 -0.0542652 -0.0527154 -0.0514533
 -0.070232 -0.0667105  -0.063559 -0.0607572 -0.0582892   -0.05614 -0.0542975 -0.0527509 -0.0514915 -0.0505122
-0.0667167 -0.0635705 -0.0607755 -0.0583136 -0.0561706 -0.0543334 -0.0527917 -0.0515363 -0.0505605 -0.0498588
-0.0635772 -0.0607882 -0.0583337 -0.0561974  -0.054367 -0.0528311 -0.0515812 -0.0506098 -0.0499119 -0.0494835
-0.0607955 -0.0583475 -0.0562193 -0.0543963 -0.0528679 -0.0516244  -0.050659 -0.0499659 -0.0495417 -0.0493841
-0.0583555 -0.0562344 -0.0544202 -0.0528998 -0.0516644 -0.0507059 -0.0500193 -0.0496004 -0.0494475 -0.0495597
 -0.056243 -0.0544365 -0.0529256 -0.0516989 -0.0507493 -0.0500703 -0.0496584 -0.0495112 -0.0496284 -0.0500109
-0.0544457 -0.0529432 -0.0517268 -0.0507866 -0.0501171 -0.0497135 -0.0495738 -0.0496973 -0.0500852   -0.05074
-0.0529532 -0.0517458 -0.0508167 -0.0501573  -0.049764 -0.0496331 -0.0497648 -0.0501594 -0.0508201 -0.0517508
-0.0517565  -0.050837 -0.0501896 -0.0498071 -0.0496874 -0.0498285  -0.050232 -0.0508999 -0.0518368 -0.0530484
-0.0508485 -0.0502115 -0.0498418 -0.0497338 -0.0498868 -0.0503005 -0.0509778 -0.0519225 -0.0531408 -0.0546399
 -0.050224 -0.0498656 -0.0497716 -0.0499374  -0.050364 -0.0510525 -0.0520075 -0.0532342 -0.0547407 -0.0565356
-0.0498789  -0.049797 -0.0499777  -0.050418 -0.0511203 -0.0520872  -0.053325 -0.0548405 -0.0566433 -0.0587439
-0.0498112 -0.0500048  -0.050461 -0.0511779 -0.0521596 -0.0534101 -0.0549374 -0.0567498 -0.0588588 -0.0612765
-0.0500199 -0.0504899 -0.0512238  -0.052221 -0.0534873 -0.0550281 -0.0568531 -0.0589723 -0.0613989 -0.0641468
 -0.050506 -0.0512545 -0.0522698 -0.0535526 -0.0551102 -0.0569496 -0.0590823 -0.0615198 -0.0642772 -0.0673703
-0.0512716 -0.0523025 -0.0536045 -0.0551797  -0.057037  -0.059185 -0.0616367 -0.0644057  -0.067509  -0.070965
-0.0523207 -0.0536392 -0.0552349 -0.0571109 -0.0592778 -0.0617459   -0.06453 -0.0676457 -0.0711125 -0.0749519
-0.0536586 -0.0552717 -0.0571694 -0.0593562 -0.0618445 -0.0646459 -0.0677776 -0.0712576 -0.0751084  -0.079354
-0.0552922 -0.0572085 -0.0594184 -0.0619277 -0.0647505 -0.0679006 -0.0713976 -0.0752624 -0.0795201 -0.0841915
-0.0572302 -0.0594598 -0.0619935 -0.0648387 -0.0680115 -0.0715279 -0.0754108 -0.0796833 -0.0843676 -0.0894676
-0.0594826  -0.062037 -0.0649078  -0.068104 -0.0716443 -0.0755476 -0.0798392 -0.0845389 -0.0896525 -0.0951536
-0.0620612  -0.064954 -0.0681774 -0.0717426 -0.0756712 -0.0799844 -0.0847044 -0.0898344 -0.0953498  -0.101201
-0.0649797 -0.0682265 -0.0718205 -0.0757756 -0.0801157 -0.0848586   -0.09001 -0.0955429  -0.101409  -0.107541
-0.0682536 -0.0718723 -0.0758579 -0.0802259 -0.0849973  -0.090173 -0.0957286  -0.101613  -0.107762  -0.114097
-0.0719005 -0.0759117 -0.0803113 -0.0851117 -0.0903169 -0.0958976  -0.101806  -0.107973  -0.114326  -0.120777
-0.0759398  -0.080365 -0.0851969  -0.090431 -0.0960411  -0.101974  -0.108165  -0.114537  -0.121005  -0.127481
-0.0803922 -0.0852489 -0.0905136 -0.0961518  -0.102113  -0.108329  -0.114723   -0.12121  -0.127701  -0.134103
-0.0852793 -0.0905716 -0.0962439  -0.102237  -0.108484  -0.114905  -0.121418   -0.12793  -0.134349  -0.140577
-0.0906237 -0.0963428  -0.102394  -0.108694  -0.115169  -0.121727  -0.128282  -0.134737  -0.140995  -0.146964
-0.0964064  -0.102524  -0.108901  -0.115452  -0.122083  -0.128705  -0.135218  -0.141528  -0.147539  -0.153175
-0.102483 -0.108821 -0.115325 -0.121913 -0.128491 -0.134966  -0.14124 -0.147222 -0.152834  -0.15803
-0.108777  -0.11524 -0.121778 -0.128309 -0.134738 -0.140972 -0.146917 -0.152498 -0.157667 -0.162405
-0.115192 -0.121686 -0.128163 -0.134542 -0.140725 -0.146626 -0.152167 -0.157303 -0.162012 -0.166287
-0.121634 -0.128064 -0.134384 -0.140513  -0.14636 -0.151853 -0.156947 -0.161619 -0.165863 -0.169682
-0.122292 -0.128561 -0.134628 -0.140417 -0.145852 -0.150895 -0.155522 -0.159727 -0.163513 -0.166889
-0.128503 -0.134517  -0.14024 -0.145615 -0.150597 -0.155171 -0.159328 -0.163074 -0.166415 -0.169366
-0.134457 -0.140125 -0.145432 -0.150352 -0.154863 -0.158965 -0.162661 -0.165961 -0.168875 -0.171419
-0.140059 -0.145305  -0.15015 -0.154592 -0.158625 -0.162261 -0.165505 -0.168374 -0.170878 -0.173031
-0.145214 -0.149976 -0.154315 -0.158254 -0.161795 -0.164958 -0.167751 -0.170192 -0.172291 -0.174061
 -0.14987 -0.154103 -0.157917 -0.161337 -0.164381 -0.167069 -0.169416 -0.171434 -0.173136 -0.174532
-0.154098 -0.157908 -0.161322 -0.164362 -0.167044 -0.169386 -0.171401   -0.1731 -0.174492 -0.175587
-0.157901  -0.16131 -0.164343 -0.167019 -0.169355 -0.171364 -0.173057 -0.174446 -0.175537 -0.176336
-0.161303 -0.164329 -0.166998 -0.169327 -0.171329 -0.173016 -0.174399 -0.175485 -0.176281 -0.176789
-0.164322 -0.166984 -0.169304 -0.171298 -0.172978 -0.174354 -0.175434 -0.176224 -0.176729  -0.17695
-0.166975 -0.169288 -0.171273 -0.172945 -0.174313 -0.175385 -0.176169 -0.176668 -0.176884  -0.17682
-0.169279 -0.171256 -0.172918 -0.174277  -0.17534 -0.176116 -0.176607 -0.176818 -0.176748 -0.176397
-0.171247   -0.1729 -0.174248 -0.175301 -0.176067  -0.17655 -0.176752 -0.176676  -0.17632 -0.175681
-0.172889 -0.174228  -0.17527 -0.176025 -0.176497 -0.176691 -0.176606 -0.176242 -0.175597 -0.174667
-0.174217 -0.175249 -0.175991 -0.176452 -0.176634 -0.176539 -0.176166 -0.175514 -0.174577  -0.17335
-0.175237 -0.175968 -0.176416 -0.176585 -0.176478 -0.176095 -0.175432 -0.174487 -0.173253 -0.171723
-0.175955 -0.176391 -0.176546 -0.176425 -0.176029 -0.175354 -0.174399 -0.173156 -0.171618 -0.169776
-0.176377  -0.17652 -0.176383 -0.175972 -0.175284 -0.174315 -0.173061 -0.171514 -0.169663   -0.1675
-0.176505 -0.176355 -0.175927 -0.175223  -0.17424 -0.172972 -0.171412 -0.169552  -0.16738 -0.164883
-0.176339 -0.175897 -0.175176 -0.174176 -0.172891 -0.171318 -0.169444 -0.167261 -0.164755  -0.16191
 -0.17588 -0.175143 -0.174125 -0.172823 -0.171232 -0.169343 -0.167146 -0.164628 -0.161774 -0.158567
-0.175126  -0.17409 -0.172769 -0.171159 -0.169252 -0.167039 -0.164506  -0.16164 -0.158422 -0.154834
-0.174071 -0.172733 -0.171102 -0.169175 -0.166942 -0.164392  -0.16151  -0.15828  -0.15468  -0.15069
-0.172712 -0.171063 -0.169114  -0.16686 -0.164289 -0.161389 -0.158142 -0.154529 -0.150527 -0.146111
-0.171042 -0.169073 -0.166795 -0.164202 -0.161279 -0.158013 -0.154382 -0.150366 -0.145937 -0.141075
 -0.16905 -0.166752 -0.164133 -0.161187 -0.157897 -0.154246 -0.150211 -0.145766 -0.140891 -0.135579
-0.166728 -0.164088 -0.161115   -0.1578 -0.154124 -0.150067 -0.145603 -0.140711 -0.135386 -0.129654
-0.164062 -0.161067 -0.157723 -0.154021 -0.149938 -0.145451 -0.140538 -0.135195 -0.129449  -0.12335
 -0.16104 -0.157672  -0.15394 -0.149829 -0.145314 -0.140377 -0.135012 -0.129246 -0.123132 -0.116737
-0.157644 -0.153886 -0.149743 -0.145199 -0.140232 -0.134841 -0.129052 -0.122918 -0.116506 -0.109898
-0.153856 -0.149686 -0.145109 -0.140112 -0.134691 -0.128875 -0.122717 -0.116285 -0.109659 -0.102926
 -0.149657  -0.145053  -0.140023  -0.134571  -0.128725   -0.12254  -0.116084  -0.109438  -0.102688 -0.0959286
 -0.145025  -0.139968  -0.134485  -0.128609  -0.122394  -0.115913  -0.109243  -0.102473 -0.0956973 -0.0890131
 -0.139937  -0.134424  -0.128513  -0.122265   -0.11575  -0.109052  -0.102256 -0.0954583 -0.0887553 -0.0822488
 -0.134369  -0.128409  -0.122101  -0.115531  -0.108776  -0.101932 -0.0950895 -0.0883499 -0.0818114 -0.0755736
 -0.128343  -0.121965  -0.115315   -0.10848   -0.10156 -0.0946481 -0.0878466 -0.0812553 -0.0749729  -0.069078
 -0.122008  -0.115398  -0.108612  -0.101737 -0.0948707 -0.0881086 -0.0815536 -0.0753011 -0.0694323 -0.0639937
 -0.115444    -0.1087  -0.101877  -0.095059 -0.0883455 -0.0818324 -0.0756187 -0.0697816 -0.0643707  -0.059408
  -0.10875  -0.101973  -0.095211 -0.0885494 -0.0820889 -0.0759204 -0.0701253 -0.0647487  -0.059816 -0.0553325
 -0.102027 -0.0953142 -0.0887134 -0.0823088 -0.0761971 -0.0704507 -0.0651194 -0.0602238 -0.0557726 -0.0517612
 -0.111088   -0.10454 -0.0982005 -0.0921485 -0.0864628 -0.0811836 -0.0763362 -0.0719245 -0.0679476 -0.0643945
   -0.1046  -0.098316 -0.0923321 -0.0867089 -0.0814931 -0.0767002 -0.0723391 -0.0684036 -0.0648866  -0.061774
-0.0983784 -0.0924516 -0.0868989 -0.0817478 -0.0770206 -0.0727159 -0.0688327 -0.0653585 -0.0622832 -0.0595915
-0.0925205 -0.0870307 -0.0819574 -0.0773015 -0.0730692 -0.0692482 -0.0658318 -0.0628037 -0.0601531 -0.0578645
-0.0871257 -0.0821385 -0.0775892 -0.0734544 -0.0697326  -0.066401 -0.0634519 -0.0608658 -0.0586334 -0.0567394
-0.0822492 -0.0778103  -0.073805 -0.0702086 -0.0670001 -0.0641604 -0.0616733 -0.0595242 -0.0577012 -0.0561936
-0.0778153 -0.0738143 -0.0702232 -0.0670195 -0.0641848 -0.0617018 -0.0595567 -0.0577368  -0.056232 -0.0550337
-0.0738206 -0.0702351 -0.0670383 -0.0642098 -0.0617332 -0.0595935 -0.0577787  -0.056278 -0.0550832 -0.0541875
 -0.070242 -0.0670513 -0.0642304 -0.0617608 -0.0596281 -0.0578192 -0.0563241 -0.0551339 -0.0542422  -0.053644
-0.0670589 -0.0642447 -0.0617834 -0.0596583 -0.0578572 -0.0563687 -0.0551846 -0.0542979  -0.053704 -0.0533997
 -0.064253  -0.061799  -0.059683 -0.0578901   -0.05641 -0.0552331 -0.0543531 -0.0537647 -0.0534652  -0.053453
-0.0618079 -0.0596999 -0.0579169 -0.0564458 -0.0552781 -0.0544059 -0.0538248 -0.0535312 -0.0535241 -0.0538037
-0.0597095 -0.0579352 -0.0564748 -0.0553168 -0.0544545 -0.0538818 -0.0535961 -0.0535955 -0.0538807 -0.0544535
-0.0579455 -0.0564944  -0.055348 -0.0544962 -0.0539343 -0.0536577 -0.0536656 -0.0539578 -0.0545367 -0.0554058
-0.0565056 -0.0553691 -0.0545298 -0.0539792 -0.0537142 -0.0537319 -0.0540332 -0.0546196 -0.0554952 -0.0566653
-0.0553811 -0.0545525 -0.0540153 -0.0537624 -0.0537926 -0.0541045 -0.0547007 -0.0555844 -0.0567615 -0.0582389
-0.0545656   -0.05404 -0.0538018 -0.0538452 -0.0541706 -0.0547784 -0.0556728 -0.0568587 -0.0583438 -0.0601368
 -0.054054 -0.0538282 -0.0538872 -0.0542268 -0.0548491 -0.0557559 -0.0569533 -0.0584478  -0.060249 -0.0623673
 -0.053843 -0.0539154 -0.0542717 -0.0549091 -0.0558313 -0.0570419 -0.0585487 -0.0603599  -0.062487 -0.0649421
-0.0539312 -0.0543018 -0.0549569 -0.0558953 -0.0571224 -0.0586433 -0.0604676 -0.0626053 -0.0650698 -0.0678749
-0.0543186  -0.054989 -0.0559462 -0.0571906  -0.058729 -0.0605683   -0.06272 -0.0651958  -0.068011 -0.0711817
-0.0550068 -0.0559803 -0.0572447 -0.0588015 -0.0606595 -0.0628272 -0.0653178 -0.0681451 -0.0713264 -0.0748807
-0.0559994  -0.057281 -0.0588591 -0.0607366 -0.0629241 -0.0654318 -0.0682748  -0.071469 -0.0750346 -0.0789935
-0.0573011 -0.0588976 -0.0607977  -0.063006 -0.0655347 -0.0683958 -0.0716068 -0.0751861  -0.079157 -0.0835441
 -0.058919 -0.0608386 -0.0630709 -0.0656216 -0.0685051 -0.0717353 -0.0753323 -0.0793178 -0.0837176  -0.088553
-0.0608613 -0.0631142 -0.0656904 -0.0685972 -0.0718511 -0.0754685 -0.0794728  -0.083888  -0.088737 -0.0940236
 -0.063138 -0.0657359 -0.0686695 -0.0719479 -0.0755902 -0.0796159  -0.084051 -0.0889161 -0.0942169 -0.0999258
-0.0657612 -0.0687178 -0.0720246 -0.0756929 -0.0797451 -0.0842029 -0.0890891 -0.0944071  -0.100131  -0.106208
-0.0687447 -0.0720759 -0.0757744 -0.0798542 -0.0843401 -0.0892504 -0.0945908  -0.100333  -0.106426  -0.112801
-0.0721043 -0.0758286 -0.0799403 -0.0844554 -0.0893954 -0.0947613  -0.100527   -0.10664  -0.113032  -0.119622
-0.0758581 -0.0799966 -0.0845448 -0.0895151 -0.0949117  -0.100704  -0.106841  -0.113253  -0.119861  -0.126576
 -0.080026 -0.0846009 -0.0896042 -0.0950311  -0.100854  -0.107018  -0.113454  -0.120082  -0.126815  -0.133558
-0.0846294 -0.0896587 -0.0951176   -0.10097  -0.107163  -0.113625  -0.120277  -0.127029  -0.133789  -0.140459
-0.0896905 -0.0951783  -0.101066  -0.107292  -0.113788  -0.120468  -0.127246  -0.134028  -0.140717  -0.147209
-0.0952327   -0.10117  -0.107457  -0.114007  -0.120744   -0.12757  -0.134397  -0.141122  -0.147647  -0.153872
-0.101236 -0.107593 -0.114223 -0.121039 -0.127942 -0.134838 -0.141625 -0.148203 -0.154473 -0.160356
 -0.10755  -0.11414 -0.120907 -0.127765 -0.134616 -0.141363 -0.147904 -0.154144 -0.160001 -0.165429
-0.114094 -0.120819 -0.127625 -0.134427 -0.141126 -0.147626 -0.153827 -0.159652 -0.165052 -0.170005
-0.120769 -0.127529 -0.134275 -0.140922 -0.147369 -0.153525 -0.159308 -0.164674 -0.169597 -0.174071
-0.127475 -0.134172 -0.140758 -0.147149 -0.153248 -0.158983 -0.164303 -0.169189 -0.173631 -0.177633
-0.126966 -0.133499 -0.139825 -0.145864 -0.151538 -0.156807 -0.161644 -0.166046 -0.170015  -0.17356
-0.133439  -0.13971 -0.145681 -0.151292 -0.156497  -0.16128 -0.165632 -0.169559 -0.173068 -0.176173
-0.139647 -0.145561 -0.151102 -0.156243  -0.16096 -0.165255  -0.16913 -0.172596 -0.175664 -0.178348
-0.145492  -0.15097 -0.156033 -0.160679 -0.164902 -0.168714 -0.172122 -0.175143 -0.177787 -0.180069
-0.150875 -0.155852 -0.160391 -0.164516  -0.16823 -0.171553 -0.174495 -0.177074   -0.1793 -0.181188
-0.155741  -0.16017 -0.164166 -0.167754 -0.170954 -0.173786 -0.176266 -0.178409 -0.180226 -0.181728
-0.160165 -0.164157 -0.167739 -0.170935 -0.173762 -0.176238 -0.178377 -0.180191  -0.18169 -0.182883
 -0.16415 -0.167727 -0.170916 -0.173737 -0.176206  -0.17834 -0.180149 -0.181644 -0.182834 -0.183724
 -0.16772 -0.170903 -0.173716 -0.176179 -0.178305 -0.180108 -0.181598 -0.182783  -0.18367 -0.184264
-0.170895 -0.173702 -0.176156 -0.178275  -0.18007 -0.181553 -0.182732 -0.183614 -0.184204 -0.184504
-0.173694 -0.176141  -0.17825 -0.180037 -0.181512 -0.182684 -0.183559 -0.184143 -0.184438 -0.184447
-0.176132 -0.178233  -0.18001 -0.181476 -0.182639 -0.183506 -0.184083 -0.184372 -0.184376 -0.184092
-0.178224 -0.179992 -0.181447   -0.1826 -0.183457 -0.184026 -0.184307 -0.184304 -0.184015 -0.183439
-0.179982 -0.181427 -0.182569 -0.183416 -0.183973 -0.184246 -0.184234 -0.183938 -0.183356 -0.182484
-0.181416 -0.182548 -0.183382 -0.183928 -0.184189 -0.184168 -0.183863 -0.183273 -0.182395 -0.181222
-0.182536 -0.183359 -0.183892 -0.184141 -0.184107 -0.183792 -0.183192 -0.182305 -0.181126 -0.179646
-0.183346 -0.183867 -0.184102 -0.184054 -0.183725 -0.183114 -0.182217 -0.181028 -0.179541 -0.177745
-0.183854 -0.184075 -0.184012 -0.183669 -0.183044 -0.182134 -0.180934 -0.179437 -0.177633 -0.175513
 -0.18406 -0.183984 -0.183624 -0.182984 -0.182058 -0.180845 -0.179336 -0.177522 -0.175393 -0.172936
-0.183968 -0.183594 -0.182936 -0.181994 -0.180765 -0.179241 -0.177414 -0.175274 -0.172808 -0.170001
-0.183577 -0.182904 -0.181944 -0.180696 -0.179155 -0.177314  -0.17516 -0.172682 -0.169865 -0.166692
-0.182886 -0.181909 -0.180642 -0.179083 -0.177222 -0.175053  -0.17256 -0.169731 -0.166548 -0.162992
 -0.18189 -0.180606 -0.179025 -0.177145 -0.174956 -0.172446 -0.169601 -0.166405 -0.162838 -0.158877
-0.180586 -0.178987 -0.177084 -0.174874 -0.172343  -0.16948 -0.166267 -0.162686 -0.158714 -0.154325
-0.178965 -0.177043 -0.174809 -0.172256 -0.169371 -0.166139  -0.16254 -0.158553 -0.154152 -0.149315
-0.177021 -0.174766 -0.172187 -0.169279 -0.166023 -0.162404 -0.158398 -0.153981 -0.149131 -0.143843
-0.174742 -0.172142 -0.169206 -0.165926 -0.162282 -0.158255 -0.153818 -0.148952  -0.14365  -0.13794
-0.172116 -0.169158 -0.165849 -0.162179 -0.158126 -0.153666 -0.148779  -0.14346 -0.137735 -0.131656
-0.169131 -0.165798 -0.162098 -0.158017 -0.153529 -0.148618 -0.143276 -0.137533 -0.131438 -0.125062
 -0.16577 -0.162044  -0.15793 -0.153414 -0.148473 -0.143106 -0.137339 -0.131225 -0.124832 -0.118241
-0.162014 -0.157874 -0.153325 -0.148353 -0.142955 -0.137162 -0.131023 -0.124611 -0.118002 -0.111286
-0.157845 -0.153268 -0.148264 -0.142836 -0.137012 -0.130847  -0.12441 -0.117781 -0.111047 -0.104303
  -0.15324  -0.148209  -0.142749  -0.136896  -0.130701  -0.124238  -0.117586  -0.110833  -0.104072 -0.0974016
 -0.148178  -0.142688  -0.136799  -0.130572  -0.124076  -0.117395  -0.110616  -0.103833 -0.0971438 -0.0906502
 -0.142634  -0.136696  -0.130408  -0.123857  -0.117119  -0.110292  -0.103464 -0.0967385 -0.0902129 -0.0839871
 -0.136629  -0.130272  -0.123641  -0.116824   -0.10992  -0.103023 -0.0962353 -0.0896569 -0.0833865 -0.0775027
 -0.130315  -0.123724  -0.116956  -0.110097  -0.103245 -0.0964973 -0.0899553 -0.0837148 -0.0778571 -0.0724288
  -0.12377  -0.117044  -0.110237  -0.103434 -0.0967343 -0.0902341 -0.0840324 -0.0782064 -0.0728058 -0.0678527
 -0.117094  -0.110333  -0.103586 -0.0969382 -0.0904906 -0.0843341 -0.0785501 -0.0731839 -0.0682607 -0.0637862
 -0.110386  -0.103689 -0.0971022 -0.0907106 -0.0846109 -0.0788757 -0.0735547 -0.0686686 -0.0642262 -0.0602231
 -0.110895  -0.104361 -0.0980347 -0.0919947 -0.0863201 -0.0810512 -0.0762134 -0.0718106 -0.0678419 -0.0642964
 -0.104422 -0.0981501 -0.0921782 -0.0865662 -0.0813607 -0.0765774 -0.0722252 -0.0682979 -0.0647885  -0.061683
-0.0982125 -0.0922978 -0.0867562 -0.0816154 -0.0768978  -0.072602  -0.068727 -0.0652605 -0.0621923 -0.0595071
-0.0923667  -0.086888  -0.081825 -0.0771788 -0.0729554 -0.0691426 -0.0657338 -0.0627128 -0.0600688 -0.0577863
 -0.086983 -0.0820062 -0.0774665 -0.0733406  -0.069627 -0.0663031  -0.063361 -0.0607815 -0.0585552 -0.0566668
-0.0821168 -0.0776876 -0.0736912  -0.070103 -0.0669021 -0.0640695  -0.061589  -0.059446 -0.0576286 -0.0561263
-0.0776926 -0.0737005 -0.0701177 -0.0669216 -0.0640939 -0.0616176 -0.0594786 -0.0576643 -0.0561648 -0.0549713
-0.0737068 -0.0701295 -0.0669404  -0.064119  -0.061649 -0.0595154 -0.0577062 -0.0562107 -0.0550208 -0.0541296
-0.0701365 -0.0669534 -0.0641396 -0.0616765   -0.05955 -0.0577468 -0.0562569 -0.0550715 -0.0541843 -0.0535903
 -0.066961 -0.0641539 -0.0616992 -0.0595802 -0.0577847 -0.0563014 -0.0551222   -0.05424 -0.0536503 -0.0533499
-0.0641622 -0.0617148 -0.0596049 -0.0578177 -0.0563428 -0.0551708 -0.0542953 -0.0537111 -0.0534154 -0.0534068
-0.0617237 -0.0596218 -0.0578445 -0.0563786 -0.0552157 -0.0543481 -0.0537711 -0.0534814 -0.0534779 -0.0537608
-0.0596314 -0.0578627 -0.0564076 -0.0552544 -0.0543967 -0.0538282 -0.0535464 -0.0535494 -0.0538379 -0.0544137
-0.0578731 -0.0564273 -0.0552857 -0.0544384 -0.0538807  -0.053608 -0.0536195  -0.053915 -0.0544969 -0.0553686
-0.0564384 -0.0553068  -0.054472 -0.0539256 -0.0536645 -0.0536858 -0.0539904 -0.0545798 -0.0554581 -0.0566303
-0.0553188 -0.0544948 -0.0539617 -0.0537127 -0.0537465 -0.0540617 -0.0546609 -0.0555472 -0.0567265 -0.0582055
-0.0545078 -0.0539865 -0.0537521 -0.0537991 -0.0541278 -0.0547386 -0.0556357 -0.0568237 -0.0583104 -0.0601042
-0.0540004 -0.0537785 -0.0538411 -0.0541841 -0.0548093 -0.0557188 -0.0569183 -0.0584143 -0.0602164 -0.0623348
-0.0537933 -0.0538693 -0.0542289 -0.0548694 -0.0557942  -0.057007 -0.0585153 -0.0603274 -0.0624545 -0.0649089
-0.0538851  -0.054259 -0.0549172 -0.0558582 -0.0570874 -0.0586099 -0.0604351 -0.0625729 -0.0650366 -0.0678402
-0.0542758 -0.0549492 -0.0559091 -0.0571555 -0.0586955 -0.0605357 -0.0626874 -0.0651625 -0.0679761 -0.0711445
-0.0549668 -0.0559427  -0.057209  -0.058767 -0.0606256 -0.0627932 -0.0652829 -0.0681085 -0.0712873 -0.0748383
-0.0559615 -0.0572448 -0.0588239 -0.0607017 -0.0628889 -0.0653954 -0.0682365 -0.0714281 -0.0749902  -0.078945
-0.0572647 -0.0588619 -0.0607621 -0.0629697  -0.065497  -0.068356 -0.0715641 -0.0751398 -0.0791064 -0.0834885
 -0.058883 -0.0608025 -0.0630338 -0.0655829 -0.0684639  -0.071691 -0.0752842 -0.0792652 -0.0836599 -0.0884895
-0.0608249 -0.0630766 -0.0656508  -0.068555 -0.0718055 -0.0754188 -0.0794184 -0.0838283 -0.0886713 -0.0939513
-0.0631004 -0.0656962 -0.0686271  -0.071902 -0.0755402 -0.0795612 -0.0839909   -0.08885 -0.0941442 -0.0998457
-0.0657215 -0.0686753 -0.0719786 -0.0756427 -0.0796901 -0.0841424 -0.0890225 -0.0943339   -0.10005   -0.10612
-0.0687021 -0.0720297  -0.075724 -0.0797989 -0.0842792 -0.0891834  -0.094517  -0.100252  -0.106337  -0.112703
 -0.072058  -0.075778 -0.0798848 -0.0843942  -0.089328  -0.094687  -0.100445   -0.10655  -0.112933  -0.119514
-0.0758074 -0.0799408 -0.0844833 -0.0894473 -0.0948371  -0.100622  -0.106751  -0.113154  -0.119752  -0.126457
-0.0799701 -0.0845393 -0.0895362 -0.0949561  -0.100771  -0.106927  -0.113354  -0.119973  -0.126695  -0.133427
-0.0845677 -0.0895905 -0.0950423  -0.100887  -0.107072  -0.113525  -0.120167  -0.126909  -0.133658  -0.140315
-0.0896222 -0.0951028  -0.100983  -0.107201  -0.113687  -0.120357  -0.127125  -0.133896  -0.140572  -0.147052
-0.0951571  -0.101086  -0.107364  -0.113906  -0.120632  -0.127448  -0.134264  -0.140976  -0.147488    -0.1537
-0.101152   -0.1075 -0.114121 -0.120927 -0.127819 -0.134704 -0.141479 -0.148044 -0.154299 -0.160168
-0.107457 -0.114038 -0.120795 -0.127642 -0.134481 -0.141216 -0.147744  -0.15397 -0.159812 -0.165224
-0.113992 -0.120706 -0.127501 -0.134292 -0.140978 -0.147464 -0.153651 -0.159462 -0.164846 -0.169781
-0.120656 -0.127405 -0.134139 -0.140774 -0.147207 -0.153349 -0.159117 -0.164466 -0.169372 -0.173828
-0.127351 -0.134036 -0.140609 -0.146986 -0.153071  -0.15879 -0.164094 -0.168963 -0.173386 -0.177369
-0.124929 -0.131449 -0.137762 -0.143786 -0.149445 -0.154697 -0.159516   -0.1639 -0.167849 -0.171372
-0.131389 -0.137646 -0.143602 -0.149198 -0.154386 -0.159151 -0.163484 -0.167391 -0.170879 -0.173961
-0.137583 -0.143482 -0.149007 -0.154131  -0.15883 -0.163106  -0.16696 -0.170405  -0.17345  -0.17611
-0.143413 -0.148875  -0.15392 -0.158548 -0.162752 -0.166543  -0.16993 -0.172928 -0.175547 -0.177803
 -0.14878 -0.153739 -0.158259 -0.162365 -0.166058 -0.169359 -0.172278 -0.174832 -0.177032 -0.178892
-0.153628 -0.158038 -0.162014 -0.165581 -0.168759 -0.171568 -0.174023 -0.176139 -0.177928   -0.1794
-0.158032 -0.162004 -0.165565 -0.168738 -0.171542 -0.173993 -0.176105  -0.17789 -0.179359  -0.18052
-0.161997 -0.165553 -0.168719 -0.171516  -0.17396 -0.176066 -0.177846 -0.179311 -0.180468 -0.181324
-0.165546 -0.168705 -0.171494 -0.173931  -0.17603 -0.177804 -0.179262 -0.180414 -0.181266 -0.181823
-0.168697 -0.171479 -0.173907 -0.175998 -0.177764 -0.179216 -0.180361 -0.181208  -0.18176  -0.18202
-0.171471 -0.173891 -0.175972 -0.177729 -0.179172 -0.180311  -0.18115 -0.181696 -0.181952 -0.181918
-0.173882 -0.175955 -0.177701 -0.179135 -0.180264 -0.181095 -0.181634 -0.181883 -0.181843 -0.181515
-0.175945 -0.177682 -0.179105 -0.180223 -0.181044 -0.181574 -0.181815 -0.181769 -0.181434  -0.18081
-0.177672 -0.179084 -0.180191 -0.181001 -0.181519 -0.181751 -0.181695 -0.181354 -0.180723   -0.1798
-0.179073 -0.180169 -0.180966 -0.181472 -0.181692 -0.181626 -0.181275 -0.180637 -0.179707 -0.178479
-0.180156 -0.180942 -0.181435 -0.181641 -0.181563 -0.181201 -0.180552 -0.179614 -0.178379 -0.176841
-0.180929  -0.18141 -0.181601 -0.181509 -0.181133 -0.180473 -0.179523  -0.17828 -0.176734 -0.174877
-0.181395 -0.181574 -0.181466 -0.181076   -0.1804 -0.179438 -0.178183 -0.176628 -0.174763 -0.172577
-0.181559 -0.181437  -0.18103 -0.180339 -0.179361 -0.178092 -0.176524 -0.174649 -0.172454 -0.169928
-0.181421 -0.180999  -0.18029 -0.179295  -0.17801 -0.176427 -0.174539 -0.172333 -0.169797 -0.166917
-0.180982 -0.180257 -0.179243  -0.17794 -0.176339 -0.174435 -0.172216 -0.169668 -0.166777 -0.163526
-0.180239 -0.179208 -0.177884 -0.176265 -0.174342 -0.172106 -0.169543  -0.16664 -0.163377 -0.159737
-0.179189 -0.177847 -0.176206 -0.174263 -0.172006 -0.169426 -0.166506 -0.163231 -0.159579 -0.155529
-0.177826 -0.176167   -0.1742 -0.171922 -0.169321 -0.166382  -0.16309 -0.159424 -0.155361 -0.150875
-0.176145 -0.174158 -0.171856 -0.169231  -0.16627 -0.162958 -0.159274 -0.155196 -0.150697 -0.145756
-0.174135 -0.171811 -0.169161 -0.166176 -0.162839 -0.159134 -0.155037 -0.150522 -0.145567 -0.140167
-0.171787 -0.169114 -0.166101 -0.162739 -0.159008 -0.154888 -0.150353 -0.145382 -0.139967 -0.134136
-0.169087 -0.166051 -0.162659 -0.158901 -0.154754 -0.150196 -0.145202  -0.13977 -0.133923 -0.127714
-0.166023 -0.162606 -0.158817 -0.154641 -0.150054 -0.145035 -0.139579 -0.133714 -0.127489 -0.120972
-0.162577 -0.158761 -0.154552 -0.149934 -0.144885 -0.139403 -0.133513 -0.127267 -0.120733  -0.11399
 -0.15873 -0.154494 -0.149841 -0.144761 -0.139247 -0.133329 -0.127058 -0.120503 -0.113743 -0.106863
 -0.154463  -0.149783  -0.144668  -0.139122  -0.133173  -0.126875  -0.120295  -0.113513  -0.106615 -0.0996948
 -0.149753  -0.144611  -0.139032  -0.133052  -0.126723  -0.120116  -0.113309  -0.106391 -0.0994535 -0.0925932
 -0.144578  -0.138969  -0.132952  -0.126588  -0.119947  -0.113111  -0.106165 -0.0992047 -0.0923248 -0.0856263
 -0.138913  -0.132846   -0.12642  -0.119722  -0.112828  -0.105833 -0.0988263  -0.091909 -0.0851777  -0.078731
 -0.132778  -0.126281  -0.119501  -0.112526  -0.105453 -0.0983761 -0.0913956 -0.0846105 -0.0781183 -0.0719964
 -0.126322  -0.119581  -0.112653  -0.105624 -0.0985907 -0.0916482 -0.0848981 -0.0784348 -0.0723379 -0.0666529
 -0.119626  -0.112738  -0.105759 -0.0987723 -0.0918766 -0.0851669 -0.0787409 -0.0726747 -0.0670163 -0.0617864
 -0.112786  -0.105851 -0.0989189 -0.0920733 -0.0854143  -0.079032 -0.0730063  -0.067381 -0.0621799 -0.0574069
 -0.105903 -0.0990185 -0.0922316 -0.0856266 -0.0792991 -0.0733205 -0.0677389 -0.0625736 -0.0578316 -0.0535068
 -0.108123  -0.101387 -0.0948449  -0.088575 -0.0826549 -0.0771236 -0.0720049 -0.0673011 -0.0630095 -0.0591172
 -0.101445 -0.0949563 -0.0887521 -0.0828923 -0.0774223 -0.0723562 -0.0677012 -0.0634496  -0.059592 -0.0561127
-0.0950165 -0.0888673 -0.0830755 -0.0776678  -0.072665 -0.0680644 -0.0638632  -0.060047 -0.0566036 -0.0535155
-0.0889339 -0.0832028 -0.0778702 -0.0729363 -0.0684056 -0.0642644 -0.0605039 -0.0571061 -0.0540577  -0.051341
-0.0832952 -0.0780464 -0.0732163 -0.0687805 -0.0647358 -0.0610579  -0.057737 -0.0547513 -0.0520892 -0.0497328
-0.0781544 -0.0734322 -0.0691229 -0.0652008 -0.0616432 -0.0584292 -0.0555403 -0.0529598 -0.0506727  -0.048666
-0.0734343 -0.0691267 -0.0652068  -0.061651  -0.058439 -0.0555517 -0.0529727 -0.0506868 -0.0486812 -0.0469442
  -0.06913 -0.0652128 -0.0616606 -0.0584516 -0.0555676 -0.0529912 -0.0507079 -0.0487043  -0.046969 -0.0454921
-0.0652166 -0.0616675 -0.0584626  -0.055582 -0.0530093 -0.0507291 -0.0487284 -0.0469955 -0.0455206 -0.0442952
-0.0616717 -0.0584703 -0.0555943 -0.0530256 -0.0507496 -0.0487524 -0.0470227 -0.0455505 -0.0443274 -0.0433465
-0.0584749 -0.0556029 -0.0530393 -0.0507678 -0.0487752 -0.0470495 -0.0455809 -0.0443608 -0.0433825 -0.0426402
 -0.055608 -0.0530489 -0.0507829 -0.0487953 -0.0470748 -0.0456106 -0.0443945 -0.0434195 -0.0426801 -0.0421721
-0.0530544 -0.0507933 -0.0488119 -0.0470969 -0.0456383 -0.0444271 -0.0434566 -0.0427208  -0.042216 -0.0419392
-0.0507994 -0.0488233  -0.047115 -0.0456625 -0.0444575 -0.0434922 -0.0427613 -0.0422605 -0.0419872 -0.0419398
-0.0488299 -0.0471274 -0.0456821 -0.0444837 -0.0435251    -0.0428 -0.0423046 -0.0420356  -0.041992 -0.0421736
-0.0471345 -0.0456956  -0.044505 -0.0435536 -0.0428358 -0.0423465 -0.0420834 -0.0420445 -0.0422302 -0.0426414
-0.0457032 -0.0445195 -0.0435766 -0.0428665 -0.0423851 -0.0421287 -0.0420961 -0.0422868 -0.0427025 -0.0433455
-0.0445277 -0.0435921 -0.0428912 -0.0424182 -0.0421702 -0.0421449 -0.0423424 -0.0427636 -0.0434114 -0.0442895
-0.0436009 -0.0429079 -0.0424447 -0.0422057 -0.0421895 -0.0423948 -0.0428232 -0.0434769 -0.0443603 -0.0454782
-0.0429174 -0.0424626 -0.0422341 -0.0422275 -0.0424426 -0.0428794 -0.0435409 -0.0444305  -0.045554 -0.0469177
-0.0424727 -0.0422533 -0.0422579 -0.0424833 -0.0429305  -0.043601 -0.0444989 -0.0456292 -0.0469988 -0.0486157
 -0.042264 -0.0422784 -0.0425157  -0.042974 -0.0436556 -0.0445631 -0.0457023 -0.0470791 -0.0487024  -0.050582
-0.0422898 -0.0425375 -0.0430086 -0.0437019 -0.0446214 -0.0457707 -0.0471571  -0.048788 -0.0506744 -0.0528288
-0.0425497 -0.0430318 -0.0437388 -0.0446707 -0.0458328   -0.04723 -0.0488711 -0.0507657 -0.0529272 -0.0553698
-0.0430448 -0.0437635 -0.0447099 -0.0458852  -0.047296 -0.0489486  -0.050854 -0.0530243 -0.0554746 -0.0582151
-0.0437772 -0.0447362 -0.0459269 -0.0473517 -0.0490187 -0.0509364 -0.0531182 -0.0555778 -0.0583264 -0.0613559
-0.0447508 -0.0459548  -0.047396  -0.049078  -0.051011 -0.0532058 -0.0556775 -0.0584361 -0.0614743 -0.0647509
-0.0459703 -0.0474257 -0.0491252 -0.0510741 -0.0532851 -0.0557708 -0.0585423 -0.0615911 -0.0648769 -0.0683318
-0.0474423 -0.0491568 -0.0511243 -0.0533523 -0.0558553 -0.0586416 -0.0617042 -0.0650012 -0.0684659 -0.0720119
-0.0491743 -0.0511577 -0.0534054 -0.0559264  -0.058731 -0.0618092 -0.0651208 -0.0685974 -0.0721538  -0.075697
-0.0511756 -0.0534397 -0.0559808 -0.0588039 -0.0619008 -0.0652285 -0.0687201 -0.0722886 -0.0758425 -0.0793002
-0.0534569 -0.0560137 -0.0588561 -0.0619708 -0.0653165 -0.0688235 -0.0724064  -0.075972 -0.0794399 -0.0827569
-0.0560294  -0.058886 -0.0620182   -0.06538 -0.0689033 -0.0725001 -0.0760787 -0.0795573 -0.0828836 -0.0860263
-0.0589041 -0.0620528 -0.0654349 -0.0689768 -0.0725925 -0.0761873 -0.0796809 -0.0830195  -0.086173 -0.0891261
-0.0620928 -0.0655108 -0.0690972 -0.0727535 -0.0763896 -0.0799185 -0.0832899 -0.0864702 -0.0894466  -0.092213
-0.0655627 -0.0692058 -0.0729252 -0.0766258 -0.0802159 -0.0836436 -0.0868736 -0.0898931 -0.0926954 -0.0952849
-0.0691491 -0.0728164 -0.0764528 -0.0799838 -0.0833517 -0.0865302 -0.0895019  -0.092265 -0.0948205  -0.097177
-0.0727587 -0.0763422  -0.079808 -0.0831159 -0.0862335 -0.0891529 -0.0918676 -0.0943834 -0.0967052 -0.0988443
-0.0762783 -0.0796856 -0.0829213 -0.0859726 -0.0888246 -0.0914815 -0.0939436 -0.0962215 -0.0983223  -0.100258
-0.0795953 -0.0827488 -0.0856984 -0.0884573 -0.0910195 -0.0934005  -0.095603 -0.0976422 -0.0995245  -0.101264
-0.0826466 -0.0854944 -0.0881342 -0.0905809 -0.0928486 -0.0949504 -0.0968985 -0.0987042  -0.100378  -0.101929
-0.0854961 -0.0881376 -0.0905863 -0.0928559 -0.0949596 -0.0969094 -0.0987166  -0.100392  -0.101944  -0.103384
-0.0881385 -0.0905882  -0.092859 -0.0949639 -0.0969148  -0.098723  -0.100399  -0.101952  -0.103392  -0.104727
 -0.090589 -0.0928608 -0.0949667 -0.0969187  -0.098728  -0.100405  -0.101959    -0.1034  -0.104735  -0.105973
-0.0928616 -0.0949684 -0.0969214 -0.0987316  -0.100409  -0.101965  -0.103406  -0.104742   -0.10598  -0.107128
-0.0949691 -0.0969229 -0.0987341  -0.100413  -0.101969  -0.103411  -0.104748  -0.105987  -0.107135    -0.1082
-0.0969236 -0.0987355  -0.100415  -0.101972  -0.103415  -0.104752  -0.105992  -0.107141  -0.108206  -0.109194
-0.0987361  -0.100416  -0.101974  -0.103418  -0.104756  -0.105996  -0.107146  -0.108212  -0.109199  -0.110115
-0.100417 -0.101975  -0.10342 -0.104759    -0.106  -0.10715 -0.108216 -0.109205 -0.110121  -0.11097
-0.101976 -0.103421 -0.104761 -0.106002 -0.107153  -0.10822 -0.109209 -0.110125 -0.110975 -0.111762
-0.103422 -0.104762 -0.106004 -0.107156 -0.108223 -0.109212 -0.110129 -0.110979 -0.111767 -0.112497
-0.104762 -0.106005 -0.107157 -0.108225 -0.109215 -0.110132 -0.110983 -0.111771 -0.112502 -0.113179
-0.106005 -0.107158 -0.108227 -0.109217 -0.110135 -0.110986 -0.111774 -0.112505 -0.113183 -0.113811
-0.107159 -0.108227 -0.109218 -0.110137 -0.110988 -0.111777 -0.112509 -0.113187 -0.113815 -0.114397
-0.108228 -0.109219 -0.110138  -0.11099 -0.111779 -0.112511 -0.113189 -0.113818 -0.114401 -0.114941
-0.109219 -0.110139 -0.110991 -0.111781 -0.112513 -0.113192 -0.113821 -0.114404 -0.114944 -0.115445
-0.110139 -0.110992 -0.111782 -0.112515 -0.113194 -0.113823 -0.114406 -0.114947 -0.115448 -0.115913
-0.110992 -0.111783 -0.112516 -0.113195 -0.113825 -0.114408 -0.114949 -0.115451 -0.115916 -0.116347
-0.111783 -0.112516 -0.113196 -0.113826  -0.11441 -0.114951 -0.115453 -0.115918 -0.116349 -0.116749
-0.112516 -0.113197 -0.113827 -0.114411 -0.114953 -0.115455  -0.11592 -0.116351 -0.116751 -0.117122
-0.113197 -0.113827 -0.114412 -0.114954 -0.115456 -0.115922 -0.116353 -0.116753 -0.117124 -0.117468
-0.113828 -0.114412 -0.114955 -0.115457 -0.115923 -0.116355 -0.116755 -0.117126  -0.11747 -0.117788
-0.114413 -0.114955 -0.115458 -0.115924 -0.116356 -0.116756 -0.117128 -0.117472  -0.11779 -0.118086
-0.114955 -0.115458 -0.115925 -0.116357 -0.116757 -0.117129 -0.117473 -0.117792 -0.118088 -0.118362
-0.115458 -0.115925 -0.116357 -0.116758  -0.11713 -0.117474 -0.117793 -0.118089 -0.118364 -0.118618
-0.115925 -0.116358 -0.116759 -0.117131 -0.117475 -0.117795 -0.118091 -0.118365 -0.118619 -0.118855
-0.116358 -0.116759 -0.117131 -0.117476 -0.117795 -0.118092 -0.118366 -0.118621 -0.118857 -0.119075
-0.116759 -0.117131 -0.117476 -0.117796 -0.118092 -0.118367 -0.118622 -0.118858 -0.119076 -0.119279
-0.117131 -0.117477 -0.117796 -0.118093 -0.118368 -0.118623 -0.118859 -0.119078  -0.11928 -0.119469
-0.117477 -0.117797 -0.118093 -0.118368 -0.118623  -0.11886 -0.119079 -0.119282  -0.11947 -0.119644
-0.117797 -0.118094 -0.118369 -0.118624  -0.11886 -0.119079 -0.119282 -0.119471 -0.119645 -0.119807
-0.118094 -0.118369 -0.118624 -0.118861  -0.11908 -0.119283 -0.119471 -0.119646 -0.119808 -0.119958
-0.118369 -0.118624 -0.118861  -0.11908 -0.119284 -0.119472 -0.119647 -0.119809 -0.119959 -0.120098
-0.118624 -0.118861 -0.119081 -0.119284 -0.119473 -0.119647 -0.119809  -0.11996 -0.120099 -0.120228
-0.118861 -0.119081 -0.119284 -0.119473 -0.119648  -0.11981  -0.11996 -0.120099 -0.120229 -0.120348
-0.119081 -0.119285 -0.119473 -0.119648  -0.11981 -0.119961   -0.1201 -0.120229 -0.120349  -0.12046
-0.119285 -0.119473 -0.119648 -0.119811 -0.119961 -0.120101  -0.12023  -0.12035 -0.120461 -0.120564
-0.119473 -0.119649 -0.119811 -0.119961 -0.120101  -0.12023  -0.12035 -0.120461 -0.120564  -0.12066
-0.119649 -0.119811 -0.119962 -0.120101 -0.120231 -0.120351 -0.120462 -0.120565  -0.12066 -0.120749
-0.119811 -0.119962 -0.120101 -0.120231 -0.120351 -0.120462 -0.120565 -0.120661 -0.120749 -0.120831
-0.119869 -0.120015 -0.120151 -0.120277 -0.120394 -0.120502 -0.120602 -0.120695 -0.120781 -0.120861
-0.119869 -0.120015 -0.120151 -0.120277 -0.120394 -0.120502 -0.120602 -0.120695 -0.120781 -0.120861
-0.119869 -0.120015 -0.120151 -0.120277 -0.120394 -0.120502 -0.120602 -0.120695 -0.120781 -0.120861
-0.119869 -0.120015 -0.120151 -0.120277 -0.120394 -0.120502 -0.120602 -0.120695 -0.120781 -0.120861
-0.119869 -0.120015 -0.120151 -0.120277 -0.120394 -0.120502 -0.120602 -0.120695 -0.120781 -0.120861
-0.119869 -0.120015 -0.120151 -0.120277 -0.120394 -0.120502 -0.120602 -0.120695 -0.120781 -0.120861
-0.119869 -0.120015 -0.120151 -0.120277 -0.120394 -0.120502 -0.120602 -0.120695 -0.120781 -0.120861
-0.119869 -0.120015 -0.120151 -0.120277 -0.120394 -0.120502 -0.120602 -0.120695 -0.120781 -0.120861
-0.119869 -0.120015 -0.120151 -0.120277 -0.120394 -0.120502 -0.120602 -0.120695 -0.120781 -0.120861
-0.119869 -0.120015 -0.120151 -0.120277 -0.120394 -0.120502 -0.120602 -0.120695 -0.120781 -0.120861
-0.119869 -0.120015 -0.120151 -0.120277 -0.120394 -0.120502 -0.120602 -0.120695 -0.120781 -0.120861
-0.119869 -0.120015 -0.120151 -0.120277 -0.120394 -0.120502 -0.120602 -0.120695 -0.120781 -0.120861
-0.119869 -0.120015 -0.120151 -0.120277 -0.120394 -0.120502 -0.120602 -0.120695 -0.120781 -0.120861
-0.119869 -0.120015 -0.120151 -0.120277 -0.120394 -0.120502 -0.120602 -0.120695 -0.120781 -0.120861
-0.119869 -0.120015 -0.120151 -0.120277 -0.120394 -0.120502 -0.120602 -0.120695 -0.120781 -0.120861
-0.119869 -0.120015 -0.120151 -0.120277 -0.120394 -0.120502 -0.120602 -0.120695 -0.120781 -0.120861
-0.119869 -0.120015 -0.120151 -0.120277 -0.120394 -0.120502 -0.120602 -0.120695 -0.120781 -0.120861
-0.119869 -0.120015 -0.120151 -0.120277 -0.120394 -0.120502 -0.120602 -0.120695 -0.120781 -0.120861
-0.119869 -0.120015 -0.120151 -0.120277 -0.120394 -0.120502 -0.120602 -0.120695 -0.120781 -0.120861
-0.119869 -0.120015 -0.120151 -0.120277 -0.120394 -0.120502 -0.120602 -0.120695 -0.120781 -0.120861
-0.119869 -0.120015 -0.120151 -0.120277 -0.120394 -0.120502 -0.120602 -0.120695 -0.120781 -0.120861
-0.119869 -0.120015 -0.120151 -0.120277 -0.120394 -0.120502 -0.120602 -0.120695 -0.120781 -0.120861
-0.119869 -0.120015 -0.120151 -0.120277 -0.120394 -0.120502 -0.120602 -0.120695 -0.120781 -0.120861
-0.119869 -0.120015 -0.120151 -0.120277 -0.120394 -0.120502 -0.120602 -0.120695 -0.120781 -0.120861
-0.119869 -0.120015 -0.120151 -0.120277 -0.120394 -0.120502 -0.120602 -0.120695 -0.120781 -0.120861
-0.119869 -0.120015 -0.120151 -0.120277 -0.120394 -0.120502 -0.120602 -0.120695 -0.120781 -0.120861
-0.119869 -0.120015 -0.120151 -0.120277 -0.120394 -0.120502 -0.120602 -0.120695 -0.120781 -0.120861
-0.119869 -0.120015 -0.120151 -0.120277 -0.120394 -0.120502 -0.120602 -0.120695 -0.120781 -0.120861
-0.119869 -0.120015 -0.120151 -0.120277 -0.120394 -0.120502 -0.120602 -0.120695 -0.120781 -0.120861
-0.119869 -0.120015 -0.120151 -0.120277 -0.120394 -0.120502 -0.120602 -0.120695 -0.120781 -0.120861
-0.119869 -0.120015 -0.120151 -0.120277 -0.120394 -0.120502 -0.120602 -0.120695 -0.120781 -0.120861
-0.119869 -0.120015 -0.120151 -0.120277 -0.120394 -0.120502 -0.120602 -0.120695 -0.120781 -0.120861
-0.119869 -0.120015 -0.120151 -0.120277 -0.120394 -0.120502 -0.120602 -0.120695 -0.120781 -0.120861
-0.119869 -0.120015 -0.120151 -0.120277 -0.120394 -0.120502 -0.120602 -0.120695 -0.120781 -0.120861
-0.119869 -0.120015 -0.120151 -0.120277 -0.120394 -0.120502 -0.120602 -0.120695 -0.120781 -0.120861
-0.119869 -0.120015 -0.120151 -0.120277 -0.120394 -0.120502 -0.120602 -0.120695 -0.120781 -0.120861
-0.119869 -0.120015 -0.120151 -0.120277 -0.120394 -0.120502 -0.120602 -0.120695 -0.120781 -0.120861
-0.119869 -0.120015 -0.120151 -0.120277 -0.120394 -0.120502 -0.120602 -0.120695 -0.120781 -0.120861
-0.119869 -0.120015 -0.120151 -0.120277 -0.120394 -0.120502 -0.120602 -0.120695 -0.120781 -0.120861
-0.119869 -0.120015 -0.120151 -0.120277 -0.120394 -0.120502 -0.120602 -0.120695 -0.120781 -0.120861
-0.119869 -0.120015 -0.120151 -0.120277 -0.120394 -0.120502 -0.120602 -0.120695 -0.120781 -0.120861
-0.119869 -0.120015 -0.120151 -0.120277 -0.120394 -0.120502 -0.120602 -0.120695 -0.120781 -0.120861
-0.119869 -0.120015 -0.120151 -0.120277 -0.120394 -0.120502 -0.120602 -0.120695 -0.120781 -0.120861
-0.119869 -0.120015 -0.120151 -0.120277 -0.120394 -0.120502 -0.120602 -0.120695 -0.120781 -0.120861
-0.119869 -0.120015 -0.120151 -0.120277 -0.120394 -0.120502 -0.120602 -0.120695 -0.120781 -0.120861
-0.119869 -0.120015 -0.120151 -0.120277 -0.120394 -0.120502 -0.120602 -0.120695 -0.120781 -0.120861
-0.119869 -0.120015 -0.120151 -0.120277 -0.120394 -0.120502 -0.120602 -0.120695 -0.120781 -0.120861
-0.119869 -0.120015 -0.120151 -0.120277 -0.120394 -0.120502 -0.120602 -0.120695 -0.120781 -0.120861
-0.119869 -0.120015 -0.120151 -0.120277 -0.120394 -0.120502 -0.120602 -0.120695 -0.120781 -0.120861
-0.119869 -0.120015 -0.120151 -0.120277 -0.120394 -0.120502 -0.120602 -0.120695 -0.120781 -0.120861
-0.119869 -0.120015 -0.120151 -0.120277 -0.120394 -0.120502 -0.120602 -0.120695 -0.120781 -0.120861
-0.119869 -0.120015 -0.120151 -0.120277 -0.120394 -0.120502 -0.120602 -0.120695 -0.120781 -0.120861
-0.119869 -0.120015 -0.120151 -0.120277 -0.120394 -0.120502 -0.120602 -0.120695 -0.120781 -0.120861
-0.119869 -0.120015 -0.120151 -0.120277 -0.120394 -0.120502 -0.120602 -0.120695 -0.120781 -0.120861
-0.119869 -0.120015 -0.120151 -0.120277 -0.120394 -0.120502 -0.120602 -0.120695 -0.120781 -0.120861
-0.119869 -0.120015 -0.120151 -0.120277 -0.120394 -0.120502 -0.120602 -0.120695 -0.120781 -0.120861
-0.119869 -0.120015 -0.120151 -0.120277 -0.120394 -0.120502 -0.120602 -0.120695 -0.120781 -0.120861
-0.119869 -0.120015 -0.120151 -0.120277 -0.120394 -0.120502 -0.120602 -0.120695 -0.120781 -0.120861
-0.119869 -0.120015 -0.120151 -0.120277 -0.120394 -0.120502 -0.120602 -0.120695 -0.120781 -0.120861
-0.119869 -0.120015 -0.120151 -0.120277 -0.120394 -0.120502 -0.120602 -0.120695 -0.120781 -0.120861
-0.119869 -0.120015 -0.120151 -0.120277 -0.120394 -0.120502 -0.120602 -0.120695 -0.120781 -0.120861
-0.119869 -0.120015 -0.120151 -0.120277 -0.120394 -0.120502 -0.120602 -0.120695 -0.120781 -0.120861
-0.119869 -0.120015 -0.120151 -0.120277 -0.120394 -0.120502 -0.120602 -0.120695 -0.120781 -0.120861
-0.119869 -0.120015 -0.120151 -0.120277 -0.120394 -0.120502 -0.120602 -0.120695 -0.120781 -0.120861
-0.119869 -0.120015 -0.120151 -0.120277 -0.120394 -0.120502 -0.120602 -0.120695 -0.120781 -0.120861
-0.119869 -0.120015 -0.120151 -0.120277 -0.120394 -0.120502 -0.120602 -0.120695 -0.120781 -0.120861
-0.119869 -0.120015 -0.120151 -0.120277 -0.120394 -0.120502 -0.120602 -0.120695 -0.120781 -0.120861
-0.119869 -0.120015 -0.120151 -0.120277 -0.120394 -0.120502 -0.120602 -0.120695 -0.120781 -0.120861
-0.119869 -0.120015 -0.120151 -0.120277 -0.120394 -0.120502 -0.120602 -0.120695 -0.120781 -0.120861
-0.119869 -0.120015 -0.120151 -0.120277 -0.120394 -0.120502 -0.120602 -0.120695 -0.120781 -0.120861
-0.119869 -0.120015 -0.120151 -0.120277 -0.120394 -0.120502 -0.120602 -0.120695 -0.120781 -0.120861
-0.119869 -0.120015 -0.120151 -0.120277 -0.120394 -0.120502 -0.120602 -0.120695 -0.120781 -0.120861
-0.119869 -0.120015 -0.120151 -0.120277 -0.120394 -0.120502 -0.120602 -0.120695 -0.120781 -0.120861
-0.119869 -0.120015 -0.120151 -0.120277 -0.120394 -0.120502 -0.120602 -0.120695 -0.120781 -0.120861
-0.119869 -0.120015 -0.120151 -0.120277 -0.120394 -0.120502 -0.120602 -0.120695 -0.120781 -0.120861
-0.119869 -0.120015 -0.120151 -0.120277 -0.120394 -0.120502 -0.120602 -0.120695 -0.120781 -0.120861
-0.119869 -0.120015 -0.120151 -0.120277 -0.120394 -0.120502 -0.120602 -0.120695 -0.120781 -0.120861
-0.119869 -0.120015 -0.120151 -0.120277 -0.120394 -0.120502 -0.120602 -0.120695 -0.120781 -0.120861
-0.119869 -0.120015 -0.120151 -0.120277 -0.120394 -0.120502 -0.120602 -0.120695 -0.120781 -0.120861
-0.119869 -0.120015 -0.120151 -0.120277 -0.120394 -0.120502 -0.120602 -0.120695 -0.120781 -0.120861
-0.119869 -0.120015 -0.120151 -0.120277 -0.120394 -0.120502 -0.120602 -0.120695 -0.120781 -0.120861
-0.119869 -0.120015 -0.120151 -0.120277 -0.120394 -0.120502 -0.120602 -0.120695 -0.120781 -0.120861
-0.119869 -0.120015 -0.120151 -0.120277 -0.120394 -0.120502 -0.120602 -0.120695 -0.120781 -0.120861
-0.119869 -0.120015 -0.120151 -0.120277 -0.120394 -0.120502 -0.120602 -0.120695 -0.120781 -0.120861
-0.119869 -0.120015 -0.120151 -0.120277 -0.120394 -0.120502 -0.120602 -0.120695 -0.120781 -0.120861
-0.119869 -0.120015 -0.120151 -0.120277 -0.120394 -0.120502 -0.120602 -0.120695 -0.120781 -0.120861
-0.119869 -0.120015 -0.120151 -0.120277 -0.120394 -0.120502 -0.120602 -0.120695 -0.120781 -0.120861
-0.119869 -0.120015 -0.120151 -0.120277 -0.120394 -0.120502 -0.120602 -0.120695 -0.120781 -0.120861
-0.119869 -0.120015 -0.120151 -0.120277 -0.120394 -0.120502 -0.120602 -0.120695 -0.120781 -0.120861
-0.119869 -0.120015 -0.120151 -0.120277 -0.120394 -0.120502 -0.120602 -0.120695 -0.120781 -0.120861
-0.119869 -0.120015 -0.120151 -0.120277 -0.120394 -0.120502 -0.120602 -0.120695 -0.120781 -0.120861
-0.119869 -0.120015 -0.120151 -0.120277 -0.120394 -0.120502 -0.120602 -0.120695 -0.120781 -0.120861
-0.119869 -0.120015 -0.120151 -0.120277 -0.120394 -0.120502 -0.120602 -0.120695 -0.120781 -0.120861
-0.119869 -0.120015 -0.120151 -0.120277 -0.120394 -0.120502 -0.120602 -0.120695 -0.120781 -0.120861
-0.119869 -0.120015 -0.120151 -0.120277 -0.120394 -0.120502 -0.120602 -0.120695 -0.120781 -0.120861
-0.119869 -0.120015 -0.120151 -0.120277 -0.120394 -0.120502 -0.120602 -0.120695 -0.120781 -0.120861
-0.119869 -0.120015 -0.120151 -0.120277 -0.120394 -0.120502 -0.120602 -0.120695 -0.120781 -0.120861
-0.119869 -0.120015 -0.120151 -0.120277 -0.120394 -0.120502 -0.120602 -0.120695 -0.120781 -0.120861
-0.119869 -0.120015 -0.120151 -0.120277 -0.120394 -0.120502 -0.120602 -0.120695 -0.120781 -0.120861
-0.119869 -0.120015 -0.120151 -0.120277 -0.120394 -0.120502 -0.120602 -0.120695 -0.120781 -0.120861
-0.119869 -0.120015 -0.120151 -0.120277 -0.120394 -0.120502 -0.120602 -0.120695 -0.120781 -0.120861
-0.119869 -0.120015 -0.120151 -0.120277 -0.120394 -0.120502 -0.120602 -0.120695 -0.120781 -0.120861
-0.119869 -0.120015 -0.120151 -0.120277 -0.120394 -0.120502 -0.120602 -0.120695 -0.120781 -0.120861
-0.119869 -0.120015 -0.120151 -0.120277 -0.120394 -0.120502 -0.120602 -0.120695 -0.120781 -0.120861
-0.119869 -0.120015 -0.120151 -0.120277 -0.120394 -0.120502 -0.120602 -0.120695 -0.120781 -0.120861
-0.119869 -0.120015 -0.120151 -0.120277 -0.120394 -0.120502 -0.120602 -0.120695 -0.120781 -0.120861
-0.119869 -0.120015 -0.120151 -0.120277 -0.120394 -0.120502 -0.120602 -0.120695 -0.120781 -0.120861
-0.119869 -0.120015 -0.120151 -0.120277 -0.120394 -0.120502 -0.120602 -0.120695 -0.120781 -0.120861
-0.119869 -0.120015 -0.120151 -0.120277 -0.120394 -0.120502 -0.120602 -0.120695 -0.120781 -0.120861
-0.119869 -0.120015 -0.120151 -0.120277 -0.120394 -0.120502 -0.120602 -0.120695 -0.120781 -0.120861
-0.119869 -0.120015 -0.120151 -0.120277 -0.120394 -0.120502 -0.120602 -0.120695 -0.120781 -0.120861
-0.119869 -0.120015 -0.120151 -0.120277 -0.120394 -0.120502 -0.120602 -0.120695 -0.120781 -0.120861
-0.119869 -0.120015 -0.120151 -0.120277 -0.120394 -0.120502 -0.120602 -0.120695 -0.120781 -0.120861
-0.119869 -0.120015 -0.120151 -0.120277 -0.120394 -0.120502 -0.120602 -0.120695 -0.120781 -0.120861
-0.119869 -0.120015 -0.120151 -0.120277 -0.120394 -0.120502 -0.120602 -0.120695 -0.120781 -0.120861
-0.119869 -0.120015 -0.120151 -0.120277 -0.120394 -0.120502 -0.120602 -0.120695 -0.120781 -0.120861
-0.119869 -0.120015 -0.120151 -0.120277 -0.120394 -0.120502 -0.120602 -0.120695 -0.120781 -0.120861
-0.119869 -0.120015 -0.120151 -0.120277 -0.120394 -0.120502 -0.120602 -0.120695 -0.120781 -0.120861
-0.119869 -0.120015 -0.120151 -0.120277 -0.120394 -0.120502 -0.120602 -0.120695 -0.120781 -0.120861
-0.119869 -0.120015 -0.120151 -0.120277 -0.120394 -0.120502 -0.120602 -0.120695 -0.120781 -0.120861
-0.119869 -0.120015 -0.120151 -0.120277 -0.120394 -0.120502 -0.120602 -0.120695 -0.120781 -0.120861
-0.119869 -0.120015 -0.120151 -0.120277 -0.120394 -0.120502 -0.120602 -0.120695 -0.120781 -0.120861
-0.119869 -0.120015 -0.120151 -0.120277 -0.120394 -0.120502 -0.120602 -0.120695 -0.120781 -0.120861
-0.119869 -0.120015 -0.120151 -0.120277 -0.120394 -0.120502 -0.120602 -0.120695 -0.120781 -0.120861
-0.119869 -0.120015 -0.120151 -0.120277 -0.120394 -0.120502 -0.120602 -0.120695 -0.120781 -0.120861
-0.119869 -0.120015 -0.120151 -0.120277 -0.120394 -0.120502 -0.120602 -0.120695 -0.120781 -0.120861
-0.119869 -0.120015 -0.120151 -0.120277 -0.120394 -0.120502 -0.120602 -0.120695 -0.120781 -0.120861
-0.119869 -0.120015 -0.120151 -0.120277 -0.120394 -0.120502 -0.120602 -0.120695 -0.120781 -0.120861
-0.119869 -0.120015 -0.120151 -0.120277 -0.120394 -0.120502 -0.120602 -0.120695 -0.120781 -0.120861
-0.119869 -0.120015 -0.120151 -0.120277 -0.120394 -0.120502 -0.120602 -0.120695 -0.120781 -0.120861
-0.119869 -0.120015 -0.120151 -0.120277 -0.120394 -0.120502 -0.120602 -0.120695 -0.120781 -0.120861
-0.119869 -0.120015 -0.120151 -0.120277 -0.120394 -0.120502 -0.120602 -0.120695 -0.120781 -0.120861
-0.119869 -0.120015 -0.120151 -0.120277 -0.120394 -0.120502 -0.120602 -0.120695 -0.120781 -0.120861
-0.119869 -0.120015 -0.120151 -0.120277 -0.120394 -0.120502 -0.120602 -0.120695 -0.120781 -0.120861
