-0.000181443 -0.000145231 -0.000113083 -8.49917e-05 -6.09424e-05 -4.09155e-05 -2.48852e-05 -1.28195e-05 -4.68049e-06 -4.24004e-07
-0.000192883 -0.000155092 -0.000121417 -9.18679e-05 -6.64467e-05 -4.51503e-05 -2.79692e-05 -1.48881e-05 -5.88556e-06 -9.34031e-07
-0.000199172 -0.000160526 -0.000126022  -9.5678e-05 -6.95054e-05 -4.75107e-05 -2.96941e-05 -1.60498e-05 -6.56565e-06 -1.22375e-06
-0.000211051 -0.000170763 -0.000134671 -0.000102812 -7.52145e-05 -5.19015e-05 -3.28906e-05 -1.81929e-05 -7.81351e-06 -1.75153e-06
-0.000220329 -0.000178689 -0.000141309 -0.000108237 -7.95125e-05 -5.51712e-05 -3.52415e-05  -1.9746e-05  -8.7012e-06 -2.11772e-06
-0.000230547 -0.000187371 -0.000148539 -0.000114111 -8.41372e-05 -5.86644e-05 -3.77324e-05 -2.13751e-05 -9.62036e-06 -2.49009e-06
-0.000246044 -0.000200571 -0.000159561 -0.000123089 -9.12266e-05 -6.40369e-05 -4.15781e-05 -2.39021e-05 -1.10549e-05 -3.07626e-06
-0.000262728 -0.000214759 -0.000171388 -0.000132707 -9.88063e-05 -6.97686e-05 -4.56707e-05 -2.65833e-05 -1.25709e-05 -3.69231e-06
-0.000275866 -0.000225837 -0.000180538 -0.000140076 -0.000104552  -7.4061e-05 -4.86918e-05 -2.85273e-05 -1.36444e-05 -4.11373e-06
-0.000283604 -0.000232209 -0.000185668 -0.000144091 -0.000107581 -7.62369e-05   -5.015e-05 -2.94062e-05 -1.40852e-05 -4.26057e-06
-0.000287048 -0.000234855 -0.000187628 -0.000145471 -0.000108486 -7.67654e-05 -5.03979e-05 -2.94649e-05 -1.40421e-05 -4.19932e-06
-0.000288342 -0.000235649 -0.000188022 -0.000145561 -0.000108358 -7.65005e-05 -5.00683e-05 -2.91366e-05 -1.37739e-05  -4.0429e-06
-0.000288819 -0.000235753 -0.000187847 -0.000145192 -0.000107872 -7.59672e-05 -4.95496e-05 -2.86863e-05 -1.34381e-05 -3.85981e-06
-0.000288546 -0.000235228 -0.000187155 -0.000144408 -0.000107065 -7.51959e-05 -4.88648e-05 -2.81304e-05 -1.30449e-05 -3.65474e-06
 -0.00028688  -0.00023352 -0.000185477 -0.000142824 -0.000105627  -7.3948e-05 -4.78401e-05 -2.73521e-05 -1.25262e-05 -3.39876e-06
-0.000283215 -0.000230107 -0.000182375 -0.000140078 -0.000103272 -7.20039e-05 -4.63164e-05 -2.62453e-05 -1.18206e-05 -3.06623e-06
-0.000277368 -0.000224838 -0.000177724 -0.000136073 -9.99237e-05  -6.9309e-05 -4.42564e-05 -2.47871e-05 -1.09162e-05 -2.65284e-06
-0.000269513  -0.00021787 -0.000171667 -0.000130931 -9.56851e-05 -6.59457e-05 -4.17234e-05 -2.30223e-05 -9.84096e-06 -2.17145e-06
-0.000259906 -0.000209432   -0.0001644 -0.000124819 -9.06942e-05 -6.20239e-05 -3.88001e-05 -2.10088e-05 -8.63004e-06 -1.63782e-06
-0.000248718 -0.000199674 -0.000156055  -0.00011785 -8.50443e-05 -5.76177e-05 -3.55426e-05 -1.87856e-05 -7.30747e-06 -1.06275e-06
-0.000236036 -0.000188676 -0.000146702 -0.000110083 -7.87856e-05 -5.27677e-05 -3.19819e-05 -1.63748e-05 -5.88688e-06 -4.52498e-07
-0.000221931 -0.000176501 -0.000136397 -0.000101568 -7.19586e-05 -4.75063e-05 -2.81429e-05  -1.3794e-05 -4.37917e-06  1.87969e-07
-0.000206497 -0.000163233 -0.000125213 -9.23663e-05 -6.46144e-05 -4.18742e-05 -2.40561e-05 -1.10644e-05 -2.79734e-06  8.52828e-07
-0.000189859 -0.000148982 -0.000113245 -8.25568e-05 -5.68174e-05 -3.59218e-05 -1.97591e-05 -8.21186e-06 -1.15686e-06  1.53528e-06
-0.000172167 -0.000133877 -0.000100604 -7.22323e-05 -4.86425e-05 -2.97077e-05  -1.5295e-05 -5.26582e-06  5.24809e-07  2.22775e-06
 -0.00015356  -0.00011804 -8.73914e-05 -6.14782e-05 -4.01587e-05  -2.3285e-05  -1.0703e-05 -2.25264e-06  2.23214e-06  2.92359e-06
-0.000134164 -0.000101579 -7.36998e-05 -5.03697e-05  -3.1426e-05 -1.66999e-05 -6.01651e-06  8.05124e-07  3.95201e-06  3.61725e-06
-0.000114093  -8.4592e-05 -5.96114e-05 -3.89745e-05 -2.24982e-05 -9.99356e-06 -1.26529e-06  3.88783e-06  5.67314e-06  4.30403e-06
-9.34622e-05 -6.71764e-05 -4.52075e-05 -2.73588e-05 -1.34278e-05 -3.20579e-06  3.52207e-06  6.97661e-06  7.38476e-06  4.97952e-06
-7.23923e-05 -4.94357e-05 -3.05743e-05 -1.55929e-05 -4.27008e-06  3.62164e-06  8.31578e-06   1.0052e-05  9.07585e-06  5.63925e-06
-5.10094e-05 -3.14765e-05 -1.58006e-05 -3.74862e-06  4.91857e-06  1.04462e-05  1.30856e-05  1.30941e-05  1.07353e-05  6.27874e-06
-2.94429e-05 -1.34082e-05 -9.76796e-07  8.10095e-06  1.40809e-05   1.7225e-05  1.78012e-05  1.60836e-05  1.23523e-05  6.89367e-06
-7.81878e-06  4.66314e-06  1.38094e-05  1.98853e-05  2.31621e-05  2.39171e-05  2.24338e-05  1.90017e-05  1.39166e-05  7.48006e-06
1.37393e-05 2.26336e-05 2.84727e-05 3.15361e-05  3.2109e-05 3.04831e-05 2.69559e-05 2.18311e-05 1.54186e-05 8.03424e-06
3.51068e-05  4.0399e-05 4.29278e-05 4.29851e-05 4.08691e-05 3.68842e-05 3.13406e-05 2.45547e-05 1.68493e-05 8.55276e-06
5.61566e-05 5.78531e-05 5.70875e-05 5.41629e-05 4.93888e-05 4.30807e-05 3.55603e-05 2.71551e-05 1.81991e-05 9.03203e-06
7.67595e-05 7.48882e-05 7.08639e-05 6.49997e-05 5.76145e-05 4.90335e-05  3.9588e-05 2.96154e-05 1.94592e-05 9.46881e-06
9.67803e-05 9.13915e-05 8.41652e-05 7.54223e-05 6.54899e-05 5.47012e-05 4.33954e-05 3.19179e-05 2.06201e-05 9.85959e-06
0.000116076 0.000107243 9.68936e-05 8.53532e-05 7.29556e-05 6.00402e-05 4.69523e-05 3.40436e-05 2.16718e-05 1.02007e-05
0.000134461 0.000122289 0.000108921 9.46899e-05 7.99319e-05  6.4991e-05 5.02171e-05 3.59661e-05 2.25998e-05 1.04864e-05
0.000150902  0.00013563 0.000119484 0.000102796  8.5905e-05  6.9155e-05 5.28966e-05 3.74862e-05 2.32864e-05 1.06661e-05
0.000165543 0.000147404 0.000128709 0.000109788 9.09772e-05 7.26183e-05 5.50594e-05 3.86548e-05 2.37648e-05 1.07557e-05
  0.0001785 0.000157723 0.000136701  0.00011576 9.52305e-05 7.54495e-05 5.67603e-05 3.95123e-05  2.4061e-05 1.07677e-05
0.000189609 0.000166452 0.000143352 0.000120627 9.86007e-05 7.76026e-05 5.79685e-05 4.00403e-05 2.41658e-05  1.0699e-05
0.000198508 0.000173284 0.000148407 0.000124184 0.000100928 7.89576e-05 5.85991e-05 4.01836e-05 2.40486e-05 1.05376e-05
0.000204801 0.000177887 0.000151591 0.000126208 0.000102038 7.93844e-05 5.85605e-05 3.98835e-05 2.36769e-05 1.02705e-05
0.000208125 0.000179953 0.000152652 0.000126498 0.000101774 7.87671e-05 5.77717e-05  3.9088e-05 2.30223e-05  9.8869e-06
0.000208159 0.000179217 0.000151373 0.000124881 0.000100004 7.70079e-05 5.61652e-05 3.77551e-05 2.20625e-05 9.37852e-06
 0.00020464 0.000175465 0.000147585 0.000121229 9.66348e-05 7.40425e-05 5.37003e-05 3.58622e-05 2.07878e-05 8.74317e-06
0.000196726 0.000167991 0.000140708 0.000115077 9.13051e-05 6.96034e-05 5.01905e-05 3.32905e-05 1.91336e-05 7.95605e-06
0.000185038 0.000157344 0.000131218 0.000106828 8.43459e-05 6.39522e-05 4.58318e-05 3.01761e-05 1.71824e-05  7.0539e-06
0.000170289 0.000144139 0.000119636 9.69107e-05 7.61022e-05 5.73547e-05 4.08184e-05 2.66495e-05 1.50104e-05 6.06913e-06
0.000152803 0.000128663 0.000106209 8.55366e-05 6.67469e-05 4.99478e-05  3.5253e-05 2.27822e-05  1.2661e-05 5.02112e-06
0.000132128 0.000110531 9.06168e-05 7.24431e-05 5.60725e-05 4.15741e-05 2.90229e-05    1.85e-05 1.00922e-05 3.89259e-06
0.000108844 9.02463e-05 7.32883e-05 5.79878e-05 4.43679e-05 3.24579e-05 2.22931e-05 1.39147e-05 7.36999e-06 2.71205e-06
8.39571e-05 6.86698e-05 5.49456e-05 4.27621e-05 3.21029e-05 2.29578e-05 1.53224e-05 9.19829e-06 4.59317e-06 1.52057e-06
5.94387e-05  4.7506e-05 3.70329e-05 2.79608e-05 2.02366e-05 1.38138e-05 8.65142e-06 4.71471e-06 1.97484e-06 4.08918e-07
 3.73124e-05     2.85e-05  2.10265e-05  1.48028e-05  9.74567e-06  5.77798e-06  2.82857e-06  8.32271e-07 -2.70103e-07  -5.3177e-07
 1.97749e-05   1.3553e-05  8.53982e-06  4.62521e-06  1.70514e-06 -3.18419e-07 -1.53752e-06 -2.03817e-06 -1.90043e-06 -1.19834e-06
 4.50819e-06  6.64905e-07  -2.1195e-06 -3.96994e-06 -5.00531e-06 -5.33847e-06 -5.07626e-06 -4.31951e-06   -3.163e-06 -1.69556e-06
-8.45093e-06 -1.01872e-05 -1.10176e-05 -1.10772e-05 -1.04953e-05 -9.39482e-06 -7.89289e-06 -6.10049e-06 -4.12259e-06 -2.05812e-06
-1.83745e-05 -1.83857e-05 -1.76409e-05 -1.62802e-05 -1.44374e-05 -1.22407e-05 -9.81184e-06 -7.26664e-06 -4.71484e-06 -2.26009e-06
-2.56094e-05 -2.42413e-05 -2.22621e-05 -1.98121e-05 -1.70258e-05 -1.40315e-05 -1.09512e-05   -7.901e-06 -4.99089e-06 -2.32465e-06
-3.00518e-05 -2.76775e-05 -2.48276e-05 -2.16386e-05 -1.82409e-05 -1.47588e-05 -1.13104e-05 -8.00757e-06 -4.95619e-06 -2.25585e-06
-3.12167e-05  -2.8295e-05 -2.50161e-05 -2.15082e-05 -1.78931e-05 -1.42866e-05 -1.07982e-05 -7.53141e-06 -4.58322e-06 -2.04453e-06
-2.96643e-05 -2.65725e-05 -2.32287e-05 -1.97486e-05  -1.6242e-05 -1.28124e-05  -9.5569e-06 -6.56646e-06 -3.92567e-06 -1.71285e-06
  -2.713e-05  -2.4017e-05 -2.07483e-05 -1.74267e-05 -1.41487e-05 -1.10043e-05 -8.07758e-06 -5.44587e-06  -3.1803e-06 -1.34557e-06
-2.56721e-05  -2.2412e-05 -1.90907e-05    -1.58e-05 -1.26255e-05 -9.64629e-06  -6.9352e-06 -4.55847e-06  -2.5759e-06  -1.0408e-06
-2.54035e-05 -2.18567e-05 -1.83411e-05 -1.49401e-05  -1.1731e-05 -8.78419e-06 -6.16395e-06 -3.92776e-06 -2.12657e-06 -8.04728e-07
-2.57236e-05 -2.18288e-05 -1.80542e-05 -1.44764e-05 -1.11655e-05 -8.18512e-06 -5.59226e-06 -3.43714e-06  -1.7633e-06 -6.07551e-07
 -2.6451e-05 -2.21698e-05 -1.80942e-05 -1.42949e-05 -1.08366e-05 -7.77681e-06 -5.16657e-06 -3.04996e-06 -1.46421e-06 -4.39705e-07
 -2.7664e-05 -2.29412e-05 -1.85076e-05 -1.44299e-05 -1.07678e-05 -7.57421e-06 -4.89521e-06 -2.76978e-06 -1.22993e-06 -3.00658e-07
-2.91528e-05 -2.39509e-05  -1.9123e-05 -1.47317e-05 -1.08325e-05 -7.47429e-06 -4.69849e-06 -2.53952e-06  -1.0246e-06 -1.73783e-07
-3.01783e-05 -2.45724e-05 -1.94195e-05  -1.4778e-05 -1.06992e-05 -7.22721e-06 -4.39883e-06  -2.2435e-06 -7.83306e-07 -3.29782e-08
-3.22194e-05 -2.60889e-05 -2.04891e-05 -1.54763e-05 -1.10996e-05 -7.40056e-06 -4.41333e-06 -2.16444e-06 -6.72866e-07  4.99584e-08
-3.49274e-05  -2.8198e-05 -2.20746e-05 -1.66129e-05 -1.18615e-05 -7.86085e-06 -4.64398e-06 -2.23599e-06 -6.54191e-07  9.18138e-08
-3.50327e-05 -2.80668e-05 -2.17691e-05 -1.61914e-05 -1.13777e-05 -7.36416e-06 -4.17878e-06 -1.84163e-06  -3.6471e-07  2.47945e-07
-3.16229e-05 -2.49092e-05 -1.89087e-05 -1.36641e-05 -9.21021e-06 -5.57362e-06 -2.77263e-06 -8.17176e-07  2.91094e-07   5.5869e-07
-2.55364e-05  -1.9456e-05 -1.41178e-05 -9.55217e-06 -5.78124e-06 -2.81849e-06 -6.68874e-07  6.71343e-07  1.21444e-06  9.81095e-07
-1.79938e-05 -1.27682e-05 -8.30113e-06 -4.60895e-06 -1.69961e-06  4.27995e-07  1.78382e-06  2.38685e-06  2.26491e-06  1.45443e-06
 -9.8597e-06 -5.59759e-06 -2.09958e-06  6.31931e-07  2.60331e-06  3.83038e-06  4.33818e-06  4.16114e-06  3.34279e-06  1.93553e-06
-1.53897e-06  1.70366e-06  4.18634e-06  5.92002e-06  6.92486e-06  7.23087e-06   6.8777e-06  5.91475e-06  4.40083e-06  2.40383e-06
6.83395e-06 9.01907e-06 1.04575e-05 1.11729e-05 1.11984e-05 1.05776e-05 9.36397e-06  7.6214e-06 5.42331e-06 2.85245e-06
1.52044e-05 1.63023e-05 1.66753e-05 1.63589e-05 1.53988e-05 1.38511e-05 1.17829e-05 9.27151e-06 6.40453e-06  3.2789e-06
2.35122e-05 2.35027e-05 2.27979e-05 2.14444e-05 1.94994e-05 1.70313e-05 1.41198e-05 1.08553e-05 7.33876e-06  3.6807e-06
3.16664e-05 3.05433e-05 2.87614e-05 2.63773e-05 2.34591e-05 2.00868e-05 1.63519e-05 1.23574e-05 8.21697e-06 4.05394e-06
3.95229e-05 3.73018e-05 3.44633e-05 3.10738e-05 2.72112e-05 2.29664e-05  1.8442e-05 1.37528e-05 9.02441e-06 4.39225e-06
4.68868e-05 4.36113e-05 3.97638e-05 3.54191e-05 3.06642e-05 2.55998e-05 2.03388e-05 1.50068e-05  9.7405e-06 4.68673e-06
5.35429e-05 4.92882e-05 4.45088e-05 3.92867e-05  3.3717e-05  2.7909e-05 2.19851e-05 1.60806e-05 1.03423e-05 4.92763e-06
5.92891e-05 5.41598e-05 4.85533e-05 4.25576e-05 3.62744e-05 2.98207e-05 2.33268e-05 1.69371e-05 1.08082e-05 5.10629e-06
6.37373e-05 5.78736e-05 5.15784e-05 4.49447e-05 3.80794e-05 3.11057e-05 2.41614e-05 1.73993e-05 1.09852e-05 5.09097e-06
6.63347e-05 5.99249e-05  5.3126e-05  4.6034e-05 3.87602e-05  3.1433e-05 2.41976e-05 1.72157e-05  1.0659e-05 4.81397e-06
6.64851e-05 5.97778e-05 5.27181e-05 4.54036e-05 3.79488e-05 3.04878e-05 2.31739e-05 1.61751e-05 9.77694e-06 4.30039e-06
6.35819e-05 5.68976e-05 4.98887e-05 4.26538e-05 3.53108e-05  2.8001e-05 2.08834e-05 1.42387e-05 8.38533e-06 3.57673e-06
5.69781e-05 5.07278e-05 4.41689e-05 3.74009e-05 3.05468e-05 2.37524e-05 1.72875e-05 1.14634e-05 6.52849e-06 2.66549e-06
4.60575e-05 4.07663e-05 3.51679e-05 2.93632e-05 2.34767e-05 1.77619e-05 1.25165e-05 7.97889e-06 4.32343e-06 1.66814e-06
3.00177e-05 2.63624e-05 2.23854e-05 1.81824e-05 1.39809e-05 1.00569e-05 6.63145e-06 3.86523e-06  1.8646e-06 6.05943e-07
 1.04684e-05    8.957e-06  7.09371e-06  5.07216e-06  3.13902e-06  1.49159e-06  2.72291e-07 -4.26404e-07 -6.39635e-07 -4.67348e-07
-1.12061e-05 -1.01488e-05 -9.40111e-06 -8.75155e-06 -8.03179e-06 -7.12063e-06 -5.94003e-06 -4.53519e-06 -3.01365e-06 -1.47312e-06
-3.51966e-05 -3.09476e-05 -2.69903e-05 -2.31922e-05 -1.94589e-05 -1.57279e-05 -1.20537e-05  -8.5483e-06 -5.31282e-06 -2.43669e-06
-5.79107e-05  -5.0428e-05 -4.33004e-05 -3.64548e-05 -2.98437e-05 -2.35262e-05 -1.76189e-05 -1.22241e-05 -7.43442e-06 -3.33345e-06
-7.74051e-05  -6.7057e-05 -5.71451e-05 -4.76285e-05 -3.85769e-05 -3.01094e-05 -2.23346e-05 -1.53486e-05 -9.24103e-06 -4.09658e-06
 -9.4741e-05 -8.17965e-05 -6.93578e-05 -5.74931e-05 -4.63323e-05 -3.59874e-05 -2.65643e-05 -1.81595e-05 -1.08674e-05 -4.78158e-06
-0.000110421 -9.51171e-05 -8.04471e-05 -6.65332e-05 -5.35025e-05  -4.1465e-05 -3.05326e-05 -2.08103e-05 -1.24061e-05 -5.43002e-06
-0.000122685 -0.000105577  -8.9222e-05 -7.37417e-05 -5.92564e-05  -4.5885e-05 -3.37468e-05 -2.29621e-05 -1.36546e-05 -5.95419e-06
-0.000136755 -0.000117521 -9.91635e-05 -8.18165e-05 -6.56132e-05 -5.06861e-05 -3.71692e-05  -2.5198e-05 -1.49128e-05 -6.46086e-06
-0.000153131 -0.000131474 -0.000110824 -9.13278e-05 -7.31368e-05 -5.64003e-05   -4.127e-05 -2.79005e-05 -1.64516e-05 -7.09138e-06
-0.000165468 -0.000141892 -0.000119449 -9.82975e-05 -7.85948e-05 -6.05004e-05 -4.41761e-05  -2.9787e-05  -1.7505e-05 -7.51135e-06
-0.000173309 -0.000148382 -0.000124712 -0.000102457 -8.17748e-05  -6.2825e-05 -4.57711e-05 -3.07809e-05 -1.80296e-05 -7.70285e-06
-0.000185697 -0.000158803 -0.000133309 -0.000109378 -8.71753e-05 -6.68676e-05 -4.86262e-05 -3.26279e-05 -1.90576e-05 -8.11129e-06
-0.000197135  -0.00016834 -0.000141105 -0.000115593 -9.19744e-05 -7.04182e-05 -5.11005e-05 -3.42028e-05 -1.99156e-05 -8.44169e-06
-0.000209876 -0.000178953 -0.000149769 -0.000122493 -9.72952e-05 -7.43502e-05 -5.38374e-05  -3.5943e-05 -2.08628e-05 -8.80618e-06
-0.000224265 -0.000191003 -0.000159667 -0.000130428 -0.000103462 -7.89488e-05 -5.70741e-05 -3.80307e-05  -2.2022e-05 -9.26603e-06
  -0.0002374 -0.000201976 -0.000168658 -0.000137621 -0.000109042 -8.31042e-05 -5.99963e-05 -3.99151e-05 -2.30689e-05 -9.68213e-06
-0.000245143 -0.000208285 -0.000173697 -0.000141546 -0.000112003 -8.52442e-05  -6.1452e-05  -4.0818e-05 -2.35465e-05 -9.85902e-06
-0.000245284 -0.000208036 -0.000173191 -0.000140896 -0.000111304 -8.45728e-05 -6.08656e-05 -4.03566e-05 -2.32341e-05 -9.70459e-06
-0.000237514 -0.000200997 -0.000166975 -0.000135564 -0.000106885 -8.10649e-05 -5.82366e-05 -3.85453e-05 -2.21507e-05 -9.23313e-06
-0.000222113 -0.000187445 -0.000155315 -0.000125795 -9.89644e-05 -7.49079e-05 -5.37183e-05 -3.54999e-05 -2.03737e-05 -8.48259e-06
-0.000200008 -0.000168218  -0.00013895 -0.000112228 -8.80794e-05 -6.65377e-05 -4.76463e-05 -3.14603e-05 -1.80531e-05 -7.52251e-06
-0.000173506  -0.00014536 -0.000119662 -9.63772e-05 -7.54799e-05 -5.69483e-05 -4.07716e-05 -2.69517e-05 -1.55107e-05 -6.49792e-06
-0.000146036 -0.000121863 -0.000100007  -8.0379e-05 -6.28997e-05 -4.74938e-05 -3.40972e-05 -2.26605e-05 -1.31564e-05 -5.58813e-06
-0.000118749 -9.86758e-05 -8.07522e-05 -6.48377e-05 -5.07992e-05 -3.85091e-05 -2.78523e-05 -1.87294e-05 -1.10659e-05 -4.82112e-06
-9.58085e-05  -7.9403e-05   -6.496e-05 -5.22931e-05  -4.1224e-05 -3.15799e-05 -2.32018e-05 -1.59485e-05  -9.7063e-06 -4.39845e-06
-7.25436e-05 -6.00049e-05 -4.92053e-05 -3.99122e-05 -3.19012e-05 -2.49544e-05 -1.88689e-05 -1.34613e-05 -8.57859e-06 -4.10866e-06
-4.49694e-05 -3.70422e-05 -3.05793e-05 -2.52945e-05 -2.09111e-05 -1.71586e-05 -1.37836e-05 -1.05534e-05 -7.26833e-06 -3.77585e-06
-2.21232e-05 -1.83639e-05 -1.57625e-05 -1.39873e-05 -1.27165e-05  -1.1635e-05 -1.04458e-05 -8.87315e-06 -6.67785e-06 -3.68184e-06
-2.93516e-06 -3.02503e-06 -3.92617e-06  -5.2675e-06 -6.68857e-06 -7.83535e-06 -8.37074e-06 -7.97997e-06 -6.39619e-06 -3.63144e-06
 1.28965e-05  9.34897e-06  5.35896e-06  1.33249e-06  -2.3345e-06 -5.24959e-06  -7.0356e-06  -7.3463e-06 -6.10245e-06  -3.5137e-06
 2.39282e-05   1.7597e-05  1.12012e-05  5.17646e-06 -4.76419e-08 -4.04034e-06 -6.39229e-06 -6.94494e-06 -5.81726e-06 -3.32602e-06
 2.90066e-05  2.08296e-05  1.29626e-05  5.86784e-06  7.67283e-09 -4.15725e-06 -6.40833e-06 -6.78823e-06 -5.52663e-06  -3.0533e-06
 2.82123e-05  1.92565e-05  1.09753e-05  3.85627e-06 -1.61275e-06 -5.16671e-06 -6.79238e-06 -6.64736e-06 -5.07857e-06 -2.62353e-06
 2.28825e-05  1.42113e-05  6.56604e-06  4.52813e-07 -3.84123e-06 -6.26093e-06 -6.91141e-06 -6.07064e-06 -4.19602e-06 -1.91428e-06
 1.59638e-05  8.47379e-06  2.33209e-06 -2.15951e-06 -4.92607e-06 -6.03163e-06 -5.70126e-06 -4.32228e-06 -2.43982e-06 -7.36338e-07
 8.59236e-06  3.22837e-06 -7.30323e-07 -3.19501e-06 -4.21356e-06 -3.96941e-06 -2.79719e-06 -1.17047e-06  3.10871e-07  9.51407e-07
  3.6072e-06  9.61614e-07 -5.11603e-07 -8.55225e-07 -2.31635e-07  1.06622e-06  2.62399e-06  3.91799e-06  4.34207e-06  3.24306e-06
9.22735e-06 8.57934e-06 8.71052e-06 9.45883e-06 1.05597e-05 1.16461e-05 1.22638e-05  1.1892e-05 9.97685e-06 1.53789e-16
1.93297e-05 2.02869e-05 2.15323e-05  2.2802e-05   2.375e-05 2.39593e-05 2.29635e-05 2.02762e-05 1.37265e-15 2.11587e-26
2.70866e-05 2.99829e-05 3.25825e-05 3.45278e-05 3.54026e-05 3.47561e-05 3.21304e-05 1.41193e-15 9.55838e-26 1.47338e-36
3.71135e-05 4.15952e-05 4.51082e-05 4.72221e-05 4.74765e-05 4.54194e-05 8.36029e-16 3.67379e-26 2.48709e-36 3.83371e-47
7.38193e-05 7.63344e-05 7.73454e-05 7.63787e-05 7.29603e-05 1.79015e-16 3.29507e-27 1.44796e-37 9.80236e-48 1.51098e-58
0.000146263 0.000141318 0.000134369 0.000125004 1.35525e-20           0 7.17465e-43  2.0881e-53 1.21543e-63 1.76869e-74
0.000194857 0.000185045 0.000172665 2.71051e-20 1.50463e-36           0 7.96546e-59 2.31825e-69  1.3494e-79 1.96364e-90
 0.000225266  0.000212201  2.71051e-20  3.00927e-36  1.67048e-52            0  8.84344e-75  2.57378e-85  1.49814e-95 2.18008e-106
 0.000239708  2.71051e-20  3.00927e-36  3.34096e-52   1.8546e-68            0  9.81819e-91 2.85747e-101 1.66327e-111 2.42037e-122
 2.71051e-20  3.00927e-36  3.34096e-52  3.70921e-68  2.05902e-84            0 1.09004e-106 3.17243e-117  1.8466e-127 2.68715e-138
 3.00927e-36  3.34096e-52  3.70921e-68  4.11805e-84 2.28597e-100            0 1.21018e-122  3.5221e-133 2.05013e-143 2.98334e-154
 3.34096e-52  3.70921e-68  4.11805e-84 4.57195e-100 2.53794e-116            0 1.34358e-138 3.91032e-149  2.2761e-159 3.31217e-170
 3.70921e-68  4.11805e-84 4.57195e-100 5.07588e-116 2.81768e-132            0 1.49167e-154 4.34133e-165 2.52698e-175 3.67725e-186
 4.11805e-84 4.57195e-100 5.07588e-116 5.63536e-132 3.12825e-148            0 1.65608e-170 4.81984e-181 2.80552e-191 4.08256e-202
4.57195e-100 5.07588e-116 5.63536e-132 6.25651e-148 3.47306e-164            0 1.83862e-186  5.3511e-197 3.11475e-207 4.53256e-218
5.07588e-116 5.63536e-132 6.25651e-148 6.94612e-164 3.85587e-180            0 2.04128e-202 5.94091e-213 3.45807e-223 5.03215e-234
5.63536e-132 6.25651e-148 6.94612e-164 7.71174e-180 4.28088e-196            0 2.26628e-218 6.59574e-229 3.83922e-239 5.58681e-250
6.25651e-148 6.94612e-164 7.71174e-180 8.56176e-196 4.75273e-212            0 2.51607e-234 7.32274e-245 4.26239e-255  6.2026e-266
6.94612e-164 7.71174e-180 8.56176e-196 9.50546e-212 5.27659e-228            0  2.7934e-250 8.12987e-261 4.73221e-271 6.88627e-282
7.71174e-180 8.56176e-196 9.50546e-212 1.05532e-227 5.85819e-244            0  3.1013e-266 9.02597e-277 5.25381e-287  7.6453e-298
8.56176e-196 9.50546e-212 1.05532e-227 1.17164e-243  6.5039e-260            0 3.44314e-282 1.00208e-292  5.8329e-303 8.48798e-314
9.50546e-212 1.05532e-227 1.17164e-243 1.30078e-259 7.22078e-276            0 3.82265e-298 1.11254e-308 6.47582e-319            0
1.05532e-227 1.17164e-243 1.30078e-259 1.44416e-275 8.01667e-292            0 4.24399e-314            0            0            0
1.17164e-243 1.30078e-259 1.44416e-275 1.60333e-291  8.9003e-308            0            0            0            0            0
1.30078e-259 1.44416e-275 1.60333e-291 1.78006e-307 9.88131e-324            0            0            0            0            0
1.44416e-275 1.60333e-291 1.78006e-307 1.97626e-323            0            0            0            0            0            0
1.60333e-291 1.78006e-307 1.97626e-323            0            0            0            0            0            0            0
1.78006e-307 1.97626e-323            0            0            0            0            0            0            0            0
1.97626e-323            0            0            0            0            0            0            0            0            0
0 0 0 0 0 0 0 0 0 0
          0           0           0           0           0           0           0           0           0 4.95723e-05
          0           0           0           0           0           0           0           0  0.00010876 5.15337e-05
          0           0           0           0           0           0           0 0.000176595 0.000112446  5.3003e-05
          0           0           0           0           0           0 0.000250989   0.0001811 0.000114862 5.39576e-05
          0           0           0           0           0 0.000329133 0.000255054 0.000183528 0.000116155 5.44862e-05
          0           0           0           0 0.000407386 0.000331035 0.000256115 0.000184122 0.000116513 5.46894e-05
          0           0           0 0.000481533 0.000405124  0.00032904 0.000254637 0.000183252 0.000116183 5.46882e-05
          0           0 0.000547105 0.000473076 0.000398308 0.000323989 0.000251304 0.000181422 0.000115488 5.46311e-05
          0 0.000598016 0.000529141 0.000458546  0.00038721 0.000316137 0.000246329 0.000178789 0.000114521 5.45575e-05
0.000630174 0.000569215 0.000505671 0.000440279 0.000373825 0.000307116 0.000240983 0.000176278 0.000113903 5.48365e-05
0.000597819 0.000542839 0.000485113 0.000425177 0.000363624  0.00030109 0.000238263 0.000175896 0.000114838  5.5888e-05
 0.00058112 0.000530693 0.000477233 0.000421107 0.000362755  0.00030268 0.000241477  0.00017985 0.000118463 5.81421e-05
 0.00057404 0.000527551 0.000477595 0.000424396 0.000368264 0.000309611 0.000248978 0.000186876 0.000123982 6.12651e-05
0.000579975 0.000536222 0.000488468 0.000436821 0.000381503 0.000322874 0.000261276 0.000197225 0.000131531 6.53105e-05
0.000648601 0.000600637 0.000548011 0.000490766 0.000429106 0.000363434 0.000294215 0.000222102 0.000148082 7.34835e-05
0.000743405 0.000685895 0.000623594 0.000556573 0.000485097 0.000409503 0.000330314 0.000248386  0.00016492 8.14783e-05
0.000827727 0.000762804 0.000692744  0.00061766 0.000537717 0.000453275 0.000365019 0.000273981 0.000181553 8.95054e-05
 0.00090803  0.00083644 0.000759357 0.000676762 0.000588802 0.000495955  0.00039904 0.000299233 0.000198088 9.75557e-05
0.000980382 0.000903294 0.000820213 0.000731061  0.00063605 0.000535739 0.000431032 0.000323215 0.000213966 0.000105382
 0.00104119 0.000960068 0.000872428 0.000778183 0.000677573 0.000571177 0.000459947 0.000345225 0.000228776 0.000112808
 0.00112974  0.00104131 0.000945883 0.000843389 0.000734093 0.000618624 0.000498013 0.000373706 0.000247602 0.000122074
 0.00119938  0.00110679  0.00100652 0.000898483  0.00078294 0.000660545  0.00053238 0.000399973 0.000265336 0.000130991
 0.00125159  0.00115776   0.0010554 0.000944337 0.000824815 0.000697482 0.000563448   0.0004243 0.000282143 0.000139631
 0.00131427  0.00121843  0.00111309 0.000998034 0.000873487 0.000740113 0.000599062 0.000452003 0.000301161 0.000149347
 0.00137246  0.00127591  0.00116872  0.00105062 0.000921807 0.000782949  0.00063524 0.000480425 0.000320851 0.000159492
  0.0014331  0.00133627  0.00122749  0.00110646 0.000973329 0.000828783 0.000674061 0.000510999 0.000342076 0.000170448
 0.00150157  0.00140415  0.00129336  0.00116882  0.00103069 0.000879662 0.000717034 0.000544751 0.000365445 0.000182479
 0.00158195  0.00148309  0.00136933  0.00124023  0.00109594 0.000937183 0.000765343 0.000582493 0.000391446   0.0001958
 0.00167918  0.00157742   0.0014591  0.00132377  0.00117157   0.0010033 0.000820443 0.000625227 0.000420681 0.000210678
 0.00180315  0.00169565  0.00156989  0.00142541  0.00126239  0.00108173 0.000885058 0.000674796 0.000454236  0.00022758
  0.0019591  0.00184231  0.00170553  0.00154832  0.00137096  0.00117447 0.000960651 0.000732196 0.000492706 0.000246762
 0.00214806  0.00201826  0.00186673  0.00169309  0.00149774  0.00128185  0.00104748 0.000797603 0.000536192 0.000268272
 0.00236078  0.00221549   0.0020467  0.00185409  0.00163821  0.00140041  0.00114301 0.000869318 0.000583709 0.000291694
 0.00259365   0.0024309  0.00224283   0.0020292  0.00179069  0.00152888  0.00124634 0.000946759 0.000634932 0.000316898
 0.00285094  0.00266825  0.00245836  0.00222114  0.00195743  0.00166902  0.00135881  0.00103086 0.000690433 0.000344146
 0.00314146  0.00293518  0.00269983  0.00243539  0.00214287  0.00182432  0.00148301  0.00112339 0.000751282 0.000373911
 0.00346197   0.0032289  0.00296486  0.00266996  0.00234542  0.00199358  0.00161805  0.00122379 0.000817163 0.000406065
 0.00379365  0.00353311  0.00323965  0.00291346  0.00255596  0.00216975  0.00175884  0.00132863 0.000886076 0.000439753
 0.00413465  0.00384643  0.00352317  0.00316519  0.00277403  0.00235261  0.00190526  0.00143789 0.000958015 0.000474959
 0.00449735  0.00417966  0.00382472   0.0034329  0.00300595  0.00254703  0.00206089  0.00155391  0.00103428 0.000512158
 0.00488121  0.00453093  0.00414108  0.00371214  0.00324603  0.00274624  0.00221793  0.00166804  0.00110556 0.000541739
 0.00526663  0.00488084  0.00445308  0.00398394  0.00347556  0.00293176  0.00235819  0.00176252  0.00115473 0.000556992
 0.00562094  0.00519856   0.0047317  0.00422106  0.00366904  0.00307985  0.00245975  0.00181734  0.00117343 0.000557358
 0.00590631  0.00544873  0.00494404  0.00439308  0.00379851  0.00316507  0.00249983   0.0018221  0.00115978 0.000542265
 0.00608096  0.00559273  0.00505461  0.00446759  0.00383475   0.0031615  0.00246552  0.00177308  0.00111201 0.000511168
 0.00609836  0.00558796  0.00502474  0.00440995  0.00374723  0.00305245  0.00235013  0.00166632  0.00102818 0.000463436
 0.00590909  0.00538963  0.00481434  0.00418488  0.00351519  0.00282783  0.00214697  0.00149783 0.000906299 0.000398415
  0.0054627  0.00495258  0.00438365   0.0037677   0.0031252  0.00247819  0.00184985  0.00126399 0.000744629 0.000315571
 0.00471288  0.00423612  0.00370723  0.00314436   0.0025673  0.00199694  0.00145487 0.000962866 0.000542562  0.00021496
 0.00360795  0.00320546  0.00276332  0.00229885  0.00183049  0.00137736 0.000958852 0.000594182 0.000301993 5.67038e-05
  0.00231301   0.00201096   0.00168146   0.00134058   0.00100509  0.000692074  0.000418478  0.000200693  5.06575e-05 -1.89428e-15
  0.00104736  0.000847396  0.000631839  0.000415564  0.000213737  4.14473e-05 -8.67694e-05 -0.000150485  2.52946e-14 -4.99906e-15
-0.000164488 -0.000261806 -0.000363134 -0.000454764 -0.000523095 -0.000555008 -0.000430164 -2.31976e-15  1.59368e-15 -4.99906e-15
 -0.00129296  -0.00128883  -0.00127737    -0.001246  -0.00118268 -0.000828147    5.401e-17  1.06001e-15  1.59368e-15 -4.99906e-15
 -0.00213512  -0.00201587  -0.00188842   -0.0017425   -0.0015686 -2.55124e-15  2.28368e-16  1.06001e-15  1.59368e-15 -4.99906e-15
 -0.00283878  -0.00265175  -0.00244668  -0.00221408  -2.1684e-19  5.15893e-16  2.28368e-16  1.06001e-15  1.59368e-15 -4.99906e-15
 -0.00342195    -0.003171  -0.00289218 -4.33681e-19 -2.40741e-35  5.15893e-16  2.28368e-16  1.06001e-15  1.59368e-15 -4.99906e-15
 -0.00382405  -0.00351972 -4.33681e-19 -4.81482e-35 -2.67276e-51  5.15893e-16  2.28368e-16  1.06001e-15  1.59368e-15 -4.99906e-15
 -0.00399299 -4.33681e-19 -4.81482e-35 -5.34553e-51 -2.96736e-67  5.15893e-16  2.28368e-16  1.06001e-15  1.59368e-15 -4.99906e-15
           0 -4.81482e-35 -5.34553e-51 -5.93473e-67 -3.29444e-83  5.15893e-16  2.28368e-16  1.06001e-15  1.59368e-15 -4.99906e-15
           0 -5.34553e-51 -5.93473e-67 -6.58887e-83 -3.65756e-99  5.15893e-16  2.28368e-16  1.06001e-15  1.59368e-15 -4.99906e-15
            0  -5.93473e-67  -6.58887e-83  -7.31512e-99 -4.06071e-115   5.15893e-16   2.28368e-16   1.06001e-15   1.59368e-15  -4.99906e-15
            0  -6.58887e-83  -7.31512e-99 -8.12141e-115 -4.50829e-131   5.15893e-16   2.28368e-16   1.06001e-15   1.59368e-15  -4.99906e-15
            0  -7.31512e-99 -8.12141e-115 -9.01658e-131 -5.00521e-147   5.15893e-16   2.28368e-16   1.06001e-15   1.59368e-15  -4.99906e-15
            0 -8.12141e-115 -9.01658e-131 -1.00104e-146  -5.5569e-163   5.15893e-16   2.28368e-16   1.06001e-15   1.59368e-15  -4.99906e-15
            0 -9.01658e-131 -1.00104e-146 -1.11138e-162 -6.16939e-179   5.15893e-16   2.28368e-16   1.06001e-15   1.59368e-15  -4.99906e-15
            0 -1.00104e-146 -1.11138e-162 -1.23388e-178  -6.8494e-195   5.15893e-16   2.28368e-16   1.06001e-15   1.59368e-15  -4.99906e-15
            0 -1.11138e-162 -1.23388e-178 -1.36988e-194 -7.60437e-211   5.15893e-16   2.28368e-16   1.06001e-15   1.59368e-15  -4.99906e-15
            0 -1.23388e-178 -1.36988e-194 -1.52087e-210 -8.44254e-227   5.15893e-16   2.28368e-16   1.06001e-15   1.59368e-15  -4.99906e-15
            0 -1.36988e-194 -1.52087e-210 -1.68851e-226 -9.37311e-243   5.15893e-16   2.28368e-16   1.06001e-15   1.59368e-15  -4.99906e-15
            0 -1.52087e-210 -1.68851e-226 -1.87462e-242 -1.04062e-258   5.15893e-16   2.28368e-16   1.06001e-15   1.59368e-15  -4.99906e-15
            0 -1.68851e-226 -1.87462e-242 -2.08125e-258 -1.15532e-274   5.15893e-16   2.28368e-16   1.06001e-15   1.59368e-15  -4.99906e-15
            0 -1.87462e-242 -2.08125e-258 -2.31065e-274 -1.28267e-290   5.15893e-16   2.28368e-16   1.06001e-15   1.59368e-15  -4.99906e-15
            0 -2.08125e-258 -2.31065e-274 -2.56534e-290 -1.42405e-306   5.15893e-16   2.28368e-16   1.06001e-15   1.59368e-15  -4.99906e-15
            0 -2.31065e-274 -2.56534e-290 -2.84809e-306 -1.58101e-322   5.15893e-16   2.28368e-16   1.06001e-15   1.59368e-15  -4.99906e-15
            0 -2.56534e-290 -2.84809e-306 -3.16202e-322             0   5.15893e-16   2.28368e-16   1.06001e-15   1.59368e-15  -4.99906e-15
            0 -2.84809e-306 -3.16202e-322             0             0   5.15893e-16   2.28368e-16   1.06001e-15   1.59368e-15  -4.99906e-15
            0 -3.16202e-322             0             0             0   5.15893e-16   2.28368e-16   1.06001e-15   1.59368e-15  -4.99906e-15
           0            0            0            0            0  5.15893e-16  2.28368e-16  1.06001e-15  1.59368e-15 -4.99906e-15
           0            0            0            0            0  5.15893e-16  2.28368e-16  1.06001e-15  1.59368e-15 -4.99906e-15
          0           0           0           0           0 5.15893e-16 2.28368e-16 1.06001e-15 1.59368e-15 0.000490539
          0           0           0           0           0 5.15893e-16 2.28368e-16 1.06001e-15  0.00104862 0.000514547
          0           0           0           0           0 5.15893e-16 2.28368e-16  0.00165518  0.00108434 0.000522681
          0           0           0           0           0 5.15893e-16  0.00228481  0.00168646  0.00108697 0.000514933
          0           0           0           0           0  0.00290138   0.0022881  0.00166358  0.00105508 0.000490918
          0           0           0           0  0.00344938    0.002839  0.00220762  0.00158095 0.000985811 0.000449625
          0           0           0  0.00404422  0.00342315  0.00277432  0.00212222  0.00149246 0.000911245 0.000405016
          0           0  0.00443221  0.00383253  0.00319819  0.00255208  0.00191824  0.00132133 0.000786278  0.00033779
          0  0.00442377  0.00389363  0.00332205  0.00272989  0.00213913  0.00157244  0.00105275 0.000602824 0.000244855
 0.00387229  0.00346263  0.00300586  0.00252045  0.00202596  0.00154268  0.00109114 0.000691788 0.000364493 0.000128128
 0.00259049  0.00227484  0.00192529  0.00155901  0.00119387 0.000848079 0.000539723 0.000286382 0.000104623 9.46344e-06
  0.00132358    0.0011047   0.00086477  0.000619697   0.00038572  0.000179026  1.52799e-05 -9.08275e-05 -0.000126164 -9.35072e-05
  0.00013263  7.42867e-06 -0.000126193 -0.000253456 -0.000359657 -0.000430549 -0.000452873 -0.000414894 -0.000320804 -0.000179154
 -0.00100007  -0.00103021  -0.00105638  -0.00106493  -0.00104269 -0.000977415   -0.0008584 -0.000690841 -0.000484317 -0.000249906
 -0.00254836  -0.00238394  -0.00221106  -0.00201958  -0.00180035  -0.00154564  -0.00125807 -0.000947605 -0.000625739 -0.000305236
 -0.00293995  -0.00275334  -0.00254623  -0.00230897  -0.00203338  -0.00172156  -0.00138302  -0.00102875 -0.000671032  -0.00032331
 -0.00324455  -0.00303576  -0.00279443  -0.00251167  -0.00218892  -0.00183495  -0.00146009  -0.00107592 -0.000695214 -0.000331702
  -0.0034023  -0.00317698  -0.00290745  -0.00259414  -0.00224489  -0.00186903  -0.00147718  -0.00108114 -0.000693701 -0.000328516
 -0.00337125  -0.00313959    -0.002861  -0.00254199  -0.00219064  -0.00181628  -0.00142944  -0.00104161 -0.000665213 -0.000313404
 -0.00307471  -0.00286534   -0.0026118  -0.00232051  -0.00199916  -0.00165661  -0.00130272  -0.00094826 -0.000604761 -0.000284423
 -0.00263585  -0.00246515  -0.00225326  -0.00200614   -0.0017309  -0.00143567  -0.00112946 -0.000822078 -0.000523964 -0.000246122
 -0.00219916   -0.0020674   -0.0018973  -0.00169436   -0.0014651  -0.00121695 -0.000958089 -0.000697363 -0.000444162 -0.000208317
  -0.0017274  -0.00163941  -0.00151579  -0.00136151  -0.00118245 -0.000985275 -0.000777276 -0.000566307 -0.000360652 -0.000168931
 -0.00135197  -0.00129534  -0.00120597  -0.00108847 -0.000948234  -0.00079131 -0.000624287 -0.000454188 -0.000288363 -0.000134396
 -0.00103678   -0.0010071 -0.000946678 -0.000859973 -0.000752076 -0.000628629 -0.000495706 -0.000359705 -0.000227249 -0.000105087
-0.000720188 -0.000717253 -0.000685702 -0.000629786 -0.000554295  -0.00046446 -0.000365828 -0.000264174 -0.000165386 -7.53807e-05
-0.000476524 -0.000489466 -0.000476465 -0.000441666 -0.000389642 -0.000325299 -0.000253756  -0.00018025 -0.000110035 -4.82855e-05
-0.000408682 -0.000412625 -0.000394261 -0.000357874 -0.000308065 -0.000249665 -0.000187608  -0.00012685  -7.2253e-05 -2.85017e-05
-0.000324978 -0.000320761  -0.00029817 -0.000261576  -0.00021556 -0.000164827 -0.000114085 -6.79549e-05 -3.08652e-05  -6.9603e-06
-0.000223047 -0.000212171 -0.000187034 -0.000152049 -0.000111739 -7.06452e-05 -3.32075e-05 -3.67649e-06  1.39957e-05  1.62451e-05
-7.02831e-05 -5.85628e-05 -3.67667e-05   -9.266e-06  1.95654e-05  4.54384e-05   6.4269e-05  7.22675e-05  6.60484e-05   4.2722e-05
  0.0001705 0.000172044 0.000179604 0.000188988 0.000196108 0.000197063 0.000188265 0.000166522 0.000129159 7.41039e-05
0.000511299 0.000489678 0.000470294 0.000449278 0.000422967 0.000387993 0.000341406 0.000280761 0.000204241 0.000110744
0.000944796 0.000887697 0.000829412 0.000766512 0.000695878 0.000614794 0.000521069 0.000413132 0.000290149 0.000152121
 0.00143803  0.00133737  0.00123241  0.00112022 0.000998271 0.000864572 0.000717749  0.00055717 0.000383056 0.000196583
 0.00196236  0.00181385  0.00165817  0.00149287  0.00131605  0.00112642 0.000923463 0.000707493 0.000479809 0.000242786
 0.00251536  0.00231501  0.00210485  0.00188293  0.00164796  0.00139939  0.00113752 0.000863647 0.000580151 0.000290627
 0.00307704  0.00282358  0.00255785  0.00227836  0.00198439  0.00167608  0.00135455  0.00102204 0.000681996 0.000339218
 0.00362315  0.00331872   0.0029996   0.0026647  0.00231379  0.00194765  0.00156813  0.00117836 0.000782811 0.000387454
 0.00414268  0.00379113  0.00342243  0.00303577  0.00263134  0.00221045  0.00177564  0.00133084 0.000881499 0.000434807
 0.00462565  0.00423121  0.00381696  0.00338233  0.00292784  0.00245526  0.00196776  0.00147003 0.000968547 0.000471831
 0.00507661  0.00464069   0.0041822  0.00370071  0.00319708  0.00267351  0.00213379  0.00158347  0.00103021 0.000493265
 0.00547761  0.00500171  0.00450032  0.00397317  0.00342141  0.00284772   0.0022566  0.00165464  0.00106008 0.000499293
 0.00580292  0.00528947  0.00474751  0.00417691  0.00357913  0.00295744  0.00231722  0.00167552  0.00105754 0.000489862
 0.00616228  0.00559734  0.00500101  0.00437361  0.00371725  0.00303619  0.00234637   0.0016719  0.00103829 0.000472001
 0.00666401  0.00601762  0.00533747  0.00462485  0.00388323  0.00312776  0.00238177  0.00167005  0.00101832 0.000452835
  0.0068826  0.00617779   0.0054367  0.00466165  0.00386668  0.00307402  0.00230737  0.00159138 0.000951278 0.000412438
 0.00667286  0.00594932  0.00518707  0.00439846  0.00360412   0.0028261  0.00208747  0.00141186 0.000823117 0.000344824
 0.00602715  0.00532747  0.00459541   0.0038495  0.00310979  0.00239731  0.00173372  0.00114086 0.000640402 0.000253418
  0.0049741  0.00434811  0.00370077  0.00304987  0.00241418  0.00181312   0.0012663 0.000793197 0.000412734 0.000142854
 0.00368075  0.00316196  0.00263199  0.00210742  0.00160545  0.00114353  0.00073902  0.00040872 0.000168475 2.71051e-20
 0.00246467  0.00204637  0.00162721  0.00122265 0.000848443 0.000520241 0.000253185 6.14764e-05 2.71051e-20 3.00927e-36
  0.00136518   0.00103352  0.000712733  0.000417225    0.0001613 -4.11877e-05 -0.000177343  1.35525e-20  3.00927e-36  3.34096e-52
 0.000503446  0.000231967 -1.55527e-05 -0.000225562    -0.000385 -0.000481691 -2.71051e-20  1.50463e-36  3.34096e-52  3.70921e-68
-6.61651e-05 -0.000280581 -0.000464522 -0.000605314  -0.00069106 -5.42101e-20 -3.00927e-36  1.67048e-52  3.70921e-68  4.11805e-84
-0.000760402 -0.000914429  -0.00102618  -0.00108384  -1.0842e-19 -6.01853e-36 -3.34096e-52   1.8546e-68  4.11805e-84 4.57195e-100
 -0.00128666  -0.00138911  -0.00143761  -2.1684e-19 -1.20371e-35 -6.68191e-52 -3.70921e-68  2.05902e-84 4.57195e-100 5.07588e-116
 -0.00162541  -0.00168666  -2.1684e-19 -2.40741e-35 -1.33638e-51 -7.41841e-68 -4.11805e-84 2.28597e-100 5.07588e-116 5.63536e-132
  -0.00176457   -2.1684e-19  -2.40741e-35  -2.67276e-51  -1.48368e-67  -8.23609e-84 -4.57195e-100  2.53794e-116  5.63536e-132  6.25651e-148
 -4.33681e-19  -2.40741e-35  -2.67276e-51  -2.96736e-67  -1.64722e-83  -9.1439e-100 -5.07588e-116  2.81768e-132  6.25651e-148  6.94612e-164
 -4.81482e-35  -2.67276e-51  -2.96736e-67  -3.29444e-83  -1.82878e-99 -1.01518e-115 -5.63536e-132  3.12825e-148  6.94612e-164  7.71174e-180
 -5.34553e-51  -2.96736e-67  -3.29444e-83  -3.65756e-99 -2.03035e-115 -1.12707e-131 -6.25651e-148  3.47306e-164  7.71174e-180  8.56176e-196
 -5.93473e-67  -3.29444e-83  -3.65756e-99 -4.06071e-115 -2.25415e-131  -1.2513e-147 -6.94612e-164  3.85587e-180  8.56176e-196  9.50546e-212
 -6.58887e-83  -3.65756e-99 -4.06071e-115 -4.50829e-131  -2.5026e-147 -1.38922e-163 -7.71174e-180  4.28088e-196  9.50546e-212  1.05532e-227
 -7.31512e-99 -4.06071e-115 -4.50829e-131 -5.00521e-147 -2.77845e-163 -1.54235e-179 -8.56176e-196  4.75273e-212  1.05532e-227  1.17164e-243
-8.12141e-115 -4.50829e-131 -5.00521e-147  -5.5569e-163  -3.0847e-179 -1.71235e-195 -9.50546e-212  5.27659e-228  1.17164e-243  1.30078e-259
-9.01658e-131 -5.00521e-147  -5.5569e-163 -6.16939e-179  -3.4247e-195 -1.90109e-211 -1.05532e-227  5.85819e-244  1.30078e-259  1.44416e-275
-1.00104e-146  -5.5569e-163 -6.16939e-179  -6.8494e-195 -3.80218e-211 -2.11064e-227 -1.17164e-243   6.5039e-260  1.44416e-275  1.60333e-291
-1.11138e-162 -6.16939e-179  -6.8494e-195 -7.60437e-211 -4.22127e-227 -2.34328e-243 -1.30078e-259  7.22078e-276  1.60333e-291  1.78006e-307
-1.23388e-178  -6.8494e-195 -7.60437e-211 -8.44254e-227 -4.68655e-243 -2.60156e-259 -1.44416e-275  8.01667e-292  1.78006e-307  1.97626e-323
-1.36988e-194 -7.60437e-211 -8.44254e-227 -9.37311e-243 -5.20312e-259 -2.88831e-275 -1.60333e-291   8.9003e-308  1.97626e-323             0
-1.52087e-210 -8.44254e-227 -9.37311e-243 -1.04062e-258 -5.77662e-275 -3.20667e-291 -1.78006e-307  9.88131e-324             0             0
-1.68851e-226 -9.37311e-243 -1.04062e-258 -1.15532e-274 -6.41334e-291 -3.56012e-307 -1.97626e-323             0             0             0
-1.87462e-242 -1.04062e-258 -1.15532e-274 -1.28267e-290 -7.12024e-307 -3.95253e-323             0             0             0             0
-2.08125e-258 -1.15532e-274 -1.28267e-290 -1.42405e-306 -7.90505e-323             0             0             0             0             0
-2.31065e-274 -1.28267e-290 -1.42405e-306 -1.58101e-322             0             0             0             0             0             0
-2.56534e-290 -1.42405e-306 -1.58101e-322             0             0             0             0             0             0             0
-2.84809e-306 -1.58101e-322             0             0             0             0             0             0             0             0
-3.16202e-322             0             0             0             0             0             0             0             0             0
0 0 0 0 0 0 0 0 0 0
          0           0           0           0           0           0           0           0           0 0.000473213
          0           0           0           0           0           0           0           0  0.00103357 0.000493699
          0           0           0           0           0           0           0   0.0016528  0.00105736 0.000496982
          0           0           0           0           0           0  0.00230296  0.00166374  0.00104863 0.000484705
          0           0           0           0           0   0.0029385  0.00227191  0.00161867  0.00100442 0.000455808
          0           0           0           0  0.00352479  0.00284636  0.00217131  0.00152376 0.000928879  0.00041235
          0           0           0  0.00407447   0.0033896  0.00269987  0.00202801  0.00139774 0.000833385 0.000359407
          0           0  0.00450149  0.00382654  0.00313947  0.00246149   0.0018149  0.00122257 0.000707551 0.000292645
          0  0.00450098   0.0038907  0.00326084  0.00263067  0.00202047   0.0014512 0.000943974 0.000519701  0.00019865
 0.00392576  0.00343536  0.00291914  0.00239398  0.00187777   0.0013891 0.000946726 0.000569242 0.000274624 7.97814e-05
  0.00256576   0.00218667   0.00179276   0.00139968   0.00102369  0.000681317  0.000388936  0.000162329  1.62139e-05 -3.63028e-05
  0.00125344  0.000984768  0.000711901   0.00044932  0.000211762  1.38546e-05  -0.00013036  -0.00020787 -0.000207285 -0.000135088
 6.53321e-05 -0.000103095 -0.000264905 -0.000406602  -0.00051483 -0.000576749 -0.000580567 -0.000516076  -0.00039096 -0.000215132
-0.000944342  -0.00102952  -0.00109638  -0.00113229  -0.00112517   -0.0010639 -0.000938992 -0.000758807 -0.000533961 -0.000276556
 -0.00151297  -0.00153818  -0.00153944  -0.00150493  -0.00142369  -0.00128607  -0.00109387 -0.000857053  -0.00058709 -0.000296761
 -0.00227093  -0.00222636   -0.0021463  -0.00201977  -0.00183717  -0.00160031  -0.00131915  -0.00100517 -0.000671177 -0.000331132
 -0.00286107  -0.00275534  -0.00260256  -0.00239271  -0.00212726  -0.00181578  -0.00146939  -0.00110052 -0.000722782 -0.000350773
-0.00325633 -0.00310023 -0.00288563 -0.00261317 -0.00229176 -0.00193174 -0.00154481 -0.00114385 -0.00074274 -0.00035627
 -0.00342507  -0.00323283   -0.0029804  -0.00267549  -0.00232742  -0.00194673  -0.00154524  -0.00113572 -0.000731906 -0.000348274
 -0.00325966  -0.00306881  -0.00282198   -0.0025269  -0.00219259  -0.00182925  -0.00144812  -0.00106135 -0.000681884 -0.000323361
 -0.00288069  -0.00271774  -0.00250283  -0.00224325  -0.00194742  -0.00162485  -0.00128591 -0.000941802 -0.000604403  -0.00028616
 -0.00251849  -0.00238166  -0.00219686  -0.00197091   -0.0017117  -0.00142802  -0.00112948 -0.000826338 -0.000529439 -0.000250099
 -0.00226721  -0.00214222  -0.00197345  -0.00176747  -0.00153178  -0.00127469  -0.00100517 -0.000732757 -0.000467464 -0.000219664
  -0.0020578  -0.00193913    -0.001781  -0.00158978  -0.00137265  -0.00113748 -0.000892699 -0.000647189 -0.000410201 -0.000191246
 -0.00187332  -0.00175763  -0.00160687  -0.00142728  -0.00122574  -0.00100971 -0.000787118 -0.000566247 -0.000355628 -0.000163958
 -0.00169485  -0.00158114  -0.00143686  -0.00126804  -0.00108131 -0.000883729 -0.000682737 -0.000486013  -0.00030139 -0.000136765
 -0.00150501  -0.00139461  -0.00125812   -0.0011014 -0.000930755 -0.000752861 -0.000574633  -0.00040314 -0.000245504 -0.000108808
 -0.00130839  -0.00120208  -0.00107418 -0.000930317 -0.000776507 -0.000619007 -0.000464219 -0.000318598 -0.000188548 -8.03382e-05
  -0.0010932 -0.000993277 -0.000876206 -0.000747406 -0.000612547 -0.000477453  -0.00034799 -0.000229974 -0.000129075 -5.07189e-05
-0.000855555 -0.000764812 -0.000661321 -0.000550248 -0.000436903 -0.000326648 -0.000224784 -0.000136466 -6.65952e-05 -1.97323e-05
-0.000598785 -0.000519649 -0.000432101 -0.000341033 -0.000251375 -0.000168011  -9.5663e-05 -3.88025e-05 -1.54682e-06  1.24303e-05
-0.000325854  -0.00026035 -0.000190707  -0.00012153 -5.73642e-05 -2.60435e-06  3.86184e-05  6.25247e-05  6.57953e-05  4.56596e-05
-3.78817e-05  1.21201e-05   6.2055e-05  0.000107607  0.000144623  0.000169201  0.000177806  0.000167361  0.000135354  7.99302e-05
0.000264504 0.000297225 0.000325744 0.000346033 0.000354332 0.000347231 0.000321796 0.000275655 0.000207113 0.000115244
0.000583138 0.000596589 0.000601779 0.000594967 0.000572782 0.000532312 0.000471227 0.000387868 0.000281369 0.000151742
0.000920503 0.000912448 0.000892139 0.000856123 0.000801425 0.000725632 0.000627026 0.000504675 0.000358552 0.000189631
 0.00128659  0.00125353  0.00120431  0.00113578  0.00104538 0.000931215 0.000792199 0.000628154 0.000439922 0.000229469
 0.00168041  0.00161899  0.00153759  0.00143339  0.00130423  0.00114877 0.000966559 0.000758202 0.000525431 0.000271235
  0.0020939  0.00200193  0.00188622  0.00174424  0.00157427  0.00137547  0.00114808 0.000893465 0.000614271 0.000314556
 0.00252223   0.0023982  0.00224669  0.00206545  0.00185314  0.00160949  0.00133536  0.00103291 0.000705728 0.000359039
 0.00295091  0.00279393  0.00260572  0.00238427  0.00212865  0.00183909  0.00151709  0.00116562 0.000789311 0.000394734
 0.00336624  0.00317499  0.00294872   0.0026857  0.00238537  0.00204847  0.00167721  0.00127544 0.000849046  0.00041542
 0.00374787   0.0035213  0.00325594  0.00295031  0.00260424  0.00221903  0.00179769   0.0013452 0.000878137 0.000421127
 0.00406649  0.00380504    0.003501  0.00315318  0.00276184  0.00232897  0.00185857  0.00136624 0.000875637 0.000411674
 0.00464128  0.00430066  0.00391473  0.00348316  0.00300735  0.00249073  0.00194835  0.00140335  0.00088013 0.000403851
 0.00523104   0.0047952  0.00431225  0.00378307  0.00321059  0.00260936  0.00200204  0.00141258 0.000865721 0.000386526
 0.00554508  0.00503522  0.00447658  0.00387123  0.00323292  0.00258352  0.00194619   0.0013449 0.000803992 0.000347749
 0.00540916  0.00486959  0.00427901  0.00364982  0.00300261  0.00235924  0.00174244   0.0011753 0.000680896 0.000281864
 0.00471694  0.00420748  0.00365283  0.00307169  0.00248414  0.00191105  0.00137376 0.000893556 0.000491358 0.000187234
 0.00358408  0.00315884  0.00269889  0.00222222  0.00174763  0.00129438 0.000881717 0.000528533 0.000252917 7.17199e-05
 0.00228606  0.00196727  0.00162405  0.00127327 0.000932252 0.000618373 0.000348656 0.000139366 5.52291e-06 1.35525e-20
  0.00117247  0.000937776  0.000689848  0.000444696  0.000218389  2.67018e-05 -0.000115357  -0.00019398            0  1.50463e-36
 0.000180205  1.60643e-05 -0.000148919  -0.00029953 -0.000420882 -0.000498776  -0.00052024            0            0  1.67048e-52
-0.000667411 -0.000775891 -0.000871479 -0.000939719  -0.00096689 -0.000940415  -1.0842e-19            0            0   1.8546e-68
 -0.00109271  -0.00117222  -0.00122869  -0.00124897  -0.00122095  -1.0842e-19 -1.20371e-35            0            0  2.05902e-84
 -0.00177183  -0.00179908  -0.00179008  -0.00173255  -2.1684e-19 -1.20371e-35 -1.33638e-51            0            0 2.28597e-100
 -0.00230751  -0.00228828  -0.00221983  -2.1684e-19 -2.40741e-35 -1.33638e-51 -1.48368e-67            0            0 2.53794e-116
 -0.00264797    -0.002594 -4.33681e-19 -2.40741e-35 -2.67276e-51 -1.48368e-67 -1.64722e-83            0            0 2.81768e-132
 -0.00277951 -4.33681e-19 -4.81482e-35 -2.67276e-51 -2.96736e-67 -1.64722e-83 -1.82878e-99            0            0 3.12825e-148
 -8.67362e-19  -4.81482e-35  -5.34553e-51  -2.96736e-67  -3.29444e-83  -1.82878e-99 -2.03035e-115             0             0  3.47306e-164
 -9.62965e-35  -5.34553e-51  -5.93473e-67  -3.29444e-83  -3.65756e-99 -2.03035e-115 -2.25415e-131             0             0  3.85587e-180
 -1.06911e-50  -5.93473e-67  -6.58887e-83  -3.65756e-99 -4.06071e-115 -2.25415e-131  -2.5026e-147             0             0  4.28088e-196
 -1.18695e-66  -6.58887e-83  -7.31512e-99 -4.06071e-115 -4.50829e-131  -2.5026e-147 -2.77845e-163             0             0  4.75273e-212
 -1.31777e-82  -7.31512e-99 -8.12141e-115 -4.50829e-131 -5.00521e-147 -2.77845e-163  -3.0847e-179             0             0  5.27659e-228
 -1.46302e-98 -8.12141e-115 -9.01658e-131 -5.00521e-147  -5.5569e-163  -3.0847e-179  -3.4247e-195             0             0  5.85819e-244
-1.62428e-114 -9.01658e-131 -1.00104e-146  -5.5569e-163 -6.16939e-179  -3.4247e-195 -3.80218e-211             0             0   6.5039e-260
-1.80332e-130 -1.00104e-146 -1.11138e-162 -6.16939e-179  -6.8494e-195 -3.80218e-211 -4.22127e-227             0             0  7.22078e-276
-2.00208e-146 -1.11138e-162 -1.23388e-178  -6.8494e-195 -7.60437e-211 -4.22127e-227 -4.68655e-243             0             0  8.01667e-292
-2.22276e-162 -1.23388e-178 -1.36988e-194 -7.60437e-211 -8.44254e-227 -4.68655e-243 -5.20312e-259             0             0   8.9003e-308
-2.46776e-178 -1.36988e-194 -1.52087e-210 -8.44254e-227 -9.37311e-243 -5.20312e-259 -5.77662e-275             0             0  9.88131e-324
-2.73976e-194 -1.52087e-210 -1.68851e-226 -9.37311e-243 -1.04062e-258 -5.77662e-275 -6.41334e-291             0             0             0
-3.04175e-210 -1.68851e-226 -1.87462e-242 -1.04062e-258 -1.15532e-274 -6.41334e-291 -7.12024e-307             0             0             0
-3.37702e-226 -1.87462e-242 -2.08125e-258 -1.15532e-274 -1.28267e-290 -7.12024e-307 -7.90505e-323             0             0             0
-3.74924e-242 -2.08125e-258 -2.31065e-274 -1.28267e-290 -1.42405e-306 -7.90505e-323             0             0             0             0
-4.16249e-258 -2.31065e-274 -2.56534e-290 -1.42405e-306 -1.58101e-322             0             0             0             0             0
 -4.6213e-274 -2.56534e-290 -2.84809e-306 -1.58101e-322             0             0             0             0             0             0
-5.13067e-290 -2.84809e-306 -3.16202e-322             0             0             0             0             0             0             0
-5.69619e-306 -3.16202e-322             0             0             0             0             0             0             0             0
-6.32404e-322             0             0             0             0             0             0             0             0             0
0 0 0 0 0 0 0 0 0 0
           0            0            0            0            0            0            0            0            0 -5.80261e-05
           0            0            0            0            0            0            0            0 -7.39552e-05 -3.06039e-05
           0            0            0            0            0            0            0 -2.97232e-05 -3.68571e-06  1.16719e-05
          0           0           0           0           0           0 9.78459e-05  0.00010289 9.87762e-05 6.94027e-05
          0           0           0           0           0 0.000348195 0.000324489 0.000292929 0.000237671 0.000144209
          0           0           0           0 0.000748623 0.000687785 0.000619978 0.000529595 0.000402369 0.000226001
          0           0           0  0.00132177  0.00121515  0.00110197 0.000966801 0.000795565 0.000576148 0.000308251
          0           0  0.00209813   0.0019357  0.00176676  0.00157598  0.00134939  0.00107501 0.000752651 0.000390582
          0  0.00312314  0.00289179   0.0026538   0.0023939  0.00209817  0.00175467  0.00136329 0.000932381 0.000473203
 0.00445629  0.00413893  0.00381488  0.00346882  0.00308682  0.00265696  0.00217916  0.00166177   0.0011161 0.000556429
 0.00551169  0.00511135  0.00468834  0.00422833  0.00371899  0.00315985   0.0025589  0.00192706  0.00127823 0.000629277
 0.00643672  0.00595717  0.00543915  0.00486943  0.00424665   0.0035779  0.00287322  0.00214563  0.00141111 0.000688555
 0.00717578  0.00662685  0.00602376  0.00536375  0.00465249   0.0038986   0.0031137  0.00231236  0.00151205 0.000733394
 0.00764564  0.00704713  0.00638804  0.00567209   0.0049059  0.00409908   0.0032642  0.00241674  0.00157532 0.000761539
 0.00123923  0.00106259 0.000883959 0.000717888 0.000565465 0.000427785 0.000305832 0.000200815 0.000113976 4.65962e-05
 0.00123821  0.00106721 0.000893204   0.0007302 0.000579377 0.000441807 0.000318797 0.000211694  0.00012189 5.08267e-05
 0.00121501  0.00105163 0.000884571 0.000727012 0.000580066  0.00044508 0.000323444 0.000216598 0.000126032 5.32965e-05
 0.00117646  0.00102186 0.000863306 0.000712679  0.00057133 0.000440658 0.000322109 0.000217181 0.000127432 5.44782e-05
 0.00112068 0.000977646  0.00082948   0.0006878 0.000553987 0.000429466 0.000315716 0.000214269 0.000126719 5.47224e-05
 0.00112287 0.000984234 0.000838869 0.000698827 0.000565604 0.000440745 0.000325852  0.00022258 0.000132648 5.78389e-05
  0.0011199 0.000985686 0.000843491 0.000705525 0.000573399  0.00044877 0.000333349 0.000228902 0.000137258  6.0306e-05
 0.00108294  0.00095547 0.000820399 0.000688506 0.000561455 0.000440953 0.000328755  0.00022667  0.00013656 6.03432e-05
 0.00100261 0.000884798 0.000761343 0.000640194 0.000523005 0.000411463 0.000307287 0.000212235 0.000128104 5.67308e-05
0.000866093 0.000763296 0.000656541 0.000551567 0.000449959 0.000353301  0.00026318 0.000181187 0.000108919 4.79834e-05
0.000721556 0.000633774 0.000543156 0.000454184  0.00036838 0.000287222 0.000212146 0.000144546 8.57792e-05 3.71681e-05
0.000595593 0.000520157 0.000442618 0.000366844 0.000294333 0.000226486 0.000164614 0.000109937 6.35907e-05  2.6623e-05
0.000506156 0.000438635 0.000369571  0.00030253  0.00023903 0.000180448 0.000128025 8.28638e-05 4.59351e-05 1.80777e-05
0.000460564 0.000396017  0.00033036 0.000267027 0.000207609 0.000153514 0.000105978 6.60575e-05 3.46398e-05  1.2439e-05
0.000456662 0.000390612 0.000323792 0.000259577  0.00019967 0.000145565 9.85488e-05 5.97051e-05 2.99133e-05 9.85206e-06
0.000487457 0.000416331 0.000344764 0.000276017 0.000211931 0.000154121 0.000103975 6.26591e-05 3.11137e-05 1.00602e-05
0.000545034 0.000466328 0.000387533 0.000311651 0.000240677 0.000176368 0.000120247  7.3604e-05 3.74997e-05 1.27643e-05
0.000621991 0.000534146 0.000446463 0.000361664 0.000281897 0.000209077 0.000144887 9.07775e-05 4.79692e-05 1.74549e-05
 0.00071205 0.000614147 0.000516565 0.000421724 0.000331928 0.000249258  0.00017557 0.000112497  6.1452e-05 2.36281e-05
0.000809921 0.000701463 0.000593407 0.000487882 0.000387344 0.000294037 0.000209997 0.000137054 7.68302e-05 3.07412e-05
0.000906304 0.000787696 0.000669457 0.000553519 0.000442474 0.000338723 0.000244473 0.000161742  9.2358e-05   3.796e-05
0.000993579 0.000865941 0.000738464 0.000613091 0.000492533 0.000379324 0.000275822 0.000184212 0.000106507 4.45469e-05
  0.0010698   0.0009342 0.000798463 0.000664725 0.000535793  0.00041431 0.000302759 0.000203465 0.000118594 5.01545e-05
 0.00113315 0.000990635 0.000847615 0.000706633 0.000570572  0.00044216 0.000323981 0.000218464 0.000127895 5.44098e-05
 0.00118395  0.00103548 0.000886002  0.00073877 0.000596729 0.000462674 0.000339258 0.000228989 0.000134232 5.72086e-05
 0.00122405  0.00107038 0.000914997 0.000762252 0.000615139 0.000476507 0.000349055 0.000235339 0.000137771 5.86162e-05
  0.00116835   0.00101173  0.000852115  0.000695719  0.000545577  0.000404571  0.000275432  0.000160739  6.29208e-05 -1.57448e-05
 0.000993466  0.000838362  0.000678832  0.000523272  0.000374757  0.000236199  0.000110346 -2.15806e-07 -9.30626e-05 -9.27035e-05
  0.00068228  0.000535116  0.000382417  0.000234559  9.46608e-05 -3.43366e-05 -0.000149668 -0.000248744 -0.000255817 -0.000171615
 0.000217266  8.65245e-05 -4.96237e-05 -0.000180032 -0.000301538 -0.000411166  -0.00050613 -0.000510359 -0.000424412 -0.000252003
-0.000436196 -0.000537127 -0.000641469 -0.000739332 -0.000827535 -0.000903093  -0.00088958 -0.000787378  -0.00060004 -0.000334285
 -0.00128384  -0.00133887  -0.00139452  -0.00144297  -0.00148104  -0.00143209   -0.0012963  -0.00107706 -0.000780904 -0.000417476
 -0.00233375  -0.00232442  -0.00231209  -0.00229186  -0.00218688  -0.00199716  -0.00172586  -0.00137936 -0.000967072 -0.000502124
 -0.00357134  -0.00347824  -0.00337857  -0.00319664   -0.0029322  -0.00258819  -0.00217071  -0.00168919  -0.00115579 -0.000586488
 -0.00504085  -0.00483732  -0.00454978  -0.00418228  -0.00373753  -0.00322143  -0.00264318  -0.00201472  -0.00135182 -0.000672973
 -0.00502038   -0.0048218  -0.00453819  -0.00417403  -0.00373206  -0.00321794  -0.00264151   -0.0020143  -0.00135202 -0.000673314
-0.00499787  -0.0048042 -0.00452373 -0.00416225 -0.00372195 -0.00321036   -0.002635 -0.00200871 -0.00134697 -1.0842e-19
 -0.00497775  -0.00478811  -0.00450963  -0.00414901  -0.00371116  -0.00319992  -0.00262514  -0.00199916  -2.1684e-19 -1.20371e-35
  -0.0049556  -0.00477018   -0.0044918  -0.00413416  -0.00369631  -0.00318554  -0.00261105 -4.33681e-19 -2.40741e-35 -1.33638e-51
 -0.00492303  -0.00474173  -0.00446824  -0.00411082  -0.00367427  -0.00316467 -4.33681e-19 -4.81482e-35 -2.67276e-51 -1.48368e-67
 -0.00490364  -0.00472528  -0.00445518  -0.00410019  -0.00366595  -0.00315852 -4.81482e-35 -5.34553e-51 -2.96736e-67 -1.64722e-83
 -0.00490364  -0.00472528  -0.00445518  -0.00410019  -0.00366595  -0.00315852 -5.34553e-51 -5.93473e-67 -3.29444e-83 -1.82878e-99
  -0.00490364   -0.00472528   -0.00445518   -0.00410019   -0.00366595   -0.00315852  -5.93473e-67  -6.58887e-83  -3.65756e-99 -2.03035e-115
  -0.00490364   -0.00472528   -0.00445518   -0.00410019   -0.00366595   -0.00315852  -6.58887e-83  -7.31512e-99 -4.06071e-115 -2.25415e-131
  -0.00490364   -0.00472528   -0.00445518   -0.00410019   -0.00366595   -0.00315852  -7.31512e-99 -8.12141e-115 -4.50829e-131  -2.5026e-147
  -0.00490364   -0.00472528   -0.00445518   -0.00410019   -0.00366595   -0.00315852 -8.12141e-115 -9.01658e-131 -5.00521e-147 -2.77845e-163
  -0.00490364   -0.00472528   -0.00445518   -0.00410019   -0.00366595   -0.00315852 -9.01658e-131 -1.00104e-146  -5.5569e-163  -3.0847e-179
  -0.00490364   -0.00472528   -0.00445518   -0.00410019   -0.00366595   -0.00315852 -1.00104e-146 -1.11138e-162 -6.16939e-179  -3.4247e-195
  -0.00490364   -0.00472528   -0.00445518   -0.00410019   -0.00366595   -0.00315852 -1.11138e-162 -1.23388e-178  -6.8494e-195 -3.80218e-211
  -0.00490364   -0.00472528   -0.00445518   -0.00410019   -0.00366595   -0.00315852 -1.23388e-178 -1.36988e-194 -7.60437e-211 -4.22127e-227
  -0.00490364   -0.00472528   -0.00445518   -0.00410019   -0.00366595   -0.00315852 -1.36988e-194 -1.52087e-210 -8.44254e-227 -4.68655e-243
  -0.00490364   -0.00472528   -0.00445518   -0.00410019   -0.00366595   -0.00315852 -1.52087e-210 -1.68851e-226 -9.37311e-243 -5.20312e-259
  -0.00490364   -0.00472528   -0.00445518   -0.00410019   -0.00366595   -0.00315852 -1.68851e-226 -1.87462e-242 -1.04062e-258 -5.77662e-275
  -0.00490364   -0.00472528   -0.00445518   -0.00410019   -0.00366595   -0.00315852 -1.87462e-242 -2.08125e-258 -1.15532e-274 -6.41334e-291
  -0.00490364   -0.00472528   -0.00445518   -0.00410019   -0.00366595   -0.00315852 -2.08125e-258 -2.31065e-274 -1.28267e-290 -7.12024e-307
  -0.00490364   -0.00472528   -0.00445518   -0.00410019   -0.00366595   -0.00315852 -2.31065e-274 -2.56534e-290 -1.42405e-306 -7.90505e-323
  -0.00490364   -0.00472528   -0.00445518   -0.00410019   -0.00366595   -0.00315852 -2.56534e-290 -2.84809e-306 -1.58101e-322             0
  -0.00490364   -0.00472528   -0.00445518   -0.00410019   -0.00366595   -0.00315852 -2.84809e-306 -3.16202e-322             0             0
  -0.00490364   -0.00472528   -0.00445518   -0.00410019   -0.00366595   -0.00315852 -3.16202e-322             0             0             0
-0.00490364 -0.00472528 -0.00445518 -0.00410019 -0.00366595 -0.00315852           0           0           0           0
-0.00490364 -0.00472528 -0.00445518 -0.00410019 -0.00366595 -0.00315852           0           0           0           0
-0.00490364 -0.00472528 -0.00445518 -0.00410019 -0.00366595 -0.00315852           0           0           0           0
-0.00490364 -0.00472528 -0.00445518 -0.00410019 -0.00366595 -0.00315852           0           0           0           0
-0.00490364 -0.00472528 -0.00445518 -0.00410019 -0.00366595 -0.00315852           0           0           0           0
-0.00490364 -0.00472528 -0.00445518 -0.00410019 -0.00366595 -0.00315852           0           0           0           0
-0.00490364 -0.00472528 -0.00445518 -0.00410019 -0.00366595 -0.00315852           0           0           0           0
-0.00490364 -0.00472528 -0.00445518 -0.00410019 -0.00366595 -0.00315852           0           0           0           0
-0.00490364 -0.00472528 -0.00445518 -0.00410019 -0.00366595 -0.00315852           0           0           0           0
-0.00490364 -0.00472528 -0.00445518 -0.00410019 -0.00366595 -0.00315852           0           0           0           0
-0.00490364 -0.00472528 -0.00445518 -0.00410019 -0.00366595 -0.00315852           0           0           0           0
-0.00490364 -0.00472528 -0.00445518 -0.00410019 -0.00366595 -0.00315852           0           0           0           0
-0.00490364 -0.00472528 -0.00445518 -0.00410019 -0.00366595 -0.00315852           0           0           0           0
-0.00490364 -0.00472528 -0.00445518 -0.00410019 -0.00366595 -0.00315852           0           0           0           0
-0.00490364 -0.00472528 -0.00445518 -0.00410019 -0.00366595 -0.00315852           0           0           0           0
-0.00490364 -0.00472528 -0.00445518 -0.00410019 -0.00366595 -0.00315852           0           0           0           0
-0.00490364 -0.00472528 -0.00445518 -0.00410019 -0.00366595 -0.00315852           0           0           0           0
-0.00490364 -0.00472528 -0.00445518 -0.00410019 -0.00366595 -0.00315852           0           0           0           0
-0.00490364 -0.00472528 -0.00445518 -0.00410019 -0.00366595 -0.00315852           0           0           0           0
-0.00490364 -0.00472528 -0.00445518 -0.00410019 -0.00366595 -0.00315852           0           0           0           0
-0.00490364 -0.00472528 -0.00445518 -0.00410019 -0.00366595 -0.00315852           0           0           0           0
-0.00490364 -0.00472528 -0.00445518 -0.00410019 -0.00366595 -0.00315852           0           0           0           0
-0.00490364 -0.00472528 -0.00445518 -0.00410019 -0.00366595 -0.00315852           0           0           0           0
-0.00490364 -0.00472528 -0.00445518 -0.00410019 -0.00366595 -0.00315852           0           0           0           0
-0.00490364 -0.00472528 -0.00445518 -0.00410019 -0.00366595 -0.00315852           0           0           0           0
-0.00490364 -0.00472528 -0.00445518 -0.00410019 -0.00366595 -0.00315852           0           0           0           0
-0.00490364 -0.00472528 -0.00445518 -0.00410019 -0.00366595 -0.00315852           0           0           0           0
-0.00490364 -0.00472528 -0.00445518 -0.00410019 -0.00366595 -0.00315852           0           0           0           0
-0.00490364 -0.00472528 -0.00445518 -0.00410019 -0.00366595 -0.00315852           0           0           0           0
-0.00490364 -0.00472528 -0.00445518 -0.00410019 -0.00366595 -0.00315852           0           0           0           0
-0.00490364 -0.00472528 -0.00445518 -0.00410019 -0.00366595 -0.00315852           0           0           0           0
-0.00490364 -0.00472528 -0.00445518 -0.00410019 -0.00366595 -0.00315852           0           0           0           0
-0.00490364 -0.00472528 -0.00445518 -0.00410019 -0.00366595 -0.00315852           0           0           0           0
-0.00490364 -0.00472528 -0.00445518 -0.00410019 -0.00366595 -0.00315852           0           0           0           0
-0.00490364 -0.00472528 -0.00445518 -0.00410019 -0.00366595 -0.00315852           0           0           0           0
-0.00490364 -0.00472528 -0.00445518 -0.00410019 -0.00366595 -0.00315852           0           0           0           0
-0.00490364 -0.00472528 -0.00445518 -0.00410019 -0.00366595 -0.00315852           0           0           0           0
-0.00490364 -0.00472528 -0.00445518 -0.00410019 -0.00366595 -0.00315852           0           0           0           0
-0.00490364 -0.00472528 -0.00445518 -0.00410019 -0.00366595 -0.00315852           0           0           0           0
-0.00490364 -0.00472528 -0.00445518 -0.00410019 -0.00366595 -0.00315852           0           0           0           0
-0.00490364 -0.00472528 -0.00445518 -0.00410019 -0.00366595 -0.00315852           0           0           0           0
-0.00490364 -0.00472528 -0.00445518 -0.00410019 -0.00366595 -0.00315852           0           0           0           0
-0.00490364 -0.00472528 -0.00445518 -0.00410019 -0.00366595 -0.00315852           0           0           0           0
-0.00490364 -0.00472528 -0.00445518 -0.00410019 -0.00366595 -0.00315852           0           0           0           0
-0.00490364 -0.00472528 -0.00445518 -0.00410019 -0.00366595 -0.00315852           0           0           0           0
-0.00490364 -0.00472528 -0.00445518 -0.00410019 -0.00366595 -0.00315852           0           0           0           0
-0.00490364 -0.00472528 -0.00445518 -0.00410019 -0.00366595 -0.00315852           0           0           0           0
-0.00490364 -0.00472528 -0.00445518 -0.00410019 -0.00366595 -0.00315852           0           0           0           0
-0.00490364 -0.00472528 -0.00445518 -0.00410019 -0.00366595 -0.00315852           0           0           0           0
-0.00490364 -0.00472528 -0.00445518 -0.00410019 -0.00366595 -0.00315852           0           0           0           0
-0.00490364 -0.00472528 -0.00445518 -0.00410019 -0.00366595 -0.00315852           0           0           0           0
-0.00490364 -0.00472528 -0.00445518 -0.00410019 -0.00366595 -0.00315852           0           0           0           0
-0.00490364 -0.00472528 -0.00445518 -0.00410019 -0.00366595 -0.00315852           0           0           0           0
-0.00490364 -0.00472528 -0.00445518 -0.00410019 -0.00366595 -0.00315852           0           0           0           0
-0.00490364 -0.00472528 -0.00445518 -0.00410019 -0.00366595 -0.00315852           0           0           0           0
-0.00490364 -0.00472528 -0.00445518 -0.00410019 -0.00366595 -0.00315852           0           0           0           0
-0.00490364 -0.00472528 -0.00445518 -0.00410019 -0.00366595 -0.00315852           0           0           0           0
-0.00490364 -0.00472528 -0.00445518 -0.00410019 -0.00366595 -0.00315852           0           0           0           0
-0.00490364 -0.00472528 -0.00445518 -0.00410019 -0.00366595 -0.00315852           0           0           0           0
-0.00490364 -0.00472528 -0.00445518 -0.00410019 -0.00366595 -0.00315852           0           0           0           0
-0.00490364 -0.00472528 -0.00445518 -0.00410019 -0.00366595 -0.00315852           0           0           0           0
-0.00490364 -0.00472528 -0.00445518 -0.00410019 -0.00366595 -0.00315852           0           0           0           0
-0.00490364 -0.00472528 -0.00445518 -0.00410019 -0.00366595 -0.00315852           0           0           0           0
-0.00490364 -0.00472528 -0.00445518 -0.00410019 -0.00366595 -0.00315852           0           0           0           0
-0.00490364 -0.00472528 -0.00445518 -0.00410019 -0.00366595 -0.00315852           0           0           0           0
-0.00490364 -0.00472528 -0.00445518 -0.00410019 -0.00366595 -0.00315852           0           0           0           0
-0.00490364 -0.00472528 -0.00445518 -0.00410019 -0.00366595 -0.00315852           0           0           0           0
-0.00490364 -0.00472528 -0.00445518 -0.00410019 -0.00366595 -0.00315852           0           0           0           0
-0.00490364 -0.00472528 -0.00445518 -0.00410019 -0.00366595 -0.00315852           0           0           0           0
-0.00490364 -0.00472528 -0.00445518 -0.00410019 -0.00366595 -0.00315852           0           0           0           0
-0.00490364 -0.00472528 -0.00445518 -0.00410019 -0.00366595 -0.00315852           0           0           0           0
-0.00490364 -0.00472528 -0.00445518 -0.00410019 -0.00366595 -0.00315852           0           0           0           0
-0.00490364 -0.00472528 -0.00445518 -0.00410019 -0.00366595 -0.00315852           0           0           0           0
-0.00490364 -0.00472528 -0.00445518 -0.00410019 -0.00366595 -0.00315852           0           0           0           0
-0.00490364 -0.00472528 -0.00445518 -0.00410019 -0.00366595 -0.00315852           0           0           0           0
-0.00490364 -0.00472528 -0.00445518 -0.00410019 -0.00366595 -0.00315852           0           0           0           0
-0.00490364 -0.00472528 -0.00445518 -0.00410019 -0.00366595 -0.00315852           0           0           0           0
-0.00490364 -0.00472528 -0.00445518 -0.00410019 -0.00366595 -0.00315852           0           0           0           0
-0.00490364 -0.00472528 -0.00445518 -0.00410019 -0.00366595 -0.00315852           0           0           0           0
-0.00490364 -0.00472528 -0.00445518 -0.00410019 -0.00366595 -0.00315852           0           0           0           0
-0.00490364 -0.00472528 -0.00445518 -0.00410019 -0.00366595 -0.00315852           0           0           0           0
-0.00490364 -0.00472528 -0.00445518 -0.00410019 -0.00366595 -0.00315852           0           0           0           0
-0.00490364 -0.00472528 -0.00445518 -0.00410019 -0.00366595 -0.00315852           0           0           0           0
-0.00490364 -0.00472528 -0.00445518 -0.00410019 -0.00366595 -0.00315852           0           0           0           0
-0.00490364 -0.00472528 -0.00445518 -0.00410019 -0.00366595 -0.00315852           0           0           0           0
-0.00490364 -0.00472528 -0.00445518 -0.00410019 -0.00366595 -0.00315852           0           0           0           0
-0.00490364 -0.00472528 -0.00445518 -0.00410019 -0.00366595 -0.00315852           0           0           0           0
-0.00490364 -0.00472528 -0.00445518 -0.00410019 -0.00366595 -0.00315852           0           0           0           0
-0.00490364 -0.00472528 -0.00445518 -0.00410019 -0.00366595 -0.00315852           0           0           0           0
-0.00490364 -0.00472528 -0.00445518 -0.00410019 -0.00366595 -0.00315852           0           0           0           0
-0.00490364 -0.00472528 -0.00445518 -0.00410019 -0.00366595 -0.00315852           0           0           0           0
-0.00490364 -0.00472528 -0.00445518 -0.00410019 -0.00366595 -0.00315852           0           0           0           0
-0.00490364 -0.00472528 -0.00445518 -0.00410019 -0.00366595 -0.00315852           0           0           0           0
-0.00490364 -0.00472528 -0.00445518 -0.00410019 -0.00366595 -0.00315852           0           0           0           0
-0.00490364 -0.00472528 -0.00445518 -0.00410019 -0.00366595 -0.00315852           0           0           0           0
-0.00490364 -0.00472528 -0.00445518 -0.00410019 -0.00366595 -0.00315852           0           0           0           0
-0.00490364 -0.00472528 -0.00445518 -0.00410019 -0.00366595 -0.00315852           0           0           0           0
-0.00490364 -0.00472528 -0.00445518 -0.00410019 -0.00366595 -0.00315852           0           0           0           0
-0.00490364 -0.00472528 -0.00445518 -0.00410019 -0.00366595 -0.00315852           0           0           0           0
-0.00490364 -0.00472528 -0.00445518 -0.00410019 -0.00366595 -0.00315852           0           0           0           0
-0.00490364 -0.00472528 -0.00445518 -0.00410019 -0.00366595 -0.00315852           0           0           0           0
-0.00490364 -0.00472528 -0.00445518 -0.00410019 -0.00366595 -0.00315852           0           0           0           0
-0.00490364 -0.00472528 -0.00445518 -0.00410019 -0.00366595 -0.00315852           0           0           0           0
-0.00490364 -0.00472528 -0.00445518 -0.00410019 -0.00366595 -0.00315852           0           0           0           0
-0.00490364 -0.00472528 -0.00445518 -0.00410019 -0.00366595 -0.00315852           0           0           0           0
-0.00490364 -0.00472528 -0.00445518 -0.00410019 -0.00366595 -0.00315852           0           0           0           0
-0.00490364 -0.00472528 -0.00445518 -0.00410019 -0.00366595 -0.00315852           0           0           0           0
-0.00490364 -0.00472528 -0.00445518 -0.00410019 -0.00366595 -0.00315852           0           0           0           0
-0.00490364 -0.00472528 -0.00445518 -0.00410019 -0.00366595 -0.00315852           0           0           0           0
-0.00490364 -0.00472528 -0.00445518 -0.00410019 -0.00366595 -0.00315852           0           0           0           0
-0.00490364 -0.00472528 -0.00445518 -0.00410019 -0.00366595 -0.00315852           0           0           0           0
-0.00490364 -0.00472528 -0.00445518 -0.00410019 -0.00366595 -0.00315852           0           0           0           0
-0.00490364 -0.00472528 -0.00445518 -0.00410019 -0.00366595 -0.00315852           0           0           0           0
-0.00490364 -0.00472528 -0.00445518 -0.00410019 -0.00366595 -0.00315852           0           0           0           0
-0.00490364 -0.00472528 -0.00445518 -0.00410019 -0.00366595 -0.00315852           0           0           0           0
