0.000182579 0.000182558 0.000182529  0.00018249 0.000182444  0.00018239 0.000182328 0.000182259 0.000182182 0.000182099
0.000182505  0.00018246 0.000182408 0.000182348  0.00018228 0.000182206 0.000182124 0.000182036  0.00018194 0.000181837
0.000182484 0.000182436 0.000182379 0.000182316 0.000182245 0.000182167 0.000182082 0.000181989  0.00018189 0.000181783
0.000182439 0.000182383 0.000182319 0.000182248  0.00018217 0.000182085 0.000181993 0.000181894 0.000181787 0.000181673
0.000182382 0.000182318 0.000182246 0.000182168 0.000182082  0.00018199  0.00018189 0.000181783 0.000181668 0.000181546
0.000182317 0.000182245 0.000182166 0.000182079 0.000181986 0.000181886 0.000181778 0.000181663  0.00018154 0.000181409
0.000182244 0.000182164 0.000182077 0.000181983 0.000181882 0.000181774 0.000181658 0.000181534 0.000181403 0.000181262
0.000182164 0.000182076 0.000181981 0.000181879 0.000181769 0.000181653 0.000181529 0.000181396 0.000181255 0.000181105
0.000182075 0.000181979 0.000181876 0.000181766 0.000181648 0.000181523  0.00018139 0.000181249 0.000181098 0.000180937
0.000181978 0.000181874 0.000181763 0.000181644 0.000181518 0.000181384 0.000181242 0.000181091 0.000180929 0.000180758
0.000181873 0.000181761 0.000181641 0.000181514 0.000181379 0.000181236 0.000181083 0.000180921 0.000180749 0.000180566
 0.00018176 0.000181639 0.000181511 0.000181374  0.00018123 0.000181076 0.000180913  0.00018074 0.000180556 0.000180361
0.000181638 0.000181508  0.00018137 0.000181225  0.00018107 0.000180906 0.000180732 0.000180547  0.00018035 0.000180141
0.000181507 0.000181368 0.000181221 0.000181064 0.000180899 0.000180724 0.000180538  0.00018034  0.00018013 0.000179906
0.000181366 0.000181218  0.00018106 0.000180893 0.000180717 0.000180529 0.000180331 0.000180119 0.000179894 0.000179655
0.000181216 0.000181057 0.000180889  0.00018071 0.000180521 0.000180321 0.000180109 0.000179883 0.000179642 0.000179386
0.000181056 0.000180885 0.000180705 0.000180515 0.000180313 0.000180099 0.000179871  0.00017963 0.000179372 0.000179098
0.000180884 0.000180702 0.000180509 0.000180305  0.00018009 0.000179861 0.000179618 0.000179359 0.000179084  0.00017879
  0.0001807 0.000180506   0.0001803 0.000180082 0.000179851 0.000179606 0.000179346 0.000179069 0.000178774 0.000178459
0.000180504 0.000180296 0.000180076 0.000179843 0.000179596 0.000179334 0.000179055 0.000178759 0.000178443 0.000178105
0.000180294 0.000180072 0.000179836 0.000179587 0.000179323 0.000179042 0.000178744 0.000178426 0.000178087 0.000177725
0.000180069 0.000179832  0.00017958 0.000179313  0.00017903  0.00017873  0.00017841  0.00017807 0.000177706 0.000177318
0.000179829 0.000179575 0.000179306  0.00017902 0.000178717 0.000178395 0.000178053 0.000177688 0.000177298 0.000176881
0.000179573 0.000179301 0.000179012 0.000178707 0.000178382 0.000178037  0.00017767 0.000177278 0.000176859 0.000176412
0.000179298 0.000179007 0.000178698 0.000178371 0.000178023 0.000177653 0.000177259 0.000176838 0.000176389 0.000175908
0.000179004 0.000178692 0.000178361  0.00017801 0.000177637 0.000177241 0.000176818 0.000176366 0.000175884 0.000175367
0.000178689 0.000178355 0.000178001 0.000177624 0.000177224 0.000176798 0.000176344  0.00017586 0.000175342 0.000174787
0.000178352 0.000177994 0.000177614  0.00017721 0.000176781 0.000176324 0.000175836 0.000175316 0.000174759 0.000174163
0.000177991 0.000177607 0.000177199 0.000176766 0.000176305 0.000175815 0.000175291 0.000174732 0.000174133 0.000173492
0.000177603 0.000177192 0.000176755  0.00017629 0.000175795 0.000175268 0.000174705 0.000174104 0.000173461 0.000172772
0.000177188 0.000176747 0.000176277 0.000175778 0.000175247 0.000174681 0.000174076  0.00017343 0.000172738 0.000171997
0.000176742 0.000176269 0.000175765 0.000175229 0.000174659  0.00017405   0.0001734 0.000172706 0.000171961 0.000171164
0.000176264 0.000175756 0.000175215  0.00017464 0.000174026 0.000173372 0.000172674 0.000171927 0.000171126 0.000170268
0.000175751 0.000175206 0.000174625 0.000174006 0.000173347 0.000172644 0.000171893 0.000171089 0.000170228 0.000169305
0.000175201 0.000174615 0.000173991 0.000173326 0.000172618 0.000171862 0.000171053 0.000170189 0.000169262 0.000168269
0.000174609  0.00017398 0.000173309 0.000172595 0.000171833  0.00017102 0.000170151  0.00016922 0.000168223 0.000167154
0.000173974 0.000173298 0.000172577 0.000171809  0.00017099 0.000170115  0.00016918 0.000168179 0.000167106 0.000165955
0.000173292 0.000172565  0.00017179 0.000170964 0.000170083 0.000169142 0.000168136 0.000167059 0.000165904 0.000164664
0.000172558 0.000171777 0.000170944 0.000170056 0.000169108 0.000168096 0.000167013 0.000165853  0.00016461 0.000163275
 0.00017177  0.00017093 0.000170034 0.000169079  0.00016806  0.00016697 0.000165805 0.000164557 0.000163218 0.000161781
0.000170923  0.00017002 0.000169057 0.000168029 0.000166932  0.00016576 0.000164505 0.000163161  0.00016172 0.000160174
0.000170012 0.000169041 0.000168005   0.0001669 0.000165719 0.000164457 0.000163107  0.00016166  0.00016011 0.000158448
0.000169033 0.000167989 0.000166874 0.000165685 0.000164414 0.000163056 0.000161602 0.000160046 0.000158379 0.000156597
 0.00016798 0.000166857 0.000165657 0.000164378  0.00016301 0.000161549 0.000159985 0.000158312 0.000156524 0.000154616
0.000166847 0.000165639 0.000164349 0.000162972   0.0001615 0.000159928 0.000158247 0.000156452 0.000154539 0.000152502
0.000165629  0.00016433 0.000162941 0.000161459 0.000159876 0.000158187 0.000156384 0.000154463  0.00015242 0.000150253
0.000164319 0.000162921 0.000161427 0.000159833 0.000158133  0.00015632 0.000154391 0.000152341 0.000150168  0.00014787
 0.00016291 0.000161406   0.0001598 0.000158087 0.000156263 0.000154324 0.000152265 0.000150084 0.000147779 0.000145351
0.000161394 0.000159777 0.000158051 0.000156215 0.000154263 0.000152194 0.000150003  0.00014769 0.000145255 0.000142698
0.000159764 0.000158026 0.000156175 0.000154209 0.000152125 0.000149923 0.000147599 0.000145154 0.000142589 0.000139906
0.000158013  0.00015615 0.000154169 0.000152072 0.000149855 0.000147519 0.000145064  0.00014249 0.000139798 0.000136992
0.000156138 0.000154146 0.000152034 0.000149805 0.000147456 0.000144989 0.000142404 0.000139704 0.000136891 0.000133968
0.000154134 0.000152012 0.000149769 0.000147408 0.000144929 0.000142334 0.000139624 0.000136803 0.000133873 0.000130839
0.000152001 0.000149749 0.000147375 0.000144885 0.000142278 0.000139558 0.000136728  0.00013379  0.00013075 0.000127611
0.000149738 0.000147356 0.000144854 0.000142237 0.000139506 0.000136666  0.00013372 0.000130673 0.000127528 0.000124293
0.000147347 0.000144836 0.000142208 0.000139468 0.000136618 0.000133664 0.000130608 0.000127457 0.000124216  0.00012089
0.000144827 0.000142191 0.000139441 0.000136583 0.000133619 0.000130556 0.000127397  0.00012415 0.000120819 0.000117412
0.000142184 0.000139426 0.000136559 0.000133587 0.000130515 0.000127349 0.000124095 0.000120759 0.000117347 0.000113866
0.000139419 0.000136545 0.000133565 0.000130486 0.000127313 0.000124052 0.000120709 0.000117292 0.000113807 0.000110262
0.000136539 0.000133553 0.000130466 0.000127286 0.000124019  0.00012067 0.000117248 0.000113758 0.000110209 0.000106609
0.000133547 0.000130455 0.000127269 0.000123995 0.000120641 0.000117213 0.000113719 0.000110166 0.000106562 0.000102915
 0.00013045 0.000127259  0.00012398 0.000120621 0.000117188 0.000113689 0.000110132 0.000106524 0.000102874 9.91905e-05
0.000127255 0.000123972 0.000120608  0.00011717 0.000113667 0.000110106 0.000106495 0.000102842 9.91556e-05 9.54448e-05
0.000123969 0.000120601  0.00011716 0.000113653 0.000110088 0.000106473 0.000102817 9.91287e-05 9.54157e-05 9.16876e-05
0.000120598 0.000117154 0.000113644 0.000110076 0.000106459   0.0001028 9.91091e-05 9.53942e-05 9.16644e-05 8.79286e-05
0.000117152  0.00011364  0.00011007  0.00010645 0.000102789 9.90962e-05 9.53795e-05 9.16482e-05 8.79111e-05 8.41776e-05
0.000113638 0.000110067 0.000106446 0.000102783 9.90888e-05 9.53708e-05 9.16383e-05 8.79002e-05 8.41658e-05 8.04442e-05
0.000110066 0.000106444 0.000102781 9.90858e-05  9.5367e-05 9.16337e-05  8.7895e-05 8.41601e-05 8.04381e-05 7.67382e-05
0.000106444 0.000102781 9.90855e-05 9.53666e-05 9.16333e-05 8.78945e-05 8.41595e-05 8.04374e-05 7.67375e-05 7.30691e-05
0.000102782 9.90866e-05 9.53684e-05 9.16356e-05 8.78975e-05  8.4163e-05 8.04414e-05 7.67419e-05 7.30738e-05 6.94461e-05
9.90879e-05 9.53707e-05 9.16394e-05 8.79025e-05 8.41692e-05 8.04487e-05 7.67503e-05  7.3083e-05 6.94561e-05 6.58785e-05
9.53726e-05 9.16429e-05 8.79081e-05 8.41768e-05 8.04582e-05 7.67615e-05 7.30957e-05 6.94701e-05 6.58936e-05 6.23752e-05
9.16454e-05 8.79128e-05 8.41843e-05 8.04683e-05 7.67741e-05 7.31106e-05  6.9487e-05 6.59122e-05 6.23953e-05 5.89447e-05
8.79158e-05 8.41901e-05 8.04775e-05 7.67865e-05 7.31262e-05 6.95054e-05 6.59332e-05 6.24183e-05 5.89696e-05 5.55953e-05
8.41937e-05 8.04845e-05 7.67975e-05 7.31409e-05 6.95239e-05  6.5955e-05 6.24431e-05 5.89969e-05 5.56248e-05 5.23347e-05
8.04886e-05 7.68055e-05 7.31536e-05 6.95409e-05 6.59764e-05 6.24684e-05 5.90256e-05 5.56563e-05 5.23688e-05 4.91707e-05
7.68102e-05 7.31626e-05 6.95552e-05 6.59955e-05 6.24924e-05 5.90539e-05 5.56886e-05 5.24043e-05  4.9209e-05 4.61098e-05
7.31678e-05 6.95651e-05 6.60113e-05 6.25135e-05 5.90805e-05 5.57198e-05 5.24399e-05 4.92481e-05  4.6152e-05 4.31583e-05
6.95707e-05  6.6022e-05 6.25306e-05 5.91034e-05 5.57487e-05 5.24738e-05 4.92868e-05 4.61945e-05 4.32042e-05 4.03218e-05
 6.6028e-05 6.25421e-05 5.91217e-05 5.57733e-05 5.25048e-05 4.93232e-05  4.6236e-05 4.32498e-05 4.03711e-05 3.76053e-05
6.25485e-05  5.9134e-05 5.57928e-05 5.25309e-05 4.93561e-05 4.62748e-05 4.32939e-05 4.04196e-05 3.76577e-05  3.5013e-05
5.91407e-05 5.58056e-05 5.25514e-05 4.93836e-05 4.63094e-05 4.33347e-05  4.0466e-05 3.77087e-05 3.50681e-05 3.25482e-05
5.58126e-05 5.25648e-05  4.9405e-05  4.6338e-05 4.33707e-05 4.05085e-05 3.77571e-05 3.51213e-05 3.26056e-05 3.02133e-05
5.25721e-05 4.94188e-05 4.63601e-05 4.34004e-05 4.05457e-05  3.7801e-05 3.51713e-05 3.26607e-05 3.02727e-05 2.80097e-05
4.94262e-05 4.63743e-05  4.3423e-05 4.05761e-05 3.78392e-05 3.52163e-05 3.27119e-05 3.03291e-05 2.80705e-05 2.59377e-05
4.63818e-05 4.34374e-05 4.05991e-05   3.787e-05 3.52551e-05 3.27575e-05  3.0381e-05 2.81277e-05 2.59994e-05 2.39963e-05
 4.3445e-05 4.06136e-05 3.78931e-05 3.52861e-05 3.27966e-05  3.0427e-05 2.81801e-05 2.60571e-05 2.40585e-05 2.21834e-05
4.06211e-05 3.79077e-05 3.53092e-05 3.28277e-05 3.04661e-05 2.82261e-05 2.61095e-05 2.41162e-05 2.22456e-05 2.04955e-05
3.79151e-05 3.53236e-05 3.28505e-05 3.04968e-05 2.82648e-05  2.6155e-05  2.4168e-05 2.23027e-05 2.05572e-05 1.89276e-05
3.53309e-05 3.28646e-05 3.05192e-05 2.82949e-05 2.61929e-05 2.42127e-05 2.23536e-05 2.06131e-05 1.89879e-05 1.74729e-05
3.28717e-05 3.05329e-05 2.83166e-05 2.62221e-05 2.42493e-05 2.23968e-05 2.06623e-05 1.90421e-05 1.75314e-05 1.61241e-05
3.05396e-05 2.83296e-05 2.62428e-05 2.42772e-05 2.24318e-05 2.07036e-05 1.90891e-05 1.75831e-05   1.618e-05 1.48731e-05
2.83359e-05 2.62549e-05 2.42966e-05 2.24579e-05 2.07365e-05 1.91278e-05 1.76273e-05 1.62286e-05 1.49256e-05 1.37116e-05
2.62607e-05 2.43078e-05 2.24757e-05 2.07605e-05 1.91581e-05 1.76629e-05 1.62691e-05 1.49702e-05 1.37598e-05 1.26315e-05
2.43129e-05 2.24857e-05 2.07764e-05 1.91795e-05 1.76899e-05 1.63009e-05 1.50065e-05 1.37998e-05 1.26746e-05 1.16246e-05
2.24902e-05  2.0785e-05 1.91932e-05 1.77084e-05 1.63243e-05  1.5034e-05 1.38311e-05 1.27091e-05 1.16619e-05 1.06833e-05
2.07886e-05 1.92003e-05 1.77197e-05 1.63395e-05 1.50532e-05 1.38539e-05  1.2735e-05 1.16904e-05 1.07141e-05 9.80051e-06
 1.9203e-05 1.77251e-05 1.63481e-05 1.50649e-05 1.38685e-05 1.27523e-05 1.17101e-05 1.07359e-05 9.82402e-06 8.96922e-06
1.77266e-05 1.63512e-05 1.50698e-05 1.38753e-05 1.27609e-05 1.17203e-05 1.07475e-05 9.83682e-06 8.98307e-06 8.18121e-06
1.63508e-05  1.5069e-05  1.3874e-05 1.27592e-05 1.17181e-05 1.07449e-05 9.83395e-06 8.97989e-06 8.17778e-06 7.42296e-06
1.50681e-05 1.38722e-05 1.27562e-05 1.17141e-05 1.07399e-05 9.82796e-06 8.97305e-06 8.17024e-06 7.41481e-06 6.70239e-06
1.38712e-05 1.27544e-05 1.17112e-05 1.07359e-05 9.82291e-06  8.9671e-06 8.16344e-06 7.40732e-06  6.6943e-06 6.02025e-06
1.27534e-05 1.17093e-05 1.07329e-05 9.81891e-06 8.96205e-06 8.15749e-06 7.40053e-06 6.68682e-06 6.01217e-06 5.37266e-06
1.17084e-05 1.07311e-05 9.81594e-06 8.95803e-06 8.15242e-06 7.39455e-06    6.68e-06 6.00465e-06 5.36454e-06 4.75597e-06
1.07301e-05 9.81406e-06 8.95503e-06 8.14836e-06 7.38944e-06 6.67396e-06 5.99777e-06 5.35696e-06 4.74778e-06 4.16669e-06
9.81308e-06 8.95312e-06 8.14532e-06 7.38532e-06 6.66878e-06 5.99166e-06 5.34999e-06  4.7401e-06  4.1584e-06  3.6098e-06
8.95212e-06 8.14337e-06 7.38222e-06  6.6646e-06 5.98639e-06 5.34378e-06 4.73302e-06  4.1506e-06 3.60138e-06 3.12786e-06
8.14235e-06 7.38023e-06 6.66143e-06 5.98211e-06  5.3384e-06 4.72668e-06 4.14337e-06 3.59341e-06 3.11926e-06  2.7922e-06
7.37919e-06 6.65939e-06 5.97887e-06 5.33402e-06 4.72116e-06 4.13687e-06 3.58601e-06 3.11111e-06 2.78339e-06 2.69312e-06
6.65831e-06 5.97677e-06 5.33068e-06 4.71666e-06  4.1312e-06 3.57933e-06 3.10349e-06 2.77501e-06 2.68407e-06 2.93063e-06
5.97565e-06 5.32851e-06 4.71322e-06 4.12656e-06 3.57349e-06 3.09661e-06 2.76717e-06 2.67543e-06 2.92131e-06 3.61059e-06
5.32736e-06 4.71098e-06   4.123e-06 3.56869e-06 3.09057e-06 2.76006e-06 2.66733e-06 2.91238e-06 3.60096e-06 4.84064e-06
4.70977e-06 4.12067e-06 3.56499e-06  3.0856e-06  2.7538e-06 2.65996e-06 2.90398e-06 3.59171e-06 4.83066e-06 6.72914e-06
4.11942e-06 3.56258e-06 3.08176e-06 2.74863e-06 2.65345e-06 2.89633e-06 3.58299e-06 4.82106e-06 6.71877e-06 9.38365e-06
3.58726e-06 3.11045e-06 2.79095e-06 2.69785e-06 2.94869e-06 3.63619e-06 4.87868e-06 6.77638e-06  9.4434e-06 1.29817e-05
3.30005e-06 3.15539e-06 3.27743e-06  3.7266e-06 4.61502e-06 6.03041e-06 8.08835e-06 1.08868e-05 1.45394e-05 1.91397e-05
3.35138e-06 3.65389e-06  4.3253e-06 5.41841e-06 7.04127e-06 9.27764e-06 1.22416e-05 1.60298e-05 2.07481e-05 2.64536e-05
 3.8583e-06 4.71774e-06 6.04249e-06  7.8786e-06 1.03312e-05  1.3481e-05 1.74416e-05 2.23012e-05 2.81296e-05 3.49573e-05
 4.9316e-06  6.4529e-06 8.53121e-06 1.12067e-05 1.45825e-05 1.87373e-05 2.37771e-05 2.97532e-05 3.67094e-05 4.46599e-05
6.67727e-06 8.96164e-06 1.18911e-05 1.55005e-05 1.98924e-05 2.51358e-05 3.13008e-05 3.84117e-05 4.64969e-05 5.55647e-05
9.19763e-06 1.23437e-05 1.62201e-05 2.08575e-05   2.635e-05 3.27291e-05 4.00385e-05 4.82864e-05 5.74957e-05 6.76738e-05
1.25924e-05 1.66971e-05 2.16158e-05  2.7367e-05 3.40085e-05 4.15434e-05 5.00004e-05 5.93811e-05 6.97083e-05 8.09929e-05
1.69598e-05 2.21194e-05 2.81677e-05 3.50822e-05 4.28942e-05 5.15892e-05 6.11907e-05 7.16988e-05 8.31407e-05 9.55333e-05
2.23974e-05 2.87004e-05 3.59291e-05 4.40298e-05 5.30178e-05  6.2871e-05 7.36126e-05 8.52458e-05 9.78048e-05 0.000111315
2.89689e-05 3.64622e-05 4.48807e-05  5.4171e-05 6.43252e-05 7.53312e-05 8.72062e-05 9.99668e-05  0.00011365 0.000128298
3.65837e-05 4.51122e-05 5.45389e-05 6.48175e-05 7.59504e-05 8.79338e-05 0.000100795 0.000114561  0.00012928 0.000145006
4.52466e-05 5.47953e-05  6.5225e-05 7.64959e-05 8.86199e-05 0.000101602 0.000115479  0.00013029 0.000146096 0.000162962
5.49421e-05 6.55053e-05 7.69413e-05 8.92164e-05 0.000102352 0.000116361 0.000131294   0.0001472 0.000164153  0.00018223
6.56652e-05 7.72466e-05 8.97016e-05 0.000103002 0.000117179 0.000132255 0.000148294 0.000165356 0.000183528 0.000202898
7.74202e-05 9.00332e-05 0.000103529 0.000117885 0.000133143 0.000149338 0.000166545 0.000184835 0.000204309 0.000225063
9.02214e-05 0.000103888 0.000118456 0.000133908   0.0001503 0.000167677 0.000186124 0.000205726 0.000226592 0.000248833
0.000104092 0.000118845 0.000134527 0.000151129 0.000168718 0.000187349 0.000207121 0.000228126 0.000250488 0.000274326
0.000119064 0.000134946 0.000151795 0.000169611 0.000188472 0.000208442  0.00022963 0.000252142 0.000276111  0.00030167
 0.00013518 0.000152243 0.000170324 0.000189427 0.000209642 0.000231042 0.000253749 0.000277879 0.000303578 0.000330991
0.000152495 0.000170803 0.000190189 0.000210663 0.000232326 0.000255259 0.000279598 0.000305468 0.000333031 0.000362441
0.000171083 0.000190725 0.000211515 0.000233468 0.000256695 0.000281286 0.000307391 0.000335146 0.000364723 0.000396288
0.000191026  0.00021209 0.000234382  0.00025792 0.000282827 0.000309203 0.000337209 0.000366992 0.000398737 0.000432621
0.000212412 0.000234998   0.0002589 0.000284141 0.000310855 0.000339152 0.000369205  0.00040117 0.000435247 0.000471624
0.000235344 0.000259561 0.000285191 0.000312263 0.000340923 0.000371287 0.000403542 0.000437855 0.000474438 0.000513499
0.000271794 0.000298362  0.00032643 0.000356025 0.000387296 0.000420365 0.000455428 0.000492665 0.000532306 0.000574573
0.000298752 0.000327176 0.000357211 0.000388886 0.000422365 0.000457779 0.000495343 0.000535251 0.000577751 0.000623086
0.000327594  0.00035801 0.000390155 0.000424066 0.000459919 0.000497859 0.000538116 0.000580903 0.000626486 0.000675127
0.000358456 0.000391009 0.000425423 0.000461738 0.000500147 0.000540807 0.000583967 0.000629856 0.000678763 0.000730969
0.000391486 0.000426336 0.000463188 0.000502091 0.000543252 0.000586842 0.000633131 0.000682365 0.000734855 0.000790905
0.000426845 0.000464163 0.000503641 0.000545329 0.000589455 0.000636203 0.000685864 0.000738703 0.000795058 0.000855254
0.000464708 0.000504682 0.000546985 0.000591674 0.000638994 0.000689145 0.000742441 0.000799168  0.00085969 0.000924365
0.000505264 0.000548097 0.000593442 0.000641363 0.000692126 0.000745945 0.000803159 0.000864079 0.000929102 0.000998653
0.000548718 0.000594629 0.000643251 0.000694655 0.000749127 0.000806901  0.00086834 0.000933788  0.00100371  0.00107859
0.000595291 0.000644518 0.000696669 0.000751827 0.000810297 0.000872333 0.000938336  0.00100871  0.00108398  0.00116469
0.000645225 0.000698022 0.000753976 0.000813178 0.000875957 0.000942597  0.00101356  0.00108932  0.00117045  0.00125752
0.000698776 0.000755419 0.000815471 0.000879031 0.000946463  0.00101811   0.0010945  0.00117614  0.00126367  0.00135769
0.000756223  0.00081701 0.000881477 0.000949742  0.00102224  0.00109935  0.00118167  0.00126974  0.00136425  0.00146584
0.000817868 0.000883119 0.000952352  0.00102573  0.00110375  0.00118684  0.00127564  0.00137073  0.00147283  0.00158265
0.000884034 0.000954103  0.00102852  0.00110748  0.00119153  0.00128115  0.00137701  0.00147974  0.00159011  0.00170886
0.000955104  0.00103041  0.00111049  0.00119556  0.00128621  0.00138295  0.00148651  0.00159754  0.00171688   0.0018453
0.00103164 0.00111285 0.00119931 0.00129124 0.00138927 0.00149394 0.00160601 0.00172618 0.00185534 0.00199431
0.00111416 0.00120181 0.00129521  0.0013946 0.00150064 0.00161389 0.00173516 0.00186522 0.00200497 0.00215527
0.00120319 0.00129787 0.00139882  0.0015063 0.00162101 0.00174354 0.00187475 0.00201546 0.00216659 0.00232904
0.00129934 0.00140165 0.00151079 0.00162703  0.0017511 0.00188365 0.00202559 0.00217774 0.00234107 0.00251653
0.00140322 0.00151379  0.0016318  0.0017575  0.0018917 0.00203505 0.00218851 0.00235292 0.00252931  0.0027187
0.00151546 0.00163499 0.00176257  0.0018985 0.00204361 0.00219857 0.00236438 0.00254191 0.00273229 0.00293659
0.00163676 0.00176597  0.0019039 0.00205084 0.00220767 0.00237508  0.0025541 0.00274569 0.00295105 0.00317133
0.00176786 0.00190751 0.00205658 0.00221537 0.00238476 0.00256548 0.00275866 0.00296531 0.00318671 0.00342413
0.00190952 0.00206043 0.00222148 0.00239295 0.00257579 0.00277077  0.0029791 0.00320188  0.0034405  0.0036963
0.00206254 0.00222554  0.0023994 0.00258445 0.00278168 0.00299193  0.0032165 0.00345658 0.00371365 0.00398921
0.00222762 0.00240339 0.00259079 0.00279017 0.00300261 0.00322906 0.00347088 0.00372938 0.00400618 0.00430285
0.00240562 0.00259504 0.00279693 0.00301168 0.00324046 0.00348428 0.00374465 0.00402297 0.00432097 0.00464038
0.00259742 0.00280147 0.00301889 0.00325012 0.00349644 0.00375894 0.00403924 0.00433887 0.00465969 0.00500357
  0.002804 0.00302373 0.00325781 0.00350674  0.0037719 0.00405448 0.00435622 0.00467878 0.00502416 0.00539438
0.00302642 0.00326296 0.00351494 0.00378288 0.00406829 0.00437246 0.00469727  0.0050445 0.00541633 0.00581491
0.00326584 0.00352043 0.00379161 0.00407999 0.00438718 0.00471458 0.00506421   0.005438 0.00583829 0.00626741
0.00352349 0.00379746 0.00408929 0.00439964 0.00473025 0.00508264 0.00545899 0.00586137 0.00629232 0.00675433
0.00380072 0.00409552 0.00440955 0.00474353 0.00509934 0.00547862 0.00588373  0.0063169 0.00678085 0.00727829
0.00409899 0.00441618 0.00475407 0.00511347  0.0054964 0.00590463 0.00634071 0.00680703 0.00730654 0.00784213
0.00441987 0.00476113  0.0051247 0.00551144 0.00592356 0.00636296 0.00683237  0.0073344  0.0078722 0.00844889
0.00476506 0.00513221 0.00552339 0.00593957  0.0063831 0.00685606 0.00736138 0.00790186  0.0084809 0.00910187
 0.0051364 0.00553139 0.00595229 0.00640014 0.00687749 0.00738658 0.00793057 0.00851247 0.00913593  0.0098046
0.00553584  0.0059608 0.00641367 0.00689562 0.00740939 0.00795738 0.00854301 0.00916952 0.00984084  0.0105609
0.00596553 0.00642273 0.00691002 0.00742868 0.00798164 0.00857153 0.00920201 0.00987657  0.0105994  0.0113748
0.00642776 0.00691965 0.00744399 0.00800216 0.00859734 0.00923235 0.00991113  0.0106374  0.0114158  0.0122509
0.00692501 0.00745423 0.00801844 0.00861916  0.0092598  0.0099434  0.0106742  0.0114563  0.0122945  0.0131938
0.00745993 0.00802934 0.00863647   0.009283 0.00997258  0.0107085  0.0114953  0.0123375  0.0132401  0.0142086
0.00803539 0.00864805  0.0093014 0.00999724  0.0107395  0.0115318   0.012379  0.0132858  0.0142579  0.0153009
0.00865449 0.00931371  0.0100168  0.0107657  0.0115648  0.0124178    0.01333  0.0143065  0.0153533  0.0164767
0.00932055  0.0100299  0.0107865  0.0115927  0.0124528  0.0133712  0.0143534  0.0154049  0.0165324  0.0177423
0.0100372 0.0108004 0.0116148 0.0124824 0.0134084 0.0143972 0.0154548 0.0165872 0.0178014 0.0191045
0.0108082 0.0116295 0.0125059 0.0134399 0.0144367 0.0155013 0.0166402 0.0178597 0.0191674  0.020571
0.0116377 0.0125216 0.0134648 0.0144702 0.0155434 0.0166896  0.017916 0.0192293 0.0206378 0.0221496
0.0125303 0.0134815 0.0144966 0.0155788 0.0167342 0.0179685 0.0192891 0.0207035 0.0222206 0.0238492
0.0134907 0.0145143  0.015607 0.0167719 0.0180159 0.0193448  0.020767 0.0222904 0.0239245  0.025679
0.0145242 0.0156258 0.0168018 0.0180559 0.0193951 0.0208261 0.0223577 0.0239986  0.025759 0.0276492
0.0156362 0.0168217 0.0180876 0.0194376 0.0208795 0.0224206 0.0240702 0.0258377 0.0277341 0.0297705
0.0168328 0.0181087 0.0194712 0.0209246 0.0224773 0.0241368 0.0259136 0.0278176 0.0298606 0.0320546
0.0181205 0.0194937 0.0209603 0.0225251  0.024197 0.0259843 0.0278981 0.0299492 0.0321502 0.0345141
0.0195062 0.0209842  0.022563 0.0242478 0.0260482 0.0279732 0.0300347 0.0322443 0.0346156 0.0371625
0.0209976 0.0225887 0.0242886 0.0261028 0.0280419 0.0301155 0.0323363 0.0347168 0.0372717 0.0400158
0.0226029 0.0243157  0.026146 0.0280998 0.0301883 0.0324219 0.0348143 0.0373789 0.0401316 0.0430882
0.0243308 0.0261749 0.0281456 0.0302497 0.0324991  0.034905 0.0374823 0.0402452 0.0432109 0.0463963
0.0261908 0.0281762 0.0302983 0.0325642 0.0349869 0.0375785 0.0403548 0.0433313 0.0465263  0.049958
0.0281931 0.0303306 0.0326156 0.0350558 0.0376652 0.0404567 0.0434474  0.046654 0.0500958 0.0537929
0.0303486 0.0326499 0.0351103 0.0377382 0.0405486 0.0435555  0.046777 0.0502311 0.0539388 0.0579222
0.0326689 0.0351467  0.037796  0.040626 0.0436528 0.0468914 0.0503614 0.0540821 0.0580768 0.0623698
0.0351668 0.0378345 0.0406872 0.0437347 0.0469945 0.0504825 0.0542201 0.0582286 0.0625335 0.0671613
0.0378558 0.0407279 0.0437995 0.0470812 0.0505917 0.0543484 0.0583747 0.0626942 0.0673346 0.0723195
0.0407505 0.0438426 0.0471498 0.0506835 0.0544639 0.0585105 0.0628488 0.0675047  0.072503 0.0778531
0.0438663 0.0471951 0.0507555 0.0545604 0.0586318 0.0629915 0.0676672 0.0726817 0.0780459 0.0837434
0.0472202 0.0508036 0.0546368 0.0587341 0.0631202 0.0678184 0.0728539 0.0782354 0.0839478 0.0899547
0.0508302 0.0546877 0.0588151 0.0632287 0.0679549 0.0730144  0.078418 0.0841487 0.0901715 0.0964357
0.0547159 0.0588689 0.0633142 0.0680695 0.0731585 0.0785875 0.0843417 0.0903837 0.0966647  0.103125
0.0588983 0.0633703 0.0681586 0.0732778 0.0787376 0.0845181 0.0905846 0.0968857  0.103364  0.109952
0.0633999 0.0682151 0.0733677 0.0788579 0.0846695 0.0907626 0.0970883  0.103586  0.110193  0.116837
0.0682443 0.0734235 0.0789466 0.0847883 0.0909119 0.0972639  0.103786  0.110412  0.117074  0.123697
0.0734557 0.0790081  0.084886 0.0910429 0.0974286   0.10398  0.110633  0.117316  0.123958  0.130482
0.0790592 0.0849832 0.0911971 0.0976349  0.104239  0.110938  0.117663  0.124339  0.130894  0.137251
0.0850445 0.0913219 0.0978326  0.104509  0.111277  0.118066  0.124799  0.131401  0.137799  0.143937
0.0912942 0.0977792  0.104424  0.111163  0.117923   0.12463  0.131209  0.137588  0.143709  0.149542
0.0977496  0.104367  0.111073  0.117801  0.124477  0.131029  0.137383  0.143483  0.149298  0.154818
0.104335 0.111011 0.117703 0.124345 0.130863 0.137187 0.143261 0.149053 0.154553 0.159765
0.110976 0.117636 0.124238 0.130719 0.137007 0.143049 0.148812 0.154288 0.159479 0.164397
 -0.082402 -0.0758336 -0.0693949 -0.0631462 -0.0571441 -0.0514148 -0.0459703 -0.0408053 -0.0359095 -0.0312641
-0.0758728   -0.06947 -0.0632655  -0.057304  -0.051616 -0.0462069 -0.0410748 -0.0362059  -0.031584 -0.0271874
-0.0695103 -0.0633426 -0.0574267 -0.0517805 -0.0464138 -0.0413181  -0.036483 -0.0318887 -0.0275163 -0.0233422
-0.0633876 -0.0575127 -0.0519172  -0.046597 -0.0415486  -0.036754 -0.0321975 -0.0278558 -0.0237086 -0.0197316
-0.0575783 -0.0520421 -0.0467954 -0.0418142 -0.0370879 -0.0325898 -0.0283026 -0.0241997 -0.0202615 -0.0164628
-0.0521197 -0.0469515 -0.0420616 -0.0374245 -0.0330135 -0.0288041 -0.0247714 -0.0208925 -0.0171442 -0.0135048
 -0.0469421  -0.0420433  -0.0373954  -0.0329743  -0.0287547  -0.0247133  -0.0208262  -0.0170712  -0.0134261 -0.00986956
 -0.0420341  -0.0373776   -0.032946  -0.0287167  -0.0246654  -0.0207698  -0.0170069  -0.0133553 -0.00979313 -0.00629976
 -0.0373681  -0.0329275  -0.0286872  -0.0246258    -0.02072  -0.0169483  -0.0132885 -0.00971959 -0.00622039 -0.00277045
 -0.0329175   -0.028668  -0.0245952  -0.0206788  -0.0168964  -0.0132274 -0.00965006 -0.00614386 -0.00268785 0.000738142
 -0.0286576  -0.0245751  -0.0206468  -0.0168535  -0.0131734 -0.00958641 -0.00607134 -0.00260804  0.00082428  0.00424564
 -0.0245642  -0.0206258  -0.0168201  -0.0131285  -0.0095299 -0.00600482 -0.00253226 0.000907669  0.00433564  0.00777166
 -0.0206144   -0.016798  -0.0130935 -0.00948289 -0.00594567 -0.00246264 0.000986984  0.00442291  0.00786585   0.0113359
  -0.016786  -0.0130704 -0.00944618 -0.00589638 -0.00240062  0.00105996  0.00450605  0.00795732   0.0114346   0.0149581
 -0.0130578 -0.00942194 -0.00585784 -0.00234888  0.00112506  0.00458264  0.00804457   0.0115306   0.0150617   0.0186586
-0.00940865 -0.00583233 -0.00230832  0.00117947  0.00465111  0.00812511   0.0116223   0.0151627   0.0187675   0.0224579
-0.00581817 -0.00228115  0.00122268  0.00470908  0.00819805   0.0117081   0.0152604    0.018875   0.0225739   0.0263786
-0.00226624  0.00125129  0.00475456  0.00825906   0.0117849   0.0153507   0.0189779   0.0226871   0.0265007   0.0304408
  0.001267 0.00478469 0.00830697  0.0118491  0.0154315   0.019073  0.0227954  0.0266198  0.0305693  0.0346668
0.00480126 0.00833874  0.0118997  0.0154993  0.0191582  0.0228956  0.0267339  0.0306949  0.0348023  0.0390799
0.00835622  0.0119332  0.0155525  0.0192296  0.0229854  0.0268396  0.0308153  0.0349347  0.0392228  0.0437043
0.0119516 0.0155879 0.0192858 0.0230608 0.0269344 0.0309267 0.0350617 0.0393624  0.043855 0.0485658
0.0156074 0.0193231 0.0231201 0.0270139 0.0310267 0.0351793 0.0394964 0.0440023 0.0487248 0.0536925
0.0193437 0.0231595 0.0270765 0.0311107 0.0352849 0.0396205 0.0441437 0.0488803 0.0538603 0.0591138
0.0231812 0.0271181 0.0311768 0.0353735  0.039732 0.0442748 0.0490296 0.0540245 0.0592909 0.0648561
 0.027141 0.0312207 0.0354432 0.0398255 0.0443924 0.0491679  0.054182 0.0594642  0.065043 0.0709313
0.0312447 0.0354893 0.0398987 0.0444905 0.0492913 0.0543271 0.0596294 0.0652247 0.0711274  0.077324
0.0355147 0.0399474 0.0445679 0.0493951 0.0544576 0.0597828 0.0653995 0.0713196 0.0775314 0.0840012
0.0399743 0.0446195  0.049477 0.0545674  0.059921 0.0655619 0.0715046 0.0777348 0.0842207 0.0909142
0.0446479 0.0495314 0.0546539 0.0600369 0.0657077 0.0716759   0.07793 0.0844353 0.0911458 0.0980043
 0.049561 0.0547105 0.0601268 0.0658282 0.0718275 0.0781082 0.0846382 0.0913689 0.0982451  0.105203
0.0547403 0.0601838 0.0659188 0.0719489 0.0782609 0.0848178 0.0915734   0.09847  0.105446  0.112432
0.0602133  0.065975 0.0720383 0.0783807 0.0849684 0.0917505 0.0986716  0.105667  0.112671  0.119612
0.0660075 0.0721003 0.0784791 0.0851003 0.0919164 0.0988667  0.105889  0.112916  0.119875  0.126694
0.0721515 0.0785766 0.0852552 0.0921235 0.0991271  0.106195  0.113264  0.120258  0.127107  0.133738
0.0786381 0.0853803 0.0923218 0.0993977  0.106536  0.113668  0.120719  0.127616  0.134287  0.140678
0.0853528 0.0922688 0.0993134  0.106423  0.113525  0.120551  0.127425  0.134077  0.140452  0.146519
0.0922394 0.0992568  0.106333  0.113405  0.120399  0.127246  0.133873  0.140228  0.146278  0.152015
0.0992247  0.106271  0.113307  0.120268   0.12708  0.133679  0.140006  0.146034  0.151752  0.157166
0.106236  0.11324 0.120161 0.126938 0.133499 0.139795 0.145793 0.151487  0.15688 0.161986
-0.0867976 -0.0799103  -0.073176 -0.0666533 -0.0603972 -0.0544325 -0.0487698 -0.0434026 -0.0383192 -0.0335001
-0.0799494 -0.0732509 -0.0667722 -0.0605566 -0.0546331 -0.0490056 -0.0436712 -0.0386147 -0.0338189 -0.0292612
-0.0732911 -0.0668492  -0.060679 -0.0547971 -0.0492119 -0.0439138  -0.038891 -0.0341228  -0.029589 -0.0252655
 -0.066894 -0.0607648 -0.0549335 -0.0493948 -0.0441438 -0.0391614 -0.0344307 -0.0299277 -0.0256309 -0.0215153
-0.0608303 -0.0550582 -0.0495928 -0.0444089 -0.0394947 -0.0348225 -0.0303738 -0.0261213 -0.0220444 -0.0181171
-0.0551357 -0.0497488 -0.0446561  -0.039831 -0.0352457 -0.0308748 -0.0266924 -0.0226747 -0.0187977 -0.0150391
-0.0497392 -0.0446376 -0.0398016 -0.0352061 -0.0308249 -0.0266337 -0.0226078 -0.0187241 -0.0149596 -0.0112925
 -0.0446283  -0.0397837  -0.0351776  -0.0307866  -0.0265854  -0.0225509  -0.0186592  -0.0148882  -0.0112154 -0.00761949
  -0.039774   -0.035159  -0.0307569  -0.0265455  -0.0225007  -0.0186001  -0.0148209  -0.0111413  -0.0075395 -0.00399443
   -0.035149   -0.0307375   -0.0265147   -0.0224592    -0.018548   -0.0147595   -0.0110713  -0.00746245  -0.00391126 -0.000397043
  -0.0307271   -0.0264945   -0.0224271   -0.0185047   -0.0147051   -0.0110073  -0.00738948  -0.00383096 -0.000310377   0.00319281
  -0.0264835   -0.0224059   -0.0184711   -0.0146599   -0.0109505  -0.00732261  -0.00375477 -0.000226536    0.0032833   0.00679521
  -0.0223945    -0.018449   -0.0146247   -0.0109032  -0.00726317  -0.00368482 -0.000146842   0.00337099   0.00688985    0.0104303
   -0.018437   -0.0146016   -0.0108664  -0.00721368  -0.00362254 -7.35556e-05   0.00345448   0.00698171    0.0105294    0.0141182
  -0.0145889   -0.0108421    -0.007175  -0.00357062 -8.21807e-06   0.00353136   0.00706929    0.0106257    0.0142222    0.0178796
 -0.0108287 -0.00714941 -0.00352993 4.63738e-05  0.00360004  0.00715009   0.0107178   0.0143235   0.0179889   0.0217354
-0.00713522 -0.00350268 8.97007e-05  0.00365818  0.00722323   0.0108038   0.0144215   0.0180967   0.0218518   0.0257085
-0.00348774 0.000118373  0.00370377   0.0072844   0.0108808    0.014512   0.0181998   0.0219652   0.0258309   0.0298193
0.000134118  0.00373397  0.00733241   0.0109452    0.014593   0.0182951   0.0220738   0.0259503   0.0299482   0.0340904
0.00375057 0.00736424  0.0109958  0.0146609  0.0183805  0.0221742  0.0260647   0.030074  0.0342262  0.0385453
0.00738175  0.0110294  0.0147142   0.018452  0.0222642  0.0261705  0.0301945  0.0343588  0.0386884  0.0432085
0.0110478 0.0147496 0.0185083 0.0223396 0.0262654 0.0303062  0.034486 0.0388283 0.0433594  0.048106
0.0147691 0.0185457  0.022399 0.0263451 0.0304063 0.0346037 0.0389624 0.0435069 0.0482652  0.053266
0.0185663 0.0224384 0.0264077 0.0304903 0.0347094 0.0390867 0.0436485 0.0484209  0.053434 0.0587182
0.0224602 0.0264494 0.0305565 0.0347981 0.0391983 0.0437797 0.0485703 0.0535984 0.0588955 0.0644892
0.0264723 0.0306004 0.0348679 0.0392919 0.0438974 0.0487088  0.053756  0.059069 0.0646763 0.0705911
0.0306245  0.034914 0.0393651 0.0439956 0.0488322 0.0539012 0.0592343 0.0648582 0.0707873 0.0770084
0.0349395 0.0394139 0.0440731 0.0489361 0.0540318 0.0593879 0.0650331 0.0709796  0.077216 0.0837085
0.0394408 0.0441247 0.0490181 0.0541417 0.0595261 0.0651956 0.0711647 0.0774195 0.0839281 0.0906428
0.0441531 0.0490725 0.0542282  0.059642 0.0653414 0.0713362 0.0776148 0.0841429 0.0908745 0.0977526
0.0491021 0.0542848  0.059732  0.065462 0.0714878  0.077793 0.0843459 0.0910977 0.0979934  0.104969
0.0543147  0.059789 0.0655526 0.0716093 0.0779458 0.0845255 0.0913023 0.0982184  0.105212  0.112216
0.0598185 0.0656089 0.0716987 0.0780657 0.0846762 0.0914794 0.0984201  0.105434  0.112455  0.119411
0.0656414 0.0717607 0.0781642 0.0848082 0.0916454 0.0986153  0.105656  0.112699  0.119674  0.126508
 0.071812 0.0782617  0.084963 0.0918526 0.0988757  0.105962  0.113048  0.120057  0.126921  0.133565
0.0783232 0.0850882 0.0920509 0.0991464  0.106303  0.113452  0.120518  0.127429  0.134114  0.140518
0.0850607 0.0919979 0.0990621   0.10619  0.113309   0.12035  0.127239  0.133904  0.140291  0.146371
0.0919684 0.0990056    0.1061  0.113189  0.120199   0.12706  0.133701  0.140067  0.146129  0.151877
0.0989734  0.106038  0.113091  0.120067  0.126894  0.133506  0.139846  0.145885  0.151614  0.157038
0.106003 0.113024 0.119961 0.126752 0.133327 0.139635 0.145645  0.15135 0.156753 0.161867
-0.0870137 -0.0801108  -0.073362 -0.0668258 -0.0605572 -0.0545809 -0.0489075 -0.0435303 -0.0384378 -0.0336101
-0.0801499 -0.0734368 -0.0669447 -0.0607166 -0.0547815 -0.0491433 -0.0437989 -0.0387332 -0.0339288 -0.0293632
 -0.073477 -0.0670216  -0.060839 -0.0549454 -0.0493496 -0.0440415 -0.0390094 -0.0342327  -0.029691 -0.0253601
-0.0670665 -0.0609248 -0.0550818 -0.0495324 -0.0442714 -0.0392798 -0.0345406 -0.0300297 -0.0257255 -0.0216031
-0.0609902 -0.0552065 -0.0497304 -0.0445365 -0.0396131 -0.0349323 -0.0304757 -0.0262159 -0.0221321 -0.0181985
 -0.055284 -0.0498864 -0.0447837 -0.0399494 -0.0353555 -0.0309766 -0.0267869 -0.0227623 -0.0188791 -0.0151146
-0.0498768 -0.0447652 -0.0399199 -0.0353159 -0.0309268 -0.0267282 -0.0226954 -0.0188054 -0.0150351 -0.0113626
 -0.044756  -0.039902 -0.0352874 -0.0308884 -0.0266798 -0.0226385 -0.0187405 -0.0149636 -0.0112854 -0.0076845
 -0.0398924  -0.0352688  -0.0308587    -0.02664  -0.0225883  -0.0186814  -0.0148963  -0.0112113 -0.00760449 -0.00405493
  -0.0352587   -0.0308394   -0.0266091   -0.0225468   -0.0186292   -0.0148348   -0.0111413  -0.00752741  -0.00397173 -0.000453588
  -0.0308289   -0.0265889   -0.0225147    -0.018586   -0.0147804   -0.0110772  -0.00745443  -0.00389141 -0.000366896   0.00313958
   -0.026578   -0.0224935   -0.0185524   -0.0147353   -0.0110204  -0.00738753   -0.0038152 -0.000283033   0.00323009   0.00674456
  -0.0224821   -0.0185303   -0.0147001   -0.0109731  -0.00732808  -0.00374523 -0.000203321    0.0033178   0.00683923    0.0103814
  -0.0185182   -0.0146769   -0.0109363  -0.00727858  -0.00368294 -0.000130019   0.00340131    0.0069311    0.0104805    0.0140702
  -0.0146643   -0.0109119  -0.00723989  -0.00363101 -6.46699e-05    0.0034782    0.0070187    0.0105769    0.0141742    0.0178315
  -0.0108986  -0.00721433  -0.00359036 -1.01193e-05   0.00354684   0.00709945    0.0106689    0.0142754    0.0179407     0.021686
-0.00720033 -0.00356348 3.26296e-05   0.0036042  0.00717162   0.0107538   0.0143721   0.0180471   0.0218008    0.025655
-0.00354873 6.09262e-05  0.00364919  0.00723198   0.0108297   0.0144615   0.0181488   0.0219127   0.0257758   0.0297604
7.64668e-05    0.003679  0.00727937   0.0108933   0.0145414   0.0182429   0.0220199   0.0258936   0.0298876   0.0340247
0.00369538 0.00731079  0.0109433  0.0146084  0.0183272   0.022119  0.0260065  0.0300117  0.0341587  0.0384715
0.00732808  0.0109764  0.0146611  0.0183978  0.0222078   0.026111  0.0301308  0.0342896  0.0386127  0.0431251
0.0109946  0.014696 0.0184534 0.0222823 0.0262047  0.030241 0.0344152 0.0387508 0.0432741 0.0480117
0.0147153 0.0184902 0.0223409 0.0262833 0.0303398 0.0345314 0.0388832 0.0434197 0.0481689 0.0531595
0.0185106 0.0223799 0.0263452 0.0304228 0.0346358 0.0390059 0.0435595 0.0483226 0.0533253 0.0585981
0.0224013 0.0263863 0.0304881 0.0347233  0.039116  0.043689 0.0484701 0.0534875 0.0587731 0.0643541
 0.026409 0.0305315 0.0347923 0.0392085 0.0438052 0.0486068 0.0536433 0.0589444 0.0645389 0.0704396
0.0305554 0.0348381 0.0392813 0.0439029 0.0487296 0.0537877 0.0591089 0.0647198 0.0706348 0.0768408
0.0348635 0.0393298   0.04398 0.0488329 0.0539176 0.0592616 0.0648937 0.0708261 0.0770472 0.0835233
0.0393567 0.0440313 0.0489145 0.0540269 0.0593991 0.0650554 0.0710102 0.0772497 0.0837418 0.0904387
0.0440596 0.0489686 0.0541129 0.0595144 0.0652004 0.0711807 0.0774438 0.0839553 0.0906691  0.097528
 0.048998 0.0541692 0.0596038 0.0653202 0.0713314  0.077621 0.0841571  0.090891 0.0977675  0.104723
0.0541989 0.0596605 0.0654103 0.0714521 0.0777728 0.0843356 0.0910942  0.097991  0.104964  0.111945
0.0596897 0.0654662 0.0715409 0.0778918 0.0844852 0.0912702 0.0981913  0.105184  0.112183  0.119115
0.0654984 0.0716025 0.0779897 0.0846163  0.091435 0.0983851  0.105405  0.112426  0.119377  0.126185
0.0716535 0.0780867 0.0847704 0.0916412 0.0986443   0.10571  0.112772  0.119758  0.126596  0.133213
0.0781479 0.0848951 0.0918387  0.098914  0.106049  0.113175  0.120217  0.127103   0.13376  0.140134
0.0848673 0.0917852 0.0988289  0.105935  0.113031  0.120048   0.12691  0.133548  0.139905  0.145953
0.0917554 0.0987717  0.105844  0.112909  0.119894  0.126729  0.133342  0.139679  0.145709  0.151423
0.0987393  0.105782   0.11281  0.119762  0.126562  0.133146  0.139455  0.145463  0.151158  0.156545
0.105747 0.112743 0.119654 0.126418 0.132965 0.139242  0.14522 0.150891 0.156257 0.161333
 -0.087295  -0.080418 -0.0736966 -0.0671894 -0.0609516 -0.0550078  -0.049369 -0.0440286 -0.0389753 -0.0341895
-0.0804575 -0.0737722 -0.0673095 -0.0611126 -0.0552104 -0.0496072 -0.0442999 -0.0392737 -0.0345114 -0.0299908
-0.0738128 -0.0673872 -0.0612362 -0.0553761 -0.0498156  -0.044545 -0.0395528 -0.0348184  -0.030322 -0.0260394
-0.0674325 -0.0613228 -0.0555138 -0.0500002 -0.0447772 -0.0398258 -0.0351294  -0.030664 -0.0264085 -0.0223379
-0.0613887 -0.0556394 -0.0501997 -0.0450442 -0.0401616  -0.035524 -0.0311133 -0.0269024 -0.0228708  -0.018993
-0.0557174 -0.0503566  -0.045293 -0.0404999 -0.0359498 -0.0316173 -0.0274769 -0.0235049 -0.0196777 -0.0159732
-0.0503476 -0.0452755 -0.0404722 -0.0359125 -0.0315703 -0.0274215 -0.0234418 -0.0196082 -0.0158981   -0.01229
 -0.0452669  -0.0404553  -0.0358857  -0.0315343  -0.0273761  -0.0233883  -0.0195473  -0.0158311  -0.0122176 -0.00868595
 -0.0404463  -0.0358682  -0.0315065  -0.0273388  -0.0233413  -0.0194919   -0.015768  -0.0121482   -0.008611 -0.00513591
 -0.0358589  -0.0314884    -0.02731  -0.0233025  -0.0194431  -0.0157105  -0.0120827 -0.00853892 -0.00505812 -0.00162007
 -0.0314786  -0.0272911  -0.0232725  -0.0194028  -0.0156597  -0.0120229 -0.00847078 -0.00498313 -0.00153914  0.00188118
 -0.0272809  -0.0232528  -0.0193714  -0.0156176  -0.0119699 -0.00840844  -0.0049121 -0.00146097  0.00196554  0.00538733
 -0.0232421  -0.0193509  -0.0155849   -0.011926 -0.00835311 -0.00484698 -0.00138678  0.00204718  0.00547544  0.00891787
 -0.0193397  -0.0155634  -0.0118917 -0.00830711 -0.00478909 -0.00131865   0.0021248  0.00556084  0.00901004   0.0124924
 -0.0155516  -0.0118691  -0.0082712 -0.00474088 -0.00125799  0.00219617  0.00564215   0.0090995   0.0125889   0.0161307
 -0.0118568 -0.00824751  -0.0047032 -0.00120742  0.00225981  0.00571702  0.00918479   0.0126828    0.016232    0.019853
-0.00823455 -0.00467831 -0.00116783  0.00231293  0.00578386  0.00926342   0.0127724   0.0163305   0.0199593   0.0236797
-0.00466467 -0.00114166  0.00235455   0.0058397  0.00933368    0.012855   0.0164247   0.0200629   0.0237915   0.0276321
-0.0011273  0.0023821  0.0058835 0.00939243  0.0129289  0.0165116  0.0201619  0.0239004  0.0277496  0.0317318
0.00239722  0.0059125 0.00943854  0.0129908  0.0165894  0.0202534  0.0240047  0.0278643  0.0318555  0.0360013
0.00592845  0.0094691  0.0130394  0.0166546  0.0203354  0.0241011  0.0279741  0.0319763  0.0361316  0.0404643
0.00948592  0.0130716  0.0167058  0.0204041  0.0241874  0.0280757   0.032092  0.0362589  0.0406016  0.0451458
0.0130893 0.0167398 0.0204581 0.0242598 0.0281667 0.0321991 0.0363809 0.0407358 0.0452905 0.0500728
0.0167585 0.0204939 0.0243168 0.0282431 0.0322951 0.0364938 0.0408644  0.045432 0.0502254 0.0552737
0.0205136 0.0243546 0.0283031 0.0323756 0.0365951 0.0409835 0.0455676 0.0503746 0.0554347  0.060774
0.0243754  0.028343  0.032439   0.03668 0.0410903 0.0456932 0.0505176 0.0555921 0.0609438 0.0665844
 0.028365 0.0324811 0.0367469   0.04118  0.045806 0.0506502 0.0557431 0.0611099 0.0667636 0.0726893
0.0325043 0.0367914 0.0412507 0.0459008 0.0507695 0.0558833 0.0612696 0.0669392 0.0728788 0.0790531
 0.036816 0.0412977 0.0459756 0.0508697 0.0560093 0.0614178  0.067108 0.0730644 0.0792534 0.0856252
0.0413237 0.0460252 0.0509485  0.056115 0.0615507 0.0672642 0.0732424 0.0794491 0.0858364 0.0923452
0.0460521     0.051 0.0561968 0.0616602  0.067402 0.0734044 0.0796336 0.0860393 0.0925642 0.0991425
 0.051027 0.0562483 0.0617422 0.0675118 0.0735425 0.0797959 0.0862241 0.0927675 0.0993619  0.105937
0.0562747 0.0617926  0.067592 0.0736498 0.0799309 0.0863829 0.0929482 0.0995607  0.106151  0.112646
0.0618218 0.0676477 0.0737384 0.0800496 0.0865321 0.0931237 0.0997605  0.106371  0.112883   0.11922
0.0676955 0.0738293 0.0801939 0.0867252 0.0933664  0.100046  0.106696   0.11324  0.119604  0.125714
0.0738871 0.0803121 0.0869123 0.0936221  0.100367  0.107078  0.113675  0.120085  0.126233  0.132061
0.0802806 0.0868517 0.0935258  0.100238  0.106915  0.113484  0.119868  0.125994  0.131802  0.137261
0.0868181 0.0934612  0.100136  0.106777  0.113311  0.119664  0.125761  0.131547  0.136985  0.142066
0.0934247  0.100065  0.106666  0.113161  0.119475   0.12554  0.131295  0.136708  0.141766   0.14647
0.100026  0.10659  0.11304 0.119314 0.125336 0.131055 0.136435 0.141466 0.146147 0.150487
-0.0934526 -0.0870408 -0.0808155 -0.0748368 -0.0691628 -0.0638209 -0.0588257 -0.0541744 -0.0498597 -0.0458666
-0.0870852 -0.0809006  -0.074972  -0.069344 -0.0640489 -0.0590938 -0.0544797 -0.0501955  -0.046229 -0.0425622
-0.0809465 -0.0750598 -0.0694837 -0.0642361 -0.0593292 -0.0547566 -0.0505109 -0.0465758 -0.0429364 -0.0395736
-0.0751107  -0.069581 -0.0643909 -0.0595367 -0.0550175 -0.0508177 -0.0469252 -0.0433207 -0.0399883 -0.0369085
-0.0696529 -0.0645279 -0.0597543 -0.0553088  -0.051184 -0.0473557 -0.0438109 -0.0405272 -0.0374899 -0.0346794
-0.0646122 -0.0599233 -0.0555768 -0.0515481  -0.047814 -0.0443531 -0.0411452 -0.0381718 -0.0354157 -0.0328608
-0.0599211 -0.0555722 -0.0515408  -0.047804 -0.0443405 -0.0411302 -0.0381548 -0.0353968 -0.0328404 -0.0304707
-0.0555707 -0.0515376 -0.0477989 -0.0443335 -0.0411215 -0.0381443 -0.0353849 -0.0328272 -0.0304564 -0.0282588
-0.0515362  -0.047796 -0.0443288  -0.041115 -0.0381362 -0.0353752 -0.0328162 -0.0304442 -0.0282455 -0.0262074
-0.0477947 -0.0443261 -0.0411106 -0.0381302 -0.0353677 -0.0328072 -0.0304339 -0.0282342 -0.0261951  -0.024305
-0.0443249 -0.0411081 -0.0381261 -0.0353621 -0.0328002 -0.0304256 -0.0282246 -0.0261846 -0.0242936 -0.0225407
 -0.041107 -0.0381238 -0.0353584  -0.032795 -0.0304191 -0.0282169 -0.0261758 -0.0242839 -0.0225302 -0.0209045
-0.0381228 -0.0353562 -0.0327915 -0.0304143 -0.0282109 -0.0261686 -0.0242757 -0.0225211 -0.0208947 -0.0193871
-0.0353552 -0.0327895 -0.0304111 -0.0282065  -0.026163  -0.024269 -0.0225135 -0.0208864 -0.0193781 -0.0179799
-0.0327886 -0.0304092 -0.0282035 -0.0261589 -0.0242639 -0.0225074 -0.0208793 -0.0193703 -0.0179715 -0.0166748
-0.0304084 -0.0282018 -0.0261562 -0.0242601 -0.0225026 -0.0208736 -0.0193638 -0.0179643  -0.016667 -0.0154645
 -0.028201 -0.0261546 -0.0242575  -0.022499 -0.0208692 -0.0193585 -0.0179582 -0.0166603 -0.0154573  -0.014342
-0.0261538  -0.024256 -0.0224967 -0.0208659 -0.0193543 -0.0179533 -0.0166547 -0.0154511 -0.0143353 -0.0133011
-0.0242553 -0.0224953 -0.0208637 -0.0193513 -0.0179495 -0.0166502 -0.0154459 -0.0143296 -0.0132949 -0.0123357
-0.0224947 -0.0208624 -0.0193492 -0.0179467 -0.0166466 -0.0154416 -0.0143248 -0.0132895 -0.0123299 -0.0114404
-0.0208618 -0.0193481 -0.0179448  -0.016644 -0.0154384 -0.0143209 -0.0132851  -0.012325  -0.011435   -0.01061
 -0.0193475  -0.0179437  -0.0166423  -0.0154359  -0.0143178  -0.0132814  -0.0123208  -0.0114304  -0.0106051 -0.00983999
 -0.0179432  -0.0166412  -0.0154343  -0.0143156  -0.0132786  -0.0123175  -0.0114266  -0.0106008  -0.0098354 -0.00912585
 -0.0166408  -0.0154334   -0.014314  -0.0132765  -0.0123148  -0.0114235  -0.0105973 -0.00983145 -0.00912158 -0.00846354
 -0.0154329  -0.0143132  -0.0132751  -0.0123129   -0.011421  -0.0105944 -0.00982815 -0.00911793 -0.00845958 -0.00784931
 -0.0143128  -0.0132743  -0.0123116  -0.0114192  -0.0105921 -0.00982547 -0.00911486  -0.0084562 -0.00784564 -0.00727966
 -0.0132739  -0.0123108   -0.011418  -0.0105905 -0.00982337 -0.00911238 -0.00845335  -0.0078425 -0.00727626 -0.00675136
 -0.0123105  -0.0114173  -0.0105893 -0.00982184 -0.00911043 -0.00845105 -0.00783986 -0.00727335 -0.00674821 -0.00626141
  -0.011417  -0.0105887  -0.0098208 -0.00910901 -0.00844925 -0.00783773  -0.0072709 -0.00674551 -0.00625849 -0.00580703
 -0.0105884  -0.0098202 -0.00910805 -0.00844793 -0.00783606 -0.00726892 -0.00674325 -0.00625599 -0.00580432 -0.00538562
-0.00981993 -0.00910749 -0.00844703 -0.00783483 -0.00726737 -0.00674141 -0.00625389   -0.005802 -0.00538311  -0.0049948
-0.00910724 -0.00844652   -0.007834 -0.00726624 -0.00673997 -0.00625218 -0.00580005 -0.00538096 -0.00499247 -0.00463235
-0.00844629 -0.00783353 -0.00726547 -0.00673892 -0.00625085 -0.00579847 -0.00537915 -0.00499048 -0.00463019  -0.0042962
-0.00783331 -0.00726503 -0.00673821 -0.00624987 -0.00579723 -0.00537768  -0.0049888 -0.00462834  -0.0042942 -0.00398446
-0.00726483  -0.0067378 -0.00624921 -0.00579633 -0.00537654 -0.00498744 -0.00462679 -0.00429248  -0.0039826 -0.00369533
-0.00673761 -0.00624883 -0.00579572  -0.0053757 -0.00498638 -0.00462552 -0.00429104 -0.00398101 -0.00369361  -0.0034272
-0.00624866 -0.00579536 -0.00537513  -0.0049856 -0.00462454 -0.00428988 -0.00397967 -0.00369214  -0.0034256 -0.00317852
 -0.0057952  -0.0053748 -0.00498508 -0.00462382 -0.00428896 -0.00397859  -0.0036909 -0.00342423 -0.00317704 -0.00294789
-0.00537466 -0.00498477 -0.00462333 -0.00428829 -0.00397774 -0.00368989 -0.00342308 -0.00317577 -0.00294651 -0.00273399
-0.00498464 -0.00462305 -0.00428784 -0.00397712 -0.00368911 -0.00342215  -0.0031747 -0.00294534 -0.00273272 -0.00253562
-0.00462292 -0.00428758  -0.0039767 -0.00368853 -0.00342142 -0.00317384 -0.00294435 -0.00273163 -0.00253444 -0.00235165
-0.00428746 -0.00397646 -0.00368814 -0.00342089 -0.00317316 -0.00294355 -0.00273071 -0.00253343 -0.00235056 -0.00218103
-0.00397635 -0.00368792 -0.00342053 -0.00317267 -0.00294292 -0.00272997 -0.00253258 -0.00234962 -0.00218001 -0.00202279
-0.00368782 -0.00342032 -0.00317233 -0.00294246 -0.00272939 -0.00253189 -0.00234883 -0.00217914 -0.00202185 -0.00187603
-0.00342023 -0.00317214 -0.00294215 -0.00272897 -0.00253136 -0.00234819 -0.00217841 -0.00202104 -0.00187516 -0.00173992
-0.00317205 -0.00294197 -0.00272868 -0.00253096 -0.00234769 -0.00217782 -0.00202036 -0.00187441 -0.00173911 -0.00161369
-0.00294189 -0.00272851  -0.0025307 -0.00234733 -0.00217736 -0.00201981 -0.00187378 -0.00173842 -0.00161294 -0.00149662
-0.00272844 -0.00253054 -0.00234708 -0.00217702 -0.00201938 -0.00187327 -0.00173784  -0.0016123 -0.00149592 -0.00138804
-0.00253047 -0.00234694 -0.00217679 -0.00201907 -0.00187287 -0.00173736 -0.00161176 -0.00149533  -0.0013874 -0.00128735
-0.00234687 -0.00217666 -0.00201886 -0.00187258   -0.001737 -0.00161132 -0.00149483 -0.00138684 -0.00128675 -0.00119395
 -0.0021766 -0.00201873 -0.00187238 -0.00173672 -0.00161098 -0.00149442 -0.00138638 -0.00128623  -0.0011934 -0.00110734
-0.00201868 -0.00187227 -0.00173654 -0.00161073  -0.0014941   -0.001386  -0.0012858 -0.00119292 -0.00110683 -0.00102701
 -0.00187222  -0.00173644  -0.00161056  -0.00149387  -0.00138571  -0.00128545  -0.00119253  -0.00110638  -0.00102653 -0.000952509
 -0.00173639  -0.00161046  -0.00149371  -0.00138549  -0.00128518   -0.0011922  -0.00110601  -0.00102612 -0.000952067 -0.000883414
 -0.00161041  -0.00149362  -0.00138535  -0.00128498  -0.00119195  -0.00110571  -0.00102578 -0.000951688 -0.000883004 -0.000819331
 -0.00149358  -0.00138526  -0.00128485  -0.00119176  -0.00110548   -0.0010255  -0.00095137 -0.000882652 -0.000818951 -0.000759899
 -0.00138523  -0.00128477  -0.00119164  -0.00110531  -0.00102529 -0.000951112 -0.000882357 -0.000818625 -0.000759546 -0.000704778
 -0.00128473  -0.00119157  -0.00110519  -0.00102513  -0.00095091 -0.000882118 -0.000818352 -0.000759244 -0.000704451 -0.000653656
 -0.00119153  -0.00110513  -0.00102502 -0.000950762 -0.000881931  -0.00081813  -0.00075899  -0.00070417 -0.000653353 -0.000606244
 -0.00110509  -0.00102496 -0.000950663 -0.000881794 -0.000817956 -0.000758784 -0.000703935 -0.000653093 -0.000605962 -0.000562271
 -0.00102493 -0.000950605 -0.000881701 -0.000817829 -0.000758624 -0.000703745 -0.000652875 -0.000605721  -0.00056201 -0.000521488
-0.000950579 -0.000881648 -0.000817744 -0.000758506 -0.000703596 -0.000652698 -0.000605519 -0.000561786 -0.000521246 -0.000483664
-0.000881624 -0.000817694 -0.000758426 -0.000703486  -0.00065256 -0.000605355 -0.000561599 -0.000521039  -0.00048344 -0.000448584
-0.000817672  -0.00075838 -0.000703413 -0.000652459 -0.000605227 -0.000561447 -0.000520865 -0.000483247 -0.000448376 -0.000416049
-0.000758359  -0.00070337  -0.00065239 -0.000605133 -0.000561328 -0.000520724 -0.000483086 -0.000448198 -0.000415856 -0.000385874
-0.000703351 -0.000652351  -0.00060507 -0.000561241 -0.000520614 -0.000482955 -0.000448048  -0.00041569 -0.000385695 -0.000357888
-0.000652333 -0.000605033 -0.000561182 -0.000520533 -0.000482853 -0.000447927 -0.000415552 -0.000385542 -0.000357722 -0.000331932
-0.000605016 -0.000561148 -0.000520478 -0.000482778 -0.000447832 -0.000415439 -0.000385413  -0.00035758 -0.000331778 -0.000307859
-0.000561133 -0.000520447 -0.000482728 -0.000447763 -0.000415352 -0.000385309 -0.000357461 -0.000331646 -0.000307716 -0.000285532
-0.000520433 -0.000482698 -0.000447716 -0.000415287 -0.000385227 -0.000357364 -0.000331536 -0.000307594   -0.0002854 -0.000264825
-0.000482685 -0.000447689 -0.000415244 -0.000385168 -0.000357288 -0.000331446 -0.000307492 -0.000285287 -0.000264702  -0.00024562
-0.000447676 -0.000415219 -0.000385127 -0.000357233 -0.000331376 -0.000307408 -0.000285192 -0.000264597 -0.000245506 -0.000227808
-0.000415207 -0.000385104 -0.000357196 -0.000331325 -0.000307344 -0.000285114 -0.000264509 -0.000245409 -0.000227702 -0.000211288
-0.000385093 -0.000357174  -0.00033129 -0.000307296 -0.000285054 -0.000264438 -0.000245327 -0.000227612  -0.00021119 -0.000195966
-0.000357164  -0.00033127 -0.000307264  -0.00028501 -0.000264382 -0.000245261 -0.000227536 -0.000211106 -0.000195875 -0.000181755
-0.000331261 -0.000307245  -0.00028498 -0.000264341 -0.000245209 -0.000227475 -0.000211036 -0.000195797 -0.000181671 -0.000168575
-0.000307237 -0.000284963 -0.000264313 -0.000245171 -0.000227427 -0.000210979 -0.000195732 -0.000181599 -0.000168497 -0.000156351
-0.000284955 -0.000264297 -0.000245145 -0.000227391 -0.000210934 -0.000195679 -0.000181539 -0.000168431 -0.000156279 -0.000145014
 -0.00026429  -0.00024513 -0.000227368 -0.000210902 -0.000195638  -0.00018149 -0.000168375 -0.000156217 -0.000144947 -0.000134499
-0.000245124 -0.000227354  -0.00021088 -0.000195608 -0.000181451 -0.000168329 -0.000156165  -0.00014489 -0.000134437 -0.000124747
  -0.0002383 -0.000221025  -0.00020501 -0.000190163 -0.000176401 -0.000163644 -0.000151819 -0.000140857 -0.000130695 -0.000121275
  -0.0002383 -0.000221025  -0.00020501 -0.000190163 -0.000176401 -0.000163644 -0.000151819 -0.000140857 -0.000130695 -0.000121275
  -0.0002383 -0.000221025  -0.00020501 -0.000190163 -0.000176401 -0.000163644 -0.000151819 -0.000140857 -0.000130695 -0.000121275
  -0.0002383 -0.000221025  -0.00020501 -0.000190163 -0.000176401 -0.000163644 -0.000151819 -0.000140857 -0.000130695 -0.000121275
  -0.0002383 -0.000221025  -0.00020501 -0.000190163 -0.000176401 -0.000163644 -0.000151819 -0.000140857 -0.000130695 -0.000121275
  -0.0002383 -0.000221025  -0.00020501 -0.000190163 -0.000176401 -0.000163644 -0.000151819 -0.000140857 -0.000130695 -0.000121275
  -0.0002383 -0.000221025  -0.00020501 -0.000190163 -0.000176401 -0.000163644 -0.000151819 -0.000140857 -0.000130695 -0.000121275
  -0.0002383 -0.000221025  -0.00020501 -0.000190163 -0.000176401 -0.000163644 -0.000151819 -0.000140857 -0.000130695 -0.000121275
  -0.0002383 -0.000221025  -0.00020501 -0.000190163 -0.000176401 -0.000163644 -0.000151819 -0.000140857 -0.000130695 -0.000121275
  -0.0002383 -0.000221025  -0.00020501 -0.000190163 -0.000176401 -0.000163644 -0.000151819 -0.000140857 -0.000130695 -0.000121275
  -0.0002383 -0.000221025  -0.00020501 -0.000190163 -0.000176401 -0.000163644 -0.000151819 -0.000140857 -0.000130695 -0.000121275
  -0.0002383 -0.000221025  -0.00020501 -0.000190163 -0.000176401 -0.000163644 -0.000151819 -0.000140857 -0.000130695 -0.000121275
  -0.0002383 -0.000221025  -0.00020501 -0.000190163 -0.000176401 -0.000163644 -0.000151819 -0.000140857 -0.000130695 -0.000121275
  -0.0002383 -0.000221025  -0.00020501 -0.000190163 -0.000176401 -0.000163644 -0.000151819 -0.000140857 -0.000130695 -0.000121275
  -0.0002383 -0.000221025  -0.00020501 -0.000190163 -0.000176401 -0.000163644 -0.000151819 -0.000140857 -0.000130695 -0.000121275
  -0.0002383 -0.000221025  -0.00020501 -0.000190163 -0.000176401 -0.000163644 -0.000151819 -0.000140857 -0.000130695 -0.000121275
  -0.0002383 -0.000221025  -0.00020501 -0.000190163 -0.000176401 -0.000163644 -0.000151819 -0.000140857 -0.000130695 -0.000121275
  -0.0002383 -0.000221025  -0.00020501 -0.000190163 -0.000176401 -0.000163644 -0.000151819 -0.000140857 -0.000130695 -0.000121275
  -0.0002383 -0.000221025  -0.00020501 -0.000190163 -0.000176401 -0.000163644 -0.000151819 -0.000140857 -0.000130695 -0.000121275
  -0.0002383 -0.000221025  -0.00020501 -0.000190163 -0.000176401 -0.000163644 -0.000151819 -0.000140857 -0.000130695 -0.000121275
  -0.0002383 -0.000221025  -0.00020501 -0.000190163 -0.000176401 -0.000163644 -0.000151819 -0.000140857 -0.000130695 -0.000121275
  -0.0002383 -0.000221025  -0.00020501 -0.000190163 -0.000176401 -0.000163644 -0.000151819 -0.000140857 -0.000130695 -0.000121275
  -0.0002383 -0.000221025  -0.00020501 -0.000190163 -0.000176401 -0.000163644 -0.000151819 -0.000140857 -0.000130695 -0.000121275
  -0.0002383 -0.000221025  -0.00020501 -0.000190163 -0.000176401 -0.000163644 -0.000151819 -0.000140857 -0.000130695 -0.000121275
  -0.0002383 -0.000221025  -0.00020501 -0.000190163 -0.000176401 -0.000163644 -0.000151819 -0.000140857 -0.000130695 -0.000121275
  -0.0002383 -0.000221025  -0.00020501 -0.000190163 -0.000176401 -0.000163644 -0.000151819 -0.000140857 -0.000130695 -0.000121275
  -0.0002383 -0.000221025  -0.00020501 -0.000190163 -0.000176401 -0.000163644 -0.000151819 -0.000140857 -0.000130695 -0.000121275
  -0.0002383 -0.000221025  -0.00020501 -0.000190163 -0.000176401 -0.000163644 -0.000151819 -0.000140857 -0.000130695 -0.000121275
  -0.0002383 -0.000221025  -0.00020501 -0.000190163 -0.000176401 -0.000163644 -0.000151819 -0.000140857 -0.000130695 -0.000121275
  -0.0002383 -0.000221025  -0.00020501 -0.000190163 -0.000176401 -0.000163644 -0.000151819 -0.000140857 -0.000130695 -0.000121275
  -0.0002383 -0.000221025  -0.00020501 -0.000190163 -0.000176401 -0.000163644 -0.000151819 -0.000140857 -0.000130695 -0.000121275
  -0.0002383 -0.000221025  -0.00020501 -0.000190163 -0.000176401 -0.000163644 -0.000151819 -0.000140857 -0.000130695 -0.000121275
  -0.0002383 -0.000221025  -0.00020501 -0.000190163 -0.000176401 -0.000163644 -0.000151819 -0.000140857 -0.000130695 -0.000121275
  -0.0002383 -0.000221025  -0.00020501 -0.000190163 -0.000176401 -0.000163644 -0.000151819 -0.000140857 -0.000130695 -0.000121275
  -0.0002383 -0.000221025  -0.00020501 -0.000190163 -0.000176401 -0.000163644 -0.000151819 -0.000140857 -0.000130695 -0.000121275
  -0.0002383 -0.000221025  -0.00020501 -0.000190163 -0.000176401 -0.000163644 -0.000151819 -0.000140857 -0.000130695 -0.000121275
  -0.0002383 -0.000221025  -0.00020501 -0.000190163 -0.000176401 -0.000163644 -0.000151819 -0.000140857 -0.000130695 -0.000121275
  -0.0002383 -0.000221025  -0.00020501 -0.000190163 -0.000176401 -0.000163644 -0.000151819 -0.000140857 -0.000130695 -0.000121275
  -0.0002383 -0.000221025  -0.00020501 -0.000190163 -0.000176401 -0.000163644 -0.000151819 -0.000140857 -0.000130695 -0.000121275
  -0.0002383 -0.000221025  -0.00020501 -0.000190163 -0.000176401 -0.000163644 -0.000151819 -0.000140857 -0.000130695 -0.000121275
  -0.0002383 -0.000221025  -0.00020501 -0.000190163 -0.000176401 -0.000163644 -0.000151819 -0.000140857 -0.000130695 -0.000121275
  -0.0002383 -0.000221025  -0.00020501 -0.000190163 -0.000176401 -0.000163644 -0.000151819 -0.000140857 -0.000130695 -0.000121275
  -0.0002383 -0.000221025  -0.00020501 -0.000190163 -0.000176401 -0.000163644 -0.000151819 -0.000140857 -0.000130695 -0.000121275
  -0.0002383 -0.000221025  -0.00020501 -0.000190163 -0.000176401 -0.000163644 -0.000151819 -0.000140857 -0.000130695 -0.000121275
  -0.0002383 -0.000221025  -0.00020501 -0.000190163 -0.000176401 -0.000163644 -0.000151819 -0.000140857 -0.000130695 -0.000121275
  -0.0002383 -0.000221025  -0.00020501 -0.000190163 -0.000176401 -0.000163644 -0.000151819 -0.000140857 -0.000130695 -0.000121275
  -0.0002383 -0.000221025  -0.00020501 -0.000190163 -0.000176401 -0.000163644 -0.000151819 -0.000140857 -0.000130695 -0.000121275
  -0.0002383 -0.000221025  -0.00020501 -0.000190163 -0.000176401 -0.000163644 -0.000151819 -0.000140857 -0.000130695 -0.000121275
  -0.0002383 -0.000221025  -0.00020501 -0.000190163 -0.000176401 -0.000163644 -0.000151819 -0.000140857 -0.000130695 -0.000121275
  -0.0002383 -0.000221025  -0.00020501 -0.000190163 -0.000176401 -0.000163644 -0.000151819 -0.000140857 -0.000130695 -0.000121275
  -0.0002383 -0.000221025  -0.00020501 -0.000190163 -0.000176401 -0.000163644 -0.000151819 -0.000140857 -0.000130695 -0.000121275
  -0.0002383 -0.000221025  -0.00020501 -0.000190163 -0.000176401 -0.000163644 -0.000151819 -0.000140857 -0.000130695 -0.000121275
  -0.0002383 -0.000221025  -0.00020501 -0.000190163 -0.000176401 -0.000163644 -0.000151819 -0.000140857 -0.000130695 -0.000121275
  -0.0002383 -0.000221025  -0.00020501 -0.000190163 -0.000176401 -0.000163644 -0.000151819 -0.000140857 -0.000130695 -0.000121275
  -0.0002383 -0.000221025  -0.00020501 -0.000190163 -0.000176401 -0.000163644 -0.000151819 -0.000140857 -0.000130695 -0.000121275
  -0.0002383 -0.000221025  -0.00020501 -0.000190163 -0.000176401 -0.000163644 -0.000151819 -0.000140857 -0.000130695 -0.000121275
  -0.0002383 -0.000221025  -0.00020501 -0.000190163 -0.000176401 -0.000163644 -0.000151819 -0.000140857 -0.000130695 -0.000121275
  -0.0002383 -0.000221025  -0.00020501 -0.000190163 -0.000176401 -0.000163644 -0.000151819 -0.000140857 -0.000130695 -0.000121275
  -0.0002383 -0.000221025  -0.00020501 -0.000190163 -0.000176401 -0.000163644 -0.000151819 -0.000140857 -0.000130695 -0.000121275
  -0.0002383 -0.000221025  -0.00020501 -0.000190163 -0.000176401 -0.000163644 -0.000151819 -0.000140857 -0.000130695 -0.000121275
  -0.0002383 -0.000221025  -0.00020501 -0.000190163 -0.000176401 -0.000163644 -0.000151819 -0.000140857 -0.000130695 -0.000121275
  -0.0002383 -0.000221025  -0.00020501 -0.000190163 -0.000176401 -0.000163644 -0.000151819 -0.000140857 -0.000130695 -0.000121275
  -0.0002383 -0.000221025  -0.00020501 -0.000190163 -0.000176401 -0.000163644 -0.000151819 -0.000140857 -0.000130695 -0.000121275
  -0.0002383 -0.000221025  -0.00020501 -0.000190163 -0.000176401 -0.000163644 -0.000151819 -0.000140857 -0.000130695 -0.000121275
  -0.0002383 -0.000221025  -0.00020501 -0.000190163 -0.000176401 -0.000163644 -0.000151819 -0.000140857 -0.000130695 -0.000121275
  -0.0002383 -0.000221025  -0.00020501 -0.000190163 -0.000176401 -0.000163644 -0.000151819 -0.000140857 -0.000130695 -0.000121275
  -0.0002383 -0.000221025  -0.00020501 -0.000190163 -0.000176401 -0.000163644 -0.000151819 -0.000140857 -0.000130695 -0.000121275
  -0.0002383 -0.000221025  -0.00020501 -0.000190163 -0.000176401 -0.000163644 -0.000151819 -0.000140857 -0.000130695 -0.000121275
  -0.0002383 -0.000221025  -0.00020501 -0.000190163 -0.000176401 -0.000163644 -0.000151819 -0.000140857 -0.000130695 -0.000121275
  -0.0002383 -0.000221025  -0.00020501 -0.000190163 -0.000176401 -0.000163644 -0.000151819 -0.000140857 -0.000130695 -0.000121275
  -0.0002383 -0.000221025  -0.00020501 -0.000190163 -0.000176401 -0.000163644 -0.000151819 -0.000140857 -0.000130695 -0.000121275
  -0.0002383 -0.000221025  -0.00020501 -0.000190163 -0.000176401 -0.000163644 -0.000151819 -0.000140857 -0.000130695 -0.000121275
  -0.0002383 -0.000221025  -0.00020501 -0.000190163 -0.000176401 -0.000163644 -0.000151819 -0.000140857 -0.000130695 -0.000121275
  -0.0002383 -0.000221025  -0.00020501 -0.000190163 -0.000176401 -0.000163644 -0.000151819 -0.000140857 -0.000130695 -0.000121275
  -0.0002383 -0.000221025  -0.00020501 -0.000190163 -0.000176401 -0.000163644 -0.000151819 -0.000140857 -0.000130695 -0.000121275
  -0.0002383 -0.000221025  -0.00020501 -0.000190163 -0.000176401 -0.000163644 -0.000151819 -0.000140857 -0.000130695 -0.000121275
  -0.0002383 -0.000221025  -0.00020501 -0.000190163 -0.000176401 -0.000163644 -0.000151819 -0.000140857 -0.000130695 -0.000121275
  -0.0002383 -0.000221025  -0.00020501 -0.000190163 -0.000176401 -0.000163644 -0.000151819 -0.000140857 -0.000130695 -0.000121275
  -0.0002383 -0.000221025  -0.00020501 -0.000190163 -0.000176401 -0.000163644 -0.000151819 -0.000140857 -0.000130695 -0.000121275
  -0.0002383 -0.000221025  -0.00020501 -0.000190163 -0.000176401 -0.000163644 -0.000151819 -0.000140857 -0.000130695 -0.000121275
  -0.0002383 -0.000221025  -0.00020501 -0.000190163 -0.000176401 -0.000163644 -0.000151819 -0.000140857 -0.000130695 -0.000121275
  -0.0002383 -0.000221025  -0.00020501 -0.000190163 -0.000176401 -0.000163644 -0.000151819 -0.000140857 -0.000130695 -0.000121275
  -0.0002383 -0.000221025  -0.00020501 -0.000190163 -0.000176401 -0.000163644 -0.000151819 -0.000140857 -0.000130695 -0.000121275
  -0.0002383 -0.000221025  -0.00020501 -0.000190163 -0.000176401 -0.000163644 -0.000151819 -0.000140857 -0.000130695 -0.000121275
  -0.0002383 -0.000221025  -0.00020501 -0.000190163 -0.000176401 -0.000163644 -0.000151819 -0.000140857 -0.000130695 -0.000121275
  -0.0002383 -0.000221025  -0.00020501 -0.000190163 -0.000176401 -0.000163644 -0.000151819 -0.000140857 -0.000130695 -0.000121275
  -0.0002383 -0.000221025  -0.00020501 -0.000190163 -0.000176401 -0.000163644 -0.000151819 -0.000140857 -0.000130695 -0.000121275
  -0.0002383 -0.000221025  -0.00020501 -0.000190163 -0.000176401 -0.000163644 -0.000151819 -0.000140857 -0.000130695 -0.000121275
  -0.0002383 -0.000221025  -0.00020501 -0.000190163 -0.000176401 -0.000163644 -0.000151819 -0.000140857 -0.000130695 -0.000121275
  -0.0002383 -0.000221025  -0.00020501 -0.000190163 -0.000176401 -0.000163644 -0.000151819 -0.000140857 -0.000130695 -0.000121275
  -0.0002383 -0.000221025  -0.00020501 -0.000190163 -0.000176401 -0.000163644 -0.000151819 -0.000140857 -0.000130695 -0.000121275
  -0.0002383 -0.000221025  -0.00020501 -0.000190163 -0.000176401 -0.000163644 -0.000151819 -0.000140857 -0.000130695 -0.000121275
  -0.0002383 -0.000221025  -0.00020501 -0.000190163 -0.000176401 -0.000163644 -0.000151819 -0.000140857 -0.000130695 -0.000121275
  -0.0002383 -0.000221025  -0.00020501 -0.000190163 -0.000176401 -0.000163644 -0.000151819 -0.000140857 -0.000130695 -0.000121275
  -0.0002383 -0.000221025  -0.00020501 -0.000190163 -0.000176401 -0.000163644 -0.000151819 -0.000140857 -0.000130695 -0.000121275
  -0.0002383 -0.000221025  -0.00020501 -0.000190163 -0.000176401 -0.000163644 -0.000151819 -0.000140857 -0.000130695 -0.000121275
  -0.0002383 -0.000221025  -0.00020501 -0.000190163 -0.000176401 -0.000163644 -0.000151819 -0.000140857 -0.000130695 -0.000121275
  -0.0002383 -0.000221025  -0.00020501 -0.000190163 -0.000176401 -0.000163644 -0.000151819 -0.000140857 -0.000130695 -0.000121275
  -0.0002383 -0.000221025  -0.00020501 -0.000190163 -0.000176401 -0.000163644 -0.000151819 -0.000140857 -0.000130695 -0.000121275
  -0.0002383 -0.000221025  -0.00020501 -0.000190163 -0.000176401 -0.000163644 -0.000151819 -0.000140857 -0.000130695 -0.000121275
  -0.0002383 -0.000221025  -0.00020501 -0.000190163 -0.000176401 -0.000163644 -0.000151819 -0.000140857 -0.000130695 -0.000121275
  -0.0002383 -0.000221025  -0.00020501 -0.000190163 -0.000176401 -0.000163644 -0.000151819 -0.000140857 -0.000130695 -0.000121275
  -0.0002383 -0.000221025  -0.00020501 -0.000190163 -0.000176401 -0.000163644 -0.000151819 -0.000140857 -0.000130695 -0.000121275
  -0.0002383 -0.000221025  -0.00020501 -0.000190163 -0.000176401 -0.000163644 -0.000151819 -0.000140857 -0.000130695 -0.000121275
  -0.0002383 -0.000221025  -0.00020501 -0.000190163 -0.000176401 -0.000163644 -0.000151819 -0.000140857 -0.000130695 -0.000121275
  -0.0002383 -0.000221025  -0.00020501 -0.000190163 -0.000176401 -0.000163644 -0.000151819 -0.000140857 -0.000130695 -0.000121275
  -0.0002383 -0.000221025  -0.00020501 -0.000190163 -0.000176401 -0.000163644 -0.000151819 -0.000140857 -0.000130695 -0.000121275
  -0.0002383 -0.000221025  -0.00020501 -0.000190163 -0.000176401 -0.000163644 -0.000151819 -0.000140857 -0.000130695 -0.000121275
  -0.0002383 -0.000221025  -0.00020501 -0.000190163 -0.000176401 -0.000163644 -0.000151819 -0.000140857 -0.000130695 -0.000121275
  -0.0002383 -0.000221025  -0.00020501 -0.000190163 -0.000176401 -0.000163644 -0.000151819 -0.000140857 -0.000130695 -0.000121275
  -0.0002383 -0.000221025  -0.00020501 -0.000190163 -0.000176401 -0.000163644 -0.000151819 -0.000140857 -0.000130695 -0.000121275
  -0.0002383 -0.000221025  -0.00020501 -0.000190163 -0.000176401 -0.000163644 -0.000151819 -0.000140857 -0.000130695 -0.000121275
  -0.0002383 -0.000221025  -0.00020501 -0.000190163 -0.000176401 -0.000163644 -0.000151819 -0.000140857 -0.000130695 -0.000121275
  -0.0002383 -0.000221025  -0.00020501 -0.000190163 -0.000176401 -0.000163644 -0.000151819 -0.000140857 -0.000130695 -0.000121275
  -0.0002383 -0.000221025  -0.00020501 -0.000190163 -0.000176401 -0.000163644 -0.000151819 -0.000140857 -0.000130695 -0.000121275
  -0.0002383 -0.000221025  -0.00020501 -0.000190163 -0.000176401 -0.000163644 -0.000151819 -0.000140857 -0.000130695 -0.000121275
  -0.0002383 -0.000221025  -0.00020501 -0.000190163 -0.000176401 -0.000163644 -0.000151819 -0.000140857 -0.000130695 -0.000121275
  -0.0002383 -0.000221025  -0.00020501 -0.000190163 -0.000176401 -0.000163644 -0.000151819 -0.000140857 -0.000130695 -0.000121275
  -0.0002383 -0.000221025  -0.00020501 -0.000190163 -0.000176401 -0.000163644 -0.000151819 -0.000140857 -0.000130695 -0.000121275
  -0.0002383 -0.000221025  -0.00020501 -0.000190163 -0.000176401 -0.000163644 -0.000151819 -0.000140857 -0.000130695 -0.000121275
  -0.0002383 -0.000221025  -0.00020501 -0.000190163 -0.000176401 -0.000163644 -0.000151819 -0.000140857 -0.000130695 -0.000121275
  -0.0002383 -0.000221025  -0.00020501 -0.000190163 -0.000176401 -0.000163644 -0.000151819 -0.000140857 -0.000130695 -0.000121275
  -0.0002383 -0.000221025  -0.00020501 -0.000190163 -0.000176401 -0.000163644 -0.000151819 -0.000140857 -0.000130695 -0.000121275
  -0.0002383 -0.000221025  -0.00020501 -0.000190163 -0.000176401 -0.000163644 -0.000151819 -0.000140857 -0.000130695 -0.000121275
  -0.0002383 -0.000221025  -0.00020501 -0.000190163 -0.000176401 -0.000163644 -0.000151819 -0.000140857 -0.000130695 -0.000121275
  -0.0002383 -0.000221025  -0.00020501 -0.000190163 -0.000176401 -0.000163644 -0.000151819 -0.000140857 -0.000130695 -0.000121275
  -0.0002383 -0.000221025  -0.00020501 -0.000190163 -0.000176401 -0.000163644 -0.000151819 -0.000140857 -0.000130695 -0.000121275
  -0.0002383 -0.000221025  -0.00020501 -0.000190163 -0.000176401 -0.000163644 -0.000151819 -0.000140857 -0.000130695 -0.000121275
  -0.0002383 -0.000221025  -0.00020501 -0.000190163 -0.000176401 -0.000163644 -0.000151819 -0.000140857 -0.000130695 -0.000121275
  -0.0002383 -0.000221025  -0.00020501 -0.000190163 -0.000176401 -0.000163644 -0.000151819 -0.000140857 -0.000130695 -0.000121275
  -0.0002383 -0.000221025  -0.00020501 -0.000190163 -0.000176401 -0.000163644 -0.000151819 -0.000140857 -0.000130695 -0.000121275
  -0.0002383 -0.000221025  -0.00020501 -0.000190163 -0.000176401 -0.000163644 -0.000151819 -0.000140857 -0.000130695 -0.000121275
  -0.0002383 -0.000221025  -0.00020501 -0.000190163 -0.000176401 -0.000163644 -0.000151819 -0.000140857 -0.000130695 -0.000121275
  -0.0002383 -0.000221025  -0.00020501 -0.000190163 -0.000176401 -0.000163644 -0.000151819 -0.000140857 -0.000130695 -0.000121275
