-0.102516 -0.102516 -0.102516 -0.102515 -0.102514 -0.102513 -0.102512 -0.102509 -0.102507 -0.102503
-0.102514 -0.102513 -0.102512  -0.10251 -0.102507 -0.102504 -0.102501 -0.102497 -0.102492 -0.102487
-0.102514 -0.102512 -0.102511 -0.102508 -0.102505 -0.102502 -0.102498 -0.102494 -0.102489 -0.102484
-0.102512  -0.10251 -0.102508 -0.102505 -0.102501 -0.102497 -0.102493 -0.102488 -0.102482 -0.102477
 -0.10251 -0.102507 -0.102504   -0.1025 -0.102496 -0.102491 -0.102486 -0.102481 -0.102475 -0.102468
-0.102507 -0.102504   -0.1025 -0.102496 -0.102491 -0.102486  -0.10248 -0.102474 -0.102468 -0.102461
-0.102504   -0.1025 -0.102496 -0.102491 -0.102486  -0.10248 -0.102474 -0.102467  -0.10246 -0.102453
  -0.1025 -0.102496 -0.102491 -0.102485  -0.10248 -0.102474 -0.102467  -0.10246 -0.102452 -0.102444
-0.102496 -0.102491 -0.102485 -0.102479 -0.102473 -0.102467  -0.10246 -0.102452 -0.102444 -0.102435
-0.102491 -0.102485 -0.102479 -0.102473 -0.102466 -0.102459 -0.102451 -0.102443 -0.102435 -0.102426
-0.102485 -0.102479 -0.102473 -0.102466 -0.102459 -0.102451 -0.102443 -0.102434 -0.102425 -0.102415
-0.102479 -0.102473 -0.102466 -0.102458 -0.102451 -0.102442 -0.102434 -0.102424 -0.102414 -0.102404
-0.102472 -0.102466 -0.102458  -0.10245 -0.102442 -0.102433 -0.102424 -0.102414 -0.102403 -0.102392
-0.102465 -0.102458  -0.10245 -0.102441 -0.102432 -0.102423 -0.102413 -0.102402 -0.102391 -0.102379
-0.102458  -0.10245 -0.102441 -0.102432 -0.102422 -0.102412 -0.102402  -0.10239 -0.102378 -0.102365
 -0.10245 -0.102441 -0.102432 -0.102422 -0.102412 -0.102401 -0.102389 -0.102377 -0.102364 -0.102351
-0.102441 -0.102431 -0.102422 -0.102411   -0.1024 -0.102389 -0.102376 -0.102363  -0.10235 -0.102335
-0.102431 -0.102421 -0.102411   -0.1024 -0.102388 -0.102376 -0.102363 -0.102349 -0.102334 -0.102318
-0.102421 -0.102411 -0.102399 -0.102387 -0.102375 -0.102362 -0.102348 -0.102333 -0.102317   -0.1023
 -0.10241 -0.102399 -0.102387 -0.102374 -0.102361 -0.102347 -0.102332 -0.102316 -0.102299 -0.102281
-0.102399 -0.102387 -0.102374  -0.10236 -0.102346 -0.102331 -0.102315 -0.102298  -0.10228 -0.102261
-0.102386 -0.102373  -0.10236 -0.102345  -0.10233 -0.102314 -0.102297 -0.102278 -0.102259 -0.102238
-0.102373 -0.102359 -0.102345 -0.102329 -0.102313 -0.102295 -0.102277 -0.102258 -0.102237 -0.102215
-0.102359 -0.102344 -0.102328 -0.102312 -0.102294 -0.102276 -0.102256 -0.102235 -0.102213 -0.102189
-0.102344 -0.102328 -0.102311 -0.102294 -0.102275 -0.102255 -0.102234 -0.102212 -0.102188 -0.102162
-0.102328 -0.102311 -0.102293 -0.102274 -0.102254 -0.102232  -0.10221 -0.102186  -0.10216 -0.102133
-0.102311 -0.102292 -0.102273 -0.102253 -0.102231 -0.102208 -0.102184 -0.102158 -0.102131 -0.102102
-0.102292 -0.102273 -0.102252  -0.10223 -0.102207 -0.102183 -0.102157 -0.102129   -0.1021 -0.102068
-0.102272 -0.102251 -0.102229 -0.102206 -0.102181 -0.102155 -0.102127 -0.102098 -0.102066 -0.102033
-0.102251 -0.102229 -0.102205  -0.10218 -0.102153 -0.102125 -0.102095 -0.102064  -0.10203 -0.101995
-0.102228 -0.102204 -0.102179 -0.102152 -0.102124 -0.102093 -0.102062 -0.102028 -0.101992 -0.101954
-0.102204 -0.102178 -0.102151 -0.102122 -0.102092 -0.102059 -0.102025 -0.101989 -0.101951 -0.101911
-0.102178  -0.10215 -0.102121  -0.10209 -0.102058 -0.102023 -0.101987 -0.101949 -0.101908 -0.101866
 -0.10215  -0.10212 -0.102089 -0.102056 -0.102021 -0.101985 -0.101946 -0.101905 -0.101863 -0.101817
 -0.10212 -0.102088 -0.102055  -0.10202 -0.101982 -0.101944 -0.101903 -0.101859 -0.101814 -0.101766
-0.102088 -0.102054 -0.102019 -0.101981 -0.101942 -0.101901 -0.101858 -0.101812 -0.101764 -0.101713
-0.102054 -0.102018 -0.101981 -0.101941   -0.1019 -0.101856  -0.10181 -0.101762 -0.101711 -0.101657
-0.102018  -0.10198  -0.10194 -0.101899 -0.101855 -0.101809  -0.10176 -0.101709 -0.101655 -0.101598
 -0.10198  -0.10194 -0.101898 -0.101853 -0.101807 -0.101758 -0.101707 -0.101653 -0.101595 -0.101535
-0.101939 -0.101897 -0.101852 -0.101806 -0.101757 -0.101705  -0.10165 -0.101593 -0.101532 -0.101467
-0.101897 -0.101852 -0.101805 -0.101755 -0.101703 -0.101648  -0.10159 -0.101529 -0.101464 -0.101394
-0.101851 -0.101804 -0.101754 -0.101702 -0.101646 -0.101588 -0.101526 -0.101461 -0.101391 -0.101316
-0.101803 -0.101753   -0.1017 -0.101645 -0.101586 -0.101524 -0.101458 -0.101388 -0.101313 -0.101233
-0.101753 -0.101699 -0.101643 -0.101584 -0.101522 -0.101455 -0.101385  -0.10131 -0.101229 -0.101143
-0.101699 -0.101642 -0.101583  -0.10152 -0.101453 -0.101382 -0.101306 -0.101226 -0.101139 -0.101047
-0.101642 -0.101581 -0.101517  -0.10145 -0.101378 -0.101302 -0.101221 -0.101134 -0.101041 -0.100941
-0.101581 -0.101516 -0.101448 -0.101375 -0.101298 -0.101216 -0.101129 -0.101035 -0.100935 -0.100828
-0.101515 -0.101446 -0.101373 -0.101295 -0.101212 -0.101124  -0.10103 -0.100929 -0.100821 -0.100705
-0.101445 -0.101371 -0.101292 -0.101209  -0.10112 -0.101025 -0.100923 -0.100815 -0.100698 -0.100573
 -0.10137 -0.101291 -0.101206 -0.101116  -0.10102 -0.100918 -0.100808 -0.100691 -0.100566 -0.100431
 -0.10129 -0.101204 -0.101113 -0.101016 -0.100913 -0.100803 -0.100685 -0.100559 -0.100423 -0.100278
-0.101203 -0.101111 -0.101013 -0.100909 -0.100797 -0.100679 -0.100552 -0.100416  -0.10027 -0.100113
  -0.10111  -0.101011  -0.100905  -0.100793  -0.100673  -0.100545  -0.100408  -0.100262  -0.100104 -0.0999352
  -0.10101  -0.100903   -0.10079  -0.100669  -0.100539  -0.100401  -0.100254  -0.100096 -0.0999259 -0.0997437
 -0.100902  -0.100787  -0.100665  -0.100534  -0.100395  -0.100246  -0.100087 -0.0999167 -0.0997338 -0.0995373
 -0.100786  -0.100662   -0.10053   -0.10039   -0.10024  -0.100079 -0.0999079 -0.0997241 -0.0995268 -0.0993149
 -0.100661  -0.100528  -0.100386  -0.100234  -0.100072 -0.0998996 -0.0997147 -0.0995165 -0.0993038 -0.0990753
 -0.100526  -0.100383   -0.10023  -0.100067 -0.0998922 -0.0997059 -0.0995065 -0.0992928 -0.0990635 -0.0988172
 -0.100381  -0.100227  -0.100062 -0.0998859  -0.099698 -0.0994972 -0.0992822 -0.0990518 -0.0988047 -0.0985392
 -0.100225  -0.100059 -0.0998809 -0.0996913 -0.0994888 -0.0992723 -0.0990406 -0.0987923 -0.0985258 -0.0982396
 -0.100057 -0.0998776  -0.099686 -0.0994817 -0.0992634 -0.0990301 -0.0987803 -0.0985127 -0.0982255  -0.097917
-0.0998757 -0.0996825 -0.0994761 -0.0992559 -0.0990206 -0.0987692    -0.0985 -0.0982115 -0.0979019 -0.0975694
-0.0996805 -0.0994723 -0.0992499 -0.0990127 -0.0987592 -0.0984882 -0.0981981 -0.0978871 -0.0975534 -0.0971951
-0.0994702 -0.0992459 -0.0990063 -0.0987507 -0.0984775 -0.0981855 -0.0978728 -0.0975377 -0.0971781 -0.0967919
-0.0992437 -0.0990021  -0.098744 -0.0984685 -0.0981742 -0.0978595 -0.0975226 -0.0971614 -0.0967739 -0.0963576
-0.0989998 -0.0987395 -0.0984614 -0.0981646 -0.0978475 -0.0975084 -0.0971454 -0.0967562 -0.0963386   -0.09589
 -0.098737 -0.0984566 -0.0981571 -0.0978374 -0.0974957 -0.0971304 -0.0967391 -0.0963198 -0.0958697 -0.0953863
 -0.098454  -0.098152 -0.0978293 -0.0974849 -0.0971168 -0.0967232 -0.0963017 -0.0958498 -0.0953648 -0.0948437
-0.0981492  -0.097824 -0.0974764 -0.0971054 -0.0967089 -0.0962848 -0.0958306 -0.0953436 -0.0948209 -0.0942591
 -0.097821 -0.0974707 -0.0970964 -0.0966968 -0.0962696 -0.0958127 -0.0953233 -0.0947985 -0.0942349 -0.0936293
-0.0974676 -0.0970904 -0.0966872 -0.0962567 -0.0957965 -0.0953043 -0.0947768 -0.0942112 -0.0936037 -0.0929507
 -0.097087 -0.0966808 -0.0962466 -0.0957829 -0.0952872 -0.0947567 -0.0941883 -0.0935785 -0.0929235 -0.0922194
-0.0966773 -0.0962398 -0.0957722 -0.0952727 -0.0947386 -0.0941669 -0.0935542 -0.0928968 -0.0921906 -0.0914314
 -0.096236  -0.095765 -0.0952613 -0.0947233 -0.0941477 -0.0935316  -0.092871 -0.0921623 -0.0914008 -0.0905822
 -0.095761 -0.0952537 -0.0947111 -0.0941314 -0.0935111  -0.092847 -0.0921349 -0.0913707 -0.0905497  -0.089667
-0.0952492 -0.0947026 -0.0941179  -0.093493 -0.0928242 -0.0921081 -0.0913403 -0.0905162 -0.0896308 -0.0886789
-0.0946979 -0.0941089 -0.0934787 -0.0928051 -0.0920841  -0.091312  -0.090484 -0.0895954 -0.0886407 -0.0876143
 -0.094104 -0.0934692   -0.09279 -0.0920638 -0.0912865  -0.090454 -0.0895613 -0.0886032 -0.0875738 -0.0864673
 -0.093464 -0.0927799 -0.0920478 -0.0912651 -0.0904271 -0.0895296 -0.0885671 -0.0875341 -0.0864245 -0.0852318
-0.0927743 -0.0920372 -0.0912481 -0.0904044 -0.0895011 -0.0885335  -0.087496 -0.0863825 -0.0851864 -0.0839009
-0.0920313 -0.0912369 -0.0903865 -0.0894771 -0.0885034 -0.0874605 -0.0863421  -0.085142  -0.083853 -0.0824677
-0.0912306 -0.0903746 -0.0894581  -0.088478 -0.0874286 -0.0863046 -0.0850993  -0.083806  -0.082417 -0.0809243
 -0.090368 -0.0894455  -0.088458 -0.0874017 -0.0862708 -0.0850596 -0.0837608 -0.0823673 -0.0808706 -0.0792624
-0.0894386 -0.0884446 -0.0873805 -0.0862424 -0.0850239 -0.0837188 -0.0823195 -0.0808181 -0.0792057  -0.077473
-0.0884373 -0.0873665 -0.0862201 -0.0849939 -0.0836812 -0.0822752 -0.0807676 -0.0791502 -0.0774132 -0.0755466
-0.0873589 -0.0862056  -0.084971 -0.0836504 -0.0822364 -0.0807221 -0.0790983 -0.0773561 -0.0754851 -0.0734739
-0.0861976 -0.0849557 -0.0836261 -0.0822039 -0.0806811 -0.0790502 -0.0773013 -0.0754248 -0.0734088 -0.0712404
-0.0849472 -0.0836099 -0.0821782 -0.0806467 -0.0790069 -0.0772504 -0.0753668 -0.0733451 -0.0711716 -0.0688326
-0.0836009 -0.0821611 -0.0806196 -0.0789705 -0.0772047 -0.0753131 -0.0732839 -0.0711043   -0.06876 -0.0662406
-0.0821517 -0.0806015 -0.0789418 -0.0771663 -0.0752648 -0.0732271 -0.0710397 -0.0686889 -0.0661639 -0.0634702
-0.0805915 -0.0789228  -0.077136 -0.0752242  -0.073176 -0.0709797 -0.0686205 -0.0660887 -0.0633891 -0.0605554
-0.0789122 -0.0771158 -0.0751921  -0.073133 -0.0709256  -0.068557 -0.0660163 -0.0633095 -0.0604695 -0.0575526
-0.0771046 -0.0751706  -0.073099 -0.0708799 -0.0684996 -0.0659489 -0.0632327  -0.060385 -0.0574615 -0.0545344
-0.0751588 -0.0730764 -0.0708441 -0.0684516 -0.0658885 -0.0631617 -0.0603042 -0.0573726 -0.0544385 -0.0515799
-0.0730644 -0.0708212 -0.0684152 -0.0658398 -0.0631005 -0.0602323 -0.0572907 -0.0543484 -0.0514828 -0.0487632
-0.0708101  -0.068394  -0.065806 -0.0630553 -0.0601753 -0.0572238 -0.0542722  -0.051399 -0.0486728 -0.0461401
-0.0683844 -0.0657878 -0.0630262 -0.0601365 -0.0571749 -0.0542148 -0.0513336 -0.0486009 -0.0460626 -0.0437466
-0.0657764 -0.0630045 -0.0601019 -0.0571287 -0.0541566 -0.0512652 -0.0485231  -0.045977 -0.0436543 -0.0415701
 -0.062975 -0.0600461 -0.0570401 -0.0540383 -0.0511165 -0.0483485 -0.0457783 -0.0434359 -0.0413346 -0.0394819
 -0.060007 -0.0569575 -0.0539077 -0.0509364 -0.0481217 -0.0455082 -0.0431278 -0.0409934 -0.0391133 -0.0374867
-0.0570096 -0.0540077 -0.0510953 -0.0483348 -0.0457763 -0.0434432 -0.0413526 -0.0395084  -0.037913 -0.0365626
-0.0540609 -0.0511973  -0.048497 -0.0459938 -0.0437168 -0.0416745  -0.039875 -0.0383162 -0.0369977 -0.0359137
 -0.051256 -0.0486093 -0.0461723 -0.0439561 -0.0419755  -0.040229 -0.0387195 -0.0374412 -0.0363923 -0.0355667
-0.0486896 -0.0463257 -0.0441998 -0.0423018 -0.0406394 -0.0392018 -0.0379905 -0.0369963 -0.0362183   -0.03565
-0.0464192 -0.0443866  -0.042598 -0.0410415  -0.039708 -0.0385891 -0.0376785  -0.036971 -0.0364627 -0.0361507
-0.0443916 -0.0426075 -0.0410565  -0.039728 -0.0386142  -0.037708 -0.0370045 -0.0364994 -0.0361903 -0.0360754
-0.0426136 -0.0410681 -0.0397463 -0.0386386 -0.0377387 -0.0370406 -0.0365405 -0.0362355 -0.0361241 -0.0362059
-0.0410747 -0.0397588 -0.0386585 -0.0377652 -0.0370739 -0.0365796   -0.03628  -0.036173 -0.0362586 -0.0365374
-0.0397659 -0.0386719 -0.0377866 -0.0371025 -0.0366156 -0.0363222 -0.0362211 -0.0363115 -0.0365944 -0.0370717
-0.0386796 -0.0378011 -0.0371255 -0.0366464  -0.036361 -0.0362666 -0.0363633 -0.0366513 -0.0371331 -0.0378115
-0.0378093 -0.0371411 -0.0366712 -0.0363941 -0.0363082 -0.0364122  -0.036707 -0.0371943 -0.0378775 -0.0387608
-0.0371499 -0.0366879 -0.0364206 -0.0363438 -0.0364568 -0.0367595  -0.037254 -0.0379432 -0.0388316 -0.0399246
-0.0366973 -0.0364385 -0.0363722 -0.0364949 -0.0368073 -0.0373102 -0.0380072 -0.0389019 -0.0400005 -0.0413092
-0.0364486 -0.0363913 -0.0365253  -0.036848 -0.0373613 -0.0380672 -0.0389703 -0.0400757 -0.0413903 -0.0429221
-0.0364021 -0.0365457 -0.0368805 -0.0374048 -0.0381219 -0.0390345 -0.0401488 -0.0414707 -0.0430088 -0.0447721
-0.0365574 -0.0369027 -0.0374401 -0.0381691  -0.039094 -0.0402186 -0.0415502 -0.0430962 -0.0448664 -0.0468711
-0.0369151 -0.0374638 -0.0382067 -0.0391443 -0.0402819 -0.0416246 -0.0431809 -0.0449595 -0.0469715 -0.0492286
 -0.037477 -0.0382319 -0.0391842 -0.0403354 -0.0416919   -0.04326 -0.0450496 -0.0470706 -0.0493354 -0.0518572
-0.0382459  -0.039211 -0.0403779 -0.0417488 -0.0433315 -0.0451337 -0.0471663 -0.0494407 -0.0519708 -0.0547711
-0.0392259 -0.0404063 -0.0417939  -0.043392 -0.0452097 -0.0472556 -0.0495424 -0.0520826 -0.0548918  -0.057986
-0.0404221  -0.041824 -0.0434399 -0.0452738 -0.0473363 -0.0496373 -0.0521906 -0.0550105 -0.0581141 -0.0615199
-0.0418408 -0.0434719 -0.0453247 -0.0474044 -0.0497229 -0.0522913 -0.0551251 -0.0582401 -0.0616559 -0.0653934
-0.0434897 -0.0453586 -0.0474583 -0.0497951  -0.052382 -0.0552318 -0.0583616 -0.0617895 -0.0655375 -0.0696288
-0.0453774 -0.0474942 -0.0498522 -0.0524585  -0.055328 -0.0584747 -0.0619182 -0.0656791 -0.0697816 -0.0742458
-0.0475142 -0.0498902  -0.052519 -0.0554089 -0.0585765 -0.0620379 -0.0658154 -0.0699315 -0.0744075 -0.0792483
-0.0499111 -0.0525588 -0.0554723 -0.0586614 -0.0621447 -0.0659409 -0.0700743 -0.0745646 -0.0794179  -0.084611
 -0.052581 -0.0555146 -0.0587286 -0.0622347 -0.0660541 -0.0702074 -0.0747162 -0.0795845 -0.0847908 -0.0902902
-0.0555381 -0.0587735  -0.062306 -0.0661496 -0.0703275 -0.0748574 -0.0797453 -0.0849676  -0.090481 -0.0962254
-0.0587983 -0.0623534 -0.0662249 -0.0704284 -0.0749842 -0.0798944 -0.0851374 -0.0906677 -0.0964268  -0.102345
-0.0623791  -0.066274 -0.0705065 -0.0750888 -0.0800259  -0.085292 -0.0908437 -0.0966204  -0.102554  -0.108567
-0.0662997 -0.0705555 -0.0751666 -0.0801302 -0.0854231 -0.0909978 -0.0967959  -0.102747  -0.108775  -0.114799
-0.0705804 -0.0752141 -0.0802056 -0.0855241 -0.0911249 -0.0969452  -0.102917  -0.108962     -0.115  -0.120946
-0.0752418 -0.0802585 -0.0856082 -0.0912375 -0.0970868  -0.103083  -0.109151  -0.115209  -0.121171  -0.126949
-0.0803061 -0.0856985 -0.0913809 -0.0972785  -0.103324  -0.109435  -0.115531  -0.121525  -0.127331  -0.132862
-0.0857566 -0.0915001 -0.0974673  -0.103582   -0.10976  -0.115917  -0.121965  -0.127817  -0.133387  -0.138606
 -0.091462 -0.0973941  -0.103466  -0.109603   -0.11572  -0.121734  -0.127554  -0.133097  -0.138293    -0.1431
-0.0973535  -0.103388  -0.109479  -0.115554  -0.121524  -0.127307  -0.132816  -0.137984  -0.142767  -0.147146
-0.103344 -0.109395  -0.11542 -0.121344 -0.127081  -0.13255  -0.13768 -0.142433 -0.146786 -0.150734
-0.109347 -0.115328 -0.121199 -0.126886 -0.132305 -0.137393 -0.142105 -0.146425 -0.150345 -0.153868
0.0997224  0.093898 0.0882684 0.0829023 0.0778684 0.0732018 0.0689246   0.06504 0.0615471 0.0584363
0.0939513 0.0883705 0.0830645 0.0780859 0.0734755 0.0692464 0.0654065 0.0619502 0.0588713 0.0561575
0.0884257 0.0831702  0.078254 0.0737007 0.0695297 0.0657397 0.0623296 0.0592886 0.0566078 0.0542738
0.0832312 0.0783705  0.073886 0.0697781 0.0660521  0.062697  0.059707  0.057068 0.0547703 0.0528008
0.0784544 0.0740459 0.0700321 0.0663921 0.0631246 0.0602095 0.0576401 0.0553994 0.0534795 0.0518671
0.0741435 0.0702271 0.0667014 0.0635444 0.0607379  0.058265 0.0561116 0.0542652 0.0527154 0.0514533
 0.070232 0.0667105  0.063559 0.0607572 0.0582892   0.05614 0.0542975 0.0527509 0.0514915 0.0505122
0.0667167 0.0635705 0.0607755 0.0583136 0.0561706 0.0543334 0.0527917 0.0515363 0.0505605 0.0498588
0.0635772 0.0607882 0.0583337 0.0561974  0.054367 0.0528311 0.0515812 0.0506098 0.0499119 0.0494835
0.0607955 0.0583475 0.0562193 0.0543963 0.0528679 0.0516244  0.050659 0.0499659 0.0495417 0.0493841
0.0583555 0.0562344 0.0544202 0.0528998 0.0516644 0.0507059 0.0500193 0.0496004 0.0494475 0.0495597
 0.056243 0.0544365 0.0529256 0.0516989 0.0507493 0.0500703 0.0496584 0.0495112 0.0496284 0.0500109
0.0544457 0.0529432 0.0517268 0.0507866 0.0501171 0.0497135 0.0495738 0.0496973 0.0500852   0.05074
0.0529532 0.0517458 0.0508167 0.0501573  0.049764 0.0496331 0.0497648 0.0501594 0.0508201 0.0517508
0.0517565  0.050837 0.0501896 0.0498071 0.0496874 0.0498285  0.050232 0.0508999 0.0518368 0.0530484
0.0508485 0.0502115 0.0498418 0.0497338 0.0498868 0.0503005 0.0509778 0.0519225 0.0531408 0.0546399
 0.050224 0.0498656 0.0497716 0.0499374  0.050364 0.0510525 0.0520075 0.0532342 0.0547407 0.0565356
0.0498789  0.049797 0.0499777  0.050418 0.0511203 0.0520872  0.053325 0.0548405 0.0566433 0.0587439
0.0498112 0.0500048  0.050461 0.0511779 0.0521596 0.0534101 0.0549374 0.0567498 0.0588588 0.0612765
0.0500199 0.0504899 0.0512238  0.052221 0.0534873 0.0550281 0.0568531 0.0589723 0.0613989 0.0641468
 0.050506 0.0512545 0.0522698 0.0535526 0.0551102 0.0569496 0.0590823 0.0615198 0.0642772 0.0673703
0.0512716 0.0523025 0.0536045 0.0551797  0.057037  0.059185 0.0616367 0.0644057  0.067509  0.070965
0.0523207 0.0536392 0.0552349 0.0571109 0.0592778 0.0617459   0.06453 0.0676457 0.0711125 0.0749519
0.0536586 0.0552717 0.0571694 0.0593562 0.0618445 0.0646459 0.0677776 0.0712576 0.0751084  0.079354
0.0552922 0.0572085 0.0594184 0.0619277 0.0647505 0.0679006 0.0713976 0.0752624 0.0795201 0.0841915
0.0572302 0.0594598 0.0619935 0.0648387 0.0680115 0.0715279 0.0754108 0.0796833 0.0843676 0.0894676
0.0594826  0.062037 0.0649078  0.068104 0.0716443 0.0755476 0.0798392 0.0845389 0.0896525 0.0951536
0.0620612  0.064954 0.0681774 0.0717426 0.0756712 0.0799844 0.0847044 0.0898344 0.0953498  0.101201
0.0649797 0.0682265 0.0718205 0.0757756 0.0801157 0.0848586   0.09001 0.0955429  0.101409  0.107541
0.0682536 0.0718723 0.0758579 0.0802259 0.0849973  0.090173 0.0957286  0.101613  0.107762  0.114097
0.0719005 0.0759117 0.0803113 0.0851117 0.0903169 0.0958976  0.101806  0.107973  0.114326  0.120777
0.0759398  0.080365 0.0851969  0.090431 0.0960411  0.101974  0.108165  0.114537  0.121005  0.127481
0.0803922 0.0852489 0.0905136 0.0961518  0.102113  0.108329  0.114723   0.12121  0.127701  0.134103
0.0852793 0.0905716 0.0962439  0.102237  0.108484  0.114905  0.121418   0.12793  0.134349  0.140577
0.0906237 0.0963428  0.102394  0.108694  0.115169  0.121727  0.128282  0.134737  0.140995  0.146964
0.0964064  0.102524  0.108901  0.115452  0.122083  0.128705  0.135218  0.141528  0.147539  0.153175
0.102483 0.108821 0.115325 0.121913 0.128491 0.134966  0.14124 0.147222 0.152834  0.15803
0.108777  0.11524 0.121778 0.128309 0.134738 0.140972 0.146917 0.152498 0.157667 0.162405
0.115192 0.121686 0.128163 0.134542 0.140725 0.146626 0.152167 0.157303 0.162012 0.166287
0.121634 0.128064 0.134384 0.140513  0.14636 0.151853 0.156947 0.161619 0.165863 0.169682
 -0.106992  -0.100722 -0.0946554 -0.0888665 -0.0834311 -0.0783881 -0.0737619 -0.0695563 -0.0657705 -0.0623943
 -0.100781 -0.0947666 -0.0890432  -0.083668 -0.0786861 -0.0741124 -0.0699555 -0.0662096 -0.0628681 -0.0599177
-0.0948267 -0.0891583  -0.083851 -0.0789314 -0.0744209 -0.0703183 -0.0666228 -0.0633225 -0.0604081 -0.0578649
-0.0892246  -0.083978 -0.0791332 -0.0746914 -0.0706586 -0.0670229 -0.0637782 -0.0609093 -0.0584057 -0.0562529
-0.0840693 -0.0793075 -0.0749682 -0.0710291 -0.0674889 -0.0643259 -0.0615329 -0.0590913 -0.0569926 -0.0552222
-0.0794139 -0.0751808 -0.0713663 -0.0679466  -0.064902 -0.0622141 -0.0598678 -0.0578492 -0.0561471 -0.0547517
-0.0751859 -0.0713757 -0.0679616 -0.0649219 -0.0622391 -0.0598971 -0.0578825 -0.0561836  -0.054791 -0.0536967
-0.0713821 -0.0679736 -0.0649409 -0.0622644 -0.0599288 -0.0579198  -0.056226 -0.0548375 -0.0537468 -0.0529476
-0.0679806 -0.0649541 -0.0622853 -0.0599567 -0.0579547  -0.056267 -0.0548842 -0.0537981 -0.0530028 -0.0524941
-0.0649617 -0.0622997 -0.0599795 -0.0579852 -0.0563053 -0.0549291 -0.0538492  -0.053059 -0.0525546 -0.0523333
 -0.062308 -0.0599952   -0.05801 -0.0563385 -0.0549708 -0.0538981 -0.0531147 -0.0526158 -0.0523992 -0.0524639
-0.0600041  -0.058027 -0.0563654 -0.0550068 -0.0539433 -0.0531677 -0.0526762 -0.0524656 -0.0525355 -0.0528865
-0.0580367 -0.0563838 -0.0550359 -0.0539822 -0.0532166 -0.0527336  -0.052531 -0.0526073 -0.0529639 -0.0536029
-0.0563942 -0.0550557 -0.0540136 -0.0532586 -0.0527863 -0.0525929 -0.0526778 -0.0530413 -0.0536864 -0.0546169
-0.0550668 -0.0540348 -0.0532923 -0.0528314 -0.0526495 -0.0527443 -0.0531171 -0.0537697 -0.0547067 -0.0559337
-0.0540468 -0.0533151 -0.0528676  -0.052698 -0.0528052 -0.0531886 -0.0538511 -0.0547962 -0.0560302 -0.0575604
-0.0533281 -0.0528924 -0.0527374  -0.052858 -0.0532549  -0.053929 -0.0548849 -0.0561277 -0.0576656 -0.0595075
-0.0529064 -0.0527639 -0.0529001 -0.0533113 -0.0539999 -0.0549681 -0.0562225 -0.0577698   -0.05962 -0.0617837
-0.0527788 -0.0529284 -0.0533562   -0.05406 -0.0550438 -0.0563114  -0.057871 -0.0597312 -0.0619037 -0.0644008
-0.0529442 -0.0533864 -0.0541079 -0.0551079  -0.056392 -0.0579657 -0.0598391 -0.0620223 -0.0645288  -0.067373
-0.0534032   -0.05414 -0.0551589 -0.0564603 -0.0580516   -0.05994 -0.0621371 -0.0646551 -0.0675092 -0.0707162
-0.0541579  -0.055193 -0.0565145 -0.0581242 -0.0600313 -0.0622444 -0.0647773 -0.0676436 -0.0708611  -0.074449
-0.0552121 -0.0565508 -0.0581819 -0.0601085 -0.0623415 -0.0648913 -0.0677735 -0.0710039  -0.074603 -0.0785931
 -0.056571 -0.0582204 -0.0601697 -0.0624235 -0.0649944 -0.0678946 -0.0711419 -0.0747547 -0.0787568 -0.0831727
-0.0582418 -0.0602106 -0.0624884 -0.0650814  -0.068004 -0.0712704 -0.0749011 -0.0789177 -0.0833464 -0.0882087
-0.0602333 -0.0625317 -0.0651502 -0.0680962 -0.0713864 -0.0750374 -0.0790729  -0.083517 -0.0883928 -0.0937043
-0.0625556 -0.0651957 -0.0681685 -0.0714832 -0.0751592 -0.0792161 -0.0836801  -0.088572 -0.0938977 -0.0996296
-0.0652211 -0.0682169   -0.07156  -0.075262 -0.0793454 -0.0838321 -0.0887451  -0.094088 -0.0998349  -0.105934
-0.0682437 -0.0716113 -0.0753435 -0.0794546 -0.0839694 -0.0889065 -0.0942718  -0.100037  -0.106152  -0.112547
-0.0716397 -0.0753978 -0.0795407 -0.0840848 -0.0890516 -0.0944423  -0.100231  -0.106365  -0.112777  -0.119386
-0.0754272  -0.079597 -0.0841741 -0.0891713 -0.0945929  -0.100408  -0.106567  -0.112999  -0.119625  -0.126357
-0.0796264 -0.0842303 -0.0892605 -0.0947123  -0.100558  -0.106743    -0.1132  -0.119846  -0.126596  -0.133355
-0.0842588  -0.089315 -0.0947989  -0.100674  -0.106889  -0.113371  -0.120041   -0.12681  -0.133586   -0.14027
-0.0893468 -0.0948596  -0.100771  -0.107018  -0.113533  -0.120232  -0.127027  -0.133825  -0.140528  -0.147035
-0.094914 -0.100874 -0.107182 -0.113753 -0.120508 -0.127351 -0.134194 -0.140934 -0.147472  -0.15371
-0.100941 -0.107319 -0.113969 -0.120803 -0.127723 -0.134635 -0.141437 -0.148028 -0.154311 -0.160205
-0.107276 -0.113886 -0.120671 -0.127546 -0.134413 -0.141175  -0.14773 -0.153982 -0.159851  -0.16529
 -0.11384 -0.120583 -0.127406 -0.134224 -0.140938 -0.147451 -0.153665 -0.159502 -0.164913 -0.169875
-0.120533 -0.127311 -0.134072 -0.140734 -0.147195 -0.153363 -0.159158 -0.164535 -0.169467 -0.173951
-0.127257 -0.133969  -0.14057 -0.146975 -0.153086 -0.158833 -0.164164  -0.16906 -0.173511 -0.177522
 0.111088   0.10454 0.0982005 0.0921485 0.0864628 0.0811836 0.0763362 0.0719245 0.0679476 0.0643945
   0.1046  0.098316 0.0923321 0.0867089 0.0814931 0.0767002 0.0723391 0.0684036 0.0648866  0.061774
0.0983784 0.0924516 0.0868989 0.0817478 0.0770206 0.0727159 0.0688327 0.0653585 0.0622832 0.0595915
0.0925205 0.0870307 0.0819574 0.0773015 0.0730692 0.0692482 0.0658318 0.0628037 0.0601531 0.0578645
0.0871257 0.0821385 0.0775892 0.0734544 0.0697326  0.066401 0.0634519 0.0608658 0.0586334 0.0567394
0.0822492 0.0778103  0.073805 0.0702086 0.0670001 0.0641604 0.0616733 0.0595242 0.0577012 0.0561936
0.0778153 0.0738143 0.0702232 0.0670195 0.0641848 0.0617018 0.0595567 0.0577368  0.056232 0.0550337
0.0738206 0.0702351 0.0670383 0.0642098 0.0617332 0.0595935 0.0577787  0.056278 0.0550832 0.0541875
 0.070242 0.0670513 0.0642304 0.0617608 0.0596281 0.0578192 0.0563241 0.0551339 0.0542422  0.053644
0.0670589 0.0642447 0.0617834 0.0596583 0.0578572 0.0563687 0.0551846 0.0542979  0.053704 0.0533997
 0.064253  0.061799  0.059683 0.0578901   0.05641 0.0552331 0.0543531 0.0537647 0.0534652  0.053453
0.0618079 0.0596999 0.0579169 0.0564458 0.0552781 0.0544059 0.0538248 0.0535312 0.0535241 0.0538037
0.0597095 0.0579352 0.0564748 0.0553168 0.0544545 0.0538818 0.0535961 0.0535955 0.0538807 0.0544535
0.0579455 0.0564944  0.055348 0.0544962 0.0539343 0.0536577 0.0536656 0.0539578 0.0545367 0.0554058
0.0565056 0.0553691 0.0545298 0.0539792 0.0537142 0.0537319 0.0540332 0.0546196 0.0554952 0.0566653
0.0553811 0.0545525 0.0540153 0.0537624 0.0537926 0.0541045 0.0547007 0.0555844 0.0567615 0.0582389
0.0545656   0.05404 0.0538018 0.0538452 0.0541706 0.0547784 0.0556728 0.0568587 0.0583438 0.0601368
 0.054054 0.0538282 0.0538872 0.0542268 0.0548491 0.0557559 0.0569533 0.0584478  0.060249 0.0623673
 0.053843 0.0539154 0.0542717 0.0549091 0.0558313 0.0570419 0.0585487 0.0603599  0.062487 0.0649421
0.0539312 0.0543018 0.0549569 0.0558953 0.0571224 0.0586433 0.0604676 0.0626053 0.0650698 0.0678749
0.0543186  0.054989 0.0559462 0.0571906  0.058729 0.0605683   0.06272 0.0651958  0.068011 0.0711817
0.0550068 0.0559803 0.0572447 0.0588015 0.0606595 0.0628272 0.0653178 0.0681451 0.0713264 0.0748807
0.0559994  0.057281 0.0588591 0.0607366 0.0629241 0.0654318 0.0682748  0.071469 0.0750346 0.0789935
0.0573011 0.0588976 0.0607977  0.063006 0.0655347 0.0683958 0.0716068 0.0751861  0.079157 0.0835441
 0.058919 0.0608386 0.0630709 0.0656216 0.0685051 0.0717353 0.0753323 0.0793178 0.0837176  0.088553
0.0608613 0.0631142 0.0656904 0.0685972 0.0718511 0.0754685 0.0794728  0.083888  0.088737 0.0940236
 0.063138 0.0657359 0.0686695 0.0719479 0.0755902 0.0796159  0.084051 0.0889161 0.0942169 0.0999258
0.0657612 0.0687178 0.0720246 0.0756929 0.0797451 0.0842029 0.0890891 0.0944071  0.100131  0.106208
0.0687447 0.0720759 0.0757744 0.0798542 0.0843401 0.0892504 0.0945908  0.100333  0.106426  0.112801
0.0721043 0.0758286 0.0799403 0.0844554 0.0893954 0.0947613  0.100527   0.10664  0.113032  0.119622
0.0758581 0.0799966 0.0845448 0.0895151 0.0949117  0.100704  0.106841  0.113253  0.119861  0.126576
 0.080026 0.0846009 0.0896042 0.0950311  0.100854  0.107018  0.113454  0.120082  0.126815  0.133558
0.0846294 0.0896587 0.0951176   0.10097  0.107163  0.113625  0.120277  0.127029  0.133789  0.140459
0.0896905 0.0951783  0.101066  0.107292  0.113788  0.120468  0.127246  0.134028  0.140717  0.147209
0.0952327   0.10117  0.107457  0.114007  0.120744   0.12757  0.134397  0.141122  0.147647  0.153872
0.101236 0.107593 0.114223 0.121039 0.127942 0.134838 0.141625 0.148203 0.154473 0.160356
 0.10755  0.11414 0.120907 0.127765 0.134616 0.141363 0.147904 0.154144 0.160001 0.165429
0.114094 0.120819 0.127625 0.134427 0.141126 0.147626 0.153827 0.159652 0.165052 0.170005
0.120769 0.127529 0.134275 0.140922 0.147369 0.153525 0.159308 0.164674 0.169597 0.174071
0.127475 0.134172 0.140758 0.147149 0.153248 0.158983 0.164303 0.169189 0.173631 0.177633
 -0.110885  -0.104352 -0.0980261 -0.0919867 -0.0863127 -0.0810443  -0.076207 -0.0718047 -0.0678364 -0.0642914
 -0.104412 -0.0981415 -0.0921703 -0.0865588 -0.0813539 -0.0765711 -0.0722193 -0.0682925 -0.0647835 -0.0616783
 -0.098204 -0.0922898 -0.0867488 -0.0816086 -0.0768914 -0.0725961 -0.0687216 -0.0652554 -0.0621876 -0.0595027
-0.0923587 -0.0868807 -0.0818182 -0.0771724 -0.0729495 -0.0691372 -0.0657287 -0.0627081 -0.0600644 -0.0577822
-0.0869756 -0.0819993 -0.0774601 -0.0733347 -0.0696216  -0.066298 -0.0633563 -0.0607771 -0.0585512  -0.056663
  -0.08211 -0.0776812 -0.0736853 -0.0700975 -0.0668971 -0.0640648 -0.0615846  -0.059442 -0.0576249 -0.0561228
-0.0776862 -0.0736946 -0.0701122 -0.0669165 -0.0640893 -0.0616132 -0.0594745 -0.0576606 -0.0561613  -0.054968
-0.0737009 -0.0701241 -0.0669353 -0.0641143 -0.0616446 -0.0595113 -0.0577024 -0.0562072 -0.0550176 -0.0541266
 -0.070131 -0.0669484 -0.0641349 -0.0616722 -0.0595459  -0.057743 -0.0562534 -0.0550683 -0.0541814 -0.0535875
 -0.066956 -0.0641492 -0.0616948 -0.0595762  -0.057781  -0.056298  -0.055119  -0.054237 -0.0536476 -0.0533473
-0.0641575 -0.0617104 -0.0596009 -0.0578139 -0.0563394 -0.0551676 -0.0542923 -0.0537083 -0.0534128 -0.0534044
-0.0617193 -0.0596177 -0.0578407 -0.0563751 -0.0552125 -0.0543451 -0.0537683 -0.0534788 -0.0534756 -0.0537586
-0.0596274  -0.057859 -0.0564041 -0.0552512 -0.0543937 -0.0538255 -0.0535438  -0.053547 -0.0538357 -0.0544118
-0.0578694 -0.0564238 -0.0552825 -0.0544354 -0.0538779 -0.0536054 -0.0536171 -0.0539128 -0.0544949  -0.055367
-0.0564349 -0.0553036  -0.054469 -0.0539228 -0.0536619 -0.0536834 -0.0539882 -0.0545779 -0.0554565 -0.0566294
-0.0553156 -0.0544918 -0.0539589 -0.0537102 -0.0537441 -0.0540595  -0.054659 -0.0555457 -0.0567256 -0.0582056
-0.0545048 -0.0539837 -0.0537495 -0.0537967 -0.0541256 -0.0547367 -0.0556341 -0.0568228 -0.0583105 -0.0601059
-0.0539976 -0.0537759 -0.0538387 -0.0541819 -0.0548074 -0.0557172 -0.0569174 -0.0584145 -0.0602181 -0.0623386
-0.0537908  -0.053867 -0.0542267 -0.0548674 -0.0557927  -0.057006 -0.0585154 -0.0603291 -0.0624583 -0.0649155
-0.0538828 -0.0542568 -0.0549152 -0.0558566 -0.0570865   -0.05861 -0.0604367 -0.0625767 -0.0650432 -0.0678503
-0.0542736 -0.0549473 -0.0559076 -0.0571547 -0.0586957 -0.0605374 -0.0626914 -0.0651693 -0.0679863 -0.0711588
-0.0549652 -0.0559417 -0.0572089 -0.0587682 -0.0606286 -0.0627985 -0.0652913 -0.0681205 -0.0713036 -0.0748595
-0.0559607 -0.0572451 -0.0588258 -0.0607057 -0.0628955 -0.0654052 -0.0682502 -0.0714462 -0.0750134 -0.0789738
-0.0572653 -0.0588643 -0.0607669 -0.0629774 -0.0655082 -0.0683712  -0.071584 -0.0751649 -0.0791373 -0.0835258
-0.0588857 -0.0608077 -0.0630423 -0.0655951 -0.0684805 -0.0717124 -0.0753111 -0.0792981 -0.0836993 -0.0885361
-0.0608304 -0.0630855 -0.0656639 -0.0685726 -0.0718283 -0.0754473 -0.0794531 -0.0838698 -0.0887201 -0.0940079
-0.0631094 -0.0657093 -0.0686449 -0.0719251  -0.075569 -0.0795962 -0.0840327 -0.0888992 -0.0942012 -0.0999112
-0.0657347 -0.0686932 -0.0720018 -0.0756718 -0.0797255 -0.0841846 -0.0890722 -0.0943914  -0.100116  -0.106195
-0.0687201 -0.0720531 -0.0757533 -0.0798346 -0.0843219 -0.0892335 -0.0945751  -0.100318  -0.106413  -0.112789
-0.0720815 -0.0758075 -0.0799207 -0.0844372 -0.0893785 -0.0947456  -0.100513  -0.106626  -0.113019   -0.11961
-0.0758369 -0.0799769 -0.0845265 -0.0894982 -0.0948961  -0.100689  -0.106828  -0.113241  -0.119849  -0.126565
-0.0800063 -0.0845827 -0.0895873 -0.0950155   -0.10084  -0.107004  -0.113442   -0.12007  -0.126804  -0.133548
-0.0846112 -0.0896418  -0.095102  -0.100955   -0.10715  -0.113613  -0.120265  -0.127018  -0.133779   -0.14045
-0.0896736 -0.0951626  -0.101052  -0.107279  -0.113775  -0.120456  -0.127236  -0.134018  -0.140707  -0.147201
-0.0952171  -0.101155  -0.107443  -0.113995  -0.120732  -0.127559  -0.134387  -0.141113  -0.147638  -0.153864
-0.101222 -0.107579  -0.11421 -0.121027 -0.127931 -0.134828 -0.141616 -0.148194 -0.154465 -0.160348
-0.107536 -0.114128 -0.120895 -0.127754 -0.134606 -0.141354 -0.147896 -0.154136 -0.159994 -0.165422
-0.114082 -0.120807 -0.127614 -0.134417 -0.141117 -0.147617 -0.153819 -0.159645 -0.165045 -0.169998
-0.120757 -0.127518 -0.134265 -0.140913 -0.147361 -0.153517 -0.159301 -0.164667  -0.16959 -0.174065
-0.127465 -0.134162 -0.140749 -0.147141  -0.15324 -0.158975 -0.164296 -0.169183 -0.173625 -0.177628
 0.110895  0.104361 0.0980347 0.0919947 0.0863201 0.0810512 0.0762134 0.0718106 0.0678419 0.0642964
 0.104422 0.0981501 0.0921782 0.0865662 0.0813607 0.0765774 0.0722252 0.0682979 0.0647885  0.061683
0.0982125 0.0922978 0.0867562 0.0816154 0.0768978  0.072602  0.068727 0.0652605 0.0621923 0.0595071
0.0923667  0.086888  0.081825 0.0771788 0.0729554 0.0691426 0.0657338 0.0627128 0.0600688 0.0577863
 0.086983 0.0820062 0.0774665 0.0733406  0.069627 0.0663031  0.063361 0.0607815 0.0585552 0.0566668
0.0821168 0.0776876 0.0736912  0.070103 0.0669021 0.0640695  0.061589  0.059446 0.0576286 0.0561263
0.0776926 0.0737005 0.0701177 0.0669216 0.0640939 0.0616176 0.0594786 0.0576643 0.0561648 0.0549713
0.0737068 0.0701295 0.0669404  0.064119  0.061649 0.0595154 0.0577062 0.0562107 0.0550208 0.0541296
0.0701365 0.0669534 0.0641396 0.0616765   0.05955 0.0577468 0.0562569 0.0550715 0.0541843 0.0535903
 0.066961 0.0641539 0.0616992 0.0595802 0.0577847 0.0563014 0.0551222   0.05424 0.0536503 0.0533499
0.0641622 0.0617148 0.0596049 0.0578177 0.0563428 0.0551708 0.0542953 0.0537111 0.0534154 0.0534068
0.0617237 0.0596218 0.0578445 0.0563786 0.0552157 0.0543481 0.0537711 0.0534814 0.0534779 0.0537608
0.0596314 0.0578627 0.0564076 0.0552544 0.0543967 0.0538282 0.0535464 0.0535494 0.0538379 0.0544137
0.0578731 0.0564273 0.0552857 0.0544384 0.0538807  0.053608 0.0536195  0.053915 0.0544969 0.0553686
0.0564384 0.0553068  0.054472 0.0539256 0.0536645 0.0536858 0.0539904 0.0545798 0.0554581 0.0566303
0.0553188 0.0544948 0.0539617 0.0537127 0.0537465 0.0540617 0.0546609 0.0555472 0.0567265 0.0582055
0.0545078 0.0539865 0.0537521 0.0537991 0.0541278 0.0547386 0.0556357 0.0568237 0.0583104 0.0601042
0.0540004 0.0537785 0.0538411 0.0541841 0.0548093 0.0557188 0.0569183 0.0584143 0.0602164 0.0623348
0.0537933 0.0538693 0.0542289 0.0548694 0.0557942  0.057007 0.0585153 0.0603274 0.0624545 0.0649089
0.0538851  0.054259 0.0549172 0.0558582 0.0570874 0.0586099 0.0604351 0.0625729 0.0650366 0.0678402
0.0542758 0.0549492 0.0559091 0.0571555 0.0586955 0.0605357 0.0626874 0.0651625 0.0679761 0.0711445
0.0549668 0.0559427  0.057209  0.058767 0.0606256 0.0627932 0.0652829 0.0681085 0.0712873 0.0748383
0.0559615 0.0572448 0.0588239 0.0607017 0.0628889 0.0653954 0.0682365 0.0714281 0.0749902  0.078945
0.0572647 0.0588619 0.0607621 0.0629697  0.065497  0.068356 0.0715641 0.0751398 0.0791064 0.0834885
 0.058883 0.0608025 0.0630338 0.0655829 0.0684639  0.071691 0.0752842 0.0792652 0.0836599 0.0884895
0.0608249 0.0630766 0.0656508  0.068555 0.0718055 0.0754188 0.0794184 0.0838283 0.0886713 0.0939513
0.0631004 0.0656962 0.0686271  0.071902 0.0755402 0.0795612 0.0839909   0.08885 0.0941442 0.0998457
0.0657215 0.0686753 0.0719786 0.0756427 0.0796901 0.0841424 0.0890225 0.0943339   0.10005   0.10612
0.0687021 0.0720297  0.075724 0.0797989 0.0842792 0.0891834  0.094517  0.100252  0.106337  0.112703
 0.072058  0.075778 0.0798848 0.0843942  0.089328  0.094687  0.100445   0.10655  0.112933  0.119514
0.0758074 0.0799408 0.0844833 0.0894473 0.0948371  0.100622  0.106751  0.113154  0.119752  0.126457
0.0799701 0.0845393 0.0895362 0.0949561  0.100771  0.106927  0.113354  0.119973  0.126695  0.133427
0.0845677 0.0895905 0.0950423  0.100887  0.107072  0.113525  0.120167  0.126909  0.133658  0.140315
0.0896222 0.0951028  0.100983  0.107201  0.113687  0.120357  0.127125  0.133896  0.140572  0.147052
0.0951571  0.101086  0.107364  0.113906  0.120632  0.127448  0.134264  0.140976  0.147488    0.1537
0.101152   0.1075 0.114121 0.120927 0.127819 0.134704 0.141479 0.148044 0.154299 0.160168
0.107457 0.114038 0.120795 0.127642 0.134481 0.141216 0.147744  0.15397 0.159812 0.165224
0.113992 0.120706 0.127501 0.134292 0.140978 0.147464 0.153651 0.159462 0.164846 0.169781
0.120656 0.127405 0.134139 0.140774 0.147207 0.153349 0.159117 0.164466 0.169372 0.173828
0.127351 0.134036 0.140609 0.146986 0.153071  0.15879 0.164094 0.168963 0.173386 0.177369
 -0.111022  -0.104501 -0.0981893 -0.0921646 -0.0865061 -0.0812542 -0.0764344 -0.0720507 -0.0681023 -0.0645785
 -0.104562 -0.0983052 -0.0923488  -0.086753 -0.0815648 -0.0767997 -0.0724667 -0.0685599 -0.0650722 -0.0619898
-0.0983678 -0.0924687 -0.0869437 -0.0818204 -0.0771212 -0.0728448 -0.0689905 -0.0655458 -0.0625008 -0.0598404
-0.0925379  -0.087076 -0.0820307 -0.0774031 -0.0731994 -0.0694074 -0.0660206 -0.0630231  -0.060404 -0.0581481
-0.0871712 -0.0822123 -0.0776915 -0.0735856 -0.0698931 -0.0665914  -0.063673 -0.0611185  -0.058919 -0.0570591
-0.0823232 -0.0779131  -0.073937 -0.0703701 -0.0671918 -0.0643831 -0.0619278 -0.0598118  -0.058023 -0.0565513
-0.0779184 -0.0739468 -0.0703856 -0.0672124 -0.0644089 -0.0619581 -0.0598462 -0.0580608  -0.056592 -0.0554313
-0.0739534 -0.0703981 -0.0672321 -0.0644352 -0.0619911 -0.0598849 -0.0581048 -0.0566402 -0.0554833 -0.0546273
-0.0704053 -0.0672458 -0.0644568 -0.0620199 -0.0599211 -0.0581473 -0.0566887 -0.0555365 -0.0546846 -0.0541282
-0.0672537 -0.0644718 -0.0620436 -0.0599527  -0.058187 -0.0567352 -0.0555895 -0.0547429  -0.054191 -0.0539307
-0.0644804 -0.0620599 -0.0599785 -0.0582214 -0.0567785 -0.0556403 -0.0548007 -0.0542545 -0.0539992 -0.0540333
-0.0620692 -0.0599962 -0.0582494 -0.0568159 -0.0556872 -0.0548558 -0.0543172 -0.0540681 -0.0541076 -0.0544361
-0.0600062 -0.0582685 -0.0568461 -0.0557276 -0.0549065 -0.0543768  -0.054136 -0.0541822 -0.0545165 -0.0551408
-0.0582793 -0.0568666 -0.0557602 -0.0549501 -0.0544316 -0.0542003 -0.0542554 -0.0545969 -0.0552275 -0.0561508
-0.0568783 -0.0557823 -0.0549851 -0.0544784 -0.0542591 -0.0543246 -0.0546757 -0.0553141 -0.0562442 -0.0574715
-0.0557947 -0.0550088  -0.054516 -0.0543094 -0.0543878 -0.0547499 -0.0553986 -0.0563371 -0.0575717 -0.0591094
-0.0550221 -0.0545413 -0.0543497 -0.0544416 -0.0548176 -0.0554781 -0.0564276 -0.0576712 -0.0592168 -0.0610734
-0.0545556 -0.0543768 -0.0544846 -0.0548752 -0.0555505 -0.0565127  -0.057768 -0.0593233 -0.0611883 -0.0633737
-0.0543919 -0.0545136 -0.0549211  -0.055612   -0.05659 -0.0578589 -0.0594267  -0.061302 -0.0634964 -0.0660227
-0.0545298  -0.054952  -0.055661 -0.0566556 -0.0579413 -0.0595236 -0.0614123 -0.0636177 -0.0661535 -0.0690344
-0.0549692 -0.0556938 -0.0567078 -0.0580112 -0.0596115 -0.0615155 -0.0637353 -0.0662828 -0.0691738  -0.072425
-0.0557122 -0.0567427 -0.0580668 -0.0596858  -0.061609 -0.0638452 -0.0664079 -0.0693114 -0.0725735 -0.0762137
-0.0567622 -0.0581039 -0.0597449 -0.0616881 -0.0639446 -0.0665248 -0.0694444 -0.0727197 -0.0763715 -0.0804224
-0.0581246 -0.0597844 -0.0617508 -0.0640286 -0.0666304 -0.0695686 -0.0728611 -0.0765269   -0.08059 -0.0850756
-0.0598063 -0.0617927 -0.0640952 -0.0667195 -0.0696807 -0.0729929  -0.076677  -0.080755 -0.0852536 -0.0901947
 -0.061816 -0.0641396 -0.0667902 -0.0697753 -0.0731118 -0.0768168 -0.0809142 -0.0854287 -0.0903836 -0.0957837
-0.0641643 -0.0668373 -0.0698502 -0.0732122  -0.076943 -0.0810626 -0.0855976 -0.0905693 -0.0959841  -0.101815
-0.0668636 -0.0699002 -0.0732917 -0.0770495 -0.0811965  -0.085755 -0.0907486 -0.0961812  -0.102028  -0.108237
-0.0699281 -0.0733449 -0.0771339 -0.0813096 -0.0858972 -0.0909158 -0.0963716  -0.102237  -0.108462  -0.114979
-0.0733743 -0.0771901 -0.0813989 -0.0860168 -0.0910661 -0.0965483  -0.102438  -0.108684  -0.115218  -0.121961
-0.0772207 -0.0814572 -0.0861095 -0.0911902 -0.0967044  -0.102622  -0.108893  -0.115447  -0.122208  -0.129088
-0.0814878 -0.0861678 -0.0912829 -0.0968285  -0.102778  -0.109076  -0.115656  -0.122438  -0.129336  -0.136256
-0.0861976 -0.0913398 -0.0969188  -0.102899  -0.109228  -0.115835  -0.122642  -0.129559  -0.136497  -0.143358
-0.0913729  -0.096982  -0.102999  -0.109363  -0.116004   -0.12284  -0.129786  -0.136746  -0.143626  -0.150325
-0.0970378  -0.103105  -0.109531  -0.116229  -0.123123  -0.130118  -0.137125  -0.144042  -0.150773   -0.15722
-0.103173  -0.10967  -0.11645 -0.123425 -0.130498 -0.137575 -0.144555  -0.15134 -0.157833 -0.163955
-0.109629  -0.11637 -0.123298 -0.130327  -0.13736 -0.144303 -0.151053 -0.157516 -0.163613 -0.169298
-0.116325 -0.123213 -0.130192 -0.137179 -0.144074 -0.150784  -0.15721 -0.163276 -0.168935 -0.174165
-0.123164 -0.130099 -0.137032 -0.143878 -0.150537 -0.156919 -0.162945  -0.16857 -0.173771 -0.178544
-0.130048 -0.136932 -0.143719 -0.150324 -0.156652  -0.16263 -0.168212 -0.173377 -0.178119 -0.182444
 0.108123  0.101387 0.0948449  0.088575 0.0826549 0.0771236 0.0720049 0.0673011 0.0630095 0.0591172
 0.101445 0.0949563 0.0887521 0.0828923 0.0774223 0.0723562 0.0677012 0.0634496  0.059592 0.0561127
0.0950165 0.0888673 0.0830755 0.0776678  0.072665 0.0680644 0.0638632  0.060047 0.0566036 0.0535155
0.0889339 0.0832028 0.0778702 0.0729363 0.0684056 0.0642644 0.0605039 0.0571061 0.0540577  0.051341
0.0832952 0.0780464 0.0732163 0.0687805 0.0647358 0.0610579  0.057737 0.0547513 0.0520892 0.0497328
0.0781544 0.0734322 0.0691229 0.0652008 0.0616432 0.0584292 0.0555403 0.0529598 0.0506727  0.048666
0.0734343 0.0691267 0.0652068  0.061651  0.058439 0.0555517 0.0529727 0.0506868 0.0486812 0.0469442
  0.06913 0.0652128 0.0616606 0.0584516 0.0555676 0.0529912 0.0507079 0.0487043  0.046969 0.0454921
0.0652166 0.0616675 0.0584626  0.055582 0.0530093 0.0507291 0.0487284 0.0469955 0.0455206 0.0442952
0.0616717 0.0584703 0.0555943 0.0530256 0.0507496 0.0487524 0.0470227 0.0455505 0.0443274 0.0433465
0.0584749 0.0556029 0.0530393 0.0507678 0.0487752 0.0470495 0.0455809 0.0443608 0.0433825 0.0426402
 0.055608 0.0530489 0.0507829 0.0487953 0.0470748 0.0456106 0.0443945 0.0434195 0.0426801 0.0421721
0.0530544 0.0507933 0.0488119 0.0470969 0.0456383 0.0444271 0.0434566 0.0427208  0.042216 0.0419392
0.0507994 0.0488233  0.047115 0.0456625 0.0444575 0.0434922 0.0427613 0.0422605 0.0419872 0.0419398
0.0488299 0.0471274 0.0456821 0.0444837 0.0435251    0.0428 0.0423046 0.0420356  0.041992 0.0421736
0.0471345 0.0456956  0.044505 0.0435536 0.0428358 0.0423465 0.0420834 0.0420445 0.0422302 0.0426414
0.0457032 0.0445195 0.0435766 0.0428665 0.0423851 0.0421287 0.0420961 0.0422868 0.0427025 0.0433455
0.0445277 0.0435921 0.0428912 0.0424182 0.0421702 0.0421449 0.0423424 0.0427636 0.0434114 0.0442895
0.0436009 0.0429079 0.0424447 0.0422057 0.0421895 0.0423948 0.0428232 0.0434769 0.0443603 0.0454782
0.0429174 0.0424626 0.0422341 0.0422275 0.0424426 0.0428794 0.0435409 0.0444305  0.045554 0.0469177
0.0424727 0.0422533 0.0422579 0.0424833 0.0429305  0.043601 0.0444989 0.0456292 0.0469988 0.0486157
 0.042264 0.0422784 0.0425157  0.042974 0.0436556 0.0445631 0.0457023 0.0470791 0.0487024  0.050582
0.0422898 0.0425375 0.0430086 0.0437019 0.0446214 0.0457707 0.0471571  0.048788 0.0506744 0.0528288
0.0425497 0.0430318 0.0437388 0.0446707 0.0458328   0.04723 0.0488711 0.0507657 0.0529272 0.0553698
0.0430448 0.0437635 0.0447099 0.0458852  0.047296 0.0489486  0.050854 0.0530243 0.0554746 0.0582151
0.0437772 0.0447362 0.0459269 0.0473517 0.0490187 0.0509364 0.0531182 0.0555778 0.0583264 0.0613559
0.0447508 0.0459548  0.047396  0.049078  0.051011 0.0532058 0.0556775 0.0584361 0.0614743 0.0647509
0.0459703 0.0474257 0.0491252 0.0510741 0.0532851 0.0557708 0.0585423 0.0615911 0.0648769 0.0683318
0.0474423 0.0491568 0.0511243 0.0533523 0.0558553 0.0586416 0.0617042 0.0650012 0.0684659 0.0720119
0.0491743 0.0511577 0.0534054 0.0559264  0.058731 0.0618092 0.0651208 0.0685974 0.0721538  0.075697
0.0511756 0.0534397 0.0559808 0.0588039 0.0619008 0.0652285 0.0687201 0.0722886 0.0758425 0.0793002
0.0534569 0.0560137 0.0588561 0.0619708 0.0653165 0.0688235 0.0724064  0.075972 0.0794399 0.0827569
0.0560294  0.058886 0.0620182   0.06538 0.0689033 0.0725001 0.0760787 0.0795573 0.0828836 0.0860263
0.0589041 0.0620528 0.0654349 0.0689768 0.0725925 0.0761873 0.0796809 0.0830195  0.086173 0.0891261
0.0620928 0.0655108 0.0690972 0.0727535 0.0763896 0.0799185 0.0832899 0.0864702 0.0894466  0.092213
0.0655627 0.0692058 0.0729252 0.0766258 0.0802159 0.0836436 0.0868736 0.0898931 0.0926954 0.0952849
0.0691491 0.0728164 0.0764528 0.0799838 0.0833517 0.0865302 0.0895019  0.092265 0.0948205  0.097177
0.0727587 0.0763422  0.079808 0.0831159 0.0862335 0.0891529 0.0918676 0.0943834 0.0967052 0.0988443
0.0762783 0.0796856 0.0829213 0.0859726 0.0888246 0.0914815 0.0939436 0.0962215 0.0983223  0.100258
0.0795953 0.0827488 0.0856984 0.0884573 0.0910195 0.0934005  0.095603 0.0976422 0.0995245  0.101264
0.0826466 0.0854944 0.0881342 0.0905809 0.0928486 0.0949504 0.0968985 0.0987042  0.100378  0.101929
0.0854961 0.0881376 0.0905863 0.0928559 0.0949596 0.0969094 0.0987166  0.100392  0.101944  0.103384
0.0881385 0.0905882  0.092859 0.0949639 0.0969148  0.098723  0.100399  0.101952  0.103392  0.104727
 0.090589 0.0928608 0.0949667 0.0969187  0.098728  0.100405  0.101959    0.1034  0.104735  0.105973
0.0928616 0.0949684 0.0969214 0.0987316  0.100409  0.101965  0.103406  0.104742   0.10598  0.107128
0.0949691 0.0969229 0.0987341  0.100413  0.101969  0.103411  0.104748  0.105987  0.107135    0.1082
0.0969236 0.0987355  0.100415  0.101972  0.103415  0.104752  0.105992  0.107141  0.108206  0.109194
0.0987361  0.100416  0.101974  0.103418  0.104756  0.105996  0.107146  0.108212  0.109199  0.110115
0.100417 0.101975  0.10342 0.104759    0.106  0.10715 0.108216 0.109205 0.110121  0.11097
0.101976 0.103421 0.104761 0.106002 0.107153  0.10822 0.109209 0.110125 0.110975 0.111762
0.103422 0.104762 0.106004 0.107156 0.108223 0.109212 0.110129 0.110979 0.111767 0.112497
0.104762 0.106005 0.107157 0.108225 0.109215 0.110132 0.110983 0.111771 0.112502 0.113179
0.106005 0.107158 0.108227 0.109217 0.110135 0.110986 0.111774 0.112505 0.113183 0.113811
0.107159 0.108227 0.109218 0.110137 0.110988 0.111777 0.112509 0.113187 0.113815 0.114397
0.108228 0.109219 0.110138  0.11099 0.111779 0.112511 0.113189 0.113818 0.114401 0.114941
0.109219 0.110139 0.110991 0.111781 0.112513 0.113192 0.113821 0.114404 0.114944 0.115445
0.110139 0.110992 0.111782 0.112515 0.113194 0.113823 0.114406 0.114947 0.115448 0.115913
0.110992 0.111783 0.112516 0.113195 0.113825 0.114408 0.114949 0.115451 0.115916 0.116347
0.111783 0.112516 0.113196 0.113826  0.11441 0.114951 0.115453 0.115918 0.116349 0.116749
0.112516 0.113197 0.113827 0.114411 0.114953 0.115455  0.11592 0.116351 0.116751 0.117122
0.113197 0.113827 0.114412 0.114954 0.115456 0.115922 0.116353 0.116753 0.117124 0.117468
0.113828 0.114412 0.114955 0.115457 0.115923 0.116355 0.116755 0.117126  0.11747 0.117788
0.114413 0.114955 0.115458 0.115924 0.116356 0.116756 0.117128 0.117472  0.11779 0.118086
0.114955 0.115458 0.115925 0.116357 0.116757 0.117129 0.117473 0.117792 0.118088 0.118362
0.115458 0.115925 0.116357 0.116758  0.11713 0.117474 0.117793 0.118089 0.118364 0.118618
0.115925 0.116358 0.116759 0.117131 0.117475 0.117795 0.118091 0.118365 0.118619 0.118855
0.116358 0.116759 0.117131 0.117476 0.117795 0.118092 0.118366 0.118621 0.118857 0.119075
0.116759 0.117131 0.117476 0.117796 0.118092 0.118367 0.118622 0.118858 0.119076 0.119279
0.117131 0.117477 0.117796 0.118093 0.118368 0.118623 0.118859 0.119078  0.11928 0.119469
0.117477 0.117797 0.118093 0.118368 0.118623  0.11886 0.119079 0.119282  0.11947 0.119644
0.117797 0.118094 0.118369 0.118624  0.11886 0.119079 0.119282 0.119471 0.119645 0.119807
0.118094 0.118369 0.118624 0.118861  0.11908 0.119283 0.119471 0.119646 0.119808 0.119958
0.118369 0.118624 0.118861  0.11908 0.119284 0.119472 0.119647 0.119809 0.119959 0.120098
0.118624 0.118861 0.119081 0.119284 0.119473 0.119647 0.119809  0.11996 0.120099 0.120228
0.118861 0.119081 0.119284 0.119473 0.119648  0.11981  0.11996 0.120099 0.120229 0.120348
0.119081 0.119285 0.119473 0.119648  0.11981 0.119961   0.1201 0.120229 0.120349  0.12046
0.119285 0.119473 0.119648 0.119811 0.119961 0.120101  0.12023  0.12035 0.120461 0.120564
0.119473 0.119649 0.119811 0.119961 0.120101  0.12023  0.12035 0.120461 0.120564  0.12066
0.119649 0.119811 0.119962 0.120101 0.120231 0.120351 0.120462 0.120565  0.12066 0.120749
0.119811 0.119962 0.120101 0.120231 0.120351 0.120462 0.120565 0.120661 0.120749 0.120831
0.119869 0.120015 0.120151 0.120277 0.120394 0.120502 0.120602 0.120695 0.120781 0.120861
0.119869 0.120015 0.120151 0.120277 0.120394 0.120502 0.120602 0.120695 0.120781 0.120861
0.119869 0.120015 0.120151 0.120277 0.120394 0.120502 0.120602 0.120695 0.120781 0.120861
0.119869 0.120015 0.120151 0.120277 0.120394 0.120502 0.120602 0.120695 0.120781 0.120861
0.119869 0.120015 0.120151 0.120277 0.120394 0.120502 0.120602 0.120695 0.120781 0.120861
0.119869 0.120015 0.120151 0.120277 0.120394 0.120502 0.120602 0.120695 0.120781 0.120861
0.119869 0.120015 0.120151 0.120277 0.120394 0.120502 0.120602 0.120695 0.120781 0.120861
0.119869 0.120015 0.120151 0.120277 0.120394 0.120502 0.120602 0.120695 0.120781 0.120861
0.119869 0.120015 0.120151 0.120277 0.120394 0.120502 0.120602 0.120695 0.120781 0.120861
0.119869 0.120015 0.120151 0.120277 0.120394 0.120502 0.120602 0.120695 0.120781 0.120861
0.119869 0.120015 0.120151 0.120277 0.120394 0.120502 0.120602 0.120695 0.120781 0.120861
0.119869 0.120015 0.120151 0.120277 0.120394 0.120502 0.120602 0.120695 0.120781 0.120861
0.119869 0.120015 0.120151 0.120277 0.120394 0.120502 0.120602 0.120695 0.120781 0.120861
0.119869 0.120015 0.120151 0.120277 0.120394 0.120502 0.120602 0.120695 0.120781 0.120861
0.119869 0.120015 0.120151 0.120277 0.120394 0.120502 0.120602 0.120695 0.120781 0.120861
0.119869 0.120015 0.120151 0.120277 0.120394 0.120502 0.120602 0.120695 0.120781 0.120861
0.119869 0.120015 0.120151 0.120277 0.120394 0.120502 0.120602 0.120695 0.120781 0.120861
0.119869 0.120015 0.120151 0.120277 0.120394 0.120502 0.120602 0.120695 0.120781 0.120861
0.119869 0.120015 0.120151 0.120277 0.120394 0.120502 0.120602 0.120695 0.120781 0.120861
0.119869 0.120015 0.120151 0.120277 0.120394 0.120502 0.120602 0.120695 0.120781 0.120861
0.119869 0.120015 0.120151 0.120277 0.120394 0.120502 0.120602 0.120695 0.120781 0.120861
0.119869 0.120015 0.120151 0.120277 0.120394 0.120502 0.120602 0.120695 0.120781 0.120861
0.119869 0.120015 0.120151 0.120277 0.120394 0.120502 0.120602 0.120695 0.120781 0.120861
0.119869 0.120015 0.120151 0.120277 0.120394 0.120502 0.120602 0.120695 0.120781 0.120861
0.119869 0.120015 0.120151 0.120277 0.120394 0.120502 0.120602 0.120695 0.120781 0.120861
0.119869 0.120015 0.120151 0.120277 0.120394 0.120502 0.120602 0.120695 0.120781 0.120861
0.119869 0.120015 0.120151 0.120277 0.120394 0.120502 0.120602 0.120695 0.120781 0.120861
0.119869 0.120015 0.120151 0.120277 0.120394 0.120502 0.120602 0.120695 0.120781 0.120861
0.119869 0.120015 0.120151 0.120277 0.120394 0.120502 0.120602 0.120695 0.120781 0.120861
0.119869 0.120015 0.120151 0.120277 0.120394 0.120502 0.120602 0.120695 0.120781 0.120861
0.119869 0.120015 0.120151 0.120277 0.120394 0.120502 0.120602 0.120695 0.120781 0.120861
0.119869 0.120015 0.120151 0.120277 0.120394 0.120502 0.120602 0.120695 0.120781 0.120861
0.119869 0.120015 0.120151 0.120277 0.120394 0.120502 0.120602 0.120695 0.120781 0.120861
0.119869 0.120015 0.120151 0.120277 0.120394 0.120502 0.120602 0.120695 0.120781 0.120861
0.119869 0.120015 0.120151 0.120277 0.120394 0.120502 0.120602 0.120695 0.120781 0.120861
0.119869 0.120015 0.120151 0.120277 0.120394 0.120502 0.120602 0.120695 0.120781 0.120861
0.119869 0.120015 0.120151 0.120277 0.120394 0.120502 0.120602 0.120695 0.120781 0.120861
0.119869 0.120015 0.120151 0.120277 0.120394 0.120502 0.120602 0.120695 0.120781 0.120861
0.119869 0.120015 0.120151 0.120277 0.120394 0.120502 0.120602 0.120695 0.120781 0.120861
0.119869 0.120015 0.120151 0.120277 0.120394 0.120502 0.120602 0.120695 0.120781 0.120861
0.119869 0.120015 0.120151 0.120277 0.120394 0.120502 0.120602 0.120695 0.120781 0.120861
0.119869 0.120015 0.120151 0.120277 0.120394 0.120502 0.120602 0.120695 0.120781 0.120861
0.119869 0.120015 0.120151 0.120277 0.120394 0.120502 0.120602 0.120695 0.120781 0.120861
0.119869 0.120015 0.120151 0.120277 0.120394 0.120502 0.120602 0.120695 0.120781 0.120861
0.119869 0.120015 0.120151 0.120277 0.120394 0.120502 0.120602 0.120695 0.120781 0.120861
0.119869 0.120015 0.120151 0.120277 0.120394 0.120502 0.120602 0.120695 0.120781 0.120861
0.119869 0.120015 0.120151 0.120277 0.120394 0.120502 0.120602 0.120695 0.120781 0.120861
0.119869 0.120015 0.120151 0.120277 0.120394 0.120502 0.120602 0.120695 0.120781 0.120861
0.119869 0.120015 0.120151 0.120277 0.120394 0.120502 0.120602 0.120695 0.120781 0.120861
0.119869 0.120015 0.120151 0.120277 0.120394 0.120502 0.120602 0.120695 0.120781 0.120861
0.119869 0.120015 0.120151 0.120277 0.120394 0.120502 0.120602 0.120695 0.120781 0.120861
0.119869 0.120015 0.120151 0.120277 0.120394 0.120502 0.120602 0.120695 0.120781 0.120861
0.119869 0.120015 0.120151 0.120277 0.120394 0.120502 0.120602 0.120695 0.120781 0.120861
0.119869 0.120015 0.120151 0.120277 0.120394 0.120502 0.120602 0.120695 0.120781 0.120861
0.119869 0.120015 0.120151 0.120277 0.120394 0.120502 0.120602 0.120695 0.120781 0.120861
0.119869 0.120015 0.120151 0.120277 0.120394 0.120502 0.120602 0.120695 0.120781 0.120861
0.119869 0.120015 0.120151 0.120277 0.120394 0.120502 0.120602 0.120695 0.120781 0.120861
0.119869 0.120015 0.120151 0.120277 0.120394 0.120502 0.120602 0.120695 0.120781 0.120861
0.119869 0.120015 0.120151 0.120277 0.120394 0.120502 0.120602 0.120695 0.120781 0.120861
0.119869 0.120015 0.120151 0.120277 0.120394 0.120502 0.120602 0.120695 0.120781 0.120861
0.119869 0.120015 0.120151 0.120277 0.120394 0.120502 0.120602 0.120695 0.120781 0.120861
0.119869 0.120015 0.120151 0.120277 0.120394 0.120502 0.120602 0.120695 0.120781 0.120861
0.119869 0.120015 0.120151 0.120277 0.120394 0.120502 0.120602 0.120695 0.120781 0.120861
0.119869 0.120015 0.120151 0.120277 0.120394 0.120502 0.120602 0.120695 0.120781 0.120861
0.119869 0.120015 0.120151 0.120277 0.120394 0.120502 0.120602 0.120695 0.120781 0.120861
0.119869 0.120015 0.120151 0.120277 0.120394 0.120502 0.120602 0.120695 0.120781 0.120861
0.119869 0.120015 0.120151 0.120277 0.120394 0.120502 0.120602 0.120695 0.120781 0.120861
0.119869 0.120015 0.120151 0.120277 0.120394 0.120502 0.120602 0.120695 0.120781 0.120861
0.119869 0.120015 0.120151 0.120277 0.120394 0.120502 0.120602 0.120695 0.120781 0.120861
0.119869 0.120015 0.120151 0.120277 0.120394 0.120502 0.120602 0.120695 0.120781 0.120861
0.119869 0.120015 0.120151 0.120277 0.120394 0.120502 0.120602 0.120695 0.120781 0.120861
0.119869 0.120015 0.120151 0.120277 0.120394 0.120502 0.120602 0.120695 0.120781 0.120861
0.119869 0.120015 0.120151 0.120277 0.120394 0.120502 0.120602 0.120695 0.120781 0.120861
0.119869 0.120015 0.120151 0.120277 0.120394 0.120502 0.120602 0.120695 0.120781 0.120861
0.119869 0.120015 0.120151 0.120277 0.120394 0.120502 0.120602 0.120695 0.120781 0.120861
0.119869 0.120015 0.120151 0.120277 0.120394 0.120502 0.120602 0.120695 0.120781 0.120861
0.119869 0.120015 0.120151 0.120277 0.120394 0.120502 0.120602 0.120695 0.120781 0.120861
0.119869 0.120015 0.120151 0.120277 0.120394 0.120502 0.120602 0.120695 0.120781 0.120861
0.119869 0.120015 0.120151 0.120277 0.120394 0.120502 0.120602 0.120695 0.120781 0.120861
0.119869 0.120015 0.120151 0.120277 0.120394 0.120502 0.120602 0.120695 0.120781 0.120861
0.119869 0.120015 0.120151 0.120277 0.120394 0.120502 0.120602 0.120695 0.120781 0.120861
0.119869 0.120015 0.120151 0.120277 0.120394 0.120502 0.120602 0.120695 0.120781 0.120861
0.119869 0.120015 0.120151 0.120277 0.120394 0.120502 0.120602 0.120695 0.120781 0.120861
0.119869 0.120015 0.120151 0.120277 0.120394 0.120502 0.120602 0.120695 0.120781 0.120861
0.119869 0.120015 0.120151 0.120277 0.120394 0.120502 0.120602 0.120695 0.120781 0.120861
0.119869 0.120015 0.120151 0.120277 0.120394 0.120502 0.120602 0.120695 0.120781 0.120861
0.119869 0.120015 0.120151 0.120277 0.120394 0.120502 0.120602 0.120695 0.120781 0.120861
0.119869 0.120015 0.120151 0.120277 0.120394 0.120502 0.120602 0.120695 0.120781 0.120861
0.119869 0.120015 0.120151 0.120277 0.120394 0.120502 0.120602 0.120695 0.120781 0.120861
0.119869 0.120015 0.120151 0.120277 0.120394 0.120502 0.120602 0.120695 0.120781 0.120861
0.119869 0.120015 0.120151 0.120277 0.120394 0.120502 0.120602 0.120695 0.120781 0.120861
0.119869 0.120015 0.120151 0.120277 0.120394 0.120502 0.120602 0.120695 0.120781 0.120861
0.119869 0.120015 0.120151 0.120277 0.120394 0.120502 0.120602 0.120695 0.120781 0.120861
0.119869 0.120015 0.120151 0.120277 0.120394 0.120502 0.120602 0.120695 0.120781 0.120861
0.119869 0.120015 0.120151 0.120277 0.120394 0.120502 0.120602 0.120695 0.120781 0.120861
0.119869 0.120015 0.120151 0.120277 0.120394 0.120502 0.120602 0.120695 0.120781 0.120861
0.119869 0.120015 0.120151 0.120277 0.120394 0.120502 0.120602 0.120695 0.120781 0.120861
0.119869 0.120015 0.120151 0.120277 0.120394 0.120502 0.120602 0.120695 0.120781 0.120861
0.119869 0.120015 0.120151 0.120277 0.120394 0.120502 0.120602 0.120695 0.120781 0.120861
0.119869 0.120015 0.120151 0.120277 0.120394 0.120502 0.120602 0.120695 0.120781 0.120861
0.119869 0.120015 0.120151 0.120277 0.120394 0.120502 0.120602 0.120695 0.120781 0.120861
0.119869 0.120015 0.120151 0.120277 0.120394 0.120502 0.120602 0.120695 0.120781 0.120861
0.119869 0.120015 0.120151 0.120277 0.120394 0.120502 0.120602 0.120695 0.120781 0.120861
0.119869 0.120015 0.120151 0.120277 0.120394 0.120502 0.120602 0.120695 0.120781 0.120861
0.119869 0.120015 0.120151 0.120277 0.120394 0.120502 0.120602 0.120695 0.120781 0.120861
0.119869 0.120015 0.120151 0.120277 0.120394 0.120502 0.120602 0.120695 0.120781 0.120861
0.119869 0.120015 0.120151 0.120277 0.120394 0.120502 0.120602 0.120695 0.120781 0.120861
0.119869 0.120015 0.120151 0.120277 0.120394 0.120502 0.120602 0.120695 0.120781 0.120861
0.119869 0.120015 0.120151 0.120277 0.120394 0.120502 0.120602 0.120695 0.120781 0.120861
0.119869 0.120015 0.120151 0.120277 0.120394 0.120502 0.120602 0.120695 0.120781 0.120861
0.119869 0.120015 0.120151 0.120277 0.120394 0.120502 0.120602 0.120695 0.120781 0.120861
0.119869 0.120015 0.120151 0.120277 0.120394 0.120502 0.120602 0.120695 0.120781 0.120861
0.119869 0.120015 0.120151 0.120277 0.120394 0.120502 0.120602 0.120695 0.120781 0.120861
0.119869 0.120015 0.120151 0.120277 0.120394 0.120502 0.120602 0.120695 0.120781 0.120861
0.119869 0.120015 0.120151 0.120277 0.120394 0.120502 0.120602 0.120695 0.120781 0.120861
0.119869 0.120015 0.120151 0.120277 0.120394 0.120502 0.120602 0.120695 0.120781 0.120861
0.119869 0.120015 0.120151 0.120277 0.120394 0.120502 0.120602 0.120695 0.120781 0.120861
0.119869 0.120015 0.120151 0.120277 0.120394 0.120502 0.120602 0.120695 0.120781 0.120861
0.119869 0.120015 0.120151 0.120277 0.120394 0.120502 0.120602 0.120695 0.120781 0.120861
0.119869 0.120015 0.120151 0.120277 0.120394 0.120502 0.120602 0.120695 0.120781 0.120861
0.119869 0.120015 0.120151 0.120277 0.120394 0.120502 0.120602 0.120695 0.120781 0.120861
0.119869 0.120015 0.120151 0.120277 0.120394 0.120502 0.120602 0.120695 0.120781 0.120861
0.119869 0.120015 0.120151 0.120277 0.120394 0.120502 0.120602 0.120695 0.120781 0.120861
0.119869 0.120015 0.120151 0.120277 0.120394 0.120502 0.120602 0.120695 0.120781 0.120861
0.119869 0.120015 0.120151 0.120277 0.120394 0.120502 0.120602 0.120695 0.120781 0.120861
0.119869 0.120015 0.120151 0.120277 0.120394 0.120502 0.120602 0.120695 0.120781 0.120861
0.119869 0.120015 0.120151 0.120277 0.120394 0.120502 0.120602 0.120695 0.120781 0.120861
0.119869 0.120015 0.120151 0.120277 0.120394 0.120502 0.120602 0.120695 0.120781 0.120861
0.119869 0.120015 0.120151 0.120277 0.120394 0.120502 0.120602 0.120695 0.120781 0.120861
0.119869 0.120015 0.120151 0.120277 0.120394 0.120502 0.120602 0.120695 0.120781 0.120861
0.119869 0.120015 0.120151 0.120277 0.120394 0.120502 0.120602 0.120695 0.120781 0.120861
0.119869 0.120015 0.120151 0.120277 0.120394 0.120502 0.120602 0.120695 0.120781 0.120861
0.119869 0.120015 0.120151 0.120277 0.120394 0.120502 0.120602 0.120695 0.120781 0.120861
0.119869 0.120015 0.120151 0.120277 0.120394 0.120502 0.120602 0.120695 0.120781 0.120861
