0.000182541   -0.102515        0.71 0.00960381  -0.102468   0.726692
0.000182525   -0.102515        0.71 0.00962753  -0.102468   0.726692
0.000182507   -0.102515        0.71 0.00966058  -0.102467   0.726692
0.000182467   -0.102513        0.71 0.00975083  -0.102465   0.726695
0.000182416   -0.102511        0.71 0.0098732 -0.102464  0.726667
0.000182336   -0.102508        0.71 0.0101311 -0.102466  0.726523
0.000182267   -0.102505        0.71 0.0103693 -0.102467  0.726369
0.000182186   -0.102501        0.71 0.0106468 -0.102469  0.726158
0.000182113   -0.102497        0.71 0.0108884 -0.102471  0.725953
0.000182032   -0.102493        0.71 0.0111373 -0.102474  0.725724
0.000181931   -0.102488        0.71 0.0114122 -0.102476  0.725447
0.000181826   -0.102483        0.71 0.0116655 -0.102479  0.725166
0.000181709   -0.102476        0.71  0.011914 -0.102481  0.724853
0.00018158  -0.102469       0.71 0.0121366 -0.102483  0.724528
0.000181445   -0.102462        0.71 0.0123351 -0.102485  0.724182
0.000181304   -0.102454        0.71 0.0125002 -0.102486  0.723824
0.000181145   -0.102446        0.71 0.0126376 -0.102487   0.72343
0.000180979   -0.102437        0.71 0.0127315 -0.102488  0.723028
0.000180802   -0.102427        0.71 0.0127823 -0.102488  0.722609
0.000180618   -0.102417        0.71 0.0127878 -0.102488  0.722186
0.00018041  -0.102405       0.71 0.0127446 -0.102488  0.721724
0.0001802 -0.102394      0.71 0.0126554 -0.102487   0.72127
0.000179969   -0.102381        0.71 0.0125141 -0.102486   0.72079
0.000179722   -0.102367        0.71 0.0123217 -0.102484  0.720296
0.000179451   -0.102352        0.71 0.0120716 -0.102483  0.719776
0.000179168   -0.102337        0.71 0.0117765 -0.102481  0.719256
0.000178864    -0.10232        0.71 0.0114319 -0.102479  0.718724
0.00017854  -0.102302       0.71 0.0110392 -0.102477  0.718182
0.000178192   -0.102283        0.71    0.0106 -0.102475   0.71763
0.000177819   -0.102263        0.71 0.0101163 -0.102472   0.71707
0.000177419   -0.102241        0.71 0.00959041   -0.10247   0.716504
0.000176991   -0.102218        0.71 0.00902493  -0.102467   0.715933
0.000176531   -0.102192        0.71 0.00842273  -0.102463   0.715359
0.00017605  -0.102166       0.71 0.00780321   -0.10246   0.714799
0.000175508   -0.102137        0.71 0.00712088  -0.102455   0.714212
0.000174939   -0.102106        0.71 0.00642811   -0.10245   0.713643
0.000174312   -0.102072        0.71 0.00569428  -0.102444   0.713068
0.000173672   -0.102038        0.71 0.00497774  -0.102438    0.71253
0.000172967   -0.102001        0.71 0.00422833  -0.102431   0.711992
0.000172229   -0.101963        0.71  0.003486 -0.102422  0.711484
0.000171395    -0.10192        0.71 0.00269696  -0.102413   0.710969
0.00017052  -0.101876       0.71 0.00193028  -0.102403   0.710486
0.000169579    -0.10183        0.71 0.00117324  -0.102391   0.710028
0.000168567   -0.101781        0.71 0.000432209   -0.102379    0.709602
0.000167479   -0.101729        0.71 -0.000285441    -0.102365     0.709213
0.000166002   -0.101659        0.71 -0.00113671   -0.102347    0.708789
0.00016505  -0.101614       0.71 -0.00161639   -0.102336    0.708572
0.000163696   -0.101552        0.71 -0.00221113   -0.102319    0.708331
0.000162239   -0.101484        0.71 -0.00273722   -0.102302    0.708145
0.000160673   -0.101412        0.71 -0.00317858   -0.102283    0.708015
0.000158989   -0.101334        0.71 -0.00353561   -0.102264    0.707921
0.000157183   -0.101251        0.71 -0.00380907   -0.102244     0.70785
0.0001553 -0.101164      0.71 -0.00398927   -0.102224    0.707808
0.000153189   -0.101066        0.71 -0.00408213   -0.102201    0.707792
0.000150997   -0.100962        0.71 -0.00408383   -0.102176    0.707791
0.000148676   -0.100851        0.71 -0.00400754   -0.102147    0.707792
0.000146227   -0.100731        0.71 -0.00386208   -0.102112    0.707793
0.000143652   -0.100601        0.71 -0.00365997   -0.102072    0.707794
0.000140953   -0.100462        0.71 -0.00339052   -0.102025    0.707794
0.000138136   -0.100312        0.71 -0.00307413    -0.10197    0.707793
0.000135205   -0.100151        0.71 -0.00274283   -0.101906    0.707791
0.000132165  -0.0999768        0.71 -0.00240303   -0.101832    0.707788
0.000129024  -0.0997893        0.71 -0.00206426   -0.101747    0.707784
0.000125786  -0.0995875        0.71 -0.00174185   -0.101651    0.707786
0.000122461    -0.09937        0.71 -0.00144315   -0.101544    0.707806
0.000119056  -0.0991358        0.71 -0.00116339   -0.101424    0.707844
0.000115579  -0.0988835        0.71 -0.00089862   -0.101295    0.707904
0.000112038  -0.0986118        0.71 -0.000647726    -0.101153     0.707976
0.000108442  -0.0983191        0.71 -0.000411482    -0.100967     0.708053
0.000104801   -0.098004        0.71 -0.000189262    -0.100756      0.70813
0.000101123  -0.0976646        0.71 1.99725e-05    -0.10053    0.708204
9.74185e-05  -0.0972992        0.71 0.000227403   -0.100287    0.708293
9.36967e-05  -0.0969057        0.71 0.000427878   -0.100022    0.708383
8.99674e-05  -0.0964821        0.71 0.000614057  -0.0997361     0.70846
8.62401e-05  -0.0960259        0.71 0.000789514  -0.0994299     0.70853
8.25245e-05  -0.0955346        0.71 0.000949525     -0.0991    0.708585
7.88303e-05  -0.0950054        0.71 0.00108698 -0.0987412    0.70862
7.5167e-05 -0.0944352       0.71 0.00119846 -0.0983477   0.708639
7.15439e-05  -0.0938209        0.71 0.00128347 -0.0979141   0.708651
6.79703e-05   -0.093159        0.71 0.00134205 -0.0974361   0.708659
6.4455e-05 -0.0924458       0.71 0.00137425 -0.0969101   0.708665
6.10068e-05  -0.0916773        0.71 0.00138045 -0.0963328   0.708667
5.76339e-05  -0.0908492        0.71  0.0013616 -0.0957006   0.708664
5.43444e-05  -0.0899571        0.71 0.00131958   -0.09501   0.708655
5.11456e-05  -0.0889959        0.71 0.00125668 -0.0942571    0.70864
4.80446e-05  -0.0879606        0.71 0.00117567 -0.0934383    0.70862
4.50479e-05  -0.0868455        0.71 0.00107987 -0.0925494   0.708596
4.21613e-05  -0.0856448        0.71 0.000973077  -0.0915865    0.708569
3.93899e-05  -0.0843521        0.71 0.00085945 -0.0905453    0.70854
3.67382e-05  -0.0829603        0.71 0.000743487  -0.0894216     0.70851
3.42099e-05   -0.081462        0.71 0.000629925  -0.0882104    0.708481
3.18076e-05  -0.0798492        0.71 0.000523814  -0.0869065    0.708453
2.95331e-05  -0.0781132        0.71 0.000430273  -0.0855053    0.708427
2.73872e-05  -0.0762446        0.71 0.000355434  -0.0840046    0.708405
2.53694e-05  -0.0742334        0.71 0.000304712   -0.082391    0.708388
2.34781e-05  -0.0720687        0.71 0.000281458   -0.080649     0.70837
2.12453e-05  -0.0690674        0.71 0.000260283   -0.078219    0.708369
2.00615e-05  -0.0672311        0.71 0.000263375  -0.0767224    0.708373
1.85257e-05  -0.0645321        0.71 0.000294619   -0.074509    0.708389
1.70954e-05  -0.0616504        0.71 0.000359727  -0.0721085    0.708417
1.57623e-05  -0.0586674        0.71 0.000452288  -0.0695171    0.708476
1.45191e-05  -0.0556804        0.71 0.000584414  -0.0667685    0.708561
1.33587e-05  -0.0527865        0.71 0.000761947  -0.0639184    0.708654
1.23006e-05  -0.0501477        0.71 0.000980872  -0.0610258    0.708747
 1.126e-05 -0.0476456       0.71 0.00124808 -0.0581542   0.708804
 1.031e-05 -0.0454761       0.71 0.00156247 -0.0553789   0.708677
9.41883e-06  -0.0435624        0.71 0.00186726 -0.0527281   0.708518
8.6018e-06  -0.041932       0.71 0.00219895 -0.0502563   0.708536
7.79324e-06   -0.040459        0.71 0.00254425 -0.0480137   0.708722
7.04961e-06  -0.0392513        0.71 0.00291898 -0.0460566   0.709038
6.34642e-06   -0.038263        0.71 0.00336418 -0.0444716   0.709306
5.69594e-06  -0.0375051        0.71 0.00382882 -0.0432287   0.709507
5.06112e-06  -0.0369341        0.71 0.00429292 -0.0423177   0.709694
4.44072e-06   -0.036562        0.71 0.00475602 -0.0416761    0.70988
3.87752e-06  -0.0364046        0.71 0.00520393 -0.0412195    0.71002
3.45732e-06   -0.036449        0.71  0.0056122 -0.0409582   0.710085
3.30879e-06  -0.0366954        0.71 0.00595652 -0.0407982   0.710076
3.55259e-06  -0.0371449        0.71 0.00621473 -0.0407022   0.710012
4.30268e-06  -0.0377996        0.71 0.00636571 -0.0406523   0.709901
5.66757e-06  -0.0386631        0.71 0.00637935 -0.0406688   0.709726
7.75146e-06  -0.0397399        0.71  0.0062812 -0.0407888    0.70951
1.06554e-05  -0.0410355        0.71 0.00612293 -0.0410313   0.709192
1.44782e-05   -0.042557        0.71 0.00589583 -0.0413853   0.708794
1.93179e-05  -0.0443123        0.71 0.00559413 -0.0418419   0.708383
2.5256e-05  -0.046311       0.71 0.00521592 -0.0425007   0.708012
3.22864e-05  -0.0485635        0.71 0.00473598 -0.0434967    0.70785
4.03776e-05  -0.0510819        0.71 0.00419139 -0.0446584   0.707782
4.95087e-05  -0.0538794        0.71  0.0036194 -0.0459994   0.707746
5.96689e-05  -0.0569711        0.71  0.0030423 -0.0475544   0.707751
7.08577e-05  -0.0603734        0.71 0.00248447 -0.0493512   0.707815
8.30838e-05  -0.0641045        0.71 0.00196914 -0.0514153   0.707937
9.63654e-05  -0.0681845        0.71 0.00152177 -0.0537708   0.708097
0.00011073 -0.0726354       0.71 0.00117288 -0.0564411   0.708274
0.000126214  -0.0774811        0.71 0.000922336  -0.0594491    0.708526
0.000142864  -0.0827233        0.71 0.000773713  -0.0628147    0.708868
0.000161211  -0.0884311        0.71 0.000697625  -0.0666347    0.709241
0.000179938  -0.0940881        0.71 0.000651315  -0.0706213    0.709525
0.000200523   -0.100034        0.71 0.00067776 -0.0750769   0.709551
0.000234095    0.108809        0.71 0.00150156   0.129316   0.708494
0.00025779   0.102979       0.71 0.00103148   0.123899    0.70843
0.000283769   0.0971099        0.71 0.000851744    0.118366    0.708434
0.000311564   0.0914391        0.71 0.000724999    0.112578    0.708532
0.000341303   0.0860538        0.71 0.000613216    0.106461    0.708597
0.000373127   0.0810427        0.71 0.000522364    0.100184    0.708632
0.00040719  0.0764724       0.71 0.000441146   0.0938862    0.708619
0.000443659   0.0723339        0.71 0.000324535    0.087729    0.708404
0.000482716   0.0686035        0.71 0.000227285   0.0817758     0.70806
0.000524557   0.0652597        0.71 0.000253092   0.0760797    0.708014
0.000569394   0.0622835        0.71 0.00038605  0.0707549     0.7082
0.000616214    0.059719        0.71 0.000609136   0.0659002    0.708372
0.000668993   0.0573666        0.71 0.000861712   0.0615766    0.708513
0.000724271   0.0553975        0.71 0.00112455  0.0578079   0.708636
0.000783578   0.0537387        0.71 0.0014036  0.054577  0.708787
0.000847226   0.0523804        0.71 0.00169306  0.0518384   0.709001
0.000913796   0.0513377        0.71 0.00197427  0.0495286   0.709273
0.000989062   0.0505349        0.71 0.00222541   0.047546   0.709553
0.00106618  0.0500457       0.71 0.00242649  0.0458167   0.709767
0.00115141  0.0498189       0.71 0.00255975  0.0443459   0.709896
0.00124581  0.0498736       0.71 0.00258637  0.0430564   0.709951
0.00134537  0.0502071       0.71 0.00254933  0.0419097   0.709888
0.00145295  0.0508188       0.71 0.00248578  0.0409641   0.709725
0.0015692 0.0517116      0.71 0.00239163  0.0402198   0.709322
0.00169157   0.052857       0.71 0.00225984  0.0396937   0.708734
0.0018306 0.0543602      0.71 0.00212495  0.0394127   0.708138
0.00197729  0.0561299       0.71 0.00194502  0.0394011   0.707752
0.00213565  0.0582083       0.71 0.00170665  0.0397007   0.707539
0.00230647  0.0606061       0.71 0.00143665   0.040304   0.707406
0.00249058  0.0633361       0.71 0.00115098  0.0412151   0.707323
0.00269409  0.0664942       0.71 0.000873255   0.0427646    0.707363
0.00290254  0.0698523       0.71 0.000662207   0.0447792    0.707527
0.00312654  0.0735729       0.71 0.000536487   0.0471609    0.707768
0.00337999  0.0778957       0.71 0.000516901   0.0500131    0.708058
0.00364631  0.0825426       0.71 0.000609183   0.0532689    0.708392
0.00393286  0.0876388       0.71 0.000784189   0.0569305    0.708769
0.00424915  0.0933289       0.71 0.0010579 0.0611245   0.70919
0.0045814 0.0992519      0.71 0.00141151  0.0656394   0.709566
0.00493882   0.105443       0.71 0.00186045    0.07054   0.709871
0.00532329   0.111806       0.71 0.00246317  0.0758576   0.709915
0.00573688  -0.116755       0.71 0.00330348  -0.147558   0.707326
0.00617026  -0.110493       0.71 0.00255244  -0.140071   0.707845
0.00664799  -0.104181       0.71 0.00256411  -0.133088   0.708019
 0.0071619 -0.0980745       0.71 0.00283683  -0.126149   0.708248
0.00771476 -0.0922694       0.71 0.00320883  -0.118938   0.708502
0.00830954 -0.0868634       0.71 0.00363872  -0.111463   0.708709
0.00894941 -0.0819294       0.71 0.00409695  -0.103515   0.708692
0.00963784 -0.0774583       0.71 0.00473936 -0.0956059   0.708461
 0.0103785 -0.0734242       0.71 0.00567756 -0.0878347   0.708095
 0.0111754 -0.0698041       0.71 0.00683959 -0.0803694   0.708096
 0.0120329 -0.0665772       0.71 0.00821247 -0.0733305   0.708433
 0.0129554 -0.0637248       0.71 0.00988397 -0.0668231   0.708872
 0.0139224 -0.0612885       0.71  0.0117598 -0.0610653    0.70935
 0.0150164 -0.0590796       0.71  0.0139702 -0.0556623   0.709918
 0.0161658 -0.0572598       0.71  0.0163354 -0.0509979     0.7105
0.0173706 -0.055794      0.71 0.0187981 -0.046949  0.711026
 0.0186992 -0.0545983       0.71  0.0214814 -0.0431326   0.711526
  0.020129 -0.0537072       0.71  0.0240684 -0.0398647   0.711935
 0.0217079 -0.0531043       0.71  0.0267802 -0.0367731     0.7123
 0.0233674 -0.0528153       0.71  0.0294247 -0.0340479   0.712674
 0.0251074 -0.0528161       0.71  0.0319929 -0.0316301   0.712904
 0.0270766 -0.0531173       0.71  0.0346614 -0.0293037   0.712893
 0.0291466 -0.0537092       0.71  0.0371865 -0.0272196   0.712609
  0.031375 -0.0545983       0.71   0.039618 -0.0252641   0.712241
 0.0337738 -0.0557891       0.71  0.0420165 -0.0235445   0.711961
 0.0362892 -0.0572463       0.71  0.0445012 -0.0220681   0.711729
  0.039136 -0.0591017       0.71  0.0470562 -0.0208413   0.711513
 0.0422061 -0.0612986       0.71  0.049705 -0.019885  0.711293
 0.0454331 -0.0637826       0.71  0.0523465 -0.0192568   0.711094
 0.0489066 -0.0666161       0.71  0.0550142 -0.0189136   0.710942
 0.0525484 -0.0697297       0.71  0.0576486 -0.0188611   0.710862
 0.0566693 -0.0733939       0.71  0.0604904 -0.0193524   0.710936
 0.0608882 -0.0772696       0.71  0.0633016 -0.0202531   0.711122
0.0655411 -0.081661      0.71 0.0663335 -0.021548  0.711414
 0.0704194 -0.0863708       0.71  0.0694728 -0.0231423   0.711791
 0.0759391 -0.0918044       0.71  0.0730136 -0.0251501   0.712265
 0.0818667 -0.0977331       0.71  0.0768611 -0.0274778   0.712807
0.0879776 -0.103907      0.71  0.0809616 -0.0300942   0.713264
0.0941729 -0.110199      0.71  0.0854361 -0.0329392   0.713471
0.10086  -0.117    0.71  0.0903227 -0.0359382    0.71342
-0.0925191    0.12128       0.71 -0.0900944   0.200308   0.698392
-0.086044  0.114744      0.71 -0.0839838   0.193937   0.698708
-0.0794548   0.108153       0.71 -0.0781741   0.185397   0.700118
-0.0729918   0.101773       0.71 -0.0724653   0.174787   0.701723
-0.0667299  0.0957047       0.71 -0.0668934   0.163121   0.703188
-0.0608904  0.0901856       0.71 -0.0618231   0.151959   0.704381
-0.055091 0.0848847      0.71 -0.0573829   0.141643   0.705142
-0.0497529  0.0801989       0.71 -0.0538138   0.134954   0.705721
-0.0448233  0.0760664       0.71 -0.0502675   0.132268   0.706221
-0.0399044  0.0721613       0.71 -0.0457233   0.131194   0.706672
 -0.03545 0.0688433      0.71 -0.0411649   0.127082   0.706182
-0.0310833  0.0658228       0.71 -0.0348517   0.122158   0.705464
-0.0267944  0.0631105       0.71 -0.0279704    0.11699   0.705554
-0.0227683  0.0608232       0.71 -0.0205594   0.111744   0.706345
-0.0189716  0.0589214       0.71 -0.0128547   0.106837   0.707659
-0.015095   0.05726      0.71 -0.00433963    0.101879     0.70925
-0.0114047  0.0559631       0.71 0.00414792  0.0973189   0.710493
-0.00778437   0.0549785        0.71 0.0125477  0.093216   0.71133
-0.00421358   0.0543004        0.71 0.0206399 0.0893443   0.71176
-0.000672361    0.0539246         0.71 0.0282333 0.0856363  0.711893
0.00285906  0.0538485       0.71 0.0352706 0.0816822  0.711944
0.00631155  0.0540622       0.71  0.041534 0.0777465   0.71218
0.00997123  0.0545941       0.71 0.0474574 0.0736727  0.712497
0.0135915 0.0554189      0.71 0.0525743 0.0697848  0.712937
0.0172812 0.0565501      0.71 0.0570767  0.066036   0.71347
0.0210607 0.0579934      0.71 0.0612146 0.0625413   0.71401
 0.024852 0.0597082      0.71 0.0651297 0.0593639  0.714553
0.0290753 0.0619045      0.71 0.0689192 0.0565465  0.715116
0.0332554 0.0643445      0.71 0.0725456  0.054303  0.715508
0.0376127 0.0671373      0.71 0.0760584 0.0525089  0.715771
0.0420545 0.0702139      0.71 0.0793188 0.0511504  0.715926
0.0470781 0.0739358      0.71 0.0827404 0.0500605  0.715945
0.0517332 0.0775826      0.71 0.0856818 0.0493384  0.716006
0.0573068  0.082162      0.71 0.0878978 0.0487909  0.717163
0.0626414 0.0867297      0.71 0.0892713 0.0486228  0.718828
 0.068586 0.0919987      0.71 0.0905362 0.0482855  0.720148
0.0750404 0.0978913      0.71 0.0918784 0.0478006  0.720731
0.0814612  0.103877      0.71 0.0935921 0.0473622  0.720385
0.0882575    0.1103      0.71 0.0957046 0.0471457  0.719285
0.0953691  0.117079      0.71 0.0983164 0.0471483  0.717609
-0.0978006  -0.121388       0.71 -0.0712844  -0.190966   0.704451
-0.0906255  -0.114533       0.71 -0.0707041  -0.188385   0.702825
-0.0837038  -0.107957       0.71 -0.0709089  -0.183859      0.703
-0.0769325  -0.101591       0.71 -0.0709382  -0.177031   0.703306
-0.0703846 -0.0955361       0.71 -0.0700908  -0.168737   0.703535
-0.0641343 -0.0898936       0.71 -0.0681759  -0.160326   0.703533
-0.0583779 -0.0848625       0.71 -0.0656393   -0.15314   0.703434
-0.0528037 -0.0801757       0.71 -0.0627455  -0.148451   0.703274
-0.0475323 -0.0759414       0.71 -0.0599635  -0.147258   0.702978
-0.0424121 -0.0720455       0.71 -0.0566223  -0.148763    0.70301
-0.0377801 -0.0687358       0.71 -0.0548819  -0.148774   0.702158
-0.0331336 -0.0656525       0.71 -0.0543488  -0.146734   0.700813
-0.0287949 -0.0630182       0.71 -0.0527484  -0.144422   0.699824
-0.0247261 -0.0607904       0.71 -0.0498446  -0.141864   0.699069
-0.0206956 -0.0588419       0.71 -0.0453913  -0.139597   0.698338
-0.0167872 -0.0572227       0.71 -0.0402679  -0.137652   0.698129
-0.0128849 -0.0558948       0.71 -0.0344741  -0.135909   0.698315
-0.00915712  -0.0549152        0.71 -0.0282425  -0.134534   0.698352
-0.00557796  -0.0542548        0.71 -0.0219537  -0.133652   0.697826
-0.00185315  -0.0538701        0.71 -0.0159472   -0.13328   0.696748
0.00176393  -0.053798       0.71 -0.0104472  -0.133187   0.695452
0.00538468 -0.0540246       0.71 -0.00549064   -0.133259    0.694424
0.00902924 -0.0545506       0.71 -0.00114381    -0.13342    0.693763
 0.0127178 -0.0553786       0.71 0.00254857  -0.133654   0.693448
 0.0163761 -0.0564806       0.71 0.00568066  -0.134171   0.693439
 0.0203091 -0.0579587       0.71 0.00838293  -0.134904   0.693469
 0.0242538 -0.0597241       0.71 0.0109569 -0.135943  0.693596
 0.0283264 -0.0618181       0.71 0.0135796 -0.137202  0.693803
 0.0324417 -0.0641865       0.71 0.0162568  -0.13873  0.693966
 0.0369454 -0.0670374       0.71  0.018995 -0.140567  0.694367
 0.0415388 -0.0701901       0.71  0.021879 -0.142343  0.695595
 0.0462311 -0.0736334       0.71  0.025024 -0.143661  0.697728
 0.0512888 -0.0775621       0.71 0.0284911 -0.144436  0.700696
 0.0567589 -0.0820283       0.71 0.0311284 -0.145378  0.703967
0.0622591 -0.086712      0.71 0.0332382 -0.146703  0.706122
 0.0683853 -0.0921203       0.71 0.0371815  -0.14879  0.707241
 0.0745502 -0.0977271       0.71 0.0432791 -0.151845  0.707398
0.0813243 -0.104021      0.71 0.0501864 -0.155802  0.706718
0.0881472 -0.110451      0.71 0.0552606 -0.159891  0.705404
0.0951072 -0.117067      0.71 0.0559041 -0.162054  0.703231
-0.0978681   0.121232       0.71 -0.138147  0.073252  0.703551
-0.0908508   0.114543       0.71 -0.136156  0.072765  0.701285
-0.0839128   0.107966       0.71 -0.133627  0.072667  0.699453
-0.0771263     0.1016       0.71 -0.130702  0.072705  0.698128
-0.0707251  0.0956912       0.71 -0.127632 0.0726781  0.697418
-0.0644534  0.0900366       0.71 -0.124185 0.0725697  0.697237
-0.0585328  0.0848697       0.71 -0.120929 0.0724498  0.697143
-0.0528118   0.080071       0.71 -0.117853 0.0720232  0.697161
-0.0475371  0.0758473       0.71 -0.114801 0.0717086  0.696883
-0.0425355  0.0720512       0.71 -0.112025 0.0719801   0.69607
-0.0378947  0.0687411       0.71  -0.10923 0.0726372   0.69524
-0.0332397  0.0656574       0.71 -0.105476 0.0735375  0.694609
-0.0288933  0.0630227       0.71 -0.100985 0.0745278  0.694168
-0.024715 0.0607418      0.71 -0.0958652  0.0757537   0.693799
-0.0206812  0.0588013       0.71 -0.0903467  0.0772612   0.693375
-0.0167694    0.05719       0.71 -0.0846797  0.0790319    0.69279
-0.013052 0.0559266      0.71 -0.0789878    0.08098   0.692068
-0.00922482   0.0549183        0.71 -0.0728993  0.0832062   0.691178
-0.00564126   0.0542577        0.71 -0.0670941   0.085464   0.690268
-0.00191257   0.0538728        0.71 -0.0609998  0.0880605   0.689373
0.00161702  0.0537987       0.71 -0.0548825  0.0908957   0.688491
0.0052395 0.0540176      0.71 -0.0482441  0.0939407   0.687887
0.00888429  0.0545358       0.71 -0.0419269   0.096852   0.688004
0.0125715 0.0553555      0.71 -0.0358618   0.099768    0.68855
0.0163216 0.0564808      0.71 -0.0303682   0.102618   0.689022
0.0202521 0.0579572      0.71 -0.0248204   0.105825   0.689528
0.0240931 0.0596722      0.71 -0.0196337   0.109087   0.690049
0.0282606 0.0618111      0.71 -0.0141955   0.112701     0.6906
0.0323698 0.0641758      0.71 -0.00891167    0.116331    0.691262
0.0368658 0.0670221      0.71 -0.00312614    0.120337    0.692078
0.0413333 0.0700865      0.71 0.00257314   0.124348   0.693186
0.0461332 0.0736074      0.71 0.0089648  0.128529  0.694978
0.0511798 0.0775298      0.71 0.0156547  0.132398  0.696885
0.0565005 0.0818747      0.71 0.0226442  0.135996  0.699433
0.0622691 0.0867909      0.71 0.0295844  0.139315  0.702566
 0.068082 0.0919273      0.71 0.0357413  0.142753  0.705088
0.0743847 0.0976632      0.71 0.0418401  0.146869  0.706474
0.0811411  0.103947      0.71 0.0491944  0.152003  0.706781
0.087773 0.110204     0.71 0.0567452  0.157504  0.706124
0.0948848  0.116972      0.71 0.0631251  0.162868  0.705049
-0.0982876  -0.121506       0.71  -0.127621 -0.0694744   0.707362
-0.0911185  -0.114663       0.71  -0.122482 -0.0668739   0.705884
-0.084377 -0.108261      0.71  -0.117628 -0.0649152    0.70473
-0.0774464  -0.101747       0.71  -0.112532 -0.0631555   0.703685
-0.0709136 -0.0957067       0.71  -0.107442 -0.0615521    0.70291
-0.0646815 -0.0900801       0.71  -0.102042 -0.0600037   0.702511
 -0.058946 -0.0850655       0.71 -0.0967335 -0.0587214   0.702165
-0.0532618 -0.0802861       0.71 -0.0912596 -0.0572519   0.701702
-0.0478985 -0.0759828       0.71 -0.0855056 -0.0561419   0.701474
-0.0431863 -0.0723971       0.71 -0.0801484 -0.0557386   0.701603
 -0.038353 -0.0689406       0.71 -0.0738776 -0.0560442    0.70216
-0.0339717 -0.0660313       0.71 -0.0675785 -0.0569174   0.702846
-0.0296719 -0.0634139       0.71 -0.0607734 -0.0580902   0.703461
-0.0254433 -0.0611003       0.71 -0.0535733 -0.0596529   0.704042
-0.0215662 -0.0592338       0.71 -0.0465827 -0.0614269   0.704351
-0.0176201 -0.0576111       0.71 -0.0390746 -0.0635215   0.704475
-0.0138765  -0.056354       0.71 -0.0317187 -0.0657185   0.704644
-0.0102167 -0.0554113       0.71 -0.0244001 -0.0679913   0.704884
-0.00662039   -0.054777        0.71 -0.0171578 -0.0705164   0.705169
-0.00306746  -0.0544473        0.71 -0.0100437  -0.073148   0.705482
0.00037374 -0.0544166       0.71 -0.00326943  -0.0756862    0.705807
0.00389887 -0.0546826       0.71 0.00349614 -0.0783079   0.706197
0.00743901  -0.055251       0.71  0.0100811 -0.0809603   0.706483
 0.0111037 -0.0561499       0.71  0.0165893 -0.0837781   0.706555
0.0147344  -0.05734      0.71  0.0227042 -0.0866768   0.706639
 0.0184399 -0.0588453       0.71 0.0286214 -0.089689  0.706789
 0.0221443 -0.0606239       0.71  0.0342122 -0.0927135   0.707005
 0.0261575 -0.0628346       0.71  0.0399427 -0.0959625   0.707278
 0.0301087 -0.0652725       0.71 0.0454071 -0.099233  0.707493
 0.0344262 -0.0682014       0.71  0.050743 -0.102663  0.707573
  0.038711 -0.0713502       0.71 0.0557684 -0.106198  0.707525
 0.0434273 -0.0750598       0.71 0.0596549 -0.109313  0.708933
 0.0497633 -0.0803855       0.71 0.0627855 -0.112484  0.712627
 0.0548076 -0.0848623       0.71 0.0651223 -0.115251  0.714541
 0.0588767 -0.0886033       0.71 0.0680665 -0.117558  0.715259
 0.0642878 -0.0937323       0.71 0.0738739 -0.120801  0.715348
 0.0703001 -0.0996025       0.71 0.0815781  -0.12475  0.714458
0.0767359 -0.106034      0.71 0.0888253  -0.12936  0.713256
0.0845121 -0.113952      0.71 0.093798 -0.13444 0.712143
0.0897804 -0.119383      0.71 0.0945561 -0.136762  0.712151
-0.103772  0.118919      0.71 -0.105352  0.106018   0.71204
-0.0970326   0.111877       0.71 -0.106924  0.106378  0.709784
-0.0905715   0.105104       0.71 -0.108026  0.106967  0.707634
-0.0842982  0.0985263       0.71 -0.108452  0.107452  0.705163
-0.0784348  0.0923962       0.71 -0.108589  0.107575  0.702922
-0.0726191  0.0863557       0.71 -0.10832 0.107304 0.701033
-0.0673466  0.0809374       0.71 -0.107541  0.106681  0.699712
-0.0623394  0.0758593       0.71 -0.106587  0.105665  0.698696
-0.0579225  0.0714481       0.71 -0.105796  0.104466  0.697787
-0.0537172  0.0673226       0.71 -0.105278  0.103233  0.696747
-0.0499113  0.0636669       0.71 -0.104981   0.10213  0.695576
-0.0462878  0.0602724       0.71 -0.10442 0.100989 0.694582
-0.0429274  0.0572181       0.71  -0.10301 0.0996232  0.693865
-0.039736  0.054422      0.71 -0.100556 0.0981576  0.693154
-0.0369208  0.0520614       0.71 -0.0974607  0.0968816   0.692302
-0.0341761  0.0498797       0.71 -0.0941653  0.0959176   0.691207
-0.0316951  0.0480349       0.71 -0.090999 0.0953463  0.689832
-0.0293943  0.0464596       0.71 -0.0879499  0.0950612   0.688324
-0.0272605  0.0451445       0.71 -0.0848919  0.0951293    0.68668
-0.0248566  0.0438768       0.71 -0.081044 0.0956158  0.684528
-0.0234465  0.0432652       0.71 -0.078629 0.0960751  0.683535
-0.0217445  0.0426897       0.71 -0.0760311  0.0967188   0.683118
-0.0202042  0.0423572       0.71 -0.0739678  0.0974127   0.683423
-0.0187024  0.0422487       0.71 -0.0721848  0.0981216   0.683971
-0.0173776  0.0423738       0.71 -0.0706795  0.0988321   0.684409
-0.0160859  0.0427456       0.71 -0.0692036  0.0996499   0.684912
-0.0149465  0.0433293       0.71 -0.0677811    0.10053   0.685543
-0.0138616  0.0441639       0.71 -0.0662344   0.101481   0.686338
-0.0128555  0.0452415       0.71 -0.0644632   0.102475   0.687317
 -0.0119 0.046604     0.71 -0.0621626   0.103572    0.68899
-0.0110572  0.0481491       0.71 -0.0596525   0.104519   0.691083
-0.0102354   0.050044       0.71 -0.0566329   0.105409   0.693362
-0.00949252   0.0521698        0.71 -0.0535884   0.106113   0.695627
-0.0088036  0.0545805       0.71 -0.0505125   0.106606   0.697836
-0.00816468   0.0572891        0.71 -0.0474536   0.106824   0.699872
-0.00757215   0.0603101        0.71 -0.0444915   0.106779   0.701525
-0.00702262   0.0636319        0.71 -0.0416837   0.106542   0.702615
-0.00651299   0.0671565        0.71 -0.0389546   0.106119   0.703181
-0.00604034   0.0707671        0.71 -0.0361804   0.105336     0.7037
-0.005602  0.074348      0.71 -0.0332819   0.104023   0.704286
-0.00519548   0.0777831        0.71 -0.0302754   0.102092   0.704884
-0.00481846   0.0809857        0.71 -0.0271808  0.0994982    0.70549
-0.00447724   0.0838842        0.71 -0.0241757  0.0964024   0.706072
-0.00415235   0.0866437        0.71 -0.0211133  0.0927492   0.706773
-0.00385104   0.0892028        0.71 -0.0180272  0.0886111    0.70739
-0.00356489   0.0916331        0.71 -0.0146266  0.0840044   0.707666
-0.00331245   0.0937769        0.71 -0.0111889   0.079726   0.707709
-0.0030721  0.0958179       0.71 -0.0078275   0.075783   0.708008
-0.00284383   0.0977563        0.71 -0.00454054   0.0722538     0.70877
-0.00263749   0.0995083        0.71 -0.00140966   0.0692897    0.709696
-0.00245074    0.101094        0.71 0.00164782   0.066732   0.710457
-0.00227292    0.102604        0.71 0.00471431  0.0644344    0.71101
-0.00210802    0.104004        0.71 0.00761823  0.0624757   0.711325
-0.0019514   0.105333       0.71 0.0103229 0.0608082  0.711449
-0.00181323    0.106506        0.71 0.0125691 0.0595502  0.711467
-0.00167852     0.10765        0.71 0.0145439 0.0585783  0.711492
-0.00155968    0.108658        0.71  0.016054 0.0579693  0.711613
-0.0014438   0.109642       0.71 0.0171808 0.0576822  0.711808
-0.00133906    0.110531        0.71 0.0180135 0.0577184  0.712019
-0.00124192    0.111355        0.71 0.0185824 0.0580811  0.712221
-0.00115399    0.112102        0.71 0.0189213 0.0587747  0.712391
-0.00107028    0.112812        0.71 0.0190606 0.0597695  0.712513
-0.00099264    0.113471        0.71 0.0190151  0.061114  0.712607
-0.000918901     0.114096         0.71 0.0187603 0.0628319  0.712679
-0.000852244     0.114662         0.71 0.0183902  0.064845  0.712682
-0.000790424     0.115186         0.71 0.0179129 0.0671983  0.712599
-0.00073447    0.115661        0.71 0.0173255 0.0698264  0.712399
-0.000679913     0.116124         0.71  0.016568 0.0730003  0.712088
-0.000622341     0.116612         0.71 0.0155281 0.0773652  0.711629
-0.000584856      0.11693         0.71 0.0147255 0.0806322   0.71127
-0.000543457     0.117281         0.71 0.0136069 0.0851679  0.710754
-0.000503092     0.117624         0.71 0.0123993 0.0901456   0.71031
-0.000466602     0.117933         0.71 0.0111316  0.095423  0.709858
-0.00043276     0.11822        0.71 0.0098373   0.10094   0.70942
-0.000402129      0.11848         0.71 0.00847391   0.106481   0.709115
-0.000372263     0.118733         0.71 0.00701983    0.11194   0.708828
-0.000345915     0.118957         0.71 0.00569857   0.116475   0.708527
-0.000320224     0.119174         0.71 0.00441602   0.120576   0.708219
-0.000297001     0.119371         0.71 0.00321134   0.124112    0.70793
-0.000275462     0.119554         0.71 0.00186855   0.127234   0.707497
-0.000257416     0.119707         0.71 0.000127386    0.129745    0.707094
-0.000257416     0.119707         0.71 0.000127386    0.129745    0.707094
-0.000257416     0.119707         0.71 0.000127386    0.129745    0.707094
-0.000257416     0.119707         0.71 0.000127386    0.129745    0.707094
-0.000257416     0.119707         0.71 0.000127386    0.129745    0.707094
-0.000257416     0.119707         0.71 0.000127386    0.129745    0.707094
-0.000257416     0.119707         0.71 0.000127386    0.129745    0.707094
-0.000257416     0.119707         0.71 0.000127386    0.129745    0.707094
-0.000257416     0.119707         0.71 0.000127386    0.129745    0.707094
-0.000257416     0.119707         0.71 0.000127386    0.129745    0.707094
-0.000257416     0.119707         0.71 0.000127386    0.129745    0.707094
-0.000257416     0.119707         0.71 0.000127386    0.129745    0.707094
-0.000257416     0.119707         0.71 0.000127386    0.129745    0.707094
-0.000257416     0.119707         0.71 0.000127386    0.129745    0.707094
-0.000257416     0.119707         0.71 0.000127386    0.129745    0.707094
-0.000257416     0.119707         0.71 0.000127386    0.129745    0.707094
-0.000257416     0.119707         0.71 0.000127386    0.129745    0.707094
-0.000257416     0.119707         0.71 0.000127386    0.129745    0.707094
-0.000257416     0.119707         0.71 0.000127386    0.129745    0.707094
-0.000257416     0.119707         0.71 0.000127386    0.129745    0.707094
-0.000257416     0.119707         0.71 0.000127386    0.129745    0.707094
-0.000257416     0.119707         0.71 0.000127386    0.129745    0.707094
-0.000257416     0.119707         0.71 0.000127386    0.129745    0.707094
-0.000257416     0.119707         0.71 0.000127386    0.129745    0.707094
-0.000257416     0.119707         0.71 0.000127386    0.129745    0.707094
-0.000257416     0.119707         0.71 0.000127386    0.129745    0.707094
-0.000257416     0.119707         0.71 0.000127386    0.129745    0.707094
-0.000257416     0.119707         0.71 0.000127386    0.129745    0.707094
-0.000257416     0.119707         0.71 0.000127386    0.129745    0.707094
-0.000257416     0.119707         0.71 0.000127386    0.129745    0.707094
-0.000257416     0.119707         0.71 0.000127386    0.129745    0.707094
-0.000257416     0.119707         0.71 0.000127386    0.129745    0.707094
-0.000257416     0.119707         0.71 0.000127386    0.129745    0.707094
-0.000257416     0.119707         0.71 0.000127386    0.129745    0.707094
-0.000257416     0.119707         0.71 0.000127386    0.129745    0.707094
-0.000257416     0.119707         0.71 0.000127386    0.129745    0.707094
-0.000257416     0.119707         0.71 0.000127386    0.129745    0.707094
-0.000257416     0.119707         0.71 0.000127386    0.129745    0.707094
-0.000257416     0.119707         0.71 0.000127386    0.129745    0.707094
-0.000257416     0.119707         0.71 0.000127386    0.129745    0.707094
-0.000257416     0.119707         0.71 0.000127386    0.129745    0.707094
-0.000257416     0.119707         0.71 0.000127386    0.129745    0.707094
-0.000257416     0.119707         0.71 0.000127386    0.129745    0.707094
-0.000257416     0.119707         0.71 0.000127386    0.129745    0.707094
-0.000257416     0.119707         0.71 0.000127386    0.129745    0.707094
-0.000257416     0.119707         0.71 0.000127386    0.129745    0.707094
-0.000257416     0.119707         0.71 0.000127386    0.129745    0.707094
-0.000257416     0.119707         0.71 0.000127386    0.129745    0.707094
-0.000257416     0.119707         0.71 0.000127386    0.129745    0.707094
-0.000257416     0.119707         0.71 0.000127386    0.129745    0.707094
-0.000257416     0.119707         0.71 0.000127386    0.129745    0.707094
-0.000257416     0.119707         0.71 0.000127386    0.129745    0.707094
-0.000257416     0.119707         0.71 0.000127386    0.129745    0.707094
-0.000257416     0.119707         0.71 0.000127386    0.129745    0.707094
-0.000257416     0.119707         0.71 0.000127386    0.129745    0.707094
-0.000257416     0.119707         0.71 0.000127386    0.129745    0.707094
-0.000257416     0.119707         0.71 0.000127386    0.129745    0.707094
-0.000257416     0.119707         0.71 0.000127386    0.129745    0.707094
-0.000257416     0.119707         0.71 0.000127386    0.129745    0.707094
-0.000257416     0.119707         0.71 0.000127386    0.129745    0.707094
-0.000257416     0.119707         0.71 0.000127386    0.129745    0.707094
-0.000257416     0.119707         0.71 0.000127386    0.129745    0.707094
-0.000257416     0.119707         0.71 0.000127386    0.129745    0.707094
-0.000257416     0.119707         0.71 0.000127386    0.129745    0.707094
-0.000257416     0.119707         0.71 0.000127386    0.129745    0.707094
-0.000257416     0.119707         0.71 0.000127386    0.129745    0.707094
-0.000257416     0.119707         0.71 0.000127386    0.129745    0.707094
-0.000257416     0.119707         0.71 0.000127386    0.129745    0.707094
-0.000257416     0.119707         0.71 0.000127386    0.129745    0.707094
-0.000257416     0.119707         0.71 0.000127386    0.129745    0.707094
-0.000257416     0.119707         0.71 0.000127386    0.129745    0.707094
-0.000257416     0.119707         0.71 0.000127386    0.129745    0.707094
-0.000257416     0.119707         0.71 0.000127386    0.129745    0.707094
-0.000257416     0.119707         0.71 0.000127386    0.129745    0.707094
-0.000257416     0.119707         0.71 0.000127386    0.129745    0.707094
-0.000257416     0.119707         0.71 0.000127386    0.129745    0.707094
-0.000257416     0.119707         0.71 0.000127386    0.129745    0.707094
-0.000257416     0.119707         0.71 0.000127386    0.129745    0.707094
-0.000257416     0.119707         0.71 0.000127386    0.129745    0.707094
-0.000257416     0.119707         0.71 0.000127386    0.129745    0.707094
-0.000257416     0.119707         0.71 0.000127386    0.129745    0.707094
-0.000257416     0.119707         0.71 0.000127386    0.129745    0.707094
-0.000257416     0.119707         0.71 0.000127386    0.129745    0.707094
-0.000257416     0.119707         0.71 0.000127386    0.129745    0.707094
-0.000257416     0.119707         0.71 0.000127386    0.129745    0.707094
-0.000257416     0.119707         0.71 0.000127386    0.129745    0.707094
-0.000257416     0.119707         0.71 0.000127386    0.129745    0.707094
-0.000257416     0.119707         0.71 0.000127386    0.129745    0.707094
-0.000257416     0.119707         0.71 0.000127386    0.129745    0.707094
-0.000257416     0.119707         0.71 0.000127386    0.129745    0.707094
-0.000257416     0.119707         0.71 0.000127386    0.129745    0.707094
-0.000257416     0.119707         0.71 0.000127386    0.129745    0.707094
-0.000257416     0.119707         0.71 0.000127386    0.129745    0.707094
-0.000257416     0.119707         0.71 0.000127386    0.129745    0.707094
-0.000257416     0.119707         0.71 0.000127386    0.129745    0.707094
-0.000257416     0.119707         0.71 0.000127386    0.129745    0.707094
-0.000257416     0.119707         0.71 0.000127386    0.129745    0.707094
-0.000257416     0.119707         0.71 0.000127386    0.129745    0.707094
-0.000257416     0.119707         0.71 0.000127386    0.129745    0.707094
-0.000257416     0.119707         0.71 0.000127386    0.129745    0.707094
-0.000257416     0.119707         0.71 0.000127386    0.129745    0.707094
-0.000257416     0.119707         0.71 0.000127386    0.129745    0.707094
-0.000257416     0.119707         0.71 0.000127386    0.129745    0.707094
-0.000257416     0.119707         0.71 0.000127386    0.129745    0.707094
-0.000257416     0.119707         0.71 0.000127386    0.129745    0.707094
-0.000257416     0.119707         0.71 0.000127386    0.129745    0.707094
-0.000257416     0.119707         0.71 0.000127386    0.129745    0.707094
-0.000257416     0.119707         0.71 0.000127386    0.129745    0.707094
-0.000257416     0.119707         0.71 0.000127386    0.129745    0.707094
-0.000257416     0.119707         0.71 0.000127386    0.129745    0.707094
-0.000257416     0.119707         0.71 0.000127386    0.129745    0.707094
-0.000257416     0.119707         0.71 0.000127386    0.129745    0.707094
-0.000257416     0.119707         0.71 0.000127386    0.129745    0.707094
-0.000257416     0.119707         0.71 0.000127386    0.129745    0.707094
-0.000257416     0.119707         0.71 0.000127386    0.129745    0.707094
-0.000257416     0.119707         0.71 0.000127386    0.129745    0.707094
-0.000257416     0.119707         0.71 0.000127386    0.129745    0.707094
-0.000257416     0.119707         0.71 0.000127386    0.129745    0.707094
-0.000257416     0.119707         0.71 0.000127386    0.129745    0.707094
-0.000257416     0.119707         0.71 0.000127386    0.129745    0.707094
-0.000257416     0.119707         0.71 0.000127386    0.129745    0.707094
-0.000257416     0.119707         0.71 0.000127386    0.129745    0.707094
-0.000257416     0.119707         0.71 0.000127386    0.129745    0.707094
-0.000257416     0.119707         0.71 0.000127386    0.129745    0.707094
-0.000257416     0.119707         0.71 0.000127386    0.129745    0.707094
-0.000257416     0.119707         0.71 0.000127386    0.129745    0.707094
-0.000257416     0.119707         0.71 0.000127386    0.129745    0.707094
-0.000257416     0.119707         0.71 0.000127386    0.129745    0.707094
-0.000257416     0.119707         0.71 0.000127386    0.129745    0.707094
-0.000257416     0.119707         0.71 0.000127386    0.129745    0.707094
-0.000257416     0.119707         0.71 0.000127386    0.129745    0.707094
-0.000257416     0.119707         0.71 0.000127386    0.129745    0.707094
-0.000257416     0.119707         0.71 0.000127386    0.129745    0.707094
-0.000257416     0.119707         0.71 0.000127386    0.129745    0.707094
-0.000257416     0.119707         0.71 0.000127386    0.129745    0.707094
