 -1.1491e-08  -9.1884e-08 -3.82829e-07 -1.09938e-06 -2.57993e-06 -5.25207e-06 -9.62066e-06 -1.62198e-05 -2.56078e-05 -3.83447e-05
-1.43219e-06 -4.01907e-06 -8.18319e-06 -1.43743e-05 -2.30823e-05 -3.47979e-05 -5.00257e-05 -6.92643e-05 -9.30187e-05  -0.00012179
-2.01102e-06 -5.46002e-06 -1.08104e-05 -1.85237e-05 -2.90946e-05 -4.30056e-05 -6.07531e-05 -8.28229e-05  -0.00010971 -0.000141904
-3.52209e-06 -9.09581e-06 -1.72281e-05 -2.83932e-05 -4.30784e-05 -6.17486e-05 -8.48775e-05 -0.000112928 -0.000146373 -0.000185685
-5.77619e-06 -1.43183e-05 -2.61398e-05  -4.1719e-05 -6.15181e-05 -8.59841e-05 -0.000115561 -0.000150691 -0.000191824 -0.000239421
-8.58709e-06 -2.04969e-05  -3.6218e-05  -5.6208e-05 -8.09147e-05 -0.000110775 -0.000146228 -0.000187717 -0.000235698 -0.000290641
-1.19613e-05 -2.77833e-05 -4.79353e-05 -7.28599e-05 -0.000102995 -0.000138771 -0.000180629 -0.000229015 -0.000284396 -0.000347257
-1.58788e-05 -3.61424e-05  -6.1246e-05 -9.16217e-05 -0.000127702 -0.000169917 -0.000218712 -0.000274542 -0.000337887 -0.000409252
-2.03259e-05 -4.55521e-05 -7.61247e-05  -0.00011247 -0.000155019 -0.000204207 -0.000260486 -0.000324325 -0.000396223 -0.000476708
-2.52943e-05 -5.60009e-05 -9.25615e-05 -0.000135401 -0.000184955 -0.000241664 -0.000305995 -0.000378434 -0.000459502 -0.000549753
-3.07808e-05 -6.74875e-05 -0.000110562 -0.000160432  -0.00021754  -0.00028234 -0.000355315 -0.000436972  -0.00052786 -0.000628565
-3.67872e-05 -8.00202e-05 -0.000130145 -0.000187597 -0.000252831 -0.000326316 -0.000408556 -0.000500084 -0.000601481 -0.000713367
-4.33202e-05  -9.3617e-05 -0.000151345 -0.000216951 -0.000290906 -0.000373699 -0.000465859  -0.00056795 -0.000680587 -0.000804431
-5.03911e-05 -0.000108305  -0.00017421 -0.000248568 -0.000331869 -0.000424627 -0.000527401 -0.000640788 -0.000765443 -0.000902074
-5.80158e-05 -0.000124121 -0.000198801 -0.000282537 -0.000375843 -0.000479262 -0.000593386 -0.000718853 -0.000856359  -0.00100666
-6.62149e-05 -0.000141111 -0.000225194 -0.000318968 -0.000422978 -0.000537798 -0.000664058 -0.000802438 -0.000953686  -0.00111862
-7.50135e-05 -0.000159329 -0.000253477  -0.00035799 -0.000473446 -0.000600454 -0.000739688 -0.000891876  -0.00105782   -0.0012384
-8.44415e-05 -0.000178839 -0.000283754 -0.000399751 -0.000527442  -0.00066748 -0.000820586 -0.000987542  -0.00116921  -0.00136653
-9.45332e-05 -0.000199716 -0.000316143 -0.000444415 -0.000585187 -0.000739156 -0.000907097  -0.00108985  -0.00128834  -0.00150358
-0.000105328 -0.000222042 -0.000350776 -0.000492171 -0.000646927 -0.000815794 -0.000999602  -0.00119926  -0.00141575  -0.00165019
 -0.00011687 -0.000245911 -0.000387801 -0.000543224 -0.000712934 -0.000897735  -0.00109852  -0.00131627  -0.00155205  -0.00180704
-0.000129208 -0.000271427  -0.00042738 -0.000597805 -0.000783508 -0.000985357  -0.00120432  -0.00144143  -0.00169787  -0.00197489
-0.000142397 -0.000298703 -0.000469694 -0.000656163 -0.000858978  -0.00107907  -0.00131749  -0.00157535  -0.00185392  -0.00215455
-0.000156496 -0.000327865  -0.00051494 -0.000718573 -0.000939702  -0.00117933  -0.00143859  -0.00171868  -0.00202097  -0.00234693
-0.000171572  -0.00035905 -0.000563332 -0.000785336  -0.00102607  -0.00128663  -0.00156821  -0.00187213  -0.00219986  -0.00255298
-0.000187695 -0.000392408 -0.000615105 -0.000856776  -0.00111851  -0.00140148  -0.00170699  -0.00203647  -0.00239148  -0.00277374
-0.000204944 -0.000428101 -0.000670513 -0.000933247  -0.00121748  -0.00152448  -0.00185565  -0.00221253   -0.0025968  -0.00301028
-0.000223404 -0.000466307 -0.000729832  -0.00101513  -0.00132348  -0.00165623  -0.00201492   -0.0024012  -0.00281683  -0.00326369
-0.000243167 -0.000507216  -0.00079336  -0.00110284  -0.00143704  -0.00179743  -0.00218563   -0.0026034  -0.00305255  -0.00353504
-0.000264331 -0.000551035 -0.000861421  -0.00119683  -0.00155876  -0.00194877   -0.0023686  -0.00282003  -0.00330497   -0.0038254
-0.000287005 -0.000597988 -0.000934364  -0.00129758  -0.00168924    -0.002111  -0.00256464    -0.003052  -0.00357506  -0.00413586
-0.000311304 -0.000648316  -0.00101256  -0.00140561  -0.00182911  -0.00228481  -0.00277453  -0.00330018  -0.00386377  -0.00446746
-0.000337354 -0.000702281  -0.00109642  -0.00152141  -0.00197897  -0.00247089  -0.00299905  -0.00356541  -0.00417208  -0.00482129
-0.000365291 -0.000760154  -0.00118631  -0.00164545  -0.00213936  -0.00266986   -0.0032389  -0.00384852  -0.00450092  -0.00519845
-0.000395223 -0.000822118  -0.00128246    -0.001778  -0.00231056  -0.00288203  -0.00349444  -0.00414991  -0.00485076  -0.00559947
-0.000427105 -0.000887875  -0.00138412  -0.00191763  -0.00249031  -0.00310414  -0.00376124  -0.00446389  -0.00521453  -0.00601585
   -0.000461 -0.000957713    -0.001492  -0.00206573  -0.00268088  -0.00333954  -0.00404396  -0.00479657  -0.00560001   -0.0064572
-0.000496964  -0.00103176  -0.00160633  -0.00222261  -0.00288271  -0.00358883  -0.00434337  -0.00514895  -0.00600844  -0.00692505
-0.00053507 -0.00111019 -0.00172738  -0.0023887 -0.00309638 -0.00385276 -0.00466043 -0.00552223 -0.00644134 -0.00742131
-0.000575412   -0.0011932   -0.0018555   -0.0025645  -0.00332256  -0.00413221  -0.00499627  -0.00591787  -0.00690054  -0.00794819
-0.000618106  -0.00128105   -0.0019911  -0.00275059  -0.00356204  -0.00442824  -0.00535227  -0.00633762  -0.00738817  -0.00850825
-0.000663287  -0.00137403  -0.00213465  -0.00294763  -0.00381577  -0.00474209  -0.00573006  -0.00678349  -0.00790669  -0.00910441
-0.00071111 -0.00147247 -0.00228667 -0.00315644 -0.00408485 -0.00507527 -0.00613151  -0.0072578 -0.00845886 -0.00973992
-0.00076175 -0.00157675 -0.00244782 -0.00337799 -0.00437064 -0.00542951  -0.0065588 -0.00776318 -0.00904781  -0.0104184
-0.000815443   -0.0016874  -0.00261901  -0.00361359  -0.00467491  -0.00580708  -0.00701474  -0.00830299  -0.00967749   -0.0111445
-0.00087261 -0.00180552 -0.00280222 -0.00386638 -0.00500216 -0.00621407 -0.00750717 -0.00888701  -0.0103598  -0.0119322
-0.000933598  -0.00193167  -0.00299807  -0.00413686  -0.00535258  -0.00665017  -0.00803514  -0.00951354    -0.011092   -0.0127779
 -0.0009988 -0.00206666 -0.00320781 -0.00442672 -0.00572835 -0.00711808 -0.00860191  -0.0101864  -0.0118788   -0.013687
-0.00106863 -0.00221133 -0.00343275 -0.00473776 -0.00613177 -0.00762064 -0.00921088  -0.0109096  -0.0127246  -0.0146645
-0.00114352 -0.00236657 -0.00367424 -0.00507183 -0.00656525 -0.00816084 -0.00986567  -0.0116874  -0.0136346  -0.0157164
-0.00122392 -0.00253332 -0.00393374 -0.00543095 -0.00703135 -0.00874186  -0.0105701  -0.0125244  -0.0146139  -0.0168486
-0.00131032 -0.00271258 -0.00421278 -0.00581722 -0.00753282 -0.00936708  -0.0113282  -0.0134253  -0.0156682  -0.0180677
-0.00140323 -0.00290538 -0.00451299 -0.00623288 -0.00807255  -0.0100401  -0.0121445  -0.0143954  -0.0168035  -0.0193805
-0.00150319 -0.00311287 -0.00483612 -0.00668034 -0.00865364  -0.0107648  -0.0130234  -0.0154401  -0.0180263  -0.0207945
-0.00161078 -0.00333623 -0.00518401 -0.00716214 -0.00927939  -0.0115452  -0.0139701  -0.0165654  -0.0193434  -0.0223177
-0.00172661 -0.00357673 -0.00555865 -0.00768102 -0.00995334  -0.0123859  -0.0149898  -0.0177775  -0.0207622  -0.0239586
-0.00185135 -0.00383574 -0.00596214  -0.0082399  -0.0106793  -0.0132914  -0.0160882  -0.0190832  -0.0222906  -0.0257262
 -0.0019857 -0.00411472 -0.00639675 -0.00884191  -0.0114613  -0.0142668  -0.0172715  -0.0204898  -0.0239371  -0.0276305
-0.00213041 -0.00441523 -0.00686491  -0.0094904  -0.0123037  -0.0153175  -0.0185462  -0.0220051  -0.0257109  -0.0296819
-0.00228629 -0.00473894 -0.00736924   -0.010189  -0.0132111  -0.0164495  -0.0199194  -0.0236374  -0.0276216  -0.0318918
-0.00245421 -0.00508765 -0.00791251  -0.0109415  -0.0141886  -0.0176688  -0.0213986  -0.0253958    -0.02968  -0.0342723
-0.00263509 -0.00546329 -0.00849772  -0.0117522  -0.0152416  -0.0189823   -0.022992  -0.0272899  -0.0318971  -0.0368365
-0.00282995 -0.00586792 -0.00912811  -0.0126254  -0.0163759  -0.0203972  -0.0247083  -0.0293301  -0.0342853  -0.0395985
-0.00303983 -0.00630378 -0.00980713  -0.0135659  -0.0175976  -0.0219211  -0.0265569  -0.0315276  -0.0368576  -0.0425734
-0.00326591 -0.00677325  -0.0105385   -0.014579  -0.0189135  -0.0235624   -0.028548  -0.0338944   -0.039628  -0.0457774
-0.00350942 -0.00727889  -0.0113262    -0.01567  -0.0203307  -0.0253302  -0.0306924  -0.0364434  -0.0426117  -0.0492281
-0.00377169 -0.00782349  -0.0121746  -0.0168451   -0.021857   -0.027234  -0.0330018  -0.0391886   -0.045825  -0.0529444
-0.00405414 -0.00840999  -0.0130882  -0.0181106  -0.0235007  -0.0292842  -0.0354888  -0.0421448  -0.0492855  -0.0569467
-0.00435833 -0.00904161  -0.0140721  -0.0194734  -0.0252708   -0.031492  -0.0381669  -0.0453284  -0.0530121   -0.061257
 -0.0046859 -0.00972178  -0.0151317  -0.0209409  -0.0271769  -0.0338694  -0.0410509  -0.0487567  -0.0570255  -0.0658993
-0.00503865  -0.0104542  -0.0162726   -0.022521  -0.0292293  -0.0364294  -0.0441565  -0.0524487  -0.0613478  -0.0708993
-0.00541849  -0.0112429  -0.0175011  -0.0242225  -0.0314393  -0.0391861  -0.0475008  -0.0564248  -0.0660031  -0.0762848
-0.00582748   -0.012092  -0.0188238  -0.0260546  -0.0338191  -0.0421547  -0.0511025  -0.0607072  -0.0710173  -0.0820859
-0.00626785  -0.0130063  -0.0202481  -0.0280274  -0.0363817  -0.0453517  -0.0549816  -0.0653197  -0.0764184   -0.088335
-0.00674202  -0.0139909  -0.0217818   -0.030152  -0.0391419  -0.0487953  -0.0591602  -0.0702886  -0.0822372  -0.0950677
-0.00725278  -0.0150517  -0.0234348  -0.0324422  -0.0421179   -0.052509  -0.0636673  -0.0756489   -0.088515   -0.102332
-0.00780302  -0.0161945  -0.0252157  -0.0349099  -0.0453245  -0.0565105  -0.0685237  -0.0814248  -0.0952796    -0.11016
-0.00839586  -0.0174259  -0.0271346  -0.0375688  -0.0487796  -0.0608222  -0.0737568  -0.0876485   -0.102569   -0.118594
-0.00903465  -0.0187527  -0.0292023  -0.0404339  -0.0525027  -0.0654683  -0.0793955  -0.0943546   -0.110422   -0.127682
-0.00972294  -0.0201824  -0.0314302   -0.043521  -0.0565143  -0.0704743   -0.085471    -0.10158   -0.118884   -0.137472
-0.0104646 -0.0217229 -0.0338308 -0.0468474 -0.0608368 -0.0758681 -0.0920168  -0.109365     -0.128  -0.148019
-0.0112637 -0.0233827 -0.0364174 -0.0504313 -0.0654937 -0.0816791 -0.0990688   -0.11775   -0.13782  -0.159381
-0.0121247 -0.0251711 -0.0392042 -0.0542925 -0.0705108 -0.0879392  -0.106665  -0.126783  -0.148397  -0.171617
-0.0130524 -0.0270978 -0.0422064 -0.0584521 -0.0759152 -0.0946822  -0.114847  -0.136512  -0.159788  -0.184795
-0.0140518 -0.0291734 -0.0454404 -0.0629324  -0.081736  -0.101944  -0.123659  -0.146989  -0.172055  -0.198986
-0.0151281 -0.0314084 -0.0489223 -0.0677557 -0.0880016  -0.109761  -0.133142  -0.158264  -0.185255  -0.214255
-0.0162872 -0.0338152 -0.0526716  -0.072949 -0.0947477  -0.118176  -0.143351  -0.170402  -0.199466  -0.230697
-0.0175352 -0.0364065 -0.0567083 -0.0785401   -0.10201  -0.127235  -0.154342  -0.183469  -0.214768  -0.248403
-0.0188789 -0.0391964  -0.061054 -0.0845592  -0.109829  -0.136988  -0.166175  -0.197539  -0.231245  -0.267469
-0.0203254 -0.0421996  -0.065732 -0.0910383  -0.118244  -0.147486  -0.178914   -0.21269  -0.248989  -0.287978
-0.0218826 -0.0454325 -0.0707676 -0.0980128  -0.127304   -0.15879  -0.192633  -0.229005  -0.268075   -0.29769
 -0.023559 -0.0489128 -0.0761885  -0.105522   -0.13706  -0.170965  -0.207408  -0.246556  -0.276256  -0.288396
-0.0253637 -0.0526595 -0.0820252  -0.113608  -0.147569  -0.184078  -0.223301  -0.253084  -0.265314  -0.259994
-0.0273066 -0.0566938 -0.0883111  -0.122319  -0.158887   -0.19818  -0.228043   -0.24036  -0.235135  -0.212291
-0.0293986 -0.0610382 -0.0950815  -0.131698  -0.171051  -0.200985  -0.213383  -0.208247  -0.185499  -0.144994
-0.0316509 -0.0657156  -0.102366  -0.141764  -0.171754  -0.184219  -0.179159  -0.156494  -0.116079 -0.0700032
-0.0340752 -0.0707442  -0.110172  -0.140202  -0.152716  -0.147713  -0.125114 -0.0847697 -0.0387717 0.00491342
 -0.0366823  -0.0761333   -0.106199    -0.11876   -0.113816  -0.0912861  -0.0510205 -0.00510818   0.0384846   0.0799962
-0.0394835 -0.0696076 -0.0822597 -0.0774357 -0.0550556 -0.0149657  0.0307476  0.0741219   0.115398   0.154824
-0.0301674 -0.0429058 -0.0382154  -0.016018   0.023843  0.0692857   0.112351   0.153286   0.192344   0.229777
  -0.012691 -0.00790516   0.0144472   0.0545176    0.100227    0.143606    0.184898    0.224349    0.262208    0.298718
0.00483475   0.027285  0.0675139   0.113438    0.15709   0.198702   0.238518   0.276778   0.313723   0.349585
0.0225052 0.0628428  0.108944  0.152833  0.194744  0.234913  0.273575  0.310961    0.3473  0.382816
0.0404151 0.0866682  0.130799  0.173035  0.213612  0.252755  0.290688   0.32763  0.363796  0.399395
0.0463457 0.0906623  0.133194  0.174171  0.213818  0.252349  0.289971  0.326887  0.363297  0.399396
0.0443212 0.0868614  0.127854   0.16752  0.206074  0.243725  0.280674   0.31712  0.353258  0.389282
0.0425459  0.083549  0.123233  0.161811  0.199492  0.236476  0.272962  0.309144  0.345216   0.38137
0.0410093 0.0807051  0.119303  0.157009  0.194026   0.23055  0.266776  0.302896  0.339102  0.375587
0.0397025 0.0783131   0.11604  0.153085  0.189644  0.225912  0.262079  0.298337  0.334878  0.371897
0.0386178  0.076359  0.113426  0.150016  0.186321  0.222532  0.258841  0.295439  0.332518  0.370276
0.0377489  0.074831  0.111445  0.147782  0.184034  0.220392  0.257044  0.294184  0.332006  0.370712
0.0370904   0.07372  0.110083  0.146371  0.182772  0.219475  0.256674  0.294561  0.333337  0.373205
0.0366384  0.073019  0.109334  0.145772  0.182523  0.219777  0.257727  0.296572  0.336515  0.377765
  0.03639 0.0727235  0.109191  0.145982  0.183286  0.221296  0.260208  0.300225  0.341556  0.384417
0.0363435  0.072831  0.109653     0.147  0.185064  0.224039  0.264128  0.305538  0.348485  0.393193
0.0364984 0.0733422  0.110723  0.148833  0.187867  0.228025  0.269514  0.312547  0.357349  0.404153
0.0368554 0.0742594  0.112406  0.151489  0.191709  0.233271  0.276388  0.321282  0.368186  0.417344
0.0374163  0.075587  0.114709  0.154982   0.19661  0.239805  0.284788  0.331789  0.381054  0.432837
0.0381838  0.077332  0.117646   0.15933  0.202595  0.247661  0.294757  0.344126  0.396021  0.450715
0.0391621 0.0795035  0.121231  0.164556  0.209696  0.256881   0.30635  0.358356  0.413169  0.471072
0.0403562 0.0821131  0.125484  0.170688  0.217952  0.267514  0.319627  0.374557  0.432588   0.49402
0.0417725 0.0851745  0.130427  0.177758  0.227405  0.279617  0.334661  0.392816  0.454383  0.519683
0.0434185 0.0887042  0.136087  0.185805  0.238107  0.293255  0.351531   0.41323  0.478673  0.548203
0.0453031 0.0927209  0.142494  0.194871  0.250114  0.308501  0.370327  0.435911  0.505592  0.579732
0.0474362  0.097246  0.149682  0.205004  0.263491  0.325436  0.391154  0.460983  0.535284  0.614419
0.0498292  0.102303  0.157688  0.216258  0.278307  0.344149   0.41412  0.488576  0.567879  0.639487
0.0524947   0.10792  0.166555  0.228693  0.294647  0.364748  0.439354  0.518823  0.590607  0.646416
0.0554471  0.114126  0.176334  0.242381  0.312601  0.387346  0.466973  0.538932  0.594928  0.635195
0.0587023  0.120956  0.187076  0.257396  0.332266  0.412041  0.484166  0.540346  0.580811  0.605718
0.062278 0.128446 0.198843 0.273816 0.353721 0.425997 0.482351 0.523006 0.548119  0.55777
0.0661933  0.136637  0.211687  0.291695    0.3641  0.420605  0.461433  0.486737  0.496594  0.490999
0.0704685  0.145565  0.225648  0.298152  0.354782  0.395758  0.421229  0.431271  0.425875  0.404949
0.0751246   0.15526  0.227848  0.284589  0.325705  0.351342  0.361571  0.356382  0.335679  0.299278
0.0801836  0.152863  0.209748  0.251056  0.276933  0.287445  0.282577  0.262227  0.226207  0.174241
0.0727404  0.129748  0.171246  0.197383  0.208221  0.203739  0.183829  0.148295 0.0968531 0.0305521
 0.0569741  0.0984032   0.124427   0.135111   0.130435   0.110296   0.074499  0.0227689 -0.0438444  -0.105657
 0.0413934  0.0673436  0.0779076  0.0730686  0.0527224  0.0166819 -0.0353267  -0.102247  -0.164392  -0.222164
 0.0259113  0.0363955  0.0314262  0.0109037 -0.0253601 -0.0776325  -0.144855  -0.207333  -0.265464  -0.319653
 0.0104417 0.00538607 -0.0152771 -0.0517313  -0.104245  -0.171753  -0.234556  -0.293046  -0.347623  -0.398682
-0.00510045  -0.0258553  -0.0624591   -0.115175   -0.184335   -0.257429   -0.326253   -0.391199   -0.452657    -0.51101
-0.0208029 -0.0575038  -0.110377   -0.17975  -0.253116  -0.322259  -0.387569  -0.449429  -0.508215  -0.564292
-0.0367512 -0.0897257  -0.159262  -0.232851  -0.302275  -0.367916  -0.430153  -0.489354   -0.54588  -0.600076
-0.0530313   -0.12268  -0.196452  -0.266122  -0.332073  -0.394676  -0.454293  -0.511277  -0.565968  -0.618693
-0.0697298  -0.143659  -0.213582  -0.279871  -0.342898  -0.403016   -0.46057  -0.515887  -0.569289  -0.621081
-0.0740262  -0.144142  -0.210739  -0.274185  -0.334829  -0.393005  -0.449032  -0.503217  -0.555856  -0.607235
-0.0701207  -0.136726  -0.200185  -0.260847  -0.319047  -0.375101  -0.429317   -0.48199  -0.533406  -0.583846
-0.0666108  -0.130081  -0.190761  -0.248983  -0.305067  -0.359318   -0.41203   -0.46349  -0.513977  -0.563765
-0.0634761  -0.124168   -0.18241   -0.23852  -0.292803  -0.345553  -0.397057  -0.447592  -0.497431  -0.546844
-0.0606986  -0.118954  -0.175084  -0.229396  -0.282182  -0.333728  -0.384311  -0.434203  -0.483672  -0.532986
-0.0582623  -0.114407  -0.168742  -0.221559  -0.273144  -0.323772  -0.373717  -0.423244  -0.472619  -0.522108
-0.0561531  -0.110503  -0.163345  -0.214963  -0.265634  -0.315628  -0.365212  -0.414651  -0.464207  -0.514146
-0.0543586  -0.107218  -0.158863   -0.20957   -0.25961  -0.309248  -0.358747  -0.408371  -0.458384  -0.509051
-0.0528683  -0.104532  -0.155268  -0.205347  -0.255034  -0.304592  -0.354282  -0.404368  -0.455114  -0.506791
-0.0516734  -0.102429   -0.15254  -0.202269   -0.25188  -0.301633   -0.35179  -0.402615  -0.454376  -0.507349
-0.0507667  -0.100898  -0.150661  -0.200317  -0.250127  -0.300351  -0.351253  -0.403099  -0.456163  -0.510725
 -0.050143 -0.0999289  -0.149622  -0.199481  -0.249768  -0.300743  -0.352673  -0.405828   -0.46049  -0.516945
-0.0497984 -0.0995156  -0.149414  -0.199754  -0.250795  -0.302803  -0.356049  -0.410809   -0.46737   -0.52603
-0.0497305 -0.0996552  -0.150036  -0.201134  -0.253214  -0.306543  -0.361398  -0.418065  -0.476838  -0.538027
-0.0499387  -0.100348   -0.15149   -0.20363  -0.257035  -0.311979  -0.368748  -0.427633  -0.488943  -0.552998
-0.0504238  -0.101596  -0.153783  -0.207252  -0.262277   -0.31914  -0.378135  -0.439564  -0.503748  -0.571022
-0.051188 -0.103406 -0.156926 -0.212019 -0.268968 -0.328064 -0.389609  -0.45392 -0.521331 -0.592195
-0.0522351  -0.105788  -0.160935  -0.217957  -0.277143  -0.338796  -0.403229  -0.470776  -0.541785   -0.61663
-0.0535706  -0.108753  -0.165832  -0.225095  -0.286844  -0.351392  -0.419069  -0.490222  -0.565222  -0.644463
-0.0552015  -0.112318  -0.171641  -0.233472  -0.298123  -0.365921  -0.437212  -0.512364  -0.591769  -0.675841
-0.0571362    -0.1165  -0.178395  -0.243132  -0.311039  -0.382458  -0.457757  -0.537323  -0.621569  -0.710909
-0.0593847  -0.121321  -0.186126  -0.254123  -0.325658  -0.401091  -0.480811  -0.565226  -0.654749  -0.735685
-0.0619591  -0.126808  -0.194877  -0.266508  -0.342063  -0.421926  -0.506505  -0.596208  -0.677337  -0.740844
-0.064873 -0.132989 -0.204696 -0.280353 -0.360346 -0.445077 -0.534954 -0.616272 -0.679984 -0.726357
-0.0681419  -0.139899  -0.215637  -0.295738  -0.380606  -0.470643  -0.552143  -0.616057  -0.662646  -0.692098
-0.0717836  -0.147574  -0.227759  -0.312739  -0.402919  -0.484585  -0.548687  -0.595485  -0.625163  -0.637819
-0.0758174  -0.156055  -0.241119  -0.331411  -0.413218  -0.477486  -0.524473  -0.554359   -0.56724  -0.563124
-0.0802643   -0.16538  -0.255754  -0.337669  -0.402074  -0.449222  -0.479292  -0.492375  -0.488477  -0.467507
-0.0851458  -0.175578  -0.257584  -0.322112  -0.369413  -0.399664  -0.412953  -0.409281  -0.388555  -0.350583
-0.0904847  -0.172591  -0.237276  -0.284788  -0.315301    -0.3289   -0.32558   -0.30524  -0.267685  -0.212624
-0.0821739  -0.146992  -0.194712   -0.22551  -0.239465  -0.236567  -0.216708  -0.179685  -0.125198  -0.069091
-0.0647813  -0.112426    -0.1431  -0.156888  -0.153778  -0.133669 -0.0963595 -0.0415576  0.0148897  0.0661479
-0.0476055 -0.0781992 -0.0918555 -0.0885677 -0.0682333 -0.0306579  0.0244477  0.0812302    0.13285   0.179741
-0.0305508 -0.0441197 -0.0406898 -0.0201627  0.0176564  0.0730497   0.130161   0.182144   0.229426   0.272439
 -0.0135222 -0.00999754   0.0106832   0.0487102    0.104366    0.161789    0.214128      0.2618    0.305236    0.344859
0.00357219  0.0243517  0.0625405   0.118417   0.192333   0.270607   0.344263   0.413719   0.479397   0.541704
0.0208317 0.0591263  0.115174  0.189323  0.267892  0.341896  0.411749  0.477863  0.540642  0.600476
0.0383493 0.0945069  0.168834  0.247646  0.321955  0.392169  0.458694  0.521925  0.582248  0.640032
0.0562193  0.130668   0.20968  0.284258   0.35481  0.421732  0.485417  0.546238   0.60456  0.660735
0.0745369  0.153721  0.228573  0.299493   0.36688  0.431109  0.492551  0.551557  0.608469  0.663614
0.0792893  0.154353  0.225608   0.29345  0.358254  0.420375  0.480154   0.53792  0.593987  0.648663
0.0750678  0.146332  0.214188   0.27901  0.341155  0.400963   0.45876  0.514863  0.569576  0.623198
 0.07127 0.139137 0.203978 0.266146 0.325985 0.383818 0.439962  0.49472 0.548391 0.601266
0.0678737  0.132726  0.194915   0.25478  0.312647  0.368831  0.423635  0.477356  0.530284  0.582706
0.0648595  0.127062  0.186949  0.244845  0.301066  0.355913  0.409684  0.462667  0.515148   0.56741
 0.06221 0.122112 0.180032 0.236285 0.291173 0.344991 0.398029  0.45057 0.502896 0.555288
0.0599098  0.117846  0.174125  0.229048  0.282911     0.336    0.3886  0.440991  0.493454  0.546268
0.0579455  0.114242  0.169193  0.223093   0.27623  0.328886  0.381342  0.433875  0.486766  0.540296
0.0563056  0.111276  0.165206  0.218384  0.271092  0.323608   0.37621  0.429177  0.482789  0.537332
0.0549804  0.108931  0.162142  0.214894  0.267465  0.320133  0.373174  0.426868    0.4815  0.537358
0.0539621  0.107195  0.159981    0.2126  0.265327  0.318439  0.372213  0.426933  0.482886  0.540369
0.0532446  0.106055  0.158712  0.211491  0.264667  0.318518  0.373325  0.429375  0.486962   0.54639
0.0528235  0.105506  0.158325  0.211557  0.265477  0.320366  0.376509  0.434199  0.493738  0.555439
0.0526961  0.105543  0.158818  0.212797   0.26776  0.323991   0.38178  0.441429  0.503249  0.567564
0.0528613  0.106165  0.160191  0.215217  0.271527  0.329409  0.389164  0.451101  0.515543  0.582826
0.0533196  0.107376  0.162452  0.218828  0.276795  0.336649  0.398699  0.463266  0.530684  0.601306
0.0540731  0.109181   0.16561  0.223648  0.283592  0.345748  0.410435  0.477986  0.548751  0.623102
0.0551256  0.111589  0.169683  0.229703  0.291954  0.356753  0.424432  0.495339  0.569842  0.648331
0.0564824  0.114613  0.174692  0.237024  0.301924  0.369722  0.440765  0.515418  0.594069  0.677132
0.0581507  0.118269  0.180663  0.245649  0.313554  0.384724  0.459521  0.538331  0.621566  0.709658
0.060139 0.122575 0.187627 0.255623 0.326907 0.401838 0.480801 0.564205 0.652479  0.74606
0.0624578  0.127554   0.19562  0.266998  0.342049  0.421154  0.504718   0.59317  0.686942  0.771758
0.0651193  0.133232  0.204685  0.279837  0.359068  0.442782  0.531405  0.625366  0.710383  0.777027
0.0681376   0.13964  0.214871   0.29421  0.378059  0.466841  0.560983  0.646199  0.713057  0.761837
0.0715289  0.146813  0.226235  0.310198  0.399123  0.493434   0.57884  0.645908  0.694914  0.726057
0.0753115  0.154789  0.238839  0.327882  0.422341   0.50792  0.575186  0.624411  0.655789  0.669425
0.0795056  0.163611  0.252741  0.347318  0.433044  0.500483  0.549906  0.581502  0.595374  0.591531
0.0841328  0.173317  0.267979  0.353819  0.421401  0.470993  0.502781  0.516864  0.513251  0.491847
0.0892157  0.183938  0.269874  0.337584  0.387336  0.419313  0.433612  0.430235  0.409086  0.369971
0.0947779  0.180817  0.248692  0.298663  0.330915  0.345537  0.342527  0.321783  0.283103  0.226186
0.0861092  0.154122  0.204311   0.23686  0.251854  0.249286  0.229044  0.190919  0.134602 0.0656139
 0.0679748   0.118085   0.150505   0.165325   0.162537   0.142035   0.103613  0.0469684 -0.0223734 -0.0862833
  0.050069  0.0824054  0.0970892  0.0941155  0.0733797  0.0346813 -0.0222788 -0.0919687  -0.156255  -0.215585
 0.0322917  0.0468846  0.0437631  0.0228271 -0.0161245 -0.0733834  -0.143415  -0.208078  -0.267814  -0.323074
  0.0145442   0.0113242 -0.00977147   -0.048939   -0.106471   -0.176826   -0.241858   -0.302001   -0.357698   -0.409391
-0.00327041  -0.0244694  -0.0638053   -0.121565   -0.198116   -0.279187   -0.355418   -0.427244   -0.495098   -0.559405
-0.0212538    -0.0607  -0.118639  -0.195431  -0.276809  -0.353402   -0.42564  -0.493948  -0.558745  -0.620434
-0.0395036 -0.0975571  -0.174534  -0.256165  -0.333075  -0.405688  -0.474423   -0.53969  -0.601886  -0.661396
-0.058118 -0.135223 -0.217061  -0.29425 -0.367213 -0.436362   -0.5021 -0.564814 -0.624883 -0.682667
-0.0771963  -0.159214  -0.236688  -0.310035  -0.379665   -0.44597   -0.50933  -0.570109   -0.62866   -0.68532
-0.0821268  -0.159821  -0.233517  -0.303621  -0.370523  -0.434589  -0.496173  -0.555612  -0.613232  -0.669347
-0.0776989  -0.151403  -0.221521  -0.288441  -0.352531  -0.414142  -0.473612  -0.531266  -0.587418  -0.642374
-0.0737096  -0.143839  -0.210777   -0.27489  -0.336532  -0.396037  -0.453732  -0.509928  -0.564932  -0.619043
-0.0701358  -0.137086  -0.201219  -0.262887  -0.322426   -0.38016  -0.436401  -0.491455  -0.545619  -0.599187
-0.066957 -0.131104 -0.192794 -0.252362 -0.310132 -0.366417  -0.42152 -0.475739 -0.529365 -0.582688
-0.0641548  -0.125859  -0.185451  -0.243254  -0.299579  -0.354729  -0.409002  -0.462687  -0.516075  -0.569451
-0.0617129  -0.121321  -0.179149  -0.235509  -0.290703  -0.345027  -0.398772  -0.452224   -0.50567  -0.559396
-0.0596172  -0.117463  -0.173851  -0.229083  -0.283454  -0.337255   -0.39077  -0.444286  -0.498088  -0.552463
-0.0578554  -0.114262  -0.169524  -0.223936  -0.277788  -0.331364  -0.384949  -0.438827  -0.493283  -0.548608
-0.0564171    -0.1117  -0.166144   -0.22004  -0.273672  -0.327321  -0.381273  -0.435811  -0.491224  -0.547806
-0.0552937   -0.10976  -0.163691   -0.21737  -0.271079  -0.325101  -0.379718  -0.435219  -0.491896  -0.550049
-0.0544788  -0.108433   -0.16215  -0.215911  -0.269997  -0.324691  -0.380279  -0.437052  -0.495309  -0.555356
-0.0539673   -0.10771  -0.161511  -0.215653  -0.270416  -0.326086  -0.382952  -0.441311  -0.501469  -0.563744
-0.0537561  -0.107585   -0.16177  -0.216592  -0.272335  -0.329289  -0.387747  -0.448015  -0.510408  -0.575253
-0.0538434  -0.108057  -0.162926  -0.218732  -0.275764  -0.334316   -0.39469    -0.4572  -0.522171  -0.589945
-0.0542294  -0.109129  -0.164984  -0.222083  -0.280719  -0.341192  -0.403815  -0.468911  -0.536819  -0.607894
-0.0549158  -0.110804  -0.167956  -0.226663  -0.287225  -0.349954   -0.41517   -0.48321  -0.554428  -0.629196
-0.055906 -0.113092 -0.171855 -0.232493 -0.295317 -0.360645 -0.428814 -0.500172 -0.575093 -0.653967
-0.0572049  -0.116005  -0.176702  -0.239606  -0.305036  -0.373323  -0.444818  -0.519888  -0.598924  -0.682341
-0.0588194  -0.119556  -0.182523  -0.248038  -0.316432  -0.388054  -0.463268  -0.542463  -0.626052  -0.714471
-0.0607578  -0.123766  -0.189347  -0.257832  -0.329567  -0.404916  -0.484264  -0.568021  -0.656622  -0.750503
-0.0630301  -0.128655   -0.19721   -0.26904  -0.344508  -0.423997  -0.507916  -0.596694  -0.690766   -0.77586
-0.0656484   -0.13425  -0.206155  -0.281723  -0.361339  -0.445407  -0.534356  -0.628616  -0.713912  -0.780817
-0.0686266   -0.14058  -0.216228  -0.295951  -0.380155  -0.469263  -0.563704  -0.649198  -0.716317  -0.765341
-0.0719805  -0.147681  -0.227488  -0.311805  -0.401055  -0.495665   -0.58135  -0.648678  -0.697929  -0.729301
-0.0757282   -0.15559  -0.239994  -0.329363  -0.424121  -0.509978  -0.577504  -0.626973  -0.658581  -0.672433
-0.0798898  -0.164349  -0.253805  -0.348681  -0.434686  -0.502385  -0.552051  -0.583876  -0.597964  -0.594325
-0.0844868  -0.173996  -0.268958  -0.355076  -0.422918  -0.472753   -0.50477  -0.519069  -0.515659  -0.494447
-0.0895413  -0.184563  -0.270776  -0.338746  -0.388741  -0.420947  -0.435461  -0.432288  -0.411332  -0.372398
-0.0950769  -0.181394  -0.249528  -0.299742  -0.332223   -0.34706  -0.344253  -0.323701  -0.285202  -0.228458
-0.0863863  -0.154659  -0.205091  -0.237868  -0.253077  -0.250711  -0.230661  -0.192718  -0.136573  -0.061841
 -0.068234  -0.118587  -0.151235   -0.16627  -0.163684  -0.143374  -0.105134 -0.0486619  0.0264239  0.0999638
-0.0503119 -0.0828765 -0.0977751 -0.0950039 -0.0744596 -0.0359429  0.0208445   0.096278   0.170194   0.239165
  -0.03252 -0.0473277 -0.0444089 -0.0236645  0.0151054  0.0721915   0.147966   0.222259   0.291636   0.356548
-0.0147592 -0.0117421 0.00916176  0.0481474   0.105507   0.181603   0.256265   0.326049   0.391398   0.452752
0.00306798  0.0240761  0.0632318   0.120821   0.197209   0.278129   0.354219   0.425914   0.493648   0.557844
0.0210632 0.0603294  0.118098  0.194727  0.275954  0.352405  0.424513  0.492701  0.557387  0.618974
0.0393238 0.0972069  0.174022  0.255501  0.332271  0.404753  0.473368  0.538523  0.600617  0.660032
0.057948 0.134891 0.216577 0.293626 0.366459 0.435487 0.501114 0.563726   0.6237 0.681397
0.077035   0.1589 0.236235 0.309451 0.378962 0.445155 0.508413 0.569097  0.62756  0.68414
0.0819751  0.159529  0.233095  0.303079  0.369869  0.433833  0.495323  0.554674  0.612213  0.668254
0.0775587  0.151133  0.221131   0.28794  0.351927  0.413444  0.472827    0.5304  0.586478  0.641366
 0.07358  0.14359 0.210417 0.274428 0.335975 0.395393 0.453007  0.50913 0.564066 0.618114
0.0700161  0.136855  0.200887   0.26246  0.321912  0.379566  0.435733  0.490719  0.544821  0.598331
0.0668466  0.130892  0.192487  0.251968  0.309659   0.36587  0.420905  0.475061   0.52863  0.581901
0.0640529  0.125663  0.185169  0.242891  0.299142  0.354225  0.408435  0.462064    0.5154  0.568728
0.0616191  0.121141  0.178889  0.235175  0.290302  0.344564  0.398252  0.451652   0.50505  0.558733
0.0595308  0.117297  0.173611  0.228776  0.283085  0.336829  0.390293  0.443762  0.497521  0.551856
0.057776 0.114109 0.169304 0.223655  0.27745 0.330975 0.384512 0.438347 0.492764 0.548054
0.0563442   0.11156  0.165943  0.219782  0.273362  0.326965  0.380874  0.435373  0.490751  0.547302
0.055227 0.109632 0.163507 0.217134 0.270797 0.324775 0.379354 0.434821 0.491466 0.549592
0.0544178  0.108316  0.161982  0.215696   0.26974  0.324396  0.379949  0.436691   0.49492  0.554943
0.0539117  0.107603  0.161358  0.215458  0.270183  0.325818  0.382653  0.440985  0.501119  0.563373
0.0537055  0.107488  0.161631  0.216415  0.272125  0.329047  0.387479  0.447723  0.510095  0.574922
0.0537977   0.10797  0.162801  0.218573  0.275575    0.3341   0.39445  0.456939  0.521893  0.589651
0.0541882   0.10905  0.164872  0.221941   0.28055     0.341  0.403602   0.46868  0.536574  0.607637
0.0548789  0.110734  0.167856  0.226536  0.287076  0.349784  0.414983  0.483008  0.554215  0.628974
0.0558731   0.11303  0.171767  0.232382  0.295185  0.360497  0.428651  0.499998  0.574909  0.653777
0.0571758   0.11595  0.176625  0.239509  0.304921  0.373195  0.444678  0.519739  0.598769  0.682184
0.0587939  0.119508  0.182456  0.247954  0.316335  0.387945  0.463151   0.54234  0.625926  0.714344
0.0607358  0.123725   0.18929  0.257761  0.329486  0.404826  0.484168  0.567923  0.656523  0.750406
0.0630114  0.128621  0.197163  0.268982  0.344442  0.423925  0.507841  0.596619  0.690693   0.77579
0.0656329  0.134222  0.206116  0.281677  0.361288  0.445353  0.534302  0.628565  0.713863  0.780767
0.0686141  0.140558  0.216199  0.295917  0.380118  0.469226  0.563671  0.649167  0.716285  0.765307
0.0719711  0.147665  0.227467  0.311782  0.401033  0.495646  0.581333  0.648662   0.69791  0.729276
0.0757217  0.155579  0.239982  0.329351  0.424113  0.509974    0.5775  0.626966  0.658568  0.672413
0.079886 0.164344 0.253801 0.348681 0.434689 0.502389 0.552053 0.583873 0.597953 0.594303
0.0844857  0.173997  0.268962  0.355084  0.422927   0.47276  0.504773  0.519065  0.515644  0.494419
0.0895428  0.184569  0.270786  0.338758  0.388752  0.420953   0.43546  0.432276  0.411307  0.372358
0.0950813  0.181403  0.249539  0.299753   0.33223   0.34706  0.344243  0.323678  0.285164  0.228402
0.0863922  0.154667  0.205099  0.237873  0.253076  0.250701  0.230638   0.19268  0.136517 0.0617626
 0.0682374   0.118591   0.151236   0.166266    0.16367   0.143348   0.105093  0.0486025 -0.0265049 -0.0988385
 0.0503129  0.0828752  0.0977683  0.0949886  0.0744325  0.0359009 -0.0209047 -0.0963596  -0.169069  -0.236832
 0.0325184  0.0473212  0.0443943  0.0236385  -0.015146 -0.0722501  -0.148046  -0.221132  -0.289302  -0.353003
  0.0147548   0.0117301 -0.00918485  -0.0481849   -0.105562   -0.181679   -0.255135    -0.32371    -0.38785   -0.447993
-0.00307522  -0.0240937  -0.0632626   -0.120868   -0.197276   -0.278215   -0.354324   -0.426036   -0.493785   -0.557994
-0.0210731 -0.0603521  -0.118136  -0.194785  -0.276032  -0.352502  -0.424626  -0.492829  -0.557529  -0.619127
-0.0393363 -0.0972351  -0.174069  -0.255568  -0.332356  -0.404855  -0.473485  -0.538654   -0.60076  -0.660185
-0.0579634  -0.134925  -0.216631  -0.293698  -0.366548  -0.435591  -0.501231  -0.563855   -0.62384  -0.681547
-0.0770534  -0.158939  -0.236291  -0.309524  -0.379049  -0.445256  -0.508526  -0.569222  -0.627695  -0.684283
-0.081995 -0.159567 -0.233149 -0.303149 -0.369953 -0.433929 -0.495429 -0.554791 -0.612338 -0.668386
-0.0775769  -0.151168  -0.221181  -0.288004  -0.352003  -0.413531  -0.472923  -0.530505   -0.58659  -0.641484
-0.0735966  -0.143621  -0.210462  -0.274485  -0.336043  -0.395471  -0.453094  -0.509223  -0.564166  -0.618219
-0.0700312  -0.136884  -0.200928  -0.262512  -0.321974  -0.379636   -0.43581  -0.490802  -0.544909  -0.598423
-0.0668601  -0.130917  -0.192524  -0.252015  -0.309713  -0.365931  -0.420973  -0.475134  -0.528707  -0.581981
-0.064065 -0.125686 -0.185201 -0.242932  -0.29919 -0.354279 -0.408494 -0.462127 -0.515465 -0.568795
-0.0616298  -0.121161  -0.178918  -0.235211  -0.290344   -0.34461  -0.398302  -0.451705  -0.505105  -0.558788
-0.0595402  -0.117314  -0.173636  -0.228806  -0.283121  -0.336868  -0.390335  -0.443805  -0.497564  -0.551899
-0.0577841  -0.114125  -0.169326  -0.223681   -0.27748  -0.331007  -0.384546  -0.438381  -0.492798  -0.548086
-0.0563511  -0.111572  -0.165961  -0.219803  -0.273386   -0.32699    -0.3809  -0.435398  -0.490774  -0.547322
-0.0552328  -0.109643  -0.163521  -0.217151  -0.270815  -0.324794  -0.379373  -0.434837  -0.491479  -0.549599
-0.0544225  -0.108325  -0.161993  -0.215708  -0.269753  -0.324408  -0.379959  -0.436697  -0.494921  -0.554936
-0.0539153  -0.107609  -0.161366  -0.215466   -0.27019  -0.325823  -0.382655  -0.440981  -0.501107  -0.563349
-0.053708 -0.107492 -0.161636 -0.216419 -0.272126 -0.329045 -0.387471 -0.447707 -0.510068  -0.57488
-0.0537991  -0.107972  -0.162802  -0.218572   -0.27557  -0.334089  -0.394432  -0.456909  -0.521848  -0.589587
-0.0541885   -0.10905   -0.16487  -0.221935  -0.280538  -0.340979   -0.40357  -0.468633  -0.536506  -0.607544
-0.0548778   -0.11073  -0.167848  -0.226521  -0.287051  -0.349746  -0.414928  -0.482932  -0.554111  -0.628837
-0.0558702  -0.113022  -0.171751  -0.232356  -0.295145  -0.360438  -0.428569  -0.499887  -0.574763  -0.653589
-0.0571706  -0.115936    -0.1766  -0.239469  -0.304862   -0.37311  -0.444563  -0.519587  -0.598573  -0.681935
-0.0587857  -0.119488   -0.18242  -0.247897  -0.316251  -0.387829  -0.462996  -0.542139  -0.625671  -0.714026
-0.0607237  -0.123696   -0.18924  -0.257684  -0.329374  -0.404674  -0.483968  -0.567667  -0.656202  -0.750011
-0.0629948  -0.128582  -0.197097  -0.268882  -0.344301  -0.423736  -0.507595  -0.596307  -0.690307  -0.775322
-0.0656111  -0.134172  -0.206032  -0.281552  -0.361114  -0.445123  -0.534005  -0.628193  -0.713409  -0.780225
-0.0685864  -0.140496  -0.216095  -0.295764  -0.379908   -0.46895  -0.563318  -0.648732  -0.715762  -0.764689
-0.0719367  -0.147589  -0.227342  -0.311599  -0.400783   -0.49532  -0.580924  -0.648163  -0.697317  -0.728581
-0.0756801  -0.155488  -0.239833  -0.329135   -0.42382  -0.509597  -0.577034  -0.626405  -0.657904  -0.671638
-0.0798365  -0.164236  -0.253626  -0.348429  -0.434353  -0.501963  -0.551531  -0.583247  -0.597216  -0.593447
-0.0844276  -0.173871  -0.268759  -0.354797   -0.42255  -0.472286  -0.504195  -0.518375  -0.514833  -0.493479
-0.0894755  -0.184424  -0.270557  -0.338438  -0.388334  -0.420431  -0.434826  -0.431521  -0.410421  -0.371331
-0.0950038  -0.181241  -0.249286  -0.299402  -0.331774  -0.346491  -0.343552  -0.322856    -0.2842  -0.227285
-0.0863075  -0.154492  -0.204825  -0.237493  -0.252582  -0.250084   -0.22989  -0.191788  -0.135471 -0.0605518
-0.0681463  -0.118401  -0.150941  -0.165856  -0.163137  -0.142682  -0.104283 -0.0476378  0.0276363  0.0982812
-0.0502146 -0.0826707 -0.0974491 -0.0945454 -0.0738555 -0.0351795  0.0217817  0.0974044   0.168426   0.234521
-0.0324121 -0.0470998 -0.0440485 -0.0231583  0.0157713  0.0730318   0.148996   0.220396   0.286899   0.348953
-0.0146398 -0.0114904 0.00955927  0.0487049   0.106239   0.182526   0.254296   0.321206     0.3837   0.442218
0.00320084  0.0243554  0.0636717   0.121437   0.198016   0.279144   0.355461   0.427402   0.495401   0.559883
0.0212093 0.0606359   0.11858  0.195402  0.276838  0.353517  0.425871  0.494326    0.5593  0.621198
 0.039484 0.0975428   0.17455  0.256239  0.333237  0.405967   0.47485  0.540296  0.602702  0.662454
0.0581235  0.135259  0.217156  0.294433  0.367515  0.436813  0.502731  0.565657   0.62597  0.684032
0.077227 0.159304 0.236868 0.310334 0.380115 0.446601 0.510174 0.571199  0.63003 0.687005
0.0821866  0.159971  0.233787  0.304043  0.371127  0.435408   0.49724   0.55696  0.614897  0.671365
0.0777893  0.151614  0.221885  0.288989  0.353295  0.415155  0.474909  0.532882  0.589389   0.64474
0.0738311  0.144114  0.211236  0.275567   0.33746  0.397251  0.455266  0.511821  0.567222  0.621771
0.0702892  0.137425  0.201777  0.263697  0.323524   0.38158  0.438182  0.493635   0.54824   0.60229
0.0671431   0.13151  0.193453   0.25331  0.311405  0.368053  0.423558  0.478219  0.532331  0.586184
0.0643746  0.126334  0.186215  0.244344  0.301034  0.356589  0.411306   0.46548  0.519401  0.573358
0.0619677  0.121867  0.180023  0.236749  0.292349  0.347121  0.401357  0.455345  0.509375  0.563734
0.0599084  0.118083  0.174838  0.230478    0.2853  0.339594  0.393649  0.447752   0.50219  0.557253
0.0581847   0.11496  0.170632  0.225496  0.279843  0.333962  0.388137  0.442654  0.497803  0.553875
0.0567862  0.112479  0.167378  0.221771  0.275947   0.33019  0.384785  0.440019  0.496184  0.553575
0.0557048  0.110626  0.165056  0.219282  0.273587  0.328255  0.383572  0.439828  0.497319  0.556347
0.0549337  0.109389  0.163653  0.218011  0.272746  0.328141  0.384487  0.442076  0.501209  0.562199
0.0544682  0.108759  0.163159   0.21795  0.273417  0.329846   0.38753   0.44677  0.507872  0.571159
0.0543052  0.108733  0.163569  0.219096  0.275601  0.333375  0.392716  0.453932   0.51734  0.583273
0.054443 0.109309 0.164884 0.221454 0.279309 0.338745  0.40007 0.463598  0.52966 0.598601
0.0548821  0.110489   0.16711  0.225033  0.284556  0.345982  0.409627  0.475817  0.544895  0.617222
0.0556241  0.112279  0.170256  0.229853  0.291371  0.355123  0.421437  0.490652  0.563126  0.639237
0.0566728  0.114687   0.17434  0.235936  0.299787  0.366216  0.435562   0.50818  0.584448  0.664762
0.0580332  0.117725  0.179382  0.243315  0.309848  0.379317  0.452075  0.528496  0.608976  0.693938
0.0597125   0.12141  0.185408  0.252028  0.321607  0.394496  0.471065  0.551708  0.636846   0.72692
0.0617193   0.12576   0.19245  0.262121  0.335127  0.411834  0.492635  0.577946  0.668207  0.763863
0.0640641  0.130799  0.200544  0.273648  0.350479  0.431426  0.516904  0.607349  0.703204  0.790201
0.0667594  0.136553  0.209734   0.28667   0.36775  0.453383  0.544005  0.640055  0.727261  0.796203
0.0698196  0.143053  0.220071  0.301262  0.387035  0.477823   0.57406  0.661472  0.730637  0.781844
0.0732611  0.150334  0.231612  0.317504  0.408439  0.504852  0.592461  0.661843  0.713286  0.746998
0.0771025  0.158437   0.24442  0.335478  0.432045  0.519834  0.589421  0.641091  0.675048   0.69141
0.0813642  0.167404  0.258553  0.355243  0.443185  0.512953  0.564828  0.599012  0.615619  0.614673
0.0860686  0.177274  0.274053  0.362114  0.432031  0.484082  0.518467  0.535295  0.534587  0.516266
0.0912384   0.18808   0.27624  0.346291   0.39851  0.433091  0.450143  0.449682  0.431627  0.395795
0.0968981  0.185166  0.255385  0.307828  0.342692  0.360075  0.359991   0.34235  0.306965  0.253553
0.0883389    0.1587  0.211366  0.246532  0.264296  0.264662  0.247533  0.212715  0.159914 0.0887595
  0.0703246    0.122915    0.157957    0.175554    0.175708    0.158328    0.123224   0.0701071 -0.00138799  -0.0679549
  0.0525512   0.0875133    0.104978    0.104954   0.0873495   0.0519785 -0.00144226  -0.0732725   -0.140202   -0.201908
  0.0349194   0.0522971   0.0521306   0.0343331 -0.00128193  -0.0549909    -0.12715   -0.194443   -0.256542   -0.313874
   0.0173311    0.0170698 -0.000881533   -0.0367048   -0.0906773    -0.163147    -0.230797    -0.293288    -0.351043     -0.40448
-0.000310393   -0.0183621   -0.0543486    -0.108542    -0.181292    -0.258311    -0.330219    -0.397429    -0.460354    -0.519393
-0.0181047 -0.0541978  -0.108564  -0.181547  -0.258862  -0.331119  -0.398727  -0.462091  -0.521603  -0.577641
-0.0361487 -0.0906254  -0.163787  -0.241346  -0.313909  -0.381879  -0.445654  -0.505619  -0.562146   -0.61559
-0.0545394  -0.127825  -0.205584  -0.278416  -0.346725  -0.410899  -0.471318  -0.528346   -0.58233  -0.633602
-0.073375 -0.151309 -0.224419 -0.293101 -0.357744 -0.418716 -0.476372 -0.531047 -0.583065 -0.632731
-0.0780408  -0.151366  -0.220389  -0.285496   -0.34705  -0.405397  -0.460859  -0.513745  -0.564349  -0.612949
-0.0733273  -0.142353  -0.207465  -0.269027  -0.327382  -0.382855  -0.435753   -0.48637  -0.534984  -0.581865
-0.0690291  -0.134147  -0.195718  -0.254085  -0.309572  -0.362488  -0.413124  -0.461761  -0.508665  -0.554096
-0.0651212  -0.126698  -0.185076  -0.240577   -0.29351  -0.344167  -0.392826  -0.439756  -0.485214   -0.52945
-0.0615813  -0.119966  -0.175479  -0.228428  -0.279104  -0.327787  -0.374743   -0.42023  -0.464496  -0.507784
-0.058389  -0.11391 -0.166872 -0.217566 -0.266271 -0.313253 -0.358769 -0.403068  -0.44639 -0.488973
-0.0555261  -0.108497  -0.159205  -0.207929  -0.254936  -0.300481  -0.344813  -0.388171  -0.430792  -0.472907
-0.0529761  -0.103694  -0.152435  -0.199463  -0.245035  -0.289398  -0.332793  -0.375453  -0.417611  -0.459493
-0.0507242 -0.0994753  -0.146521  -0.192116  -0.236509  -0.279939  -0.322639   -0.36484  -0.406769  -0.448651
-0.0487574 -0.0958149   -0.14143  -0.185848   -0.22931  -0.272048  -0.314292  -0.356268  -0.398202  -0.440317
-0.0470643  -0.092692  -0.137131  -0.180621  -0.223394  -0.265679  -0.307702  -0.349687  -0.391858  -0.434441
 -0.045635 -0.0900881    -0.1336  -0.176403  -0.218726  -0.260794   -0.30283  -0.345057  -0.387699  -0.430985
-0.044461 -0.087988 -0.130815 -0.173171 -0.215279 -0.257363 -0.299644 -0.342347 -0.385698 -0.429926
-0.0435354  -0.086379   -0.12876  -0.170904  -0.213031  -0.255364  -0.298126  -0.341541  -0.385839  -0.431253
-0.0428526 -0.0852513  -0.127422  -0.169587  -0.211967  -0.254784  -0.298262  -0.342629  -0.388119  -0.434971
-0.0424083 -0.0845978  -0.126792  -0.169212  -0.212079  -0.255616  -0.300051  -0.345615  -0.392547  -0.441095
-0.0421997 -0.0844139  -0.126866  -0.169775  -0.213366  -0.257864    -0.3035  -0.350512  -0.399145  -0.449656
-0.0422251 -0.0846978  -0.127641  -0.171278  -0.215833  -0.261536  -0.308625  -0.357343  -0.407946    -0.4607
-0.0424843 -0.0854502  -0.129123  -0.173726  -0.219491  -0.266651  -0.315451  -0.366144  -0.418996  -0.474288
-0.0429782 -0.0866744  -0.131316  -0.177132  -0.224358  -0.273234  -0.324014  -0.376962  -0.432358  -0.490491
-0.0437092 -0.0883763  -0.134233  -0.181513  -0.230459   -0.28132   -0.33436  -0.389858  -0.448102  -0.509371
-0.0446809 -0.0905645  -0.137888  -0.186892  -0.237826  -0.290953  -0.346549  -0.404901  -0.466288  -0.516266
-0.0458983 -0.0932504    -0.1423  -0.193297  -0.246502   -0.30219  -0.360647  -0.422149  -0.472251  -0.501336
-0.0473679 -0.0964484  -0.147494  -0.200766  -0.256537  -0.315092  -0.376707   -0.42693  -0.456148  -0.464441
-0.0490974  -0.100176    -0.1535  -0.209341  -0.267985  -0.329703  -0.380044  -0.409391  -0.417824  -0.405329
-0.0510961  -0.104454  -0.160349  -0.219065  -0.280874  -0.331321  -0.360789  -0.369355  -0.357004  -0.323639
-0.0533747  -0.109303  -0.168071  -0.229949  -0.280484  -0.310054  -0.318736  -0.306513  -0.273287  -0.234198
-0.0559444  -0.114742  -0.176668  -0.227266  -0.256916  -0.265691  -0.253574  -0.220464  -0.181501  -0.145678
-0.0588165  -0.120778  -0.171431  -0.201156  -0.210024  -0.198015  -0.165029  -0.126202 -0.0905248 -0.0577972
  -0.0620027    -0.112735    -0.142581    -0.151612    -0.139807    -0.107058   -0.0685019    -0.033122 -0.000714619    0.0289301
 -0.0507884  -0.0807471  -0.0899525  -0.0783858  -0.0459366 -0.00773511   0.0272407   0.0592013   0.0883637     0.11494
-0.0299073 -0.0390086 -0.0272731 0.00540443  0.0438945  0.0792109    0.11156   0.141151    0.16819   0.241569
-0.00904855    0.002793   0.0356422   0.0743643    0.109974    0.142669    0.172654    0.200128    0.273741     0.34629
0.0119011 0.0448687 0.0837816  0.119649  0.152669  0.183037  0.210948    0.2848  0.357607  0.429452
0.0330544 0.0721363  0.108274  0.141658  0.172485  0.200935  0.275094  0.348239  0.420448  0.491793
0.0391822   0.07551  0.109203  0.140454  0.169442  0.242566  0.314694  0.385899  0.456249  0.525805
0.0363361 0.0700238  0.101268  0.130246  0.203362   0.27548  0.346675  0.417013  0.486558  0.555367
0.0336962 0.0649357 0.0939087  0.167006  0.239105  0.310279  0.380596  0.450119  0.518906  0.587011
0.0312473 0.0602157  0.133287  0.205359  0.276506  0.346794  0.416288  0.485045  0.553119  0.620561
0.0289755  0.101995  0.174014  0.245106  0.315339  0.384776  0.453475   0.52149  0.588871  0.655666
0.0268716  0.098797  0.169793  0.239927  0.309264   0.37786  0.445772  0.513048  0.579735  0.645877
0.0249203 0.0958424  0.165901   0.23516  0.303678  0.371509  0.438703  0.505308  0.571366  0.636917
0.0231108 0.0931038  0.162295  0.230744  0.298505  0.365628   0.43216  0.498144  0.563621  0.628627
0.0214325 0.0905959  0.159016  0.226746  0.293838  0.360338  0.426291  0.491735  0.556708  0.621245
0.0198762 0.0882288  0.155891  0.222913  0.289343  0.355223  0.420594  0.485494  0.549956  0.614013
0.0184329 0.0859769  0.152879  0.219187  0.284944   0.35019  0.414963  0.479298  0.543227  0.606779
0.0170944 0.0838804   0.15007  0.215707  0.280833  0.345484  0.409695  0.473499  0.536926  0.600003
0.015853 0.081969 0.147531 0.212581 0.277154 0.341288 0.405013 0.468361 0.531357  0.59403
0.0147018  0.080237  0.145259  0.209804  0.273909  0.337605  0.400922  0.463889  0.526531  0.588871
0.0136341 0.0786541  0.143198    0.2073  0.270993  0.334308  0.397271  0.459909  0.522246  0.584304
0.0126439 0.0771841  0.141283  0.204972  0.268282   0.33124  0.393874  0.456205  0.518257  0.580051
0.0117256 0.0758019  0.139468  0.202755   0.26569    0.3283  0.390607  0.452635  0.514403  0.575932
 0.010874 0.0745054  0.137757  0.200655  0.263228  0.325498  0.387488  0.449219  0.510709  0.571977
0.0100842 0.0733029  0.136169  0.198708  0.260945  0.322901  0.384597  0.446052  0.507285  0.568311
0.00935173  0.0722019   0.134725   0.196945   0.258884   0.320563   0.382001   0.443216   0.504225   0.565041
0.00867239  0.0711994   0.133423   0.195366   0.257048   0.318489   0.379707   0.440718   0.501538   0.562179
0.00804235  0.0702787   0.132234   0.193928   0.255382   0.316612   0.377634   0.438466   0.499119   0.559608
0.00745803  0.0694229   0.131127    0.19259   0.253829   0.314861   0.375701   0.436363   0.496861   0.557206
0.00691611  0.0686223   0.130087   0.191328   0.252361   0.313202   0.373866   0.434364    0.49471   0.554915
0.0064135 0.0678776  0.129118   0.19015   0.25099  0.311653   0.37215  0.432495  0.492698   0.55277
0.00594736  0.0671903   0.128226   0.189068   0.249733   0.310233   0.370579   0.430785   0.490859   0.550812
0.00551527  0.0665489    0.12739   0.188053    0.24855   0.308895   0.369097   0.429169   0.489119   0.491913
0.00511486  0.0659629   0.126632   0.187136   0.247487   0.307697   0.367775   0.427731   0.430522   0.433112
0.00474389  0.0654121   0.125915   0.186264   0.246472   0.306548   0.366502    0.36929   0.371878   0.374279
0.00440029  0.0649195   0.125285   0.185509   0.245601   0.305571   0.308357   0.310942   0.313341   0.315567
0.00408216  0.0645343   0.124844   0.185023    0.24508   0.247864   0.250447   0.252844   0.255068   0.257132
0.00378783  0.0641012   0.124283   0.184342   0.187126   0.189708   0.192103   0.194326   0.196388   0.198301
0.00351564  0.0636736   0.123709   0.126493   0.129074   0.131469   0.133691   0.135751   0.137663   0.139437
0.0032641 0.0633299 0.0661148 0.0686974 0.0710924 0.0733137 0.0753739 0.0772849 0.0790574 0.0807016
0.00303175 0.00581941 0.00840411  0.0108007   0.013023  0.0150837  0.0169947  0.0187668  0.0204103  0.0219344
0.00281254 0.00539689 0.00779304  0.0100148  0.0120748   0.013985  0.0157564   0.017399  0.0189223  0.0203349
0.00260953 0.00500561 0.00722715 0.00928694  0.0111968  0.0129677  0.0146098  0.0161325  0.0175445 -0.0403933
0.00242162 0.00464344 0.00670339 0.00861331  0.0103842  0.0120261  0.0135486  0.0149604 -0.0429492  -0.100905
 0.0022478 0.00430845 0.00621892 0.00799023 0.00963253  0.0111553  0.0125672 -0.0453437    -0.1033    -0.1613
0.00208714 0.00399879 0.00577114 0.00741435 0.00893784  0.0103504 -0.0475898  -0.105576  -0.163605  -0.221673
0.00202945  0.0038876 0.00561036 0.00720756 0.00868839  0.0100613 -0.0479253  -0.105957   -0.16403  -0.222141
0.00202945  0.0038876 0.00561036 0.00720756 0.00868839  0.0100613 -0.0479253  -0.105957   -0.16403  -0.222141
0.00202945  0.0038876 0.00561036 0.00720756 0.00868839  0.0100613 -0.0479253  -0.105957   -0.16403  -0.222141
0.00202945  0.0038876 0.00561036 0.00720756 0.00868839  0.0100613 -0.0479253  -0.105957   -0.16403  -0.222141
0.00202945  0.0038876 0.00561036 0.00720756 0.00868839  0.0100613 -0.0479253  -0.105957   -0.16403  -0.222141
0.00202945  0.0038876 0.00561036 0.00720756 0.00868839  0.0100613 -0.0479253  -0.105957   -0.16403  -0.222141
0.00202945  0.0038876 0.00561036 0.00720756 0.00868839  0.0100613 -0.0479253  -0.105957   -0.16403  -0.222141
0.00202945  0.0038876 0.00561036 0.00720756 0.00868839  0.0100613 -0.0479253  -0.105957   -0.16403  -0.222141
0.00202945  0.0038876 0.00561036 0.00720756 0.00868839  0.0100613 -0.0479253  -0.105957   -0.16403  -0.222141
0.00202945  0.0038876 0.00561036 0.00720756 0.00868839  0.0100613 -0.0479253  -0.105957   -0.16403  -0.222141
0.00202945  0.0038876 0.00561036 0.00720756 0.00868839  0.0100613 -0.0479253  -0.105957   -0.16403  -0.222141
0.00202945  0.0038876 0.00561036 0.00720756 0.00868839  0.0100613 -0.0479253  -0.105957   -0.16403  -0.222141
0.00202945  0.0038876 0.00561036 0.00720756 0.00868839  0.0100613 -0.0479253  -0.105957   -0.16403  -0.222141
0.00202945  0.0038876 0.00561036 0.00720756 0.00868839  0.0100613 -0.0479253  -0.105957   -0.16403  -0.222141
0.00202945  0.0038876 0.00561036 0.00720756 0.00868839  0.0100613 -0.0479253  -0.105957   -0.16403  -0.222141
0.00202945  0.0038876 0.00561036 0.00720756 0.00868839  0.0100613 -0.0479253  -0.105957   -0.16403  -0.222141
0.00202945  0.0038876 0.00561036 0.00720756 0.00868839  0.0100613 -0.0479253  -0.105957   -0.16403  -0.222141
0.00202945  0.0038876 0.00561036 0.00720756 0.00868839  0.0100613 -0.0479253  -0.105957   -0.16403  -0.222141
0.00202945  0.0038876 0.00561036 0.00720756 0.00868839  0.0100613 -0.0479253  -0.105957   -0.16403  -0.222141
0.00202945  0.0038876 0.00561036 0.00720756 0.00868839  0.0100613 -0.0479253  -0.105957   -0.16403  -0.222141
0.00202945  0.0038876 0.00561036 0.00720756 0.00868839  0.0100613 -0.0479253  -0.105957   -0.16403  -0.222141
0.00202945  0.0038876 0.00561036 0.00720756 0.00868839  0.0100613 -0.0479253  -0.105957   -0.16403  -0.222141
0.00202945  0.0038876 0.00561036 0.00720756 0.00868839  0.0100613 -0.0479253  -0.105957   -0.16403  -0.222141
0.00202945  0.0038876 0.00561036 0.00720756 0.00868839  0.0100613 -0.0479253  -0.105957   -0.16403  -0.222141
0.00202945  0.0038876 0.00561036 0.00720756 0.00868839  0.0100613 -0.0479253  -0.105957   -0.16403  -0.222141
0.00202945  0.0038876 0.00561036 0.00720756 0.00868839  0.0100613 -0.0479253  -0.105957   -0.16403  -0.222141
0.00202945  0.0038876 0.00561036 0.00720756 0.00868839  0.0100613 -0.0479253  -0.105957   -0.16403  -0.222141
0.00202945  0.0038876 0.00561036 0.00720756 0.00868839  0.0100613 -0.0479253  -0.105957   -0.16403  -0.222141
0.00202945  0.0038876 0.00561036 0.00720756 0.00868839  0.0100613 -0.0479253  -0.105957   -0.16403  -0.222141
0.00202945  0.0038876 0.00561036 0.00720756 0.00868839  0.0100613 -0.0479253  -0.105957   -0.16403  -0.222141
0.00202945  0.0038876 0.00561036 0.00720756 0.00868839  0.0100613 -0.0479253  -0.105957   -0.16403  -0.222141
0.00202945  0.0038876 0.00561036 0.00720756 0.00868839  0.0100613 -0.0479253  -0.105957   -0.16403  -0.222141
0.00202945  0.0038876 0.00561036 0.00720756 0.00868839  0.0100613 -0.0479253  -0.105957   -0.16403  -0.222141
0.00202945  0.0038876 0.00561036 0.00720756 0.00868839  0.0100613 -0.0479253  -0.105957   -0.16403  -0.222141
0.00202945  0.0038876 0.00561036 0.00720756 0.00868839  0.0100613 -0.0479253  -0.105957   -0.16403  -0.222141
0.00202945  0.0038876 0.00561036 0.00720756 0.00868839  0.0100613 -0.0479253  -0.105957   -0.16403  -0.222141
0.00202945  0.0038876 0.00561036 0.00720756 0.00868839  0.0100613 -0.0479253  -0.105957   -0.16403  -0.222141
0.00202945  0.0038876 0.00561036 0.00720756 0.00868839  0.0100613 -0.0479253  -0.105957   -0.16403  -0.222141
0.00202945  0.0038876 0.00561036 0.00720756 0.00868839  0.0100613 -0.0479253  -0.105957   -0.16403  -0.222141
0.00202945  0.0038876 0.00561036 0.00720756 0.00868839  0.0100613 -0.0479253  -0.105957   -0.16403  -0.222141
0.00202945  0.0038876 0.00561036 0.00720756 0.00868839  0.0100613 -0.0479253  -0.105957   -0.16403  -0.222141
0.00202945  0.0038876 0.00561036 0.00720756 0.00868839  0.0100613 -0.0479253  -0.105957   -0.16403  -0.222141
0.00202945  0.0038876 0.00561036 0.00720756 0.00868839  0.0100613 -0.0479253  -0.105957   -0.16403  -0.222141
0.00202945  0.0038876 0.00561036 0.00720756 0.00868839  0.0100613 -0.0479253  -0.105957   -0.16403  -0.222141
0.00202945  0.0038876 0.00561036 0.00720756 0.00868839  0.0100613 -0.0479253  -0.105957   -0.16403  -0.222141
0.00202945  0.0038876 0.00561036 0.00720756 0.00868839  0.0100613 -0.0479253  -0.105957   -0.16403  -0.222141
0.00202945  0.0038876 0.00561036 0.00720756 0.00868839  0.0100613 -0.0479253  -0.105957   -0.16403  -0.222141
0.00202945  0.0038876 0.00561036 0.00720756 0.00868839  0.0100613 -0.0479253  -0.105957   -0.16403  -0.222141
0.00202945  0.0038876 0.00561036 0.00720756 0.00868839  0.0100613 -0.0479253  -0.105957   -0.16403  -0.222141
0.00202945  0.0038876 0.00561036 0.00720756 0.00868839  0.0100613 -0.0479253  -0.105957   -0.16403  -0.222141
0.00202945  0.0038876 0.00561036 0.00720756 0.00868839  0.0100613 -0.0479253  -0.105957   -0.16403  -0.222141
0.00202945  0.0038876 0.00561036 0.00720756 0.00868839  0.0100613 -0.0479253  -0.105957   -0.16403  -0.222141
0.00202945  0.0038876 0.00561036 0.00720756 0.00868839  0.0100613 -0.0479253  -0.105957   -0.16403  -0.222141
0.00202945  0.0038876 0.00561036 0.00720756 0.00868839  0.0100613 -0.0479253  -0.105957   -0.16403  -0.222141
0.00202945  0.0038876 0.00561036 0.00720756 0.00868839  0.0100613 -0.0479253  -0.105957   -0.16403  -0.222141
0.00202945  0.0038876 0.00561036 0.00720756 0.00868839  0.0100613 -0.0479253  -0.105957   -0.16403  -0.222141
0.00202945  0.0038876 0.00561036 0.00720756 0.00868839  0.0100613 -0.0479253  -0.105957   -0.16403  -0.222141
0.00202945  0.0038876 0.00561036 0.00720756 0.00868839  0.0100613 -0.0479253  -0.105957   -0.16403  -0.222141
0.00202945  0.0038876 0.00561036 0.00720756 0.00868839  0.0100613 -0.0479253  -0.105957   -0.16403  -0.222141
0.00202945  0.0038876 0.00561036 0.00720756 0.00868839  0.0100613 -0.0479253  -0.105957   -0.16403  -0.222141
0.00202945  0.0038876 0.00561036 0.00720756 0.00868839  0.0100613 -0.0479253  -0.105957   -0.16403  -0.222141
0.00202945  0.0038876 0.00561036 0.00720756 0.00868839  0.0100613 -0.0479253  -0.105957   -0.16403  -0.222141
0.00202945  0.0038876 0.00561036 0.00720756 0.00868839  0.0100613 -0.0479253  -0.105957   -0.16403  -0.222141
0.00202945  0.0038876 0.00561036 0.00720756 0.00868839  0.0100613 -0.0479253  -0.105957   -0.16403  -0.222141
0.00202945  0.0038876 0.00561036 0.00720756 0.00868839  0.0100613 -0.0479253  -0.105957   -0.16403  -0.222141
0.00202945  0.0038876 0.00561036 0.00720756 0.00868839  0.0100613 -0.0479253  -0.105957   -0.16403  -0.222141
0.00202945  0.0038876 0.00561036 0.00720756 0.00868839  0.0100613 -0.0479253  -0.105957   -0.16403  -0.222141
0.00202945  0.0038876 0.00561036 0.00720756 0.00868839  0.0100613 -0.0479253  -0.105957   -0.16403  -0.222141
0.00202945  0.0038876 0.00561036 0.00720756 0.00868839  0.0100613 -0.0479253  -0.105957   -0.16403  -0.222141
0.00202945  0.0038876 0.00561036 0.00720756 0.00868839  0.0100613 -0.0479253  -0.105957   -0.16403  -0.222141
0.00202945  0.0038876 0.00561036 0.00720756 0.00868839  0.0100613 -0.0479253  -0.105957   -0.16403  -0.222141
0.00202945  0.0038876 0.00561036 0.00720756 0.00868839  0.0100613 -0.0479253  -0.105957   -0.16403  -0.222141
0.00202945  0.0038876 0.00561036 0.00720756 0.00868839  0.0100613 -0.0479253  -0.105957   -0.16403  -0.222141
0.00202945  0.0038876 0.00561036 0.00720756 0.00868839  0.0100613 -0.0479253  -0.105957   -0.16403  -0.222141
0.00202945  0.0038876 0.00561036 0.00720756 0.00868839  0.0100613 -0.0479253  -0.105957   -0.16403  -0.222141
0.00202945  0.0038876 0.00561036 0.00720756 0.00868839  0.0100613 -0.0479253  -0.105957   -0.16403  -0.222141
0.00202945  0.0038876 0.00561036 0.00720756 0.00868839  0.0100613 -0.0479253  -0.105957   -0.16403  -0.222141
0.00202945  0.0038876 0.00561036 0.00720756 0.00868839  0.0100613 -0.0479253  -0.105957   -0.16403  -0.222141
0.00202945  0.0038876 0.00561036 0.00720756 0.00868839  0.0100613 -0.0479253  -0.105957   -0.16403  -0.222141
0.00202945  0.0038876 0.00561036 0.00720756 0.00868839  0.0100613 -0.0479253  -0.105957   -0.16403  -0.222141
0.00202945  0.0038876 0.00561036 0.00720756 0.00868839  0.0100613 -0.0479253  -0.105957   -0.16403  -0.222141
0.00202945  0.0038876 0.00561036 0.00720756 0.00868839  0.0100613 -0.0479253  -0.105957   -0.16403  -0.222141
0.00202945  0.0038876 0.00561036 0.00720756 0.00868839  0.0100613 -0.0479253  -0.105957   -0.16403  -0.222141
0.00202945  0.0038876 0.00561036 0.00720756 0.00868839  0.0100613 -0.0479253  -0.105957   -0.16403  -0.222141
0.00202945  0.0038876 0.00561036 0.00720756 0.00868839  0.0100613 -0.0479253  -0.105957   -0.16403  -0.222141
0.00202945  0.0038876 0.00561036 0.00720756 0.00868839  0.0100613 -0.0479253  -0.105957   -0.16403  -0.222141
0.00202945  0.0038876 0.00561036 0.00720756 0.00868839  0.0100613 -0.0479253  -0.105957   -0.16403  -0.222141
0.00202945  0.0038876 0.00561036 0.00720756 0.00868839  0.0100613 -0.0479253  -0.105957   -0.16403  -0.222141
0.00202945  0.0038876 0.00561036 0.00720756 0.00868839  0.0100613 -0.0479253  -0.105957   -0.16403  -0.222141
0.00202945  0.0038876 0.00561036 0.00720756 0.00868839  0.0100613 -0.0479253  -0.105957   -0.16403  -0.222141
0.00202945  0.0038876 0.00561036 0.00720756 0.00868839  0.0100613 -0.0479253  -0.105957   -0.16403  -0.222141
0.00202945  0.0038876 0.00561036 0.00720756 0.00868839  0.0100613 -0.0479253  -0.105957   -0.16403  -0.222141
0.00202945  0.0038876 0.00561036 0.00720756 0.00868839  0.0100613 -0.0479253  -0.105957   -0.16403  -0.222141
0.00202945  0.0038876 0.00561036 0.00720756 0.00868839  0.0100613 -0.0479253  -0.105957   -0.16403  -0.222141
0.00202945  0.0038876 0.00561036 0.00720756 0.00868839  0.0100613 -0.0479253  -0.105957   -0.16403  -0.222141
0.00202945  0.0038876 0.00561036 0.00720756 0.00868839  0.0100613 -0.0479253  -0.105957   -0.16403  -0.222141
0.00202945  0.0038876 0.00561036 0.00720756 0.00868839  0.0100613 -0.0479253  -0.105957   -0.16403  -0.222141
0.00202945  0.0038876 0.00561036 0.00720756 0.00868839  0.0100613 -0.0479253  -0.105957   -0.16403  -0.222141
0.00202945  0.0038876 0.00561036 0.00720756 0.00868839  0.0100613 -0.0479253  -0.105957   -0.16403  -0.222141
0.00202945  0.0038876 0.00561036 0.00720756 0.00868839  0.0100613 -0.0479253  -0.105957   -0.16403  -0.222141
0.00202945  0.0038876 0.00561036 0.00720756 0.00868839  0.0100613 -0.0479253  -0.105957   -0.16403  -0.222141
0.00202945  0.0038876 0.00561036 0.00720756 0.00868839  0.0100613 -0.0479253  -0.105957   -0.16403  -0.222141
0.00202945  0.0038876 0.00561036 0.00720756 0.00868839  0.0100613 -0.0479253  -0.105957   -0.16403  -0.222141
0.00202945  0.0038876 0.00561036 0.00720756 0.00868839  0.0100613 -0.0479253  -0.105957   -0.16403  -0.222141
0.00202945  0.0038876 0.00561036 0.00720756 0.00868839  0.0100613 -0.0479253  -0.105957   -0.16403  -0.222141
0.00202945  0.0038876 0.00561036 0.00720756 0.00868839  0.0100613 -0.0479253  -0.105957   -0.16403  -0.222141
0.00202945  0.0038876 0.00561036 0.00720756 0.00868839  0.0100613 -0.0479253  -0.105957   -0.16403  -0.222141
0.00202945  0.0038876 0.00561036 0.00720756 0.00868839  0.0100613 -0.0479253  -0.105957   -0.16403  -0.222141
0.00202945  0.0038876 0.00561036 0.00720756 0.00868839  0.0100613 -0.0479253  -0.105957   -0.16403  -0.222141
0.00202945  0.0038876 0.00561036 0.00720756 0.00868839  0.0100613 -0.0479253  -0.105957   -0.16403  -0.222141
0.00202945  0.0038876 0.00561036 0.00720756 0.00868839  0.0100613 -0.0479253  -0.105957   -0.16403  -0.222141
0.00202945  0.0038876 0.00561036 0.00720756 0.00868839  0.0100613 -0.0479253  -0.105957   -0.16403  -0.222141
0.00202945  0.0038876 0.00561036 0.00720756 0.00868839  0.0100613 -0.0479253  -0.105957   -0.16403  -0.222141
0.00202945  0.0038876 0.00561036 0.00720756 0.00868839  0.0100613 -0.0479253  -0.105957   -0.16403  -0.222141
0.00202945  0.0038876 0.00561036 0.00720756 0.00868839  0.0100613 -0.0479253  -0.105957   -0.16403  -0.222141
0.00202945  0.0038876 0.00561036 0.00720756 0.00868839  0.0100613 -0.0479253  -0.105957   -0.16403  -0.222141
0.00202945  0.0038876 0.00561036 0.00720756 0.00868839  0.0100613 -0.0479253  -0.105957   -0.16403  -0.222141
0.00202945  0.0038876 0.00561036 0.00720756 0.00868839  0.0100613 -0.0479253  -0.105957   -0.16403  -0.222141
0.00202945  0.0038876 0.00561036 0.00720756 0.00868839  0.0100613 -0.0479253  -0.105957   -0.16403  -0.222141
0.00202945  0.0038876 0.00561036 0.00720756 0.00868839  0.0100613 -0.0479253  -0.105957   -0.16403  -0.222141
0.00202945  0.0038876 0.00561036 0.00720756 0.00868839  0.0100613 -0.0479253  -0.105957   -0.16403  -0.222141
0.00202945  0.0038876 0.00561036 0.00720756 0.00868839  0.0100613 -0.0479253  -0.105957   -0.16403  -0.222141
0.00202945  0.0038876 0.00561036 0.00720756 0.00868839  0.0100613 -0.0479253  -0.105957   -0.16403  -0.222141
0.00202945  0.0038876 0.00561036 0.00720756 0.00868839  0.0100613 -0.0479253  -0.105957   -0.16403  -0.222141
0.00202945  0.0038876 0.00561036 0.00720756 0.00868839  0.0100613 -0.0479253  -0.105957   -0.16403  -0.222141
0.00202945  0.0038876 0.00561036 0.00720756 0.00868839  0.0100613 -0.0479253  -0.105957   -0.16403  -0.222141
0.00202945  0.0038876 0.00561036 0.00720756 0.00868839  0.0100613 -0.0479253  -0.105957   -0.16403  -0.222141
0.00202945  0.0038876 0.00561036 0.00720756 0.00868839  0.0100613 -0.0479253  -0.105957   -0.16403  -0.222141
0.00202945  0.0038876 0.00561036 0.00720756 0.00868839  0.0100613 -0.0479253  -0.105957   -0.16403  -0.222141
0.00202945  0.0038876 0.00561036 0.00720756 0.00868839  0.0100613 -0.0479253  -0.105957   -0.16403  -0.222141
0.00202945  0.0038876 0.00561036 0.00720756 0.00868839  0.0100613 -0.0479253  -0.105957   -0.16403  -0.222141
0.00202945  0.0038876 0.00561036 0.00720756 0.00868839  0.0100613 -0.0479253  -0.105957   -0.16403  -0.222141
0.00202945  0.0038876 0.00561036 0.00720756 0.00868839  0.0100613 -0.0479253  -0.105957   -0.16403  -0.222141
0.00202945  0.0038876 0.00561036 0.00720756 0.00868839  0.0100613 -0.0479253  -0.105957   -0.16403  -0.222141
