2.11968e-06  6.1948e-06 1.51485e-05 2.88297e-05 4.82745e-05 7.18621e-05 9.81195e-05 0.000125549 0.000153648 0.000181812
4.90875e-05 6.78272e-05 9.00029e-05  0.00011357 0.000138273 0.000163168 0.000188347 0.000213429 0.000238639 0.000263887
6.20439e-05  8.3224e-05 0.000106688 0.000130573 0.000155184 0.000179622 0.000204273 0.000228751 0.000253437 0.000278219
9.08967e-05 0.000115371 0.000140111 0.000164044 0.000187967 0.000211361 0.000234834 0.000258176 0.000281862 0.000305857
0.000125201 0.000151605 0.000176378 0.000199823  0.00022254 0.000244765 0.000266921 0.000289213 0.000311966 0.000335373
0.000153796 0.000178804 0.000202442 0.000224998 0.000247099 0.000268962 0.000291021 0.000313466 0.000336626 0.000360683
0.000181298 0.000205209 0.000227985 0.000249906 0.000271627 0.000293353 0.000315531  0.00033834 0.000362114 0.000387027
0.000207968 0.000231049 0.000253212 0.000274735 0.000296303 0.000318114 0.000340627 0.000364013 0.000388612 0.000414593
0.000234082 0.000256584 0.000278373 0.000299725 0.000321361 0.000343471 0.000366531 0.000390703 0.000416339 0.000443601
0.000259904 0.000282065 0.000303709 0.000325109 0.000347028 0.000369646 0.000393461  0.00041863 0.000445513 0.000474271
0.000285685 0.000307737 0.000329455 0.000351116 0.000373526  0.00039686 0.000421639 0.000448013 0.000476357 0.000506832
 0.00031167 0.000333834 0.000355841 0.000377972 0.000401079 0.000425334 0.000451284 0.000479076   0.0005091 0.000541515
0.000338097 0.000360588 0.000383094 0.000405899 0.000429909 0.000455292 0.000482623 0.000512048 0.000543975 0.000578563
0.000365198 0.000388228 0.000411439 0.000435123  0.00046024 0.000486958 0.000515886 0.000547164 0.000581225 0.000618227
0.000393204 0.000416982 0.000441104 0.000465869   0.0004923 0.000520566 0.000551308 0.000584668   0.0006211 0.000660767
0.000422344 0.000447077 0.000472314 0.000498368 0.000526323 0.000556352 0.000589133 0.000624811 0.000663864  0.00070646
0.000452846 0.000478743 0.000505303 0.000532853 0.000562548 0.000594562 0.000629617 0.000667858 0.000709793 0.000755594
0.000484942 0.000512213 0.000540307 0.000569566 0.000601222 0.000635452 0.000673024 0.000714086 0.000759176 0.000808476
0.000518869 0.000547726  0.00057757 0.000608758 0.000642603  0.00067929 0.000719632 0.000763787 0.000812323 0.000865429
0.000554866 0.000585528 0.000617344 0.000650687 0.000686961 0.000726354 0.000769737 0.000817268 0.000869556 0.000926799
0.000593181 0.000625874  0.00065989 0.000695626 0.000734577 0.000776942 0.000823646 0.000874857 0.000931223 0.000992953
 0.00063407 0.000669028 0.000705484 0.000743859  0.00078575 0.000831364  0.00088169 0.000936902 0.000997692  0.00106428
0.000677801 0.000715266 0.000754412 0.000795687 0.000840793 0.000889952 0.000944216  0.00100377  0.00106935   0.0011412
0.000724653 0.000764878 0.000806978 0.000851426 0.000900041 0.000953057   0.0010116  0.00107586  0.00114663  0.00122417
0.000774917 0.000818171 0.000863501 0.000911412 0.000963846  0.00102105  0.00108423  0.00115359  0.00122997  0.00131365
0.000828903 0.000875467 0.000924321 0.000976002  0.00103259  0.00109434  0.00116254  0.00123741  0.00131986  0.00140883
0.000886935 0.000937108 0.000989798  0.00104558  0.00110666  0.00117334  0.00124697   0.0013278  0.00141546  0.00150823
0.00094936 0.00100346 0.00106031 0.00112054 0.00118651 0.00125851 0.00133802 0.00142395 0.00151532 0.00161123
0.00101654  0.0010749 0.00113628 0.00120133 0.00127257 0.00135034 0.00143486 0.00152439  0.0016188 0.00171772
0.00108888 0.00115186 0.00121813  0.0012884 0.00136536 0.00144802 0.00153604 0.00162848  0.0017258 0.00182798
0.00116677 0.00123476 0.00130634 0.00138225 0.00146405 0.00155008 0.00164092 0.00173613 0.00183661 0.00194257
0.00125068 0.00132409  0.0014014 0.00148208 0.00156719 0.00165591  0.0017494 0.00184764 0.00195178 0.00206223
0.00134107 0.00142034 0.00150251 0.00158643 0.00167417  0.0017654  0.0018618 0.00196355 0.00207205 0.00218782
0.00143846 0.00152272 0.00160823 0.00169469 0.00178488 0.00187887 0.00197866 0.00208461  0.0021983 0.00232029
0.00154116 0.00162932 0.00171738 0.00180648  0.0018993 0.00199669 0.00210053 0.00221161 0.00233137 0.00246066
0.00164047 0.00172976 0.00181984 0.00191185 0.00200861 0.00211097 0.00222085 0.00233905 0.00246706 0.00260707
0.00174195  0.0018334 0.00192648 0.00202237 0.00212402 0.00223228 0.00234917 0.00247547 0.00261409 0.00276788
0.00184663  0.0019412 0.00203825 0.00213896 0.00224646 0.00236159 0.00248647 0.00262322  0.0027755  0.0029454
0.00195552 0.00205418 0.00215615 0.00226263 0.00237694 0.00249991 0.00263512 0.00278539 0.00295365 0.00314153
0.00206963 0.00217334 0.00228118 0.00239438 0.00251647 0.00264962 0.00279823 0.00296432 0.00315044 0.00335789
0.00218996 0.00229968 0.00241435 0.00253525 0.00266745 0.00281384 0.00297814 0.00316193 0.00336748 0.00359594
0.00231753 0.00243422  0.0025567 0.00268763   0.002833 0.00299492 0.00317678 0.00337982 0.00360624  0.0038571
0.00245337 0.00257802 0.00271063 0.00285465 0.00301546 0.00319478 0.00339575 0.00361948 0.00386815  0.0041428
0.00259852 0.00273346 0.00287928 0.00303865 0.00321677 0.00341502 0.00363654 0.00388233 0.00415463 0.00445451
0.00275627 0.00290415 0.00306555 0.00324186  0.0034389 0.00365733 0.00390077 0.00416988 0.00446726 0.00479386
0.00293704 0.00310225 0.00328144 0.00347618  0.0036927 0.00393178 0.00419732 0.00449008 0.00481289 0.00516683
0.00313703 0.00332024 0.00351804 0.00373212 0.00396918  0.0042301 0.00451909 0.00483701 0.00518696 0.00557009
 0.0033571 0.00355914 0.00377647 0.00401094 0.00426973 0.00455382 0.00486776 0.00521251 0.00559142 0.00600579
0.00359822 0.00382004 0.00405795   0.004314 0.00459583 0.00490457  0.0052451  0.0056185 0.00602839 0.00647622
0.00386148 0.00410416 0.00436385 0.00464277 0.00494911 0.00528413 0.00565306 0.00605712 0.00650019 0.00698388
0.00414812 0.00441287 0.00469565 0.00499891 0.00533138 0.00569447 0.00609377 0.00653065  0.0070093 0.00753149
0.00445952 0.00474767 0.00505502 0.00538422  0.0057446  0.0061377 0.00656954 0.00704163 0.00755846 0.00812198
0.00479718 0.00511022 0.00544377 0.00580068 0.00619091 0.00661617  0.0070829 0.00759277 0.00815061 0.00875854
0.00516278 0.00550236 0.00586389 0.00625043 0.00667265 0.00713239 0.00763657 0.00818702 0.00878893 0.00944463
0.00555816 0.00592609 0.00631753 0.00673583 0.00719235 0.00768911 0.00823352 0.00882758 0.00947688   0.010184
0.00598533 0.00638357 0.00680707 0.00725942 0.00775276  0.0082893 0.00887695 0.00951792  0.0102182  0.0109806
0.00644647 0.00687718 0.00733507 0.00782398 0.00835688 0.00893617 0.00957033  0.0102618  0.0110169  0.0118388
0.00694397 0.00740951 0.00790429 0.00843249 0.00900792 0.00963321  0.0103174  0.0110632  0.0118774  0.0127633
0.00748043 0.00798333 0.00851777 0.00908821 0.00970939  0.0103842  0.0111223  0.0119265  0.0128043  0.0137592
0.00805863 0.00860169 0.00917875 0.00979463  0.0104651  0.0111931  0.0119892  0.0128564  0.0138027   0.014832
0.00868164 0.00926785 0.00989076  0.0105556   0.011279  0.0120645   0.012923  0.0138581  0.0148782  0.0159875
0.00935273 0.00998535  0.0106576  0.0113751  0.0121556  0.0130029  0.0139288  0.0149369  0.0160365   0.017232
0.0100755  0.010758 0.0114834 0.0122576 0.0130997 0.0140136  0.015012 0.0160989 0.0172841 0.0185726
0.0108537   0.01159 0.0123726  0.013208 0.0141163  0.015102 0.0161786 0.0173503 0.0186278 0.0200164
0.0116915 0.0124858   0.01333 0.0142312  0.015211 0.0162741 0.0174349 0.0186981 0.0200751 0.0215716
0.0125935 0.0134501 0.0143608  0.015333 0.0163898 0.0175363 0.0187879 0.0201497 0.0216338 0.0232481
0.0135644 0.0144882 0.0154704 0.0165192 0.0176591 0.0188955 0.0202449  0.021713 0.0233141 0.0250574
0.0146095 0.0156056  0.016665 0.0177963 0.0190257  0.020359  0.021814 0.0233981 0.0251274 0.0270107
0.0157343 0.0168084 0.0179511 0.0191713 0.0204972 0.0219351 0.0235053 0.0252165 0.0270851 0.0291197
0.0169449 0.0181031 0.0193354 0.0206517 0.0220817 0.0236337 0.0253302 0.0271795 0.0291986 0.0313964
0.0182479 0.0194967 0.0208257 0.0222455 0.0237891 0.0254664 0.0273001 0.0292988   0.03148 0.0338533
0.0196502 0.0209967   0.02243 0.0239628 0.0256312 0.0274445 0.0294266 0.0315862 0.0339419  0.036504
0.0211595 0.0226113 0.0241584 0.0258153 0.0276192 0.0295796 0.0317217 0.0340546  0.036598  0.039363
0.0227838 0.0243506 0.0260226 0.0278143 0.0297648 0.0318839 0.0341982 0.0367173 0.0394626 0.0424457
0.0245344 0.0262267 0.0280347 0.0299719 0.0320806 0.0343703 0.0368697 0.0395891 0.0425513 0.0457689
0.0264308  0.028262 0.0302172 0.0323114 0.0345894 0.0370617 0.0397591 0.0426925 0.0458868  0.049354
0.0284779 0.0304577 0.0325709 0.0348336 0.0372935 0.0399621 0.0428723 0.0460362 0.0494786 0.0532124
0.0306862 0.0328254 0.0351082  0.037552 0.0402074 0.0430872 0.0462264 0.0496367 0.0533443 0.0573641
0.0330672 0.0353775 0.0378425 0.0404809 0.0433467 0.0464538  0.049838 0.0535116 0.0575037 0.0618311
0.0356333 0.0381274 0.0407883 0.0436361 0.0467283 0.0500786 0.0537246 0.0576807 0.0619788 0.0666374
0.0383981 0.0410898 0.0439613 0.0470345 0.0503691 0.0539791  0.057906  0.062166 0.0667937 0.0718091
0.0413761 0.0442802 0.0473785 0.0506929 0.0542863 0.0581752 0.0624043 0.0669917 0.0719744 0.0773736
 0.044583 0.0477157 0.0510567 0.0546288 0.0585001  0.062689 0.0672437 0.0721838 0.0775484 0.0833605
 0.048036 0.0514133 0.0550136 0.0588623 0.0630326 0.0675448 0.0724503 0.0777698 0.0835453 0.0898045
 0.051751 0.0553901 0.0592685 0.0634152 0.0679077 0.0727684 0.0780514 0.0837793 0.0899998 0.0967548
0.0557377 0.0596554 0.0638327 0.0683006 0.0731412  0.078378 0.0840684   0.09024 0.0969553  0.104281
0.0600229 0.0642418  0.068742 0.0735566 0.0787722 0.0844137 0.0905457 0.0972093  0.104493  0.112474
0.0646303 0.0691744 0.0740232 0.0792112 0.0848304 0.0909107 0.0975324  0.104762  0.112698  0.121315
0.0695848 0.0744799  0.079704  0.085294 0.0913507 0.0979179  0.105103  0.112982  0.121551  0.130373
0.0749133 0.0801863 0.0858145 0.0918404 0.0983826   0.10551  0.113342  0.121851  0.130623  0.138455
0.0806445 0.0863244 0.0923906 0.0989003  0.106001  0.113773  0.122232   0.13094  0.138719  0.144187
0.0868099 0.0929309 0.0994832   0.10655  0.114293  0.122688  0.131344  0.139054  0.144467  0.146611
0.0934459  0.100056  0.107168  0.114875   0.12324  0.131827  0.139482  0.144823  0.146908  0.145143
0.100598 0.107771 0.115526 0.123852 0.132408 0.139991 0.145273 0.147282 0.145455 0.139802
 0.10832 0.116137 0.124511 0.133028  0.14058 0.145789 0.147738 0.145835 0.140119 0.131475
0.116648  0.12508 0.133642 0.141157 0.146336 0.148218 0.146259 0.140471 0.131769 0.121276
0.125519  0.13413 0.141683 0.146831 0.148688  0.14667 0.140835 0.132071 0.121528 0.109956
 0.134652  0.142264  0.147457  0.149277   0.14723  0.141325  0.132505  0.121888  0.110257 0.0981171
 0.143606  0.148939  0.150876  0.148729  0.142749  0.133749   0.12299  0.111171 0.0988804  0.086407
 0.150833  0.153217  0.151192  0.145177  0.136007   0.12503  0.112948  0.100394 0.0876537 0.0750039
 0.150818  0.148511  0.142286  0.133281  0.122445   0.11068 0.0983877 0.0859848 0.0736117 0.0614417
 0.146061  0.139549  0.130329  0.119663  0.108041 0.0960743 0.0839374 0.0719092 0.0600213 0.0483832
 0.136853   0.12732  0.116417  0.104983 0.0931725 0.0813936 0.0696578 0.0581494 0.0468214 0.0357418
 0.123635  0.112319  0.100561 0.0890137 0.0774465 0.0662014 0.0550892 0.0442792 0.0336203  0.023185
 0.107923 0.0954274 0.0835377 0.0721798 0.0612507 0.0506887 0.0404134 0.0303694 0.0204889 0.0107194
  0.0951997   0.0832886   0.0719102    0.060999   0.0504492   0.0402047   0.0301842   0.0203357   0.0105913 0.000898882
  0.0830108   0.0716042   0.0606685   0.0501396   0.0399106   0.0299273   0.0201081   0.0104026 0.000741291 -0.00892762
  0.0713036   0.0603368   0.0497814   0.0395749   0.0296084   0.0198294   0.0101557 0.000536575 -0.00909858     -0.0188
  0.0600124    0.049423   0.0391879   0.0292454   0.0194847  0.00985438 0.000269624 -0.00931998  -0.0189849  -0.0287744
   0.0490739    0.0388017    0.0288285    0.0190935   0.00948281 -5.52318e-05  -0.00960777   -0.0192236   -0.0289738   -0.0389071
   0.0384267    0.0284133    0.0186453    0.0090621 -0.000454775  -0.00995718   -0.0195332   -0.0292306   -0.0391215   -0.0492546
   0.0280113    0.0181999   0.00858129 -0.000906265   -0.0103859   -0.0199082   -0.0295628   -0.0393972   -0.0494848   -0.0598748
  0.0177696  0.00810428 -0.00142116  -0.0108696  -0.0203674  -0.0299646   -0.039753  -0.0497802  -0.0601214  -0.0708268
 0.00764448 -0.00193123  -0.0114201  -0.0208847  -0.0304557  -0.0401828  -0.0501608  -0.0604374  -0.0710906  -0.0821714
 -0.002423 -0.0119653 -0.0214732 -0.0310085 -0.0407077   -0.05062 -0.0608441 -0.0714282 -0.0824532 -0.0939714
-0.0124993 -0.0220662 -0.0316485 -0.0413093 -0.0511911 -0.0613441 -0.0718709 -0.0828209 -0.0942783  -0.106295
-0.0226347   -0.03228 -0.0419908 -0.0518318 -0.0619523 -0.0724033 -0.0832923 -0.0946698  -0.106622  -0.119202
-0.0328846 -0.0426626 -0.0525569  -0.062634 -0.0730505 -0.0838589 -0.0951715  -0.107039   -0.11955   -0.13276
-0.0433053 -0.0532712 -0.0634048 -0.0737753 -0.0845469 -0.0957739  -0.107572  -0.119993   -0.13313  -0.147046
-0.0539537 -0.0641637 -0.0745942 -0.0853171 -0.0965049  -0.108212  -0.120559  -0.133601  -0.147439  -0.162152
-0.0648883 -0.0753999 -0.0861865 -0.0973226  -0.108988  -0.121239  -0.134202  -0.147938  -0.162569  -0.178199
-0.0761685 -0.0870413  -0.098245  -0.109856  -0.122062  -0.134923  -0.148577  -0.163099  -0.178642   -0.19532
-0.0878562 -0.0991514  -0.110834  -0.122982  -0.135797  -0.149342  -0.163776  -0.179204   -0.19579  -0.213541
-0.100015 -0.111795 -0.124019 -0.136772 -0.150267 -0.164587 -0.179922 -0.196386 -0.214039 -0.232464
-0.112708 -0.125036 -0.137869   -0.1513 -0.165567  -0.18078 -0.197145  -0.21467 -0.232991   -0.2509
-0.125994 -0.138935  -0.15245 -0.166649 -0.181807 -0.198045 -0.215466 -0.233652 -0.251452   -0.2675
-0.139951  -0.15358 -0.167869 -0.182954 -0.199134  -0.21642 -0.234497 -0.252154 -0.268085 -0.281367
-0.154659 -0.169068 -0.184249 -0.200352 -0.217576 -0.235509  -0.25305  -0.26883 -0.281988 -0.291885
-0.170207 -0.185516 -0.201719 -0.218862 -0.236729 -0.254118 -0.269776 -0.282774 -0.292541 -0.298639
-0.186696 -0.203032 -0.220279 -0.238062 -0.255384 -0.270884 -0.283755 -0.293356  -0.29932 -0.301321
-0.204209 -0.221588 -0.239475 -0.256713 -0.272145  -0.28486 -0.294334 -0.300132 -0.301999 -0.299678
-0.222729 -0.240744 -0.258082 -0.273433 -0.286082 -0.295404 -0.301079 -0.302786 -0.300334 -0.293508
-0.242015 -0.259495 -0.274958 -0.287516 -0.296766 -0.302272 -0.303842 -0.301211  -0.29424 -0.282847
-0.261666 -0.277361  -0.29011   -0.2992 -0.304584 -0.305863 -0.303002 -0.295726 -0.284087 -0.268413
-0.280132 -0.293438 -0.302725 -0.308016 -0.309072 -0.305877  -0.29824 -0.286216 -0.270172 -0.251342
-0.291681 -0.300757 -0.305894 -0.307069 -0.303979 -0.296574 -0.284742 -0.268945 -0.250318 -0.230236
-0.298885 -0.303799  -0.30481 -0.301848 -0.294553 -0.282969 -0.267377 -0.249014 -0.229148 -0.208698
-0.301771 -0.302543 -0.299403 -0.292248 -0.280783 -0.265459 -0.247317 -0.227736 -0.207521 -0.187288
-0.300354 -0.296957  -0.28961 -0.278297 -0.263101 -0.245249 -0.225906 -0.205999 -0.186018 -0.166362
-0.294619 -0.286999  -0.27548 -0.260447 -0.242731 -0.223699 -0.204045 -0.184394 -0.165006 -0.146137
-0.284548 -0.272744 -0.257496 -0.239951 -0.221061 -0.201733 -0.182347 -0.163305 -0.144718 -0.126735
-0.270206 -0.254664 -0.236896 -0.218184 -0.199003 -0.179955 -0.161187 -0.142957 -0.125266 -0.108199
 -0.251864  -0.233773  -0.214815  -0.195831  -0.176945  -0.158549  -0.140622  -0.123325  -0.106579 -0.0904267
 -0.229933  -0.210548  -0.191225  -0.172614  -0.154439  -0.137023  -0.120139  -0.103933 -0.0882179 -0.0730449
 -0.205957  -0.185867  -0.166899  -0.148942  -0.131857  -0.115547 -0.0998982 -0.0848255 -0.0702315 -0.0560362
 -0.185645  -0.166658  -0.148682  -0.131615  -0.115316 -0.0996981 -0.0846477 -0.0700849 -0.0559135 -0.0420566
  -0.16638  -0.148378  -0.131287   -0.11501 -0.0994067 -0.0843939 -0.0698597 -0.0557273 -0.0419009  -0.028305
 -0.148073  -0.130952  -0.114649 -0.0990692  -0.084073 -0.0695799 -0.0554792 -0.0416956 -0.0281334 -0.0147202
  -0.130619   -0.114283  -0.0986741  -0.0837034  -0.0692285  -0.0551726  -0.0414238  -0.0279083  -0.0145321 -0.00122498
  -0.113921  -0.0982758  -0.0832731  -0.0688257  -0.0547898  -0.0410895   -0.027612  -0.0142866 -0.00101995   0.0122567
  -0.0978839   -0.0828411   -0.0683591   -0.0543526   -0.0406741   -0.0272492   -0.0139651 -0.000753404    0.0124793    0.0258006
  -0.0824182   -0.0678921   -0.0538484   -0.0402014   -0.0268001   -0.0135726 -0.000405635    0.0127677    0.0260414    0.0394825
 -0.0674368   -0.053345  -0.0396579  -0.0262903  -0.0130884 1.76467e-05   0.0131427   0.0263525   0.0397422   0.0533788
  -0.052856  -0.0391168  -0.0257061  -0.0125401 0.000538376    0.013598   0.0267558   0.0400769   0.0536582   0.0675669
-0.0385916  -0.025125 -0.0119128  0.0011271  0.0141572  0.0272447    0.04051  0.0540175  0.0678669  0.0821258
-0.0245533  -0.011279 0.00181121  0.0147997  0.0278548  0.0410437  0.0544903  0.0682593  0.0824534  0.0971394
-0.0106685 0.00248833  0.0155306  0.0285415  0.0416957  0.0550607  0.0687646  0.0828728  0.0974896   0.112682
0.00313946  0.0162532  0.0293214  0.0424285  0.0557565  0.0693734  0.0834121  0.0979373   0.113055   0.128836
0.0169469 0.0300915 0.0432597 0.0565377 0.0701151 0.0840612 0.0985121  0.113533  0.129235  0.145694
0.0308299 0.0440797 0.0574227  0.070947 0.0848509 0.0992034  0.114145  0.129743  0.146118  0.163362
0.0448649 0.0582949 0.0718883 0.0857359  0.100043   0.11488  0.130394  0.146659  0.163814  0.181981
0.0591292 0.0728153 0.0867363  0.100984  0.115773  0.131176  0.147351  0.164389  0.182461  0.201701
 0.073701 0.0877207  0.102046  0.116772  0.132124  0.148181  0.165124  0.183071  0.202211  0.222557
0.0886603  0.103091  0.117899  0.133184  0.149187  0.166005  0.183852  0.202859  0.223098  0.244118
0.104086 0.119006 0.134379 0.150311 0.167071 0.184786 0.203686 0.223785 0.244692 0.265091
0.120052 0.135541 0.151566 0.168251 0.185906 0.204667 0.224653 0.245413 0.265693 0.284006
0.136651   0.1528 0.169583 0.187158 0.205856 0.225694 0.246335 0.266459 0.284645 0.299886
0.153978 0.170893 0.188572 0.207186 0.226957  0.24744 0.267438 0.285458 0.300565 0.312063
0.172138 0.189957  0.20868 0.228362 0.248774 0.268606 0.286492 0.301424  0.31278 0.320085
0.191248 0.210116 0.229912 0.250232  0.26999 0.287704 0.302497 0.313671 0.320829  0.32362
0.211405 0.231345 0.251778 0.271444 0.289084 0.303705 0.314741 0.321718 0.324362 0.322395
0.232595 0.253167 0.272943 0.290494 0.305043 0.315913 0.322755 0.325223 0.323114 0.316194
 0.25456 0.274491 0.292165 0.306615 0.317404 0.324061  0.32638 0.324075 0.316995 0.305057
0.276868 0.294795 0.309454 0.320069 0.326592 0.328593 0.326035 0.318622 0.306415 0.289773
0.297828 0.313096 0.323927 0.330348 0.332104 0.329182 0.321374 0.308745 0.291698 0.271585
0.311181 0.321782 0.328035 0.329922 0.327112 0.319558 0.307138 0.290361  0.27047 0.248971
0.319741 0.325752 0.327459  0.32479 0.317355 0.305206 0.288651 0.269047 0.247784 0.225867
0.323543 0.324989 0.322126 0.314843 0.302823 0.286561 0.267198 0.246246 0.224584 0.202891
0.322605 0.319461 0.311969 0.300114 0.283992 0.264945 0.244252 0.222926 0.201507 0.180433
0.316914 0.309124 0.297045   0.2811 0.262202 0.241847 0.220797 0.199738 0.178956 0.158734
0.306455 0.294066 0.277886 0.259174 0.238974 0.218279 0.197509 0.177103 0.157188 0.137928
0.291301 0.274802 0.255847 0.235841 0.215306 0.194903 0.174797 0.155271 0.136328 0.118065
 0.271753  0.252446  0.232172  0.211851  0.191625  0.171924  0.152727  0.134214  0.116301 0.0990354
  0.24826   0.22752  0.206832  0.186905  0.167444  0.148805  0.130742  0.113416  0.096628 0.0804334
 0.222516  0.200989  0.180673   0.16145  0.143172  0.125734  0.109017 0.0929289 0.0773656 0.0622421
  0.20076  0.180426  0.161183  0.142923  0.125497  0.108812 0.0927462  0.077215  0.062116  0.047367
 0.180137  0.160867  0.142582  0.125179  0.108509 0.0924828 0.0769813 0.0619228 0.0472055 0.0327491
  0.16055  0.142235  0.124804  0.108159 0.0921493 0.0766906  0.061665 0.0469921 0.0325708 0.0183237
  0.141888   0.124423   0.107747  0.0917648   0.076325   0.061346  0.0467094  0.0323366  0.0181281 0.00400901
  0.124046   0.107333  0.0913167  0.0759055  0.0609474  0.0463614  0.0320281  0.0178725 0.00379553 -0.0102757
  0.106924  0.0908664  0.0754193  0.0604918  0.0459285  0.0316501  0.0175374 0.00351779 -0.0105077 -0.0246108
 0.0904252  0.0749323  0.0599659  0.0454355  0.0311817  0.0171282 0.00315516 -0.0108084 -0.0248619 -0.0390764
 0.0744571  0.0594407  0.0448684  0.0306498   0.016623 0.00271355 -0.0111996 -0.0251864 -0.0393473 -0.0537533
 0.0589302  0.0443035  0.0300399  0.0160507 0.00216999 -0.0116749 -0.0256074 -0.0396966 -0.0540449 -0.0687234
  0.043755  0.0294332  0.0153955 0.00155524 -0.0122588 -0.0261179 -0.0401489 -0.0544201 -0.0690367   -0.08407
  0.0288363    0.014734 0.000841171  -0.0129294  -0.0267547   -0.040706  -0.0549135  -0.0694462  -0.0844119  -0.0998814
  0.0140965 0.000134175  -0.0136925  -0.0274716  -0.0413867  -0.0555091  -0.0699737  -0.0848498   -0.100247   -0.116236
-0.000545925   -0.0144472   -0.0282861    -0.042152   -0.0562358   -0.0706096   -0.0854129    -0.100714    -0.116626    -0.133222
-0.0151719 -0.0290907 -0.0430203 -0.0570518 -0.0713843  -0.086091  -0.101315  -0.117125  -0.133638  -0.150934
-0.0298622 -0.0438771 -0.0579765 -0.0722535 -0.0869161  -0.102037  -0.117764  -0.134169  -0.151377  -0.169487
-0.0446977  -0.058888 -0.0732372  -0.087841  -0.102915  -0.118533  -0.134849  -0.151943  -0.169959  -0.189026
  -0.05976 -0.0742061 -0.0888866  -0.103898  -0.119466  -0.135666  -0.152666   -0.17056  -0.189527  -0.209709
 -0.075132 -0.0899156  -0.105009   -0.12051  -0.136658  -0.153534  -0.171328  -0.190165  -0.210242  -0.231573
-0.090898 -0.106101 -0.121689 -0.137766 -0.154586 -0.172249 -0.190981 -0.210919 -0.232138  -0.25417
-0.107141 -0.122846 -0.139015 -0.155761 -0.173364 -0.191958 -0.211784 -0.232857 -0.254769 -0.276151
 -0.12394 -0.140231 -0.157073 -0.174599 -0.193129  -0.21281 -0.233765 -0.255524 -0.276781 -0.295986
-0.141393 -0.158365 -0.175992  -0.19444 -0.214054 -0.234854 -0.256488 -0.277582 -0.296654 -0.312656
-0.159597 -0.177363 -0.195919 -0.215445 -0.236175 -0.257645 -0.278606 -0.297505 -0.313366 -0.325466
-0.178666 -0.197368 -0.217009 -0.237646 -0.259041 -0.279829 -0.298587 -0.314265 -0.326216 -0.333945
 -0.19872 -0.218512 -0.239268 -0.260566 -0.281277 -0.299855 -0.315388 -0.327149 -0.334723 -0.337746
-0.219861 -0.240768 -0.262185 -0.282799   -0.3013 -0.316653 -0.328269 -0.335654 -0.338523 -0.336588
-0.242077  -0.26364 -0.284369 -0.302777 -0.318055 -0.329496  -0.33674 -0.339425 -0.337341 -0.330243
-0.265098  -0.28599 -0.304526   -0.3197 -0.331058 -0.338107 -0.340636 -0.338347 -0.331083 -0.318757
-0.288475 -0.307276 -0.322669 -0.333844 -0.340753  -0.34295 -0.340396 -0.332783 -0.320177 -0.302951
-0.310446 -0.326474 -0.337875 -0.344678 -0.346619 -0.343684 -0.335659 -0.322611 -0.304962 -0.284122
-0.324485 -0.335647 -0.342276 -0.344352 -0.341534 -0.333772 -0.320942 -0.303573 -0.282964 -0.260684
-0.333528 -0.339905 -0.341795 -0.339123 -0.331485 -0.318936 -0.301798 -0.281487 -0.259452 -0.236742
 -0.33761 -0.339229 -0.336356 -0.328877 -0.316461 -0.299628 -0.279566 -0.257854 -0.235409 -0.212939
-0.336753 -0.333589 -0.325892 -0.313648 -0.296959 -0.277226 -0.255783 -0.233687 -0.211502 -0.189685
-0.330943 -0.322937  -0.31046 -0.293956 -0.274377 -0.253285 -0.231476 -0.209664 -0.188151 -0.167231
-0.320164 -0.307366 -0.290618 -0.271232 -0.250302 -0.228861 -0.207349 -0.186227 -0.165625 -0.145717
-0.304496 -0.287415 -0.267778 -0.247048 -0.225774 -0.204644 -0.183832 -0.163634 -0.144056 -0.125197
-0.284248 -0.264246 -0.243238 -0.222185 -0.201239 -0.180848 -0.160993  -0.14186 -0.123365 -0.105558
 -0.259895  -0.238403  -0.216968  -0.196333  -0.176191  -0.156916  -0.138251  -0.120366  -0.103055 -0.0863767
 -0.233199  -0.210892  -0.189853  -0.169958  -0.151057  -0.133043  -0.115792 -0.0992083 -0.0831864  -0.067638
 -0.210668  -0.189611  -0.169697  -0.150815  -0.132812  -0.115591   -0.09903 -0.0830395  -0.067515 -0.0523718
 -0.189326  -0.169386  -0.150478  -0.132498  -0.115293 -0.0987701 -0.0828088 -0.0673244 -0.0522125 -0.0373905
 -0.169071  -0.150134  -0.132127  -0.114946 -0.0984402 -0.0825213 -0.0670693 -0.0520015 -0.0372142 -0.0226281
  -0.149791   -0.131749   -0.114538  -0.0980591   -0.082159  -0.0667534  -0.0517213  -0.0369822  -0.0224343 -0.00800089
 -0.131375  -0.114127 -0.0976144 -0.0817429 -0.0663578 -0.0513761 -0.0366762 -0.0221808 -0.0077891  0.0065737
  -0.113721  -0.0971671  -0.0812597  -0.0659052   -0.050946  -0.0363006   -0.021848 -0.00751326  0.00680409   0.0211775
 -0.0967282  -0.0807754  -0.0653823  -0.0504558  -0.0358349  -0.0214411 -0.00715271  0.00710303   0.0214272   0.0358924
 -0.0803023  -0.0648596  -0.0498915  -0.0353056  -0.0209383 -0.00671329  0.00749235   0.0217501    0.036162   0.0508005
  -0.064351  -0.0493289  -0.0346983  -0.0203684 -0.00617201  0.00796558   0.0221693   0.0365098   0.0510909    0.065985
-0.0487822 -0.0340936 -0.0197156 -0.0055595 0.00854735  0.0226779  0.0369604  0.0514647  0.0662971  0.0815304
 -0.0334985  -0.0190561 -0.00484757  0.00921592   0.0233128   0.0375157   0.0519566   0.0667053   0.0818712   0.0975261
 -0.0184202 -0.00414243  0.00997705   0.0240277   0.0381946   0.0525505   0.0672314   0.0823079   0.0978907    0.114052
-0.00346377     0.01073   0.0248404   0.0389582   0.0532755   0.0678658   0.0828697   0.0983571    0.114441    0.131196
0.0114534 0.0256433 0.0398248 0.0540899 0.0686389 0.0835464 0.0989564  0.114939  0.131611  0.149055
0.0264136 0.0406801  0.055013 0.0695066 0.0843701 0.0996773  0.115577  0.132141  0.149498  0.167745
0.0414995 0.0559231 0.0704889 0.0852935  0.100554  0.116344  0.132821  0.150062  0.168216   0.18741
0.0567941 0.0714565 0.0863378  0.101536  0.117276  0.133637  0.150785  0.168816  0.187911  0.208211
0.0723814 0.0873656  0.102645  0.118319  0.134627  0.151651  0.169583  0.188548  0.208743  0.230183
0.088347 0.103736 0.119497 0.135734 0.152702 0.170503 0.189363 0.209419 0.230748 0.252881
0.104776 0.120653 0.136982 0.153876 0.171618 0.190339 0.210283 0.231466  0.25348 0.274956
0.121746 0.138197 0.155188 0.172851  0.19151 0.211308 0.232373 0.254234 0.275585 0.294877
0.139358 0.156478 0.174244 0.192819 0.212552 0.233462 0.255197 0.276386 0.295545 0.311628
 0.15771 0.175614 0.194298 0.213942 0.234782 0.256353 0.277409 0.296396 0.312338 0.324512
0.176916 0.195746 0.215505 0.236252 0.257749 0.278631 0.297477 0.313237 0.325262  0.33306
0.197097 0.217007 0.237873 0.259273 0.280078 0.298745 0.314359 0.326194 0.333838 0.336926
0.218356 0.239372 0.260891   0.2816 0.300189 0.315623 0.327314 0.334769 0.337703 0.335828
0.240681 0.262346 0.283169 0.301665 0.317024 0.328541 0.335855 0.338605  0.33658 0.329538
0.263803  0.28479 0.303414 0.318669 0.330102 0.337222 0.339815 0.337586 0.330377 0.318103
0.287274 0.306163 0.321637 0.332887 0.339867 0.342128 0.339635 0.332078 0.319522 0.302344
0.309333 0.325442 0.336918 0.343791 0.345797 0.342922 0.334953 0.321956 0.304355  0.28356
0.323453 0.334689 0.341388 0.343529 0.340772 0.333066 0.320287 0.302966 0.282401 0.260162
 0.33257 0.339017 0.340972  0.33836 0.330778  0.31828 0.301191 0.280924  0.25893 0.236258
0.336722 0.338406 0.335593 0.328169 0.315805  0.29902 0.279003 0.257332 0.234925 0.212491
0.335929 0.332825 0.325184 0.312992 0.296351 0.276662 0.255261 0.233203 0.211053 0.189269
0.330179 0.322229 0.309804 0.293347 0.273813 0.252763 0.230992 0.209215 0.187735 0.166845
0.319456 0.306709 0.290009 0.270668 0.249779 0.228376   0.2069  0.18581 0.165239 0.145359
0.303839 0.286806 0.267213 0.246525 0.225289 0.204194 0.183415 0.163248 0.143698 0.124865
0.283639 0.263681 0.242714   0.2217 0.200789 0.180431 0.160606 0.141502 0.123033  0.10525
  0.25933  0.237879  0.216482  0.195883  0.175774  0.156529  0.137892  0.120034  0.102747 0.0860911
 0.232675  0.210406  0.189402  0.169541   0.15067  0.132684  0.115459 0.0989001 0.0829007 0.0673732
 0.210182  0.189161  0.169279  0.150428  0.132453  0.115259 0.0987217 0.0827536 0.0672501 0.0521262
 0.188875  0.168968  0.150091  0.132139   0.11496 0.0984616 0.0825229 0.0670593 0.0519667 0.0371627
 0.168653  0.149747  0.131767  0.114613 0.0981315 0.0822352 0.0668041 0.0517556 0.0369863 0.0224169
  0.149403    0.13139   0.114205  0.0977503  0.0818728   0.066488  0.0514754  0.0367542   0.022223 0.00780496
   0.131015    0.113793   0.0973054   0.0814564   0.0660923     0.05113    0.036448   0.0219693  0.00759308 -0.00675542
   0.113387   0.0968579   0.0809731   0.0656396   0.0506998   0.0360724   0.0216364  0.00731715 -0.00698588  -0.0213461
  0.0964189   0.0804887   0.0651165   0.0502095   0.0356065   0.0212294  0.00695649 -0.00728491  -0.0215958  -0.0360487
  0.0800155   0.0645937    0.049645   0.0350771   0.0207265  0.00651697 -0.00767433  -0.0219188  -0.0363184  -0.0509454
  0.0640849   0.0490823   0.0344697   0.0201565  0.00597558 -0.00814765  -0.0223381  -0.0366662  -0.0512359  -0.0661194
  0.0485355   0.0338649   0.0195036  0.00536296 -0.00872953  -0.0228468  -0.0371169  -0.0516098  -0.0664316  -0.0816551
  0.0332697    0.018844  0.00465093 -0.00939819  -0.0234817  -0.0376724  -0.0521017  -0.0668399   -0.081996  -0.0976418
  0.018208  0.0039457 -0.0101594 -0.0241968 -0.0383513 -0.0526958  -0.067366 -0.0824327 -0.0980064  -0.114159
0.00326696 -0.0109124 -0.0250096  -0.039115 -0.0534208 -0.0680005 -0.0829946 -0.0984729  -0.114548  -0.131295
-0.0116359 -0.0258126 -0.0399816 -0.0542353 -0.0687737 -0.0836713 -0.0990722  -0.115046  -0.131711  -0.149148
-0.0265829  -0.040837 -0.0551584 -0.0696414 -0.0844951 -0.0997932  -0.115684  -0.132241   -0.14959   -0.16783
-0.0416565 -0.0560687 -0.0706238 -0.0854186   -0.10067  -0.116452  -0.132921  -0.150155  -0.168301  -0.187489
-0.0569397 -0.0715915 -0.0864629  -0.101652  -0.117384  -0.133736  -0.150877  -0.168901   -0.18799  -0.208284
-0.0725164 -0.0874908  -0.102761  -0.118427  -0.134727  -0.151744  -0.169669  -0.188628  -0.208816  -0.230251
-0.0884723  -0.103852  -0.119604  -0.135834  -0.152795  -0.170589  -0.189442  -0.209493  -0.230816  -0.252944
-0.104892 -0.120761 -0.137082 -0.153969 -0.171703 -0.190418 -0.210357 -0.231534 -0.253543 -0.275015
-0.121854 -0.138297  -0.15528 -0.172937 -0.191589 -0.211382 -0.232442 -0.254297 -0.275644 -0.294932
-0.139458 -0.156571 -0.174329 -0.192899 -0.212625  -0.23353 -0.255261 -0.276445   -0.2956 -0.311679
-0.157803   -0.1757 -0.194377 -0.214016  -0.23485 -0.256417 -0.277468  -0.29645 -0.312388 -0.324559
-0.177002 -0.195826 -0.215579  -0.23632 -0.257812  -0.27869 -0.297532 -0.313287 -0.325309 -0.333104
-0.197177 -0.217081 -0.237942 -0.259337 -0.280137 -0.298799 -0.314409 -0.326241 -0.333882 -0.336967
 -0.21843 -0.239441 -0.260955 -0.281659 -0.300244 -0.315674 -0.327361 -0.334812 -0.337743 -0.335865
-0.240749 -0.262409 -0.283228 -0.301719 -0.317075 -0.328587 -0.335898 -0.338645 -0.336618 -0.329573
-0.263867 -0.284849 -0.303468  -0.31872 -0.330149 -0.337265 -0.339855 -0.337623 -0.330412 -0.318135
-0.287333 -0.306218 -0.321688 -0.332934  -0.33991 -0.342169 -0.339672 -0.332112 -0.319554 -0.302374
-0.309387 -0.325492 -0.336965 -0.343834 -0.345837  -0.34296 -0.334987 -0.321988 -0.304385 -0.283587
-0.323503 -0.334736 -0.341432  -0.34357 -0.340809 -0.333101 -0.320319 -0.302996 -0.282429 -0.260188
-0.332617 -0.339061 -0.341012 -0.338398 -0.330813 -0.318312  -0.30122 -0.280951 -0.258955 -0.236282
-0.336766 -0.338447  -0.33563 -0.328204 -0.315837  -0.29905 -0.279031 -0.257358 -0.234949 -0.212513
 -0.33597 -0.332863 -0.325219 -0.313024 -0.296381  -0.27669 -0.255286 -0.233226 -0.211076 -0.189289
-0.330216 -0.322264 -0.309836 -0.293377 -0.273841 -0.252788 -0.231015 -0.209237 -0.187755 -0.166864
-0.319491 -0.306742 -0.290039 -0.270696 -0.249804   -0.2284 -0.206922  -0.18583 -0.165258 -0.145377
-0.303871 -0.286836 -0.267241  -0.24655 -0.225313 -0.204216 -0.183435 -0.163267 -0.143715 -0.124881
-0.283669 -0.263709  -0.24274 -0.221724 -0.200811 -0.180451 -0.160625  -0.14152 -0.123049 -0.105265
 -0.259358  -0.237904  -0.216506  -0.195905  -0.175794  -0.156548   -0.13791  -0.120051  -0.102762 -0.0861052
 -0.232701   -0.21043  -0.189424  -0.169561  -0.150689  -0.132702  -0.115476 -0.0989153 -0.0829148 -0.0673862
 -0.210206  -0.189183    -0.1693  -0.150447  -0.132471  -0.115275 -0.0987368 -0.0827677 -0.0672631 -0.0521383
 -0.188897  -0.168988   -0.15011  -0.132157  -0.114976 -0.0984768 -0.0825369 -0.0670723 -0.0519788 -0.0371739
 -0.168674  -0.149766  -0.131785  -0.114629 -0.0981466 -0.0822492 -0.0668172 -0.0517677 -0.0369975 -0.0224272
  -0.149422   -0.131408   -0.114221  -0.0977655  -0.0818868  -0.0665011  -0.0514874  -0.0367654  -0.0222334 -0.00781459
  -0.131033    -0.11381  -0.0973206  -0.0814705  -0.0661053  -0.0511421  -0.0364593  -0.0219797 -0.00760272  0.00674648
  -0.113403  -0.0968731  -0.0809872  -0.0656527  -0.0507119  -0.0360836  -0.0216468 -0.00732679  0.00697694   0.0213362
 -0.0964341  -0.0805028  -0.0651295  -0.0502216  -0.0356178  -0.0212398 -0.00696614  0.00727596   0.0215859   0.0360339
 -0.0800296  -0.0646067  -0.0496571  -0.0350884  -0.0207369 -0.00652663  0.00766538   0.0219089   0.0363036   0.0509205
  -0.064098  -0.0490944  -0.0344809  -0.0201669 -0.00598524   0.0081387   0.0223282   0.0366515    0.051211   0.0660782
 -0.0485476  -0.0338762   -0.019514 -0.00537263  0.00872057   0.0228369   0.0371022   0.0515848   0.0663904    0.081591
-0.0332809 -0.0188544 -0.0046606 0.00938923  0.0234718  0.0376576  0.0520768  0.0667987  0.0819319  0.0975496
 -0.0182184 -0.00395537   0.0101505   0.0241869   0.0383365   0.0526708   0.0673248   0.0823686   0.0979142    0.114036
-0.00327664   0.0109035   0.0249996   0.0391002   0.0533959   0.0679592   0.0829305   0.0983807    0.114425    0.131139
0.0116269 0.0258027 0.0399669 0.0542103 0.0687325 0.0836072   0.09898  0.114923  0.131555  0.148958
0.0265718 0.0408214 0.0551325 0.0695996 0.0844303 0.0997005  0.115561  0.132085  0.149401  0.167607
0.0416301 0.0560307 0.0705689 0.0853414  0.100565  0.116318  0.132755  0.149957  0.168072  0.187228
0.0568905 0.0715241 0.0863723  0.101535  0.117238  0.133561  0.150671  0.168664  0.187722  0.207985
0.0724374 0.0873872   0.10263  0.118268  0.134538  0.151526  0.169422  0.188352  0.208511  0.229916
0.0883565  0.103707   0.11943  0.135631  0.152564  0.170331  0.189156  0.209179  0.230474  0.252573
0.104735 0.120573 0.136865 0.153724 0.171432  0.19012 0.210032 0.231183 0.253165 0.274609
0.121664 0.138077 0.155032 0.172662 0.191288 0.211055 0.232089 0.253917 0.275236 0.294496
0.139235  0.15632 0.174051 0.192594 0.212295 0.233174 0.254878 0.276035 0.295162 0.311211
0.157548 0.175418 0.194069 0.213682 0.234491 0.256031 0.277056  0.29601 0.311919 0.324058
0.176716 0.195513 0.215241 0.235957 0.257423 0.278274 0.297089 0.312815 0.324806 0.332569
 0.19686 0.216739 0.237573 0.258943 0.279717 0.298352 0.313934 0.325736 0.333344 0.336395
0.218083 0.239068 0.260556 0.281234 0.299792 0.315195 0.326852 0.334271 0.337169 0.335254
0.240371 0.262005 0.282798 0.301262  0.31659 0.328074 0.335353 0.338067 0.336004  0.32892
0.263457 0.284413 0.303005 0.318229  0.32963 0.336716 0.339273 0.337006 0.329756 0.317438
0.286891 0.305749 0.321191 0.332409 0.339355 0.341582  0.33905 0.331453 0.318854 0.301629
0.308912 0.324989 0.336432 0.343272 0.345243 0.342332 0.334323 0.321284 0.303637 0.282792
0.322993 0.334197 0.340862 0.342969 0.340175  0.33243 0.319609 0.302244 0.281629 0.259337
0.332071 0.338483 0.340403 0.337755 0.330135 0.317596 0.300462 0.280147 0.258101 0.235372
0.336181 0.337829 0.334979 0.327518 0.315113 0.298285  0.27822 0.256498 0.234035  0.21154
0.335344 0.332202 0.324523  0.31229 0.295607 0.275872  0.25442 0.232307 0.210098 0.188248
0.329548 0.321558 0.309093 0.292594 0.273014 0.251914 0.230089 0.208254 0.186709 0.165749
0.318776 0.305988 0.289244 0.269858  0.24892 0.227465 0.205931 0.184778 0.164138 0.144182
0.303107 0.286031 0.266392 0.245655 0.224367 0.203216 0.182375  0.16214 0.142515 0.123601
0.282853 0.262848 0.241832 0.220766 0.199799 0.179381 0.159489 0.140312 0.121763 0.103892
 0.258485  0.236984  0.215535   0.19488  0.174712  0.155402  0.136693  0.118757  0.101383 0.0846331
 0.231768  0.209445  0.188385  0.168465   0.14953  0.131474  0.114172  0.097528 0.0814357 0.0658066
 0.209208  0.188129  0.168188  0.149273  0.131229  0.113959 0.0973388 0.0812797  0.065676 0.0504442
  0.18783  0.167861  0.148919  0.130899  0.113645 0.0970657 0.0810374 0.0654757 0.0502768 0.0353601
 0.167532  0.148559   0.13051  0.113282 0.0967197 0.0807358 0.0652082 0.0500555 0.0351752 0.0204891
  0.148199   0.130115   0.112855  0.0963207  0.0803565  0.0648773  0.0497621  0.0349322  0.0202861 0.00574756
   0.129723    0.112424   0.0958556   0.0799211   0.0644635   0.0494009    0.034612   0.0200208  0.00552598 -0.00894729
      0.112   0.0953882   0.0794163   0.0639905   0.0489514   0.0342195    0.019673  0.00523762 -0.00918812  -0.0236779
    0.09493   0.0789105   0.0634444   0.0484394   0.0337331   0.0192479  0.00486101 -0.00950041  -0.0239387   -0.038527
  0.0784169   0.0628988   0.0478504   0.0331805   0.0187231  0.00440225 -0.00990686  -0.0242759  -0.0388085  -0.0535776
 0.0623683  0.0472634  0.0325468  0.0181284 0.00383744 -0.0104007 -0.0247133 -0.0391714 -0.0538807 -0.0689141
 0.0466944  0.0319167  0.0174482 0.00319883 -0.0110072 -0.0252437 -0.0396413 -0.0542705 -0.0692396  -0.084622
 0.0313075   0.016773 0.00247002 -0.0116916 -0.0258937 -0.0402098 -0.0547741 -0.0696575  -0.084971  -0.100789
 0.0161217  0.0017478 -0.0124712  -0.026626 -0.0409051 -0.0553825 -0.0701963 -0.0854182  -0.101162  -0.117503
0.00105251 -0.0132426 -0.0274586 -0.0416875 -0.0561253 -0.0708463 -0.0859939   -0.10164  -0.117902  -0.134857
-0.0139839 -0.0282815 -0.0425756 -0.0569599 -0.0716388 -0.0866874  -0.102254  -0.118412  -0.135283   -0.15295
-0.0290711 -0.0434525 -0.0579063 -0.0725283 -0.0875319  -0.102993  -0.119067  -0.135827  -0.153403  -0.171897
-0.0442927 -0.0588396 -0.0735355 -0.0884788  -0.103892  -0.119854  -0.136523  -0.153982   -0.17238  -0.191846
-0.0597328  -0.074528 -0.0895498  -0.104899   -0.12081   -0.13736  -0.154723  -0.172995  -0.192359  -0.212959
-0.0754768 -0.0906043  -0.106037   -0.12188  -0.138376  -0.155612  -0.173782  -0.193013  -0.213504  -0.235273
-0.0916113  -0.107157  -0.123088  -0.139512  -0.156691  -0.174726  -0.193849  -0.214199  -0.235853  -0.258345
-0.108225 -0.124275 -0.140794 -0.157896 -0.175871 -0.194851 -0.215086  -0.23659  -0.25896 -0.280827
-0.125408 -0.142054 -0.159255 -0.177149 -0.196065 -0.216149 -0.237531 -0.259741  -0.28148 -0.301197
-0.143256 -0.160593 -0.178593 -0.197422 -0.217437 -0.238659  -0.26074  -0.28231 -0.301889 -0.318433
 -0.16187 -0.180013 -0.198955 -0.218879 -0.240027 -0.261938  -0.28337 -0.302771 -0.319168 -0.331841
-0.181363 -0.200456 -0.220498 -0.241551 -0.263385 -0.284637 -0.303892   -0.3201 -0.332618 -0.340956
-0.201858 -0.222057 -0.243233 -0.264967 -0.286139 -0.305207 -0.321264 -0.333586 -0.341763 -0.345434
-0.223459 -0.244792 -0.266649 -0.287721 -0.306709 -0.322579  -0.33475  -0.34273 -0.346241 -0.344996
-0.246157 -0.268167 -0.289358 -0.308249 -0.324041  -0.33603 -0.343864 -0.347183 -0.345781 -0.339419
-0.269685 -0.291046  -0.31007 -0.325754 -0.337656 -0.345287 -0.348443 -0.346829 -0.340293 -0.328752
-0.293595 -0.312891 -0.328799 -0.340514 -0.348002 -0.350817 -0.348931 -0.342038 -0.330209 -0.313822
-0.316128 -0.332679 -0.344626 -0.352002 -0.354558 -0.352282 -0.344969  -0.33269 -0.315873 -0.295931
-0.330762 -0.342478 -0.349686 -0.352372  -0.35021  -0.34315 -0.331081 -0.314534 -0.294815 -0.273497
-0.340436 -0.347401 -0.349907 -0.347884 -0.340945 -0.329146 -0.312822  -0.29339 -0.272309  -0.25063
-0.345187 -0.347432 -0.345215 -0.338428 -0.326758 -0.310728 -0.291537 -0.270767 -0.249345 -0.227981
-0.345041 -0.342543 -0.335547 -0.324043 -0.308152 -0.289278 -0.268768 -0.247682 -0.226594 -0.205964
-0.339989 -0.332694 -0.320965 -0.305252 -0.286527 -0.266356 -0.245547 -0.224819 -0.204483 -0.184838
-0.330019 -0.317979 -0.302031 -0.283492 -0.263477 -0.243023 -0.222585 -0.202626 -0.183288 -0.164751
-0.315212 -0.298943 -0.280162  -0.26034 -0.240047 -0.219977 -0.200317 -0.181369 -0.163149 -0.145763
-0.295886 -0.276752 -0.256661 -0.236583 -0.216689 -0.197436 -0.178819  -0.16103 -0.143994  -0.12777
-0.272518 -0.251956 -0.231505 -0.211915 -0.192904 -0.174851 -0.157517 -0.141076 -0.125335  -0.11036
 -0.246876  -0.225567  -0.205583  -0.186811  -0.169126  -0.152425  -0.136605  -0.121574  -0.107241 -0.0935245
 -0.225474  -0.205488  -0.186708  -0.169031  -0.152335  -0.136527  -0.121505  -0.107185 -0.0934772 -0.0803071
 -0.205342  -0.186551  -0.168862  -0.152179  -0.136378  -0.121376   -0.10707 -0.0933829 -0.0802282 -0.0675336
 -0.186385  -0.168683  -0.151985  -0.136199  -0.121204  -0.106921 -0.0932509 -0.0801194 -0.0674425 -0.0551514
 -0.168496  -0.151782  -0.135979  -0.121001  -0.106727 -0.0930824 -0.0799698 -0.0673191 -0.0550481 -0.0430909
 -0.151574  -0.135753  -0.120756  -0.106499 -0.0928653 -0.0797809 -0.0671515 -0.0549097 -0.0429751 -0.0312839
 -0.135523  -0.120505  -0.106228 -0.0926124 -0.0795403 -0.0669419 -0.0547237 -0.0428213 -0.0311554  -0.019664
  -0.120253   -0.105952  -0.0923142  -0.0792617   -0.066677  -0.0544928  -0.0426165  -0.0309859  -0.0195224 -0.00816592
  -0.105677  -0.0920125  -0.0789357  -0.0663721   -0.054203  -0.0423636  -0.0307617  -0.0193367 -0.00801081  0.00327511
-0.0917141 -0.0786074 -0.0660174 -0.0538709 -0.0420481 -0.0304862 -0.0190926 -0.0078085  0.0034441  0.0147233
 -0.0782846  -0.0656616  -0.0534866   -0.041688  -0.0301441  -0.0187937 -0.00754367  0.00366363   0.0149067   0.0262429
 -0.0653134  -0.0531022   -0.041273  -0.0297549  -0.0184241 -0.00722066  0.00394985    0.015144   0.0264411   0.0378979
 -0.0527277   -0.040859   -0.029308  -0.0180048 -0.00682241  0.00429795   0.0154524   0.0266969   0.0381115   0.0497524
  -0.040457  -0.0288632  -0.0175247 -0.00637184  0.00472588   0.0158266   0.0270284   0.0383865    0.049982   0.0618711
 -0.0284327  -0.0170479 -0.00585717  0.00520904   0.0162854   0.0274297    0.038742    0.050277   0.0621173   0.0743236
 -0.0165876 -0.00534706  0.00575969   0.0168025   0.0279207   0.0391715   0.0506574   0.0624331   0.0745872   0.0871952
-0.00485559   0.0063046   0.0173907   0.0284732   0.0396961   0.0511164   0.0628396   0.0749246   0.0874769    0.100601
0.00682854  0.0179719  0.0291005  0.0402855   0.051676  0.0633293  0.0753583  0.0878369   0.100901   0.114666
0.0185297 0.0297196 0.0409537 0.0523039 0.0639254   0.07588  0.088299  0.101285  0.114986  0.129392
0.0303128 0.0416123 0.0530147 0.0645935 0.0765142 0.0888541  0.101776  0.115394  0.129733   0.14429
0.0422427 0.0537148 0.0653491 0.0772244 0.0895283  0.102366  0.115917  0.130167  0.144652  0.157952
0.0543848 0.0660933 0.0780276 0.0902834  0.103083  0.116544  0.130722  0.145113  0.158337  0.168761
0.0668062 0.0788198 0.0911383  0.103887  0.117307   0.13139  0.145705  0.158828  0.169171  0.175594
0.079579 0.091982 0.104798 0.118164 0.132203 0.146416 0.159458 0.169695 0.176031 0.177781
0.0927846   0.10569  0.119126  0.133108  0.147275   0.16021  0.170361  0.176584  0.178243  0.175382
0.106513 0.120041 0.134096 0.148204 0.161092 0.171132 0.177268  0.17881 0.175856 0.169506
0.120832 0.134974 0.149152 0.161983 0.171978 0.178008 0.179466 0.176401 0.169961 0.161498
0.135691 0.149948 0.162842 0.172786 0.178775 0.180137 0.176995 0.170454  0.16191 0.152264
0.150778 0.163765 0.173782 0.179711 0.181026 0.177773 0.171143 0.162482 0.152742  0.14254
0.165589 0.175797 0.181886 0.183066 0.179711 0.172837 0.163983 0.153986 0.143579  0.13312
0.178298 0.184947 0.186294  0.18288 0.175789 0.166642 0.156306 0.145552 0.134746  0.12424
0.182336 0.183373  0.17973 0.172819 0.163826 0.153835 0.143366 0.132928 0.122723 0.112974
0.180718 0.176763 0.169619 0.160809 0.150974 0.140857 0.130707 0.120876 0.111434 0.102533
 0.173824  0.166336  0.157269  0.147637  0.137691  0.127932   0.11842  0.109392  0.100829 0.0928335
 0.162192  0.152654  0.142658  0.133005  0.123485  0.114524  0.105942 0.0979628 0.0904416 0.0834898
 0.147862   0.13706  0.127041  0.117746  0.109133  0.101149 0.0937539 0.0869016  0.080555 0.0746757
  0.13714  0.127134  0.117847   0.10923   0.10124 0.0938348 0.0869728 0.0806149 0.0747254 0.0692697
  0.12718  0.117901  0.109288  0.101297 0.0938882 0.0870205 0.0806569 0.0747608 0.0692991 0.0642396
 0.117944  0.109339  0.101352 0.0939409 0.0870701 0.0807012 0.0747998  0.069332 0.0642669 0.0595749
 0.109378  0.101399 0.0939913 0.0871189 0.0807472 0.0748408 0.0693681 0.0642974 0.0596002  0.055249
 0.101435 0.0940349 0.0871657 0.0807925 0.0748835 0.0694062 0.0643309 0.0596285 0.0552724 0.0512372
0.0940687 0.0872061 0.0808358 0.0749255 0.0694457 0.0643662 0.0596595 0.0552986  0.051259 0.0475168
0.0872374 0.0808733 0.0749657 0.0694846 0.0644028 0.0596923 0.0553274 0.0512833  0.047537 0.0440666
0.0809023 0.0750004 0.0695219  0.064439 0.0597263 0.0553578   0.05131 0.0475595 0.0440853  0.040867
0.0750274 0.0695541 0.0644735 0.0597597 0.0553893 0.0513381 0.0475843 0.0441062 0.0408843 0.0378997
0.0695791 0.0645034 0.0597918 0.0554204 0.0513674 0.0476104 0.0441292 0.0409037 0.0379158 0.0351479
0.0645265 0.0598195 0.0554501 0.0513962 0.0476375 0.0441534  0.040925 0.0379338 0.0351629  0.032596
 0.059841 0.0554757 0.0514237 0.0476642 0.0441785 0.0409474 0.0379535 0.0351795 0.0326098 0.0302294
0.0554957 0.0514475 0.0476897 0.0442033 0.0409707 0.0379743 0.0351978 0.0326253 0.0302422 0.0280346
 0.051466 0.0477118 0.0442269 0.0409937 0.0379959 0.0352171 0.0326422 0.0302565 0.0280465 0.0259992
0.0477289 0.0442474 0.0410156 0.0380172 0.0352371 0.0326601 0.0302723 0.0280598 0.0260102 0.0241116
0.0442633 0.0410346 0.0380376 0.0352569 0.0326787 0.0302888 0.0280744 0.0260226 0.0241219 0.0223611
0.0410494 0.0380552 0.0352758  0.032697 0.0303061 0.0280898 0.0260361 0.0241333 0.0223706 0.0207377
0.0380688 0.0352921 0.0327145  0.030323 0.0281057 0.0260504 0.0241458 0.0223812 0.0207465 0.0192322
0.0353047 0.0327296 0.0303393 0.0281215 0.0260652  0.024159 0.0223928 0.0207563 0.0192403  0.017836
0.0327414 0.0303533 0.0281365 0.0260797 0.0241728 0.0224051 0.0207671 0.0192494 0.0178435 0.0165412
0.0303642 0.0281495 0.0260937 0.0241863 0.0224178 0.0207785 0.0192594  0.017852 0.0165482 0.0153404
0.0281596 0.0261058 0.0241992 0.0224304 0.0207903   0.01927 0.0178613  0.016556 0.0153469 0.0142267
0.0261151 0.0242104 0.0224424 0.0208019 0.0192809  0.017871 0.0165646 0.0153541 0.0142328  0.013194
0.0242191 0.0224527  0.020813 0.0192917 0.0178812 0.0165737 0.0153621 0.0142395 0.0131996 0.0122362
0.0224608 0.0208227  0.019302 0.0178912 0.0165831 0.0153705 0.0142469 0.0132058 0.0122414  0.011348
0.0208301 0.0193109 0.0179007 0.0165923 0.0153792 0.0142547 0.0132127 0.0122472 0.0113528 0.0105242
 0.0193179   0.017909  0.0166012  0.0153878  0.0142628  0.0132199  0.0122535  0.0113581  0.0105287 0.00976028
 0.0179154  0.0166089   0.015396  0.0142707  0.0132274  0.0122602   0.011364  0.0105336 0.00976441  0.0090518
 0.0166148  0.0154031  0.0142784  0.0132348  0.0122672  0.0113702  0.0105391 0.00976902 0.00905563 0.00839477
 0.0154087   0.014285  0.0132418   0.012274  0.0113767  0.0105449 0.00977409 0.00905991 0.00839832 0.00778543
 0.0142901   0.013248  0.0122806   0.011383  0.0105509 0.00977943 0.00906461 0.00840228 0.00778872 0.00722033
 0.0132527  0.0122863  0.0113891  0.0105567 0.00978498 0.00906956 0.00840664  0.0077924 0.00722338 0.00669625
 0.0122907  0.0113944  0.0105624 0.00979044 0.00907471 0.00841123 0.00779644 0.00722679 0.00669909 0.00621023
 0.0113985  0.0105673 0.00979567 0.00907977   0.008416  0.0078007 0.00723054 0.00670225 0.00621285 0.00575948
  0.010571 0.00980019 0.00908462  0.0084207 0.00780512 0.00723449 0.00670572 0.00621578 0.00576192 0.00534146
0.00980369 0.00908881 0.00842519 0.00780948 0.00723859 0.00670938 0.00621901 0.00576464 0.00534372 0.00495378
0.00909206 0.00842908 0.00781364 0.00724263 0.00671319  0.0062224 0.00576762 0.00534624 0.00495588 0.00459425
0.00843209 0.00781725 0.00724649 0.00671693 0.00622593 0.00577077 0.00534901 0.00495822 0.00459619 0.00426082
0.00782004 0.00724983 0.00672052  0.0062294 0.00577404 0.00535193 0.00496078 0.00459836 0.00426262 0.00395159
0.00760216 0.00704784 0.00653327 0.00605584 0.00561317 0.00520282 0.00482258 0.00447025 0.00414386  0.0038415
0.00760216 0.00704784 0.00653327 0.00605584 0.00561317 0.00520282 0.00482258 0.00447025 0.00414386  0.0038415
0.00760216 0.00704784 0.00653327 0.00605584 0.00561317 0.00520282 0.00482258 0.00447025 0.00414386  0.0038415
0.00760216 0.00704784 0.00653327 0.00605584 0.00561317 0.00520282 0.00482258 0.00447025 0.00414386  0.0038415
0.00760216 0.00704784 0.00653327 0.00605584 0.00561317 0.00520282 0.00482258 0.00447025 0.00414386  0.0038415
0.00760216 0.00704784 0.00653327 0.00605584 0.00561317 0.00520282 0.00482258 0.00447025 0.00414386  0.0038415
0.00760216 0.00704784 0.00653327 0.00605584 0.00561317 0.00520282 0.00482258 0.00447025 0.00414386  0.0038415
0.00760216 0.00704784 0.00653327 0.00605584 0.00561317 0.00520282 0.00482258 0.00447025 0.00414386  0.0038415
0.00760216 0.00704784 0.00653327 0.00605584 0.00561317 0.00520282 0.00482258 0.00447025 0.00414386  0.0038415
0.00760216 0.00704784 0.00653327 0.00605584 0.00561317 0.00520282 0.00482258 0.00447025 0.00414386  0.0038415
0.00760216 0.00704784 0.00653327 0.00605584 0.00561317 0.00520282 0.00482258 0.00447025 0.00414386  0.0038415
0.00760216 0.00704784 0.00653327 0.00605584 0.00561317 0.00520282 0.00482258 0.00447025 0.00414386  0.0038415
0.00760216 0.00704784 0.00653327 0.00605584 0.00561317 0.00520282 0.00482258 0.00447025 0.00414386  0.0038415
0.00760216 0.00704784 0.00653327 0.00605584 0.00561317 0.00520282 0.00482258 0.00447025 0.00414386  0.0038415
0.00760216 0.00704784 0.00653327 0.00605584 0.00561317 0.00520282 0.00482258 0.00447025 0.00414386  0.0038415
0.00760216 0.00704784 0.00653327 0.00605584 0.00561317 0.00520282 0.00482258 0.00447025 0.00414386  0.0038415
0.00760216 0.00704784 0.00653327 0.00605584 0.00561317 0.00520282 0.00482258 0.00447025 0.00414386  0.0038415
0.00760216 0.00704784 0.00653327 0.00605584 0.00561317 0.00520282 0.00482258 0.00447025 0.00414386  0.0038415
0.00760216 0.00704784 0.00653327 0.00605584 0.00561317 0.00520282 0.00482258 0.00447025 0.00414386  0.0038415
0.00760216 0.00704784 0.00653327 0.00605584 0.00561317 0.00520282 0.00482258 0.00447025 0.00414386  0.0038415
0.00760216 0.00704784 0.00653327 0.00605584 0.00561317 0.00520282 0.00482258 0.00447025 0.00414386  0.0038415
0.00760216 0.00704784 0.00653327 0.00605584 0.00561317 0.00520282 0.00482258 0.00447025 0.00414386  0.0038415
0.00760216 0.00704784 0.00653327 0.00605584 0.00561317 0.00520282 0.00482258 0.00447025 0.00414386  0.0038415
0.00760216 0.00704784 0.00653327 0.00605584 0.00561317 0.00520282 0.00482258 0.00447025 0.00414386  0.0038415
0.00760216 0.00704784 0.00653327 0.00605584 0.00561317 0.00520282 0.00482258 0.00447025 0.00414386  0.0038415
0.00760216 0.00704784 0.00653327 0.00605584 0.00561317 0.00520282 0.00482258 0.00447025 0.00414386  0.0038415
0.00760216 0.00704784 0.00653327 0.00605584 0.00561317 0.00520282 0.00482258 0.00447025 0.00414386  0.0038415
0.00760216 0.00704784 0.00653327 0.00605584 0.00561317 0.00520282 0.00482258 0.00447025 0.00414386  0.0038415
0.00760216 0.00704784 0.00653327 0.00605584 0.00561317 0.00520282 0.00482258 0.00447025 0.00414386  0.0038415
0.00760216 0.00704784 0.00653327 0.00605584 0.00561317 0.00520282 0.00482258 0.00447025 0.00414386  0.0038415
0.00760216 0.00704784 0.00653327 0.00605584 0.00561317 0.00520282 0.00482258 0.00447025 0.00414386  0.0038415
0.00760216 0.00704784 0.00653327 0.00605584 0.00561317 0.00520282 0.00482258 0.00447025 0.00414386  0.0038415
0.00760216 0.00704784 0.00653327 0.00605584 0.00561317 0.00520282 0.00482258 0.00447025 0.00414386  0.0038415
0.00760216 0.00704784 0.00653327 0.00605584 0.00561317 0.00520282 0.00482258 0.00447025 0.00414386  0.0038415
0.00760216 0.00704784 0.00653327 0.00605584 0.00561317 0.00520282 0.00482258 0.00447025 0.00414386  0.0038415
0.00760216 0.00704784 0.00653327 0.00605584 0.00561317 0.00520282 0.00482258 0.00447025 0.00414386  0.0038415
0.00760216 0.00704784 0.00653327 0.00605584 0.00561317 0.00520282 0.00482258 0.00447025 0.00414386  0.0038415
0.00760216 0.00704784 0.00653327 0.00605584 0.00561317 0.00520282 0.00482258 0.00447025 0.00414386  0.0038415
0.00760216 0.00704784 0.00653327 0.00605584 0.00561317 0.00520282 0.00482258 0.00447025 0.00414386  0.0038415
0.00760216 0.00704784 0.00653327 0.00605584 0.00561317 0.00520282 0.00482258 0.00447025 0.00414386  0.0038415
0.00760216 0.00704784 0.00653327 0.00605584 0.00561317 0.00520282 0.00482258 0.00447025 0.00414386  0.0038415
0.00760216 0.00704784 0.00653327 0.00605584 0.00561317 0.00520282 0.00482258 0.00447025 0.00414386  0.0038415
0.00760216 0.00704784 0.00653327 0.00605584 0.00561317 0.00520282 0.00482258 0.00447025 0.00414386  0.0038415
0.00760216 0.00704784 0.00653327 0.00605584 0.00561317 0.00520282 0.00482258 0.00447025 0.00414386  0.0038415
0.00760216 0.00704784 0.00653327 0.00605584 0.00561317 0.00520282 0.00482258 0.00447025 0.00414386  0.0038415
0.00760216 0.00704784 0.00653327 0.00605584 0.00561317 0.00520282 0.00482258 0.00447025 0.00414386  0.0038415
0.00760216 0.00704784 0.00653327 0.00605584 0.00561317 0.00520282 0.00482258 0.00447025 0.00414386  0.0038415
0.00760216 0.00704784 0.00653327 0.00605584 0.00561317 0.00520282 0.00482258 0.00447025 0.00414386  0.0038415
0.00760216 0.00704784 0.00653327 0.00605584 0.00561317 0.00520282 0.00482258 0.00447025 0.00414386  0.0038415
0.00760216 0.00704784 0.00653327 0.00605584 0.00561317 0.00520282 0.00482258 0.00447025 0.00414386  0.0038415
0.00760216 0.00704784 0.00653327 0.00605584 0.00561317 0.00520282 0.00482258 0.00447025 0.00414386  0.0038415
0.00760216 0.00704784 0.00653327 0.00605584 0.00561317 0.00520282 0.00482258 0.00447025 0.00414386  0.0038415
0.00760216 0.00704784 0.00653327 0.00605584 0.00561317 0.00520282 0.00482258 0.00447025 0.00414386  0.0038415
0.00760216 0.00704784 0.00653327 0.00605584 0.00561317 0.00520282 0.00482258 0.00447025 0.00414386  0.0038415
0.00760216 0.00704784 0.00653327 0.00605584 0.00561317 0.00520282 0.00482258 0.00447025 0.00414386  0.0038415
0.00760216 0.00704784 0.00653327 0.00605584 0.00561317 0.00520282 0.00482258 0.00447025 0.00414386  0.0038415
0.00760216 0.00704784 0.00653327 0.00605584 0.00561317 0.00520282 0.00482258 0.00447025 0.00414386  0.0038415
0.00760216 0.00704784 0.00653327 0.00605584 0.00561317 0.00520282 0.00482258 0.00447025 0.00414386  0.0038415
0.00760216 0.00704784 0.00653327 0.00605584 0.00561317 0.00520282 0.00482258 0.00447025 0.00414386  0.0038415
0.00760216 0.00704784 0.00653327 0.00605584 0.00561317 0.00520282 0.00482258 0.00447025 0.00414386  0.0038415
0.00760216 0.00704784 0.00653327 0.00605584 0.00561317 0.00520282 0.00482258 0.00447025 0.00414386  0.0038415
0.00760216 0.00704784 0.00653327 0.00605584 0.00561317 0.00520282 0.00482258 0.00447025 0.00414386  0.0038415
0.00760216 0.00704784 0.00653327 0.00605584 0.00561317 0.00520282 0.00482258 0.00447025 0.00414386  0.0038415
0.00760216 0.00704784 0.00653327 0.00605584 0.00561317 0.00520282 0.00482258 0.00447025 0.00414386  0.0038415
0.00760216 0.00704784 0.00653327 0.00605584 0.00561317 0.00520282 0.00482258 0.00447025 0.00414386  0.0038415
0.00760216 0.00704784 0.00653327 0.00605584 0.00561317 0.00520282 0.00482258 0.00447025 0.00414386  0.0038415
0.00760216 0.00704784 0.00653327 0.00605584 0.00561317 0.00520282 0.00482258 0.00447025 0.00414386  0.0038415
0.00760216 0.00704784 0.00653327 0.00605584 0.00561317 0.00520282 0.00482258 0.00447025 0.00414386  0.0038415
0.00760216 0.00704784 0.00653327 0.00605584 0.00561317 0.00520282 0.00482258 0.00447025 0.00414386  0.0038415
0.00760216 0.00704784 0.00653327 0.00605584 0.00561317 0.00520282 0.00482258 0.00447025 0.00414386  0.0038415
0.00760216 0.00704784 0.00653327 0.00605584 0.00561317 0.00520282 0.00482258 0.00447025 0.00414386  0.0038415
0.00760216 0.00704784 0.00653327 0.00605584 0.00561317 0.00520282 0.00482258 0.00447025 0.00414386  0.0038415
0.00760216 0.00704784 0.00653327 0.00605584 0.00561317 0.00520282 0.00482258 0.00447025 0.00414386  0.0038415
0.00760216 0.00704784 0.00653327 0.00605584 0.00561317 0.00520282 0.00482258 0.00447025 0.00414386  0.0038415
0.00760216 0.00704784 0.00653327 0.00605584 0.00561317 0.00520282 0.00482258 0.00447025 0.00414386  0.0038415
0.00760216 0.00704784 0.00653327 0.00605584 0.00561317 0.00520282 0.00482258 0.00447025 0.00414386  0.0038415
0.00760216 0.00704784 0.00653327 0.00605584 0.00561317 0.00520282 0.00482258 0.00447025 0.00414386  0.0038415
0.00760216 0.00704784 0.00653327 0.00605584 0.00561317 0.00520282 0.00482258 0.00447025 0.00414386  0.0038415
0.00760216 0.00704784 0.00653327 0.00605584 0.00561317 0.00520282 0.00482258 0.00447025 0.00414386  0.0038415
0.00760216 0.00704784 0.00653327 0.00605584 0.00561317 0.00520282 0.00482258 0.00447025 0.00414386  0.0038415
0.00760216 0.00704784 0.00653327 0.00605584 0.00561317 0.00520282 0.00482258 0.00447025 0.00414386  0.0038415
0.00760216 0.00704784 0.00653327 0.00605584 0.00561317 0.00520282 0.00482258 0.00447025 0.00414386  0.0038415
0.00760216 0.00704784 0.00653327 0.00605584 0.00561317 0.00520282 0.00482258 0.00447025 0.00414386  0.0038415
0.00760216 0.00704784 0.00653327 0.00605584 0.00561317 0.00520282 0.00482258 0.00447025 0.00414386  0.0038415
0.00760216 0.00704784 0.00653327 0.00605584 0.00561317 0.00520282 0.00482258 0.00447025 0.00414386  0.0038415
0.00760216 0.00704784 0.00653327 0.00605584 0.00561317 0.00520282 0.00482258 0.00447025 0.00414386  0.0038415
0.00760216 0.00704784 0.00653327 0.00605584 0.00561317 0.00520282 0.00482258 0.00447025 0.00414386  0.0038415
0.00760216 0.00704784 0.00653327 0.00605584 0.00561317 0.00520282 0.00482258 0.00447025 0.00414386  0.0038415
0.00760216 0.00704784 0.00653327 0.00605584 0.00561317 0.00520282 0.00482258 0.00447025 0.00414386  0.0038415
0.00760216 0.00704784 0.00653327 0.00605584 0.00561317 0.00520282 0.00482258 0.00447025 0.00414386  0.0038415
0.00760216 0.00704784 0.00653327 0.00605584 0.00561317 0.00520282 0.00482258 0.00447025 0.00414386  0.0038415
0.00760216 0.00704784 0.00653327 0.00605584 0.00561317 0.00520282 0.00482258 0.00447025 0.00414386  0.0038415
0.00760216 0.00704784 0.00653327 0.00605584 0.00561317 0.00520282 0.00482258 0.00447025 0.00414386  0.0038415
0.00760216 0.00704784 0.00653327 0.00605584 0.00561317 0.00520282 0.00482258 0.00447025 0.00414386  0.0038415
0.00760216 0.00704784 0.00653327 0.00605584 0.00561317 0.00520282 0.00482258 0.00447025 0.00414386  0.0038415
0.00760216 0.00704784 0.00653327 0.00605584 0.00561317 0.00520282 0.00482258 0.00447025 0.00414386  0.0038415
0.00760216 0.00704784 0.00653327 0.00605584 0.00561317 0.00520282 0.00482258 0.00447025 0.00414386  0.0038415
0.00760216 0.00704784 0.00653327 0.00605584 0.00561317 0.00520282 0.00482258 0.00447025 0.00414386  0.0038415
0.00760216 0.00704784 0.00653327 0.00605584 0.00561317 0.00520282 0.00482258 0.00447025 0.00414386  0.0038415
0.00760216 0.00704784 0.00653327 0.00605584 0.00561317 0.00520282 0.00482258 0.00447025 0.00414386  0.0038415
0.00760216 0.00704784 0.00653327 0.00605584 0.00561317 0.00520282 0.00482258 0.00447025 0.00414386  0.0038415
0.00760216 0.00704784 0.00653327 0.00605584 0.00561317 0.00520282 0.00482258 0.00447025 0.00414386  0.0038415
0.00760216 0.00704784 0.00653327 0.00605584 0.00561317 0.00520282 0.00482258 0.00447025 0.00414386  0.0038415
0.00760216 0.00704784 0.00653327 0.00605584 0.00561317 0.00520282 0.00482258 0.00447025 0.00414386  0.0038415
0.00760216 0.00704784 0.00653327 0.00605584 0.00561317 0.00520282 0.00482258 0.00447025 0.00414386  0.0038415
0.00760216 0.00704784 0.00653327 0.00605584 0.00561317 0.00520282 0.00482258 0.00447025 0.00414386  0.0038415
0.00760216 0.00704784 0.00653327 0.00605584 0.00561317 0.00520282 0.00482258 0.00447025 0.00414386  0.0038415
0.00760216 0.00704784 0.00653327 0.00605584 0.00561317 0.00520282 0.00482258 0.00447025 0.00414386  0.0038415
0.00760216 0.00704784 0.00653327 0.00605584 0.00561317 0.00520282 0.00482258 0.00447025 0.00414386  0.0038415
0.00760216 0.00704784 0.00653327 0.00605584 0.00561317 0.00520282 0.00482258 0.00447025 0.00414386  0.0038415
0.00760216 0.00704784 0.00653327 0.00605584 0.00561317 0.00520282 0.00482258 0.00447025 0.00414386  0.0038415
0.00760216 0.00704784 0.00653327 0.00605584 0.00561317 0.00520282 0.00482258 0.00447025 0.00414386  0.0038415
0.00760216 0.00704784 0.00653327 0.00605584 0.00561317 0.00520282 0.00482258 0.00447025 0.00414386  0.0038415
0.00760216 0.00704784 0.00653327 0.00605584 0.00561317 0.00520282 0.00482258 0.00447025 0.00414386  0.0038415
0.00760216 0.00704784 0.00653327 0.00605584 0.00561317 0.00520282 0.00482258 0.00447025 0.00414386  0.0038415
0.00760216 0.00704784 0.00653327 0.00605584 0.00561317 0.00520282 0.00482258 0.00447025 0.00414386  0.0038415
0.00760216 0.00704784 0.00653327 0.00605584 0.00561317 0.00520282 0.00482258 0.00447025 0.00414386  0.0038415
0.00760216 0.00704784 0.00653327 0.00605584 0.00561317 0.00520282 0.00482258 0.00447025 0.00414386  0.0038415
0.00760216 0.00704784 0.00653327 0.00605584 0.00561317 0.00520282 0.00482258 0.00447025 0.00414386  0.0038415
0.00760216 0.00704784 0.00653327 0.00605584 0.00561317 0.00520282 0.00482258 0.00447025 0.00414386  0.0038415
0.00760216 0.00704784 0.00653327 0.00605584 0.00561317 0.00520282 0.00482258 0.00447025 0.00414386  0.0038415
0.00760216 0.00704784 0.00653327 0.00605584 0.00561317 0.00520282 0.00482258 0.00447025 0.00414386  0.0038415
0.00760216 0.00704784 0.00653327 0.00605584 0.00561317 0.00520282 0.00482258 0.00447025 0.00414386  0.0038415
0.00760216 0.00704784 0.00653327 0.00605584 0.00561317 0.00520282 0.00482258 0.00447025 0.00414386  0.0038415
0.00760216 0.00704784 0.00653327 0.00605584 0.00561317 0.00520282 0.00482258 0.00447025 0.00414386  0.0038415
0.00760216 0.00704784 0.00653327 0.00605584 0.00561317 0.00520282 0.00482258 0.00447025 0.00414386  0.0038415
0.00760216 0.00704784 0.00653327 0.00605584 0.00561317 0.00520282 0.00482258 0.00447025 0.00414386  0.0038415
0.00760216 0.00704784 0.00653327 0.00605584 0.00561317 0.00520282 0.00482258 0.00447025 0.00414386  0.0038415
0.00760216 0.00704784 0.00653327 0.00605584 0.00561317 0.00520282 0.00482258 0.00447025 0.00414386  0.0038415
0.00760216 0.00704784 0.00653327 0.00605584 0.00561317 0.00520282 0.00482258 0.00447025 0.00414386  0.0038415
0.00760216 0.00704784 0.00653327 0.00605584 0.00561317 0.00520282 0.00482258 0.00447025 0.00414386  0.0038415
0.00760216 0.00704784 0.00653327 0.00605584 0.00561317 0.00520282 0.00482258 0.00447025 0.00414386  0.0038415
0.00760216 0.00704784 0.00653327 0.00605584 0.00561317 0.00520282 0.00482258 0.00447025 0.00414386  0.0038415
0.00760216 0.00704784 0.00653327 0.00605584 0.00561317 0.00520282 0.00482258 0.00447025 0.00414386  0.0038415
