-7.21498e-07 -5.41892e-07 -3.82166e-07 -2.43758e-07 -1.28154e-07 -3.71703e-08  2.75964e-08  6.47566e-08  7.31821e-08  5.18596e-08
-2.13485e-07 -5.72068e-08  7.30684e-08  1.75373e-07  2.48138e-07  2.89866e-07  2.99354e-07  2.75567e-07  2.17846e-07  1.25898e-07
-5.78917e-08  8.72124e-08  2.05051e-07  2.93773e-07  3.51923e-07  3.78046e-07  3.71038e-07  3.29966e-07  2.54358e-07  1.44161e-07
3.76916e-07 4.83866e-07 5.61475e-07 6.08224e-07 6.22916e-07 6.04359e-07 5.51765e-07 4.64626e-07 3.43026e-07 1.87638e-07
1.19269e-06 1.21415e-06 1.20497e-06 1.16442e-06 1.09193e-06 9.87097e-07 8.49942e-07 6.80984e-07 4.81452e-07 2.53417e-07
2.23773e-06 2.14006e-06 2.01222e-06 1.85427e-06 1.66656e-06 1.44975e-06 1.20509e-06 9.34459e-07 6.40649e-07 3.27472e-07
3.03378e-06 2.85009e-06 2.63613e-06 2.39228e-06 2.11932e-06  1.8185e-06 1.49181e-06 1.14206e-06 7.73175e-07 3.90282e-07
3.84443e-06 3.57414e-06 3.27336e-06 2.94273e-06 2.58342e-06 2.19725e-06 1.78695e-06 1.35627e-06 9.10272e-07 4.55445e-07
4.69017e-06 4.33022e-06 3.93944e-06  3.5187e-06 3.06958e-06 2.59446e-06 2.09686e-06  1.5815e-06 1.05462e-06 5.24158e-07
5.56462e-06 5.11298e-06 4.62999e-06 4.11672e-06 3.57513e-06 3.00822e-06 2.42024e-06 1.81695e-06 1.20583e-06 5.96291e-07
6.46268e-06 5.91823e-06 5.34165e-06 4.73419e-06 4.09818e-06 3.43718e-06 2.75625e-06 2.06217e-06  1.3637e-06 6.71814e-07
7.38583e-06 6.74748e-06 6.07594e-06 5.37257e-06 4.64009e-06 3.88258e-06 3.10595e-06 2.31799e-06 1.52883e-06 7.51027e-07
8.33656e-06 7.60318e-06 6.83517e-06 6.03403e-06 5.20279e-06 4.34611e-06 3.47071e-06 2.58549e-06 1.70194e-06   8.343e-07
9.32501e-06 8.49434e-06 7.62725e-06 6.72532e-06 5.79193e-06 4.83232e-06 3.85405e-06 2.86717e-06 1.88459e-06 9.22361e-07
1.03598e-05 9.42867e-06 8.45895e-06 7.45231e-06 6.41245e-06 5.34522e-06 4.25907e-06 3.16525e-06 2.07822e-06 1.01588e-06
1.14496e-05  1.0414e-05 9.33719e-06 8.22095e-06 7.06934e-06 5.88886e-06 4.68891e-06 3.48202e-06 2.28425e-06 1.11552e-06
1.26039e-05 1.14587e-05 1.02693e-05 9.03758e-06 7.76793e-06 6.46757e-06 5.14692e-06 3.81986e-06 2.50421e-06 1.22202e-06
1.38342e-05  1.2573e-05 1.12642e-05 9.90979e-06 8.51455e-06 7.08644e-06   5.637e-06 4.18158e-06 2.73986e-06 1.33618e-06
1.51519e-05 1.37672e-05 1.23309e-05 1.08453e-05 9.31563e-06 7.75067e-06 6.16316e-06 4.57003e-06   2.993e-06 1.45885e-06
1.65684e-05 1.50511e-05 1.34781e-05 1.18515e-05 1.01774e-05 8.46529e-06 6.72927e-06 4.98801e-06 3.26538e-06 1.59085e-06
1.80943e-05 1.64345e-05 1.47141e-05 1.29357e-05 1.11059e-05 9.23521e-06 7.33914e-06 5.43824e-06 3.55875e-06   1.733e-06
1.97404e-05 1.79266e-05 1.60473e-05  1.4105e-05 1.21071e-05 1.00653e-05 7.99656e-06 5.92347e-06 3.87485e-06 1.88612e-06
2.15159e-05  1.9536e-05  1.7485e-05 1.53659e-05 1.31866e-05 1.09601e-05 8.70505e-06 6.44629e-06 4.21536e-06 2.05103e-06
2.34303e-05 2.12712e-05 1.90349e-05 1.67249e-05 1.43499e-05 1.19241e-05 9.46825e-06 7.00935e-06 4.58198e-06 2.22854e-06
2.54925e-05 2.31401e-05  2.0704e-05 1.81882e-05 1.56023e-05 1.29619e-05 1.02897e-05 7.61526e-06 4.97645e-06  2.4195e-06
2.77107e-05 2.51502e-05 2.24991e-05 1.97618e-05 1.69489e-05 1.40776e-05 1.11726e-05  8.2664e-06 5.40022e-06 2.62448e-06
 3.0093e-05 2.73089e-05 2.44267e-05 2.14513e-05 1.83945e-05 1.52751e-05   1.212e-05 8.96481e-06 5.85438e-06 2.84392e-06
3.26468e-05 2.96229e-05 2.64927e-05  2.3262e-05 1.99435e-05 1.65579e-05 1.31346e-05 9.71221e-06 6.34002e-06 3.07841e-06
 3.5379e-05 3.20982e-05 2.87028e-05 2.51986e-05    2.16e-05 1.79293e-05 1.42186e-05 1.05104e-05 6.85843e-06 3.32865e-06
3.82963e-05 3.47413e-05 3.10624e-05 2.72661e-05  2.3368e-05 1.93925e-05 1.53749e-05 1.13615e-05 7.41112e-06 3.59539e-06
4.14054e-05 3.75583e-05 3.35771e-05 2.94693e-05 2.52516e-05 2.09511e-05 1.66063e-05 1.22679e-05 7.99968e-06 3.87945e-06
4.47135e-05 4.05555e-05 3.62527e-05 3.18131e-05 2.72553e-05  2.2609e-05 1.79162e-05 1.32321e-05 8.62587e-06 4.18168e-06
4.82277e-05 4.37396e-05  3.9095e-05  3.4303e-05  2.9384e-05 2.43705e-05 1.93083e-05  1.4257e-05 9.29154e-06 4.50302e-06
5.19557e-05 4.71176e-05 4.21107e-05 3.69451e-05 3.16433e-05 2.62405e-05 2.07864e-05 1.53454e-05 9.99868e-06 4.84447e-06
5.58991e-05 5.06914e-05 4.53019e-05 3.97417e-05 3.40354e-05 2.82211e-05 2.23524e-05  1.6499e-05 1.07483e-05 5.20655e-06
5.99692e-05 5.43811e-05 4.85977e-05 4.26312e-05 3.65079e-05  3.0269e-05 2.39721e-05 1.76926e-05 1.15243e-05 5.58163e-06
6.42608e-05 5.82734e-05 5.20764e-05 4.56826e-05 3.91203e-05  3.2434e-05 2.56857e-05 1.89562e-05 1.23467e-05 5.97956e-06
 6.8789e-05 6.23826e-05 5.57508e-05 4.89074e-05 4.18828e-05 3.47248e-05    2.75e-05 2.02953e-05 1.32191e-05 6.40215e-06
7.35738e-05 6.67268e-05 5.96374e-05 5.23203e-05 4.48082e-05 3.71523e-05 2.94243e-05 2.17169e-05 1.41459e-05 6.85152e-06
7.86384e-05 7.13274e-05 6.37554e-05 5.59384e-05 4.79114e-05 3.97292e-05 3.14684e-05 2.32281e-05  1.5132e-05 7.32997e-06
8.39966e-05 7.61972e-05  6.8117e-05 5.97731e-05 5.12027e-05 4.24645e-05 3.36398e-05 2.48346e-05  1.6181e-05 7.83942e-06
  8.971e-05 8.13913e-05 7.27705e-05 6.38657e-05 5.47167e-05 4.53857e-05 3.59596e-05 2.65514e-05 1.73025e-05 8.38427e-06
9.58093e-05 8.69377e-05 7.77411e-05 6.82386e-05 5.84723e-05 4.85085e-05 3.84401e-05 2.83877e-05 1.85025e-05 8.96747e-06
0.000102338 9.28755e-05 8.30633e-05 7.29214e-05 6.24947e-05 5.18536e-05 4.10975e-05 3.03554e-05 1.97886e-05 9.59271e-06
0.000109349 9.92526e-05 8.87794e-05 7.79509e-05 6.68148e-05 5.54465e-05 4.39519e-05  3.2469e-05 2.11702e-05 1.02645e-05
0.000116993 0.000106204 9.50098e-05  8.3432e-05 7.15221e-05 5.93608e-05 4.70615e-05 3.47715e-05 2.26752e-05 1.09962e-05
0.000125238 0.000113701 0.000101727 8.93404e-05 7.65955e-05 6.35789e-05 5.04118e-05 3.72518e-05 2.42963e-05 1.17844e-05
0.000134111 0.000121768 0.000108955 9.56975e-05 8.20541e-05 6.81172e-05 5.40165e-05 3.99206e-05 2.60406e-05 1.26324e-05
0.000143656 0.000130446  0.00011673 0.000102535 8.79254e-05 7.29987e-05 5.78939e-05 4.27914e-05  2.7917e-05 1.35448e-05
0.000153961 0.000139813 0.000125121 0.000109914 9.42601e-05 7.82646e-05  6.2076e-05 4.58873e-05 2.99403e-05 1.45284e-05
0.000165108 0.000149942 0.000134192 0.000117888 0.000101104 8.39527e-05 6.65921e-05 4.92296e-05 3.21241e-05 1.55897e-05
0.000177221 0.000160944  0.00014404 0.000126542 0.000108527 9.01185e-05  7.1485e-05 5.28487e-05 3.44873e-05 1.67375e-05
0.000190043 0.000172597 0.000154477  0.00013572 0.000116408 9.66696e-05 7.66883e-05 5.67011e-05 3.70055e-05  1.7962e-05
0.000202887 0.000184309 0.000165004  0.00014501 0.000124413 0.000103351 8.20164e-05 6.06628e-05 3.96066e-05 1.92329e-05
0.000216678 0.000196886  0.00017631  0.00015499 0.000133016 0.000110532  8.7745e-05 6.49232e-05 4.24046e-05 2.06002e-05
0.000231777 0.000210647 0.000188673 0.000165895 0.000142409 0.000118367 9.39898e-05 6.95635e-05 4.54493e-05 2.20867e-05
 0.00024813 0.000225551 0.000202062 0.000177704 0.000152578 0.000126849 0.000100748 7.45846e-05 4.87431e-05 2.36944e-05
0.000265605 0.000241487 0.000216386 0.000190345 0.000163471 0.000135939 0.000107996 7.99725e-05 5.22797e-05 2.54217e-05
 0.00028402 0.000258302 0.000231521 0.000203719 0.000175012 0.000145582 0.000115697 8.57048e-05  5.6048e-05 2.72651e-05
0.000303328 0.000275961  0.00024744 0.000217811 0.000187192 0.000155778 0.000123852 9.17867e-05 6.00534e-05 2.92282e-05
0.000323835 0.000294735 0.000264383 0.000232824 0.000200181 0.000166661 0.000132566 9.82918e-05  6.4342e-05 3.13323e-05
0.000345767 0.000314828 0.000282528 0.000248911 0.000214108 0.000178338  0.00014192 0.000105279 6.89511e-05 3.35951e-05
0.000369338  0.00033643 0.000302042 0.000266219 0.000229097 0.000190909 0.000151994 0.000112806 7.39173e-05 3.60338e-05
 0.00039472 0.000359699 0.000323068 0.000284871 0.000245253  0.00020446 0.000162856 0.000120922 7.92733e-05 3.86642e-05
0.000422104 0.000384806 0.000345756    0.000305 0.000262689 0.000219087 0.000174579 0.000129682 8.50543e-05 4.15033e-05
0.000451858 0.000412079 0.000370395 0.000326851  0.00028161 0.000234952  0.00018729 0.000139176 9.13166e-05 4.45774e-05
0.000484465 0.000441943 0.000397351 0.000350737 0.000302275 0.000252263 0.000201146 0.000149516 9.81298e-05 4.79185e-05
0.000520163 0.000474612 0.000426815 0.000376824 0.000324823 0.000271136 0.000216238 0.000160767 0.000105537 5.15473e-05
0.000560673 0.000511609 0.000460109 0.000406233 0.000350181 0.000292306 0.000233123  0.00017332 0.000113777 5.55712e-05
0.000602727 0.000550124 0.000494864 0.000437014 0.000376794 0.000314584 0.000250938 0.000186601 0.000122518 5.98523e-05
0.000646829 0.000590569 0.000531414 0.000469434 0.000404867 0.000338119 0.000269789 0.000200677 0.000131798 6.44054e-05
 0.00069367 0.000633558 0.000570291 0.000503946 0.000434774 0.000363214 0.000289906  0.00021571 0.000141719  6.9277e-05
0.000743954 0.000679719 0.000612049 0.000541023 0.000466913 0.000390187 0.000311534 0.000231876  0.00015239 7.45185e-05
0.000798128 0.000729453 0.000657041 0.000580975 0.000501545 0.000419253 0.000334841 0.000249299  0.00016389 8.01675e-05
0.000856684   0.0007832 0.000705653 0.000624133 0.000538948  0.00045064 0.000360003 0.000268104   0.0001763 8.62623e-05
0.000919839 0.000841169 0.000758085 0.000670681 0.000579289 0.000484492 0.000387143 0.000288387 0.000189686 9.28362e-05
0.000987124 0.000902967 0.000814015 0.000720367  0.00062238 0.000520675  0.00041617 0.000310096 0.000204023 9.98823e-05
 0.00105866  0.00096872 0.000873573 0.000773321 0.000668341 0.000559301 0.000447184  0.00033331 0.000219366  0.00010743
 0.00113496  0.00103891 0.000937196 0.000829926 0.000717505 0.000600645 0.000480401 0.000358189 0.000235821  0.00011553
 0.00121668  0.00111411  0.00100539  0.00089063 0.000770252 0.000645022  0.00051607 0.000384917 0.000253507 0.000124239
 0.00130439  0.00119486  0.00107865 0.000955854 0.000826945 0.000692733  0.00055443 0.000413669 0.000272538 0.000133614
 0.00139865  0.00128166   0.0011574    0.001026 0.000887928 0.000744066 0.000595711 0.000444617 0.000293026 0.000143708
     0.0015  0.00137501  0.00124213  0.00110147 0.000953558 0.000799319 0.000640152 0.000477938 0.000315088  0.00015458
 0.00160907   0.0014755  0.00133334  0.00118273  0.00102422 0.000858819 0.000688013 0.000513827 0.000338853 0.000166291
 0.00172653  0.00158371  0.00143158  0.00127026  0.00110035 0.000922921 0.000739579 0.000552497 0.000364461 0.000178913
   0.001853  0.00170024  0.00153737  0.00136452  0.00118234 0.000991959 0.000795119 0.000594151  0.00039205 0.000192515
 0.00198936  0.00182588  0.00165144  0.00146617  0.00127074  0.00106641 0.000855018 0.000639081 0.000421816 0.000207195
 0.00213644  0.00196141  0.00177448   0.0015758   0.0013661  0.00114672 0.000919634 0.000687553 0.000453929 0.000223024
 0.00229503  0.00210752  0.00190712  0.00169397  0.00146888  0.00123325 0.000989242  0.00073974 0.000488456 0.000239991
 0.00246561  0.00226464  0.00204969  0.00182095  0.00157924   0.0013261  0.00106383 0.000795528 0.000525204 0.000257911
  0.0026371  0.00242181   0.0021914  0.00194603  0.00168662   0.0014148  0.00113303 0.000844674 0.000554139 0.000267133
 0.00278714  0.00255735  0.00231119  0.00204884  0.00177126  0.00148021  0.00117837 0.000869428 0.000558416 0.000260981
 0.00288752  0.00264436  0.00238348  0.00210508  0.00181018  0.00150069  0.00117957 0.000851099 0.000530174 0.000238927
 0.00290388   0.0026506  0.00237815  0.00208672  0.00177743  0.00145244  0.00111521 0.000779826 0.000467628 0.000200448
 0.00279763  0.00254023  0.00226207   0.0019634  0.00164549  0.00131095 0.000972994 0.000652083 0.000369184 0.000145144
 0.00253743  0.00228514  0.00201041   0.0017136  0.00139634  0.00107094 0.000756906 0.000474267 0.000242936           0
 0.00209929  0.00186481  0.00160618  0.00132403  0.00102965 0.000741528 0.000478687 0.000260023 5.42101e-20           0
 0.00146366  0.00126314  0.00103686 0.000795035 0.000555066 0.000334876 0.000152273 5.42101e-20 6.01853e-36           0
 0.000620084  0.000472715  0.000307362  0.000140256 -1.18247e-05  -0.00013226  2.71051e-20  6.01853e-36  6.68191e-52            0
-0.000447048 -0.000508878 -0.000575148 -0.000630297 -0.000658955 -2.71051e-20  3.00927e-36  6.68191e-52  7.41841e-68            0
 -0.00156292  -0.00152331  -0.00147449  -0.00140208            0 -3.00927e-36  3.34096e-52  7.41841e-68  8.23609e-84            0
 -0.00249517   -0.0023646  -0.00221125            0            0 -3.34096e-52  3.70921e-68  8.23609e-84  9.1439e-100            0
 -0.00319456  -0.00298876            0            0            0 -3.70921e-68  4.11805e-84  9.1439e-100 1.01518e-115            0
 -0.00362111            0            0            0            0 -4.11805e-84 4.57195e-100 1.01518e-115 1.12707e-131            0
 -4.33681e-19             0             0             0             0 -4.57195e-100  5.07588e-116  1.12707e-131   1.2513e-147             0
 -4.81482e-35             0             0             0             0 -5.07588e-116  5.63536e-132   1.2513e-147  1.38922e-163             0
 -5.34553e-51             0             0             0             0 -5.63536e-132  6.25651e-148  1.38922e-163  1.54235e-179             0
 -5.93473e-67             0             0             0             0 -6.25651e-148  6.94612e-164  1.54235e-179  1.71235e-195             0
 -6.58887e-83             0             0             0             0 -6.94612e-164  7.71174e-180  1.71235e-195  1.90109e-211             0
 -7.31512e-99             0             0             0             0 -7.71174e-180  8.56176e-196  1.90109e-211  2.11064e-227             0
-8.12141e-115             0             0             0             0 -8.56176e-196  9.50546e-212  2.11064e-227  2.34328e-243             0
-9.01658e-131             0             0             0             0 -9.50546e-212  1.05532e-227  2.34328e-243  2.60156e-259             0
-1.00104e-146             0             0             0             0 -1.05532e-227  1.17164e-243  2.60156e-259  2.88831e-275             0
-1.11138e-162             0             0             0             0 -1.17164e-243  1.30078e-259  2.88831e-275  3.20667e-291             0
-1.23388e-178             0             0             0             0 -1.30078e-259  1.44416e-275  3.20667e-291  3.56012e-307             0
-1.36988e-194             0             0             0             0 -1.44416e-275  1.60333e-291  3.56012e-307  3.95253e-323             0
-1.52087e-210             0             0             0             0 -1.60333e-291  1.78006e-307  3.95253e-323             0             0
-1.68851e-226             0             0             0             0 -1.78006e-307  1.97626e-323             0             0             0
-1.87462e-242             0             0             0             0 -1.97626e-323             0             0             0             0
-2.08125e-258             0             0             0             0             0             0             0             0             0
-2.31065e-274             0             0             0             0             0             0             0             0             0
-2.56534e-290             0             0             0             0             0             0             0             0             0
-2.84809e-306             0             0             0             0             0             0             0             0             0
-3.16202e-322             0             0             0             0             0             0             0             0             0
0 0 0 0 0 0 0 0 0 0
           0            0            0            0            0            0            0            0            0 -0.000581514
           0            0            0            0            0            0            0            0  -0.00123475 -0.000590907
           0            0            0            0            0            0            0  -0.00193341  -0.00124024 -0.000585005
           0            0            0            0            0            0  -0.00264444   -0.0019168  -0.00121294 -0.000563394
           0            0            0            0            0  -0.00332497   -0.0025802  -0.00184603  -0.00115116 -0.000525557
           0            0            0            0  -0.00391881  -0.00317741   -0.0024346  -0.00171711  -0.00105291 -0.000470819
           0            0            0  -0.00435353  -0.00363977  -0.00291395  -0.00220067  -0.00152579  -0.00091602 -0.000398419
           0            0  -0.00453983  -0.00388198  -0.00320297  -0.00252514  -0.00187212  -0.00126835 -0.000738652 -0.000307801
           0  -0.00437316  -0.00380343  -0.00320518   -0.0025984   -0.0020043  -0.00144495 -0.000942775 -0.000520184 -0.000198995
 -0.00371916  -0.00327517  -0.00279731  -0.00230305  -0.00181107   -0.0013409 -0.000912404 -0.000545457 -0.000259349 -7.23516e-05
  -0.0023474   -0.0020078  -0.00164711  -0.00128168 -0.000928611 -0.000605435 -0.000329618 -0.000118098  1.32476e-05  5.12627e-05
-0.000996292 -0.000762846  -0.00052093 -0.000285782  -7.3002e-05  0.000101843  0.000223718  0.000278635  0.000255358  0.000159847
0.000311299 0.000437571 0.000559847 0.000663926 0.000735742 0.000761653 0.000729121 0.000628329 0.000466693 0.000253552
 0.00154066  0.00156107  0.00156509   0.0015396  0.00147197  0.00135057  0.00116657 0.000928332 0.000646182 0.000332182
 0.00297962  0.00286513  0.00272443  0.00254536  0.00231687  0.00202951  0.00168577  0.00129679 0.000875789  0.00043789
 0.00406478  0.00384532  0.00358752  0.00328033  0.00291443  0.00249231  0.00202519  0.00152632   0.0010109 0.000495911
 0.00496812  0.00465379    0.004289  0.00386395  0.00338076  0.00285016  0.00228499      0.0017  0.00111175 0.000538464
 0.00563345  0.00524017  0.00478449   0.0042675  0.00369904  0.00309096  0.00245706  0.00181292  0.00117583 0.000564707
 0.00601782   0.0055667  0.00505099    0.004479  0.00386115   0.0032097  0.00253875  0.00186409  0.00120318 0.000574975
 0.00605878  0.00558869   0.0050578  0.00447449  0.00384901  0.00319338  0.00252135  0.00184828  0.00119113 0.000568382
 0.00590176  0.00543738  0.00491592  0.00434532  0.00373532  0.00309736  0.00244451  0.00179142  0.00115429 0.000550779
 0.00576053  0.00530114  0.00478813  0.00422903  0.00363307  0.00301112  0.00237564   0.0017406  0.00112147 0.000535157
 0.00562923  0.00517487  0.00467009  0.00412199  0.00353932  0.00293239  0.00231306  0.00169466  0.00109198 0.000521221
 0.00549623  0.00504855  0.00455332  0.00401722  0.00344848  0.00285687  0.00225365  0.00165152  0.00106461 0.000508458
  0.0053634  0.00492391  0.00443942  0.00391611  0.00336175  0.00278555  0.00219817  0.00161173  0.00103972 0.000497043
 0.00523497  0.00480473  0.00433164  0.00382147  0.00328144  0.00272026  0.00214803  0.00157627   0.0010179 0.000487244
 0.00511644  0.00469581  0.00423414  0.00373675  0.00321039  0.00266323  0.00210487  0.00154629 0.000999862 0.000479369
 0.00501599  0.00460426  0.00415297  0.00366701  0.00315266  0.00261764  0.00207105  0.00152338 0.000986536 0.000473829
 0.00494371  0.00453881  0.00409554  0.00361837   0.0031132   0.0025873  0.00204935  0.00150944 0.000979047 0.000471105
 0.00490943  0.00450794  0.00406901  0.00359677  0.00309675  0.00257588  0.00204247  0.00150628 0.000978458 0.000471655
 0.00492482  0.00452171   0.0040819  0.00360924  0.00310897  0.00258774   0.0020536  0.00151605 0.000986035  0.00047602
  0.0049903  0.00458036  0.00413431  0.00365578  0.00314979  0.00262277  0.00208261  0.00153864  0.00100169 0.000484151
 0.00509852   0.0046775  0.00422081  0.00373187  0.00321556  0.00267817  0.00212745  0.00157267  0.00102462 0.000495705
0.00524089 0.00480566 0.00433501 0.00383222 0.00330203 0.00275063 0.00218571  0.0016165 0.00105386 0.00051028
 0.00541811  0.00496538  0.00447733  0.00395713   0.0034094  0.00284028  0.00225746   0.0016702  0.00108945 0.000527886
 0.00562481  0.00515206  0.00464392  0.00410344  0.00353519  0.00294527  0.00234139   0.0017329  0.00113091 0.000548342
 0.00585175  0.00535777  0.00482812  0.00426573  0.00367511  0.00306233  0.00243516  0.00180308  0.00117739 0.000571303
 0.00609985  0.00558334  0.00503066  0.00444463  0.00382969  0.00319192  0.00253915  0.00188103  0.00122908 0.000596847
 0.00636589  0.00582608  0.00524935   0.0046384  0.00399761  0.00333306  0.00265269  0.00196629  0.00128569 0.000624822
 0.00664817  0.00608452  0.00548295  0.00484601  0.00417802  0.00348508   0.0027752  0.00205839   0.0013468 0.000654941
0.00693032   0.006343 0.00571646  0.0050531 0.00435716 0.00363473 0.00289393 0.00214502 0.00140062 0.00067602
 0.00720724  0.00659454  0.00594108  0.00524909  0.00452274  0.00376818   0.0029937  0.00220995  0.00143027 0.000681481
 0.00744856  0.00681004  0.00612894  0.00540736  0.00464944   0.0038614  0.00305187  0.00223214  0.00142699 0.000670817
 0.00761779  0.00695524  0.00624798  0.00549799   0.0047094   0.0038887  0.00304508  0.00220118  0.00138927 0.000643629
 0.00766571  0.00698488   0.0062568  0.00548337  0.00466889  0.00382029  0.00295801   0.0021121  0.00131461 0.000599081
 0.00754625  0.00685621  0.00611607  0.00532775  0.00449591  0.00363864  0.00278364  0.00196064  0.00120084 0.000536415
 0.00720734  0.00652169  0.00578286  0.00499302  0.00416783  0.00333254  0.00251441  0.00174219  0.00104559 0.000454798
 0.00659588  0.00593342  0.00521465  0.00445265  0.00367009  0.00289164  0.00214345  0.00145264  0.00084682 0.000353582
 0.00566266  0.00504779  0.00438407  0.00369141   0.0029918  0.00230865  0.00166636  0.00108978 0.000603812 0.000232796
 0.00436065  0.00383572  0.00327583  0.00270011   0.0021291  0.00158432  0.00108774 0.000661368 0.000326678 3.89534e-05
 0.00286827  0.00245967  0.00202997  0.00159705  0.00117971 0.000797278 0.000469042 0.000213812 4.87989e-05 2.37662e-15
  0.00142586   0.00113357  0.000833875  0.000543439  0.000279395  5.89175e-05 -0.000101357  -0.00013734 -2.93548e-17  1.48305e-15
   6.294e-05 -0.000114489 -0.000285796 -0.000435449  -0.00054794 -0.000608225 -0.000330058 -2.98318e-15 -1.10007e-15  1.48305e-15
 -0.00119226  -0.00125766  -0.00130353  -0.00131543  -0.00127948 -0.000618021 -1.13538e-14  2.08278e-15 -1.10007e-15  1.48305e-15
 -0.00306951  -0.00297133  -0.00284305   -0.0026713  -0.00244384 -4.68831e-15 -2.56718e-15  2.08278e-15 -1.10007e-15  1.48305e-15
 -0.00433386  -0.00410966   -0.0038426  -0.00352061 -4.33681e-19  -1.9982e-15 -2.56718e-15  2.08278e-15 -1.10007e-15  1.48305e-15
 -0.00538575  -0.00504894  -0.00465631 -8.67362e-19 -4.81482e-35  -1.9982e-15 -2.56718e-15  2.08278e-15 -1.10007e-15  1.48305e-15
 -0.00617387   -0.0057424 -8.67362e-19 -9.62965e-35 -5.34553e-51  -1.9982e-15 -2.56718e-15  2.08278e-15 -1.10007e-15  1.48305e-15
 -0.00665826 -8.67362e-19 -9.62965e-35 -1.06911e-50 -5.93473e-67  -1.9982e-15 -2.56718e-15  2.08278e-15 -1.10007e-15  1.48305e-15
           0 -9.62965e-35 -1.06911e-50 -1.18695e-66 -6.58887e-83  -1.9982e-15 -2.56718e-15  2.08278e-15 -1.10007e-15  1.48305e-15
           0 -1.06911e-50 -1.18695e-66 -1.31777e-82 -7.31512e-99  -1.9982e-15 -2.56718e-15  2.08278e-15 -1.10007e-15  1.48305e-15
            0  -1.18695e-66  -1.31777e-82  -1.46302e-98 -8.12141e-115   -1.9982e-15  -2.56718e-15   2.08278e-15  -1.10007e-15   1.48305e-15
            0  -1.31777e-82  -1.46302e-98 -1.62428e-114 -9.01658e-131   -1.9982e-15  -2.56718e-15   2.08278e-15  -1.10007e-15   1.48305e-15
            0  -1.46302e-98 -1.62428e-114 -1.80332e-130 -1.00104e-146   -1.9982e-15  -2.56718e-15   2.08278e-15  -1.10007e-15   1.48305e-15
            0 -1.62428e-114 -1.80332e-130 -2.00208e-146 -1.11138e-162   -1.9982e-15  -2.56718e-15   2.08278e-15  -1.10007e-15   1.48305e-15
            0 -1.80332e-130 -2.00208e-146 -2.22276e-162 -1.23388e-178   -1.9982e-15  -2.56718e-15   2.08278e-15  -1.10007e-15   1.48305e-15
            0 -2.00208e-146 -2.22276e-162 -2.46776e-178 -1.36988e-194   -1.9982e-15  -2.56718e-15   2.08278e-15  -1.10007e-15   1.48305e-15
            0 -2.22276e-162 -2.46776e-178 -2.73976e-194 -1.52087e-210   -1.9982e-15  -2.56718e-15   2.08278e-15  -1.10007e-15   1.48305e-15
            0 -2.46776e-178 -2.73976e-194 -3.04175e-210 -1.68851e-226   -1.9982e-15  -2.56718e-15   2.08278e-15  -1.10007e-15   1.48305e-15
            0 -2.73976e-194 -3.04175e-210 -3.37702e-226 -1.87462e-242   -1.9982e-15  -2.56718e-15   2.08278e-15  -1.10007e-15   1.48305e-15
            0 -3.04175e-210 -3.37702e-226 -3.74924e-242 -2.08125e-258   -1.9982e-15  -2.56718e-15   2.08278e-15  -1.10007e-15   1.48305e-15
            0 -3.37702e-226 -3.74924e-242 -4.16249e-258 -2.31065e-274   -1.9982e-15  -2.56718e-15   2.08278e-15  -1.10007e-15   1.48305e-15
            0 -3.74924e-242 -4.16249e-258  -4.6213e-274 -2.56534e-290   -1.9982e-15  -2.56718e-15   2.08278e-15  -1.10007e-15   1.48305e-15
            0 -4.16249e-258  -4.6213e-274 -5.13067e-290 -2.84809e-306   -1.9982e-15  -2.56718e-15   2.08278e-15  -1.10007e-15   1.48305e-15
            0  -4.6213e-274 -5.13067e-290 -5.69619e-306 -3.16202e-322   -1.9982e-15  -2.56718e-15   2.08278e-15  -1.10007e-15   1.48305e-15
            0 -5.13067e-290 -5.69619e-306 -6.32404e-322             0   -1.9982e-15  -2.56718e-15   2.08278e-15  -1.10007e-15   1.48305e-15
            0 -5.69619e-306 -6.32404e-322             0             0   -1.9982e-15  -2.56718e-15   2.08278e-15  -1.10007e-15   1.48305e-15
            0 -6.32404e-322             0             0             0   -1.9982e-15  -2.56718e-15   2.08278e-15  -1.10007e-15   1.48305e-15
           0            0            0            0            0  -1.9982e-15 -2.56718e-15  2.08278e-15 -1.10007e-15  1.48305e-15
           0            0            0            0            0  -1.9982e-15 -2.56718e-15  2.08278e-15 -1.10007e-15  1.48305e-15
           0            0            0            0            0  -1.9982e-15 -2.56718e-15  2.08278e-15 -1.10007e-15 -0.000718476
           0            0            0            0            0  -1.9982e-15 -2.56718e-15  2.08278e-15  -0.00153333 -0.000724947
           0            0            0            0            0  -1.9982e-15 -2.56718e-15  -0.00241688  -0.00153406 -0.000715725
           0            0            0            0            0  -1.9982e-15  -0.00333239  -0.00239245  -0.00149954 -0.000689522
           0            0            0            0            0  -0.00423522  -0.00325723  -0.00231035  -0.00142814 -0.000645851
           0            0            0            0  -0.00506461  -0.00407092  -0.00309407  -0.00216516  -0.00131703 -0.000583716
           0            0            0  -0.00574485  -0.00476115  -0.00378182  -0.00283543  -0.00195226   -0.0011638 -0.000500766
           0            0  -0.00618074   -0.0052367  -0.00428657  -0.00335628  -0.00247345  -0.00166687 -0.000963343  -0.00039951
           0  -0.00626078  -0.00539001  -0.00450489   -0.0036286  -0.00278596  -0.00200296  -0.00130292 -0.000720865 -0.000278092
 -0.00584505  -0.00508666  -0.00430807  -0.00352962  -0.00277319  -0.00206187  -0.00141626 -0.000867545 -0.000434679 -0.000140072
 -0.00438925  -0.00373426  -0.00307439  -0.00242887  -0.00181801   -0.0012611 -0.000783375 -0.000402864 -0.000139156 -5.71307e-06
 -0.00297091  -0.00241953  -0.00187856  -0.00136616 -0.000901639 -0.000503225 -0.000189401   2.2444e-05  0.000121097  0.000111337
 -0.00162263  -0.00117327 -0.000749628 -0.000372348 -5.17135e-05   0.00019201  0.000343095  0.000391968  0.000345093  0.000210981
-0.000373156 -2.30551e-05  0.000279016   0.00053118  0.000710402  0.000802011  0.000797549  0.000704567   0.00053271  0.000293464
 0.00110397  0.00133142  0.00150505  0.00160946   0.0016304  0.00155537  0.00138522  0.00113057 0.000804385 0.000421809
 0.00229672  0.00240982   0.0024554  0.00241921  0.00228886  0.00206521  0.00175895   0.0013831 0.000952852 0.000485442
 0.00333878  0.00333889  0.00325875  0.00308545  0.00281939  0.00247072  0.00205199  0.00157787   0.0010651 0.000532324
 0.00419568   0.0040879  0.00388808   0.0035956  0.00321966  0.00277174  0.00226552   0.0017167  0.00114292 0.000563624
 0.00481242  0.00460988  0.00431487  0.00393506  0.00348049  0.00296329  0.00239767  0.00179972  0.00118738 0.000580345
 0.00519057  0.00491824  0.00455993  0.00412384  0.00362028  0.00306153   0.0024618  0.00183713  0.00120533 0.000585889
 0.00526498   0.0049641  0.00458263  0.00412867  0.00361232  0.00304556  0.00244222  0.00181788  0.00118983 0.000577012
  0.0053126  0.00499263  0.00459576  0.00413003   0.0036054  0.00303363  0.00242827  0.00180453  0.00117931 0.000571105
  0.0052842  0.00496095  0.00456268  0.00409735  0.00357477  0.00300648  0.00240573  0.00178741  0.00116803 0.000565675
 0.00513113  0.00481943  0.00443482  0.00398491  0.00347904  0.00292824  0.00234521  0.00174422  0.00114115 0.000553418
 0.00505909  0.00474742  0.00436556  0.00392077  0.00342201  0.00287987  0.00230654   0.0017158  0.00112296 0.000544892
 0.00497755   0.0046677  0.00429031  0.00385224  0.00336202  0.00282972  0.00226705   0.0016872  0.00110496 0.000536609
 0.00488287  0.00457749  0.00420703  0.00377791  0.00329814  0.00277729  0.00222649   0.0016584  0.00108721 0.000528651
 0.00482933  0.00452422  0.00415636  0.00373175  0.00325798  0.00274414  0.00220087  0.00164035  0.00107626 0.000523873
 0.00481489  0.00450631  0.00413713  0.00371298  0.00324103  0.00272999  0.00219007  0.00163303  0.00107216 0.000522327
 0.00486293  0.00454402  0.00416654  0.00373584  0.00325878  0.00274374  0.00220062  0.00164087  0.00107751 0.000525137
 0.00495778  0.00462403  0.00423352  0.00379136  0.00330417  0.00278007  0.00222875  0.00166143  0.00109095 0.000531755
 0.00509575  0.00474307  0.00433523  0.00387713  0.00337522  0.00283743  0.00227329   0.0016939  0.00111199 0.000541975
  0.0052893  0.00491178  0.00448057  0.00400044  0.00347771  0.00292023  0.00233744  0.00174041  0.00114187 0.000556304
 0.00552672  0.00511978  0.00466053  0.00415365  0.00360538  0.00302351  0.00241748  0.00179837  0.00117902 0.000574061
 0.00580114  0.00536083  0.00486958  0.00433199  0.00375422  0.00314406  0.00251095  0.00186607   0.0012224 0.000594765
 0.00609866  0.00562324   0.0050981  0.00452772  0.00391825  0.00327743  0.00261478  0.00194156  0.00127093 0.000618021
 0.00641539  0.00590378  0.00534346  0.00473882  0.00409593  0.00342255  0.00272825  0.00202442  0.00132446 0.000643789
 0.00675321  0.00620413  0.00560715  0.00496655  0.00428835  0.00358031  0.00285207  0.00211519  0.00138331 0.000672215
 0.00710797  0.00652089  0.00588646  0.00520885  0.00449399  0.00374965  0.00298555  0.00221345  0.00144725 0.000703178
 0.00747858  0.00685323  0.00618079  0.00546527  0.00471253  0.00393033  0.00312851    0.002319  0.00151606 0.000736483
 0.00785301  0.00718923  0.00647828    0.005724  0.00493217  0.00411056  0.00326909  0.00241995   0.0015779 0.000760578
0.00821054  0.0075083 0.00675845 0.00596465 0.00513258 0.00427004 0.00338709 0.00249634 0.00161329 0.00076776
0.00852334 0.00778343 0.00699509  0.0061618 0.00528916 0.00438503  0.0034598  0.0025267 0.00161333 0.00075765
 0.00875641   0.0079812  0.00715639  0.00628528  0.00537345  0.00442894  0.00346269  0.00249994   0.0015763 0.000729723
 0.00887722  0.00807042  0.00721253  0.00630673   0.0053587  0.00437695   0.0033843  0.00241392  0.00150132 0.000683817
 0.00883751  0.00800631  0.00712226  0.00618855  0.00521121  0.00421054   0.0032172  0.00226413   0.0013861 0.000619139
  0.0086295   0.0077794   0.0068747  0.00591888  0.00492975  0.00393539  0.00296618  0.00205431  0.00123319 0.000536967
0.00819848 0.00734045 0.00642617 0.00547085 0.00450003  0.0035415 0.00262482 0.00178078 0.00104089 0.00043686
 0.00746101   0.0066154  0.00572332  0.00480762  0.00389344  0.00300764  0.00217829  0.00143415 0.000804182 0.000316952
 0.00632054   0.0055305  0.00471103  0.00388449  0.00307486  0.00230734  0.00160779  0.00100224 0.000516324 0.000174643
 0.00492359  0.00422074  0.00350573  0.00279989  0.00212567  0.00150621 0.000964762 0.000524194 0.000206291           0
 0.00349486   0.0028874  0.00228492  0.00170766   0.0011765 0.000712454 0.000336092  6.6918e-05 2.71051e-20           0
  0.00207242   0.00156638   0.00108234  0.000639449  0.000256937  -4.6362e-05 -0.000252743  1.35525e-20  3.00927e-36            0
 0.000724399  0.000319608  -4.6165e-05 -0.000354851 -0.000588866  -0.00073169 -5.42101e-20  1.50463e-36  3.34096e-52            0
-0.000693339 -0.000978419  -0.00121015  -0.00137123  -0.00144552            0 -6.01853e-36  1.67048e-52  3.70921e-68            0
 -0.00186194  -0.00204295  -0.00215455  -0.00218061            0            0 -6.68191e-52   1.8546e-68  4.11805e-84            0
 -0.00285984  -0.00293992  -0.00293545            0            0            0 -7.41841e-68  2.05902e-84 4.57195e-100            0
 -0.00366349   -0.0036476 -4.33681e-19            0            0            0 -8.23609e-84 2.28597e-100 5.07588e-116            0
  -0.0042126 -4.33681e-19 -4.81482e-35            0            0            0 -9.1439e-100 2.53794e-116 5.63536e-132            0
 -8.67362e-19  -4.81482e-35  -5.34553e-51             0             0             0 -1.01518e-115  2.81768e-132  6.25651e-148             0
 -9.62965e-35  -5.34553e-51  -5.93473e-67             0             0             0 -1.12707e-131  3.12825e-148  6.94612e-164             0
-1.06911e-50 -5.93473e-67 -6.58887e-83            0            0            0 -1.2513e-147 3.47306e-164 7.71174e-180            0
 -1.18695e-66  -6.58887e-83  -7.31512e-99             0             0             0 -1.38922e-163  3.85587e-180  8.56176e-196             0
 -1.31777e-82  -7.31512e-99 -8.12141e-115             0             0             0 -1.54235e-179  4.28088e-196  9.50546e-212             0
 -1.46302e-98 -8.12141e-115 -9.01658e-131             0             0             0 -1.71235e-195  4.75273e-212  1.05532e-227             0
-1.62428e-114 -9.01658e-131 -1.00104e-146             0             0             0 -1.90109e-211  5.27659e-228  1.17164e-243             0
-1.80332e-130 -1.00104e-146 -1.11138e-162             0             0             0 -2.11064e-227  5.85819e-244  1.30078e-259             0
-2.00208e-146 -1.11138e-162 -1.23388e-178             0             0             0 -2.34328e-243   6.5039e-260  1.44416e-275             0
-2.22276e-162 -1.23388e-178 -1.36988e-194             0             0             0 -2.60156e-259  7.22078e-276  1.60333e-291             0
-2.46776e-178 -1.36988e-194 -1.52087e-210             0             0             0 -2.88831e-275  8.01667e-292  1.78006e-307             0
-2.73976e-194 -1.52087e-210 -1.68851e-226             0             0             0 -3.20667e-291   8.9003e-308  1.97626e-323             0
-3.04175e-210 -1.68851e-226 -1.87462e-242             0             0             0 -3.56012e-307  9.88131e-324             0             0
-3.37702e-226 -1.87462e-242 -2.08125e-258             0             0             0 -3.95253e-323             0             0             0
-3.74924e-242 -2.08125e-258 -2.31065e-274             0             0             0             0             0             0             0
-4.16249e-258 -2.31065e-274 -2.56534e-290             0             0             0             0             0             0             0
 -4.6213e-274 -2.56534e-290 -2.84809e-306             0             0             0             0             0             0             0
-5.13067e-290 -2.84809e-306 -3.16202e-322             0             0             0             0             0             0             0
-5.69619e-306 -3.16202e-322             0             0             0             0             0             0             0             0
-6.32404e-322             0             0             0             0             0             0             0             0             0
0 0 0 0 0 0 0 0 0 0
          0           0           0           0           0           0           0           0           0 -0.00067497
           0            0            0            0            0            0            0            0  -0.00139215 -0.000683015
           0            0            0            0            0            0            0  -0.00211567  -0.00139101 -0.000673207
           0            0            0            0            0            0  -0.00280139  -0.00208196  -0.00135135 -0.000644965
           0            0            0            0            0  -0.00345227  -0.00274581  -0.00201333  -0.00128802 -0.000604839
           0            0            0            0  -0.00403001   -0.0033471  -0.00262582  -0.00189715  -0.00119385 -0.000549892
           0            0            0  -0.00448293  -0.00383745  -0.00314329  -0.00242924  -0.00172583  -0.00106481 -0.000471698
           0            0  -0.00469211  -0.00411071  -0.00347164  -0.00280137  -0.00212808  -0.00148115 -0.000878078 -0.000381656
           0  -0.00452036  -0.00403914  -0.00349253  -0.00290456  -0.00230086  -0.00170831  -0.00113884 -0.000658291 -0.000270008
 -0.00380109  -0.00346485  -0.00305704  -0.00259905  -0.00211382  -0.00162553   -0.0011448 -0.000730531 -0.000386412 -0.000135723
 -0.00242943  -0.00218438  -0.00188315  -0.00154623   -0.0011952 -0.000844659 -0.000536072  -0.00027918  -9.4667e-05 -1.47763e-06
 -0.00107146 -0.000920405  -0.00072837 -0.000515004 -0.000303464 -0.000110067  4.47031e-05  0.000142151  0.000165374  0.000116019
0.000279878 0.000332385 0.000410373 0.000478012 0.000550915  0.00059384 0.000589664 0.000523036 0.000397196 0.000219645
 0.00148664   0.0014527   0.0013937  0.00136202  0.00130453  0.00120504   0.0010492 0.000841225  0.00058963 0.000305033
 0.00286822  0.00271063  0.00254921  0.00236723  0.00214905  0.00188084  0.00156205  0.00120191  0.00081203 0.000406135
 0.00383088  0.00359799  0.00334437  0.00305428  0.00271384  0.00232241  0.00188917  0.00142562 0.000945451 0.000464372
 0.00462913  0.00432725  0.00398773  0.00359609  0.00315119  0.00266161  0.00213831   0.0015944  0.00104503 0.000507274
 0.00518967  0.00483274  0.00442149  0.00395364  0.00343673  0.00288056  0.00229715  0.00170053  0.00110666 0.000533312
 0.00547433  0.00508054   0.0046269  0.00411927  0.00356589  0.00297707  0.00236521  0.00174458   0.0011313 0.000543254
 0.00534453  0.00496089  0.00451864  0.00402372  0.00348416  0.00290998  0.00231311   0.0017073  0.00110808 0.000532686
 0.00511575  0.00475324  0.00433381  0.00386306  0.00334859   0.0027999  0.00222832  0.00164692   0.0010705 0.000515509
 0.00488577  0.00454574  0.00415023  0.00370449  0.00321567  0.00269272  0.00214638  0.00158906  0.00103483 0.000499391
 0.00464784  0.00433294  0.00396364  0.00354477  0.00308302  0.00258682  0.00206627  0.00153315  0.00100083 0.000484278
  0.0044236  0.00413393   0.0037905  0.00339779  0.00296204  0.00249116   0.0019947  0.00148384 0.000971313 0.000471418
 0.00423397  0.00396646  0.00364563   0.0032756  0.00286221  0.00241293  0.00193681  0.00144449 0.000948176 0.000461587
 0.00406474  0.00381801  0.00351816  0.00316901    0.002776  0.00234617  0.00188812  0.00141202 0.000929555 0.000453957
   0.003908  0.00368169  0.00340225  0.00307316  0.00269948  0.00228784  0.00184641  0.00138491 0.000914561 0.000448149
 0.00375193  0.00354739  0.00328941   0.0029811  0.00262715  0.00223376  0.00180868  0.00136118 0.000902066 0.000443698
 0.00361359  0.00342992  0.00319224  0.00290332  0.00256745  0.00219047  0.00177973   0.0013441 0.000894005 0.000441442
 0.00351097  0.00334489  0.00312404  0.00285086  0.00252933  0.00216493  0.00176469  0.00133715 0.000892445 0.000442276
 0.00343371  0.00328325  0.00307704  0.00281724  0.00250751  0.00215304  0.00176054  0.00133829 0.000896169 0.000445675
 0.00339584  0.00325714  0.00306159  0.00281104  0.00250892  0.00216015  0.00177122  0.00135018 0.000906761 0.000452325
 0.00340998  0.00327757  0.00308705  0.00284009   0.0025399  0.00219123  0.00180039  0.00137534  0.00092572 0.000462882
  0.0034769  0.00334544  0.00315444  0.00290543  0.00260147   0.0022472  0.00184887  0.00141442 0.000953506 0.000477583
 0.00360098  0.00346457  0.00326704  0.00300979  0.00269585  0.00232982  0.00191798  0.00146833 0.000990672 0.000496681
 0.00376476  0.00361938   0.0034112  0.00314156  0.00281343  0.00243144  0.00200194  0.00153304  0.00103477 0.000519081
 0.00396203  0.00380446  0.00358233   0.0032969  0.00295115  0.00254971  0.00209903  0.00160743  0.00108515 0.000544516
 0.00419198  0.00401933   0.0037802  0.00347582  0.00310914  0.00268486  0.00220957  0.00169178  0.00114205 0.000573112
 0.00445995  0.00426887  0.00400921  0.00368217   0.0032907  0.00283961  0.00233564  0.00178759  0.00120638 0.000605247
 0.00475919   0.0045473   0.0042645  0.00391194  0.00349262  0.00301145  0.00247538   0.0018935  0.00127721 0.000640419
  0.0050677  0.00483391  0.00452664  0.00414695  0.00369788  0.00318446  0.00261385  0.00199552  0.00134144 0.000666515
  0.0053603  0.00510412  0.00477159  0.00436373  0.00388358  0.00333629   0.0027293  0.00207255  0.00137889 0.000675514
 0.00560141  0.00532413  0.00496736  0.00453203   0.0040212  0.00344015  0.00279672  0.00210157  0.00137975 0.000666635
 0.00574301  0.00544932  0.00507269  0.00461391  0.00407606  0.00346466  0.00278813   0.0020692  0.00134094 0.000638786
 0.00579092  0.00548173  0.00508599  0.00460443  0.00404029  0.00339961  0.00270279  0.00198052  0.00126585 0.000593633
 0.00574395  0.00541736  0.00500065  0.00449471  0.00390328  0.00324439  0.00254637  0.00183988  0.00115739 0.000532614
 0.00555256  0.00521043  0.00477481   0.0042471  0.00364299  0.00298844  0.00231173  0.00164292  0.00101331 0.000454932
 0.00513771  0.00478999  0.00434586  0.00381857  0.00323171   0.0026111  0.00198435  0.00138029 0.000828457 0.000358578
 0.00440825  0.00407616  0.00365621  0.00316939  0.00263904  0.00209019  0.00154908  0.00104264 0.000598005 0.000241893
 0.00325857  0.00298849  0.00264598  0.00225173  0.00182802  0.00139837 0.000986936 0.000618046  0.00031563 0.000102586
 0.00185655  0.00168097  0.00144834  0.00117847 0.000892277 0.000611388 0.000357524 0.000152013 1.50994e-05 1.35525e-20
 0.000452947  0.000377122  0.000259349  0.000118595  -2.5574e-05 -0.000153433 -0.000245721 -0.000284242  3.38813e-21  1.50463e-36
-0.000904018 -0.000879066 -0.000880958 -0.000891546 -0.000892609  -0.00086633 -0.000796026 -5.42101e-20  3.76158e-37  1.67048e-52
 -0.00220149  -0.00207503  -0.00195994  -0.00183895  -0.00169528  -0.00151321  -1.0842e-19 -6.01853e-36  4.17619e-53   1.8546e-68
 -0.00373203  -0.00346548  -0.00319802  -0.00291344  -0.00259666  -2.1684e-19 -1.20371e-35 -6.68191e-52  4.63651e-69  2.05902e-84
 -0.00471189  -0.00436689  -0.00400424  -0.00360866 -4.33681e-19 -2.40741e-35 -1.33638e-51 -7.41841e-68  5.14756e-85 2.28597e-100
 -0.00552615  -0.00510879  -0.00465701 -8.67362e-19 -4.81482e-35 -2.67276e-51 -1.48368e-67 -8.23609e-84 5.71494e-101 2.53794e-116
 -0.00608764  -0.00561349 -8.67362e-19 -9.62965e-35 -5.34553e-51 -2.96736e-67 -1.64722e-83 -9.1439e-100 6.34485e-117 2.81768e-132
   -0.0063548  -8.67362e-19  -9.62965e-35  -1.06911e-50  -5.93473e-67  -3.29444e-83  -1.82878e-99 -1.01518e-115   7.0442e-133  3.12825e-148
 -8.67362e-19  -9.62965e-35  -1.06911e-50  -1.18695e-66  -6.58887e-83  -3.65756e-99 -2.03035e-115 -1.12707e-131  7.82064e-149  3.47306e-164
 -9.62965e-35  -1.06911e-50  -1.18695e-66  -1.31777e-82  -7.31512e-99 -4.06071e-115 -2.25415e-131  -1.2513e-147  8.68265e-165  3.85587e-180
 -1.06911e-50  -1.18695e-66  -1.31777e-82  -1.46302e-98 -8.12141e-115 -4.50829e-131  -2.5026e-147 -1.38922e-163  9.63968e-181  4.28088e-196
 -1.18695e-66  -1.31777e-82  -1.46302e-98 -1.62428e-114 -9.01658e-131 -5.00521e-147 -2.77845e-163 -1.54235e-179  1.07022e-196  4.75273e-212
 -1.31777e-82  -1.46302e-98 -1.62428e-114 -1.80332e-130 -1.00104e-146  -5.5569e-163  -3.0847e-179 -1.71235e-195  1.18818e-212  5.27659e-228
 -1.46302e-98 -1.62428e-114 -1.80332e-130 -2.00208e-146 -1.11138e-162 -6.16939e-179  -3.4247e-195 -1.90109e-211  1.31915e-228  5.85819e-244
-1.62428e-114 -1.80332e-130 -2.00208e-146 -2.22276e-162 -1.23388e-178  -6.8494e-195 -3.80218e-211 -2.11064e-227  1.46455e-244   6.5039e-260
-1.80332e-130 -2.00208e-146 -2.22276e-162 -2.46776e-178 -1.36988e-194 -7.60437e-211 -4.22127e-227 -2.34328e-243  1.62597e-260  7.22078e-276
-2.00208e-146 -2.22276e-162 -2.46776e-178 -2.73976e-194 -1.52087e-210 -8.44254e-227 -4.68655e-243 -2.60156e-259  1.80519e-276  8.01667e-292
-2.22276e-162 -2.46776e-178 -2.73976e-194 -3.04175e-210 -1.68851e-226 -9.37311e-243 -5.20312e-259 -2.88831e-275  2.00417e-292   8.9003e-308
-2.46776e-178 -2.73976e-194 -3.04175e-210 -3.37702e-226 -1.87462e-242 -1.04062e-258 -5.77662e-275 -3.20667e-291  2.22507e-308  9.88131e-324
-2.73976e-194 -3.04175e-210 -3.37702e-226 -3.74924e-242 -2.08125e-258 -1.15532e-274 -6.41334e-291 -3.56012e-307  4.94066e-324             0
-3.04175e-210 -3.37702e-226 -3.74924e-242 -4.16249e-258 -2.31065e-274 -1.28267e-290 -7.12024e-307 -3.95253e-323             0             0
-3.37702e-226 -3.74924e-242 -4.16249e-258  -4.6213e-274 -2.56534e-290 -1.42405e-306 -7.90505e-323             0             0             0
-3.74924e-242 -4.16249e-258  -4.6213e-274 -5.13067e-290 -2.84809e-306 -1.58101e-322             0             0             0             0
-4.16249e-258  -4.6213e-274 -5.13067e-290 -5.69619e-306 -3.16202e-322             0             0             0             0             0
 -4.6213e-274 -5.13067e-290 -5.69619e-306 -6.32404e-322             0             0             0             0             0             0
-5.13067e-290 -5.69619e-306 -6.32404e-322             0             0             0             0             0             0             0
-5.69619e-306 -6.32404e-322             0             0             0             0             0             0             0             0
-6.32404e-322             0             0             0             0             0             0             0             0             0
0 0 0 0 0 0 0 0 0 0
           0            0            0            0            0            0            0            0            0 -0.000653534
           0            0            0            0            0            0            0            0  -0.00136269 -0.000664155
           0            0            0            0            0            0            0  -0.00209709  -0.00136956 -0.000658359
           0            0            0            0            0            0  -0.00281929  -0.00208042  -0.00134105 -0.000635531
          0           0           0           0           0  -0.0035081 -0.00277075 -0.00201824 -0.00128276 -0.00059826
           0            0            0            0  -0.00416171  -0.00343101  -0.00267345   -0.0019191  -0.00119985 -0.000548837
          0           0           0 -0.00473383 -0.00401988 -0.00326928 -0.00251011 -0.00177216 -0.00108655 -0.00048738
           0            0  -0.00505347  -0.00438952   -0.0036798  -0.00295012  -0.00222803  -0.00154233 -0.000926742 -0.000400405
           0  -0.00497731  -0.00440482  -0.00377846   -0.0031216  -0.00245924  -0.00181768  -0.00122912 -0.000708164 -0.000289726
 -0.00435581  -0.00392074  -0.00342539  -0.00289045  -0.00233821  -0.00179219  -0.00128152 -0.000819001 -0.000435936 -0.000155696
 -0.00299226  -0.00265099  -0.00226409  -0.00185133  -0.00143362   -0.0010356 -0.000671796 -0.000368301 -0.000145793 -2.32944e-05
 -0.00166202  -0.00141453  -0.00113604 -0.000845469 -0.000562263 -0.000305788 -9.62332e-05  4.78138e-05  0.000109465  9.16523e-05
-0.000453185 -0.000289362 -0.000109678  7.20325e-05  0.000228791  0.000346713  0.000408695  0.000399313     0.000323  0.000186879
0.000610205 0.000702101 0.000803313 0.000876952 0.000915718 0.000903357 0.000825356 0.000687033 0.000496433 0.000263518
 0.00174787  0.00176306  0.00176161  0.00172672   0.0016426  0.00149512  0.00128336  0.00101604 0.000704088 0.000360465
 0.00263694  0.00258615  0.00250157  0.00236734  0.00216934  0.00190661  0.00158783  0.00122392 0.000827807 0.000414316
 0.00337052  0.00325853   0.0030957  0.00286741  0.00257221  0.00221827  0.00181602  0.00137788 0.000918179 0.000452983
 0.00390152  0.00373732  0.00350565  0.00320408  0.00283985  0.00242236  0.00196305  0.00147526 0.000974078  0.00047623
0.00419717 0.00399319 0.00371649 0.00337281 0.00297018 0.00251854 0.00202978 0.00151749 0.00099696 0.00048502
 0.00420667  0.00399264  0.00370784  0.00335837   0.0029523  0.00249953  0.00201174  0.00150225 0.000985948 0.000479251
 0.00406264  0.00385646  0.00358181  0.00324464  0.00285278  0.00241579  0.00194487  0.00145282 0.000953941 0.000463962
 0.00390228  0.00370685  0.00344508  0.00312273  0.00274732  0.00232801  0.00187553  0.00140213 0.000921477 0.000448638
 0.00372324   0.0035419  0.00329614  0.00299147  0.00263504  0.00223558  0.00180332  0.00134992 0.000888437  0.00043324
 0.00352795  0.00336396  0.00313719  0.00285284  0.00251768  0.00213997   0.0017294  0.00129707 0.000855387 0.000418043
 0.00335135  0.00320334  0.00299402  0.00272827  0.00241251  0.00205456  0.00166362  0.00125024 0.000826255 0.000404736
  0.0032219  0.00308441  0.00288706  0.00263451  0.00233283   0.0019895  0.00161329  0.00121429 0.000803834  0.00039448
 0.00309414  0.00296763  0.00278261  0.00254346  0.00225594  0.00192713   0.0015654  0.00118037 0.000782884 0.000385011
 0.00296015  0.00284638  0.00267525  0.00245084  0.00217854  0.00186504  0.00151828  0.00114743 0.000762855 0.000376127
 0.00281278   0.0027147  0.00256011  0.00235275  0.00209763  0.00180102  0.00147042  0.00111453  0.00074324 0.000367641
 0.00265712   0.0025771  0.00244112  0.00225254  0.00201597  0.00173727  0.00142347  0.00108282 0.000724749 0.000359873
 0.00252831  0.00246411  0.00234427  0.00217181  0.00195101  0.00168732   0.0013874  0.00105907 0.000711384 0.000354551
 0.00243534  0.00238349  0.00227615  0.00211606  0.00190716   0.0016546  0.00136471  0.00104499 0.000704148 0.000352106
 0.00238175  0.00233833   0.0022394  0.00208745  0.00188618  0.00164048  0.00135642  0.00104125 0.000703454 0.000352721
 0.00237767   0.0023374  0.00224144  0.00209215  0.00189303   0.0016488  0.00136535  0.00104978 0.000710429 0.000356879
 0.00240203  0.00236216  0.00226634  0.00211675  0.00191677  0.00167097   0.0013851  0.00106618 0.000722439 0.000363427
 0.00245043  0.00240874  0.00231072  0.00215842  0.00195508  0.00170516  0.00141433  0.00108951 0.000738933 0.000372128
  0.0025201  0.00247474  0.00237255  0.00221547  0.00200662  0.00175036  0.00145229  0.00111931 0.000759648 0.000382876
 0.00262705  0.00257405  0.00246368  0.00229776  0.00207935  0.00181276  0.00150357   0.0011587 0.000786427  0.00039646
 0.00277644  0.00271124  0.00258805  0.00240863  0.00217602  0.00189452  0.00156976  0.00120874 0.000819878 0.000413094
  0.0029551  0.00287486   0.0027359  0.00253995  0.00229002  0.00199047  0.00164698  0.00126668 0.000858217 0.000431893
 0.00314238  0.00304538   0.0028888  0.00267433    0.002405  0.00208519   0.0017207  0.00131883 0.000888597 0.000440958
 0.00329961  0.00318645   0.0030127  0.00277998  0.00249132  0.00215114  0.00176536  0.00134162 0.000889494 0.000431705
 0.00338018  0.00325475   0.0030675  0.00281997  0.00251514  0.00215747  0.00175313  0.00131024 0.000850053 0.000402867
 0.00342657  0.00328417  0.00307877  0.00281191  0.00248664   0.0021077   0.0016818  0.00122877  0.00077748 0.000357832
 0.00338386  0.00322415  0.00300029  0.00271392  0.00236837  0.00196893  0.00153404  0.00109115 0.000668758 0.000295636
 0.00322352  0.00304887  0.00280899  0.00250584  0.00214331  0.00173844  0.00131731 0.000906999 0.000534906 0.000227854
 0.00290987  0.00272759  0.00247922  0.00216727  0.00180737   0.0014242  0.00104345 0.000691105 0.000392605 0.000160706
 0.00239488  0.00221956  0.00197761  0.00168321  0.00135959  0.00103097 0.000721891 0.000456328 0.000245592 9.28176e-05
 0.00165046  0.00150233  0.00129836  0.00106022 0.000810644 0.000572591 0.000368511 0.000208159 9.31489e-05 2.39389e-05
 0.000641781   0.00055894  0.000438093  0.000300345     0.000167  5.88455e-05 -1.60323e-05 -5.76807e-05 -6.72968e-05 -4.70505e-05
-0.000468851 -0.000466818 -0.000484739 -0.000502699 -0.000501378 -0.000474072 -0.000422268 -0.000348562 -0.000256569 -1.35525e-20
 -0.00141946  -0.00134277  -0.00126801  -0.00117662  -0.00106278 -0.000928735 -0.000777927 -0.000614757            0 -1.50463e-36
 -0.00212804  -0.00199655  -0.00184891   -0.0016794  -0.00149047  -0.00128564  -0.00106949  -1.0842e-19            0 -1.67048e-52
 -0.00256578  -0.00240253  -0.00221643   -0.0020094   -0.0017845  -0.00154575  -2.1684e-19 -1.20371e-35            0  -1.8546e-68
 -0.00265733  -0.00250372  -0.00232676  -0.00212837  -0.00191139  -2.1684e-19 -2.40741e-35 -1.33638e-51            0 -2.05902e-84
  -0.00265197   -0.00252586   -0.00237571   -0.00220296   -2.1684e-19  -2.40741e-35  -2.67276e-51  -1.48368e-67             0 -2.28597e-100
  -0.00276416   -0.00265526   -0.00252139  -4.33681e-19  -2.40741e-35  -2.67276e-51  -2.96736e-67  -1.64722e-83             0 -2.53794e-116
  -0.00302847   -0.00292104  -4.33681e-19  -4.81482e-35  -2.67276e-51  -2.96736e-67  -3.29444e-83  -1.82878e-99             0 -2.81768e-132
  -0.00347005             0  -4.81482e-35  -5.34553e-51  -2.96736e-67  -3.29444e-83  -3.65756e-99 -2.03035e-115             0 -3.12825e-148
  -0.00330107             0  -5.34553e-51  -5.93473e-67  -3.29444e-83  -3.65756e-99 -4.06071e-115 -2.25415e-131             0 -3.47306e-164
  -0.00319024             0  -5.93473e-67  -6.58887e-83  -3.65756e-99 -4.06071e-115 -4.50829e-131  -2.5026e-147             0 -3.85587e-180
  -0.00311484             0  -6.58887e-83  -7.31512e-99 -4.06071e-115 -4.50829e-131 -5.00521e-147 -2.77845e-163             0 -4.28088e-196
  -0.00306975             0  -7.31512e-99 -8.12141e-115 -4.50829e-131 -5.00521e-147  -5.5569e-163  -3.0847e-179             0 -4.75273e-212
  -0.00303605             0 -8.12141e-115 -9.01658e-131 -5.00521e-147  -5.5569e-163 -6.16939e-179  -3.4247e-195             0 -5.27659e-228
  -0.00300849             0 -9.01658e-131 -1.00104e-146  -5.5569e-163 -6.16939e-179  -6.8494e-195 -3.80218e-211             0 -5.85819e-244
  -0.00298984             0 -1.00104e-146 -1.11138e-162 -6.16939e-179  -6.8494e-195 -7.60437e-211 -4.22127e-227             0  -6.5039e-260
  -0.00298523             0 -1.11138e-162 -1.23388e-178  -6.8494e-195 -7.60437e-211 -8.44254e-227 -4.68655e-243             0 -7.22078e-276
   -0.0029961             0 -1.23388e-178 -1.36988e-194 -7.60437e-211 -8.44254e-227 -9.37311e-243 -5.20312e-259             0 -8.01667e-292
  -0.00302121             0 -1.36988e-194 -1.52087e-210 -8.44254e-227 -9.37311e-243 -1.04062e-258 -5.77662e-275             0  -8.9003e-308
  -0.00305764             0 -1.52087e-210 -1.68851e-226 -9.37311e-243 -1.04062e-258 -1.15532e-274 -6.41334e-291             0 -9.88131e-324
  -0.00310253             0 -1.68851e-226 -1.87462e-242 -1.04062e-258 -1.15532e-274 -1.28267e-290 -7.12024e-307             0             0
  -0.00315535             0 -1.87462e-242 -2.08125e-258 -1.15532e-274 -1.28267e-290 -1.42405e-306 -7.90505e-323             0             0
  -0.00321738             0 -2.08125e-258 -2.31065e-274 -1.28267e-290 -1.42405e-306 -1.58101e-322             0             0             0
  -0.00328982             0 -2.31065e-274 -2.56534e-290 -1.42405e-306 -1.58101e-322             0             0             0             0
  -0.00337427             0 -2.56534e-290 -2.84809e-306 -1.58101e-322             0             0             0             0             0
   -0.0034705             0 -2.84809e-306 -3.16202e-322             0             0             0             0             0             0
   -0.0035775             0 -3.16202e-322             0             0             0             0             0             0             0
-0.00369501           0           0           0           0           0           0           0           0           0
-0.00382337           0           0           0           0           0           0           0           0           0
-0.00396016           0           0           0           0           0           0           0           0           0
 -0.00405292            0            0            0            0            0            0            0            0 -0.000427138
 -0.00408486            0            0            0            0            0            0            0 -0.000836812 -0.000389038
 -0.00405561            0            0            0            0            0            0  -0.00121481 -0.000759821 -0.000350631
 -0.00395974            0            0            0            0            0  -0.00154729  -0.00109719 -0.000681794 -0.000312309
 -0.00378252            0            0            0            0  -0.00181684  -0.00138341 -0.000975317 -0.000602218 -0.000273848
 -0.00345027            0            0            0  -0.00197183  -0.00157371  -0.00119259 -0.000836515 -0.000513597 -0.000232014
  -0.0029629            0            0  -0.00197293  -0.00162905  -0.00129513 -0.000977542 -0.000682709 -0.000417131  -0.00018736
 -0.00227962            0    -0.001747  -0.00148137  -0.00121996 -0.000967328 -0.000728111 -0.000506996 -0.000308732 -0.000138117
 -0.00140963  -0.00124101  -0.00107706 -0.000913184 -0.000752043 -0.000596378 -0.000448986 -0.000312721 -0.000190491 -8.52507e-05
 -0.00137045  -0.00120088  -0.00103715 -0.000875094 -0.000717165 -0.000565862 -0.000423741 -0.000293413 -0.000177538 -7.88179e-05
 -0.00125528  -0.00109184 -0.000932752 -0.000776615 -0.000625631 -0.000482052 -0.000348185 -0.000226383 -0.000119048  -2.8619e-05
 -0.00105269 -0.000904028 -0.000754959 -0.000609859  -0.00047067 -0.000339386 -0.000218049 -0.000108747 -1.36109e-05  2.27905e-05
-0.000756421 -0.000632346 -0.000499256 -0.000370959 -0.000249141 -0.000135533 -3.19135e-05  5.98973e-05  9.56384e-05  7.51629e-05
-0.000356081 -0.000268349  -0.00015859 -5.42774e-05  4.31624e-05  0.000132256  0.000211488  0.000236881  0.000208594  0.000128463
 -0.00031854 -0.000234463 -0.000128492 -2.81852e-05   6.5124e-05   0.00015006  0.000225205  0.000246674  0.000214726  0.000131296
 -0.00031854 -0.000234463 -0.000128492 -2.81852e-05   6.5124e-05   0.00015006  0.000225205  0.000246674  0.000214726  0.000131296
 -0.00031854 -0.000234463 -0.000128492 -2.81852e-05   6.5124e-05   0.00015006  0.000225205  0.000246674  0.000214726  0.000131296
 -0.00031854 -0.000234463 -0.000128492 -2.81852e-05   6.5124e-05   0.00015006  0.000225205  0.000246674  0.000214726  0.000131296
 -0.00031854 -0.000234463 -0.000128492 -2.81852e-05   6.5124e-05   0.00015006  0.000225205  0.000246674  0.000214726  0.000131296
 -0.00031854 -0.000234463 -0.000128492 -2.81852e-05   6.5124e-05   0.00015006  0.000225205  0.000246674  0.000214726  0.000131296
 -0.00031854 -0.000234463 -0.000128492 -2.81852e-05   6.5124e-05   0.00015006  0.000225205  0.000246674  0.000214726  0.000131296
 -0.00031854 -0.000234463 -0.000128492 -2.81852e-05   6.5124e-05   0.00015006  0.000225205  0.000246674  0.000214726  0.000131296
 -0.00031854 -0.000234463 -0.000128492 -2.81852e-05   6.5124e-05   0.00015006  0.000225205  0.000246674  0.000214726  0.000131296
 -0.00031854 -0.000234463 -0.000128492 -2.81852e-05   6.5124e-05   0.00015006  0.000225205  0.000246674  0.000214726  0.000131296
 -0.00031854 -0.000234463 -0.000128492 -2.81852e-05   6.5124e-05   0.00015006  0.000225205  0.000246674  0.000214726  0.000131296
 -0.00031854 -0.000234463 -0.000128492 -2.81852e-05   6.5124e-05   0.00015006  0.000225205  0.000246674  0.000214726  0.000131296
 -0.00031854 -0.000234463 -0.000128492 -2.81852e-05   6.5124e-05   0.00015006  0.000225205  0.000246674  0.000214726  0.000131296
 -0.00031854 -0.000234463 -0.000128492 -2.81852e-05   6.5124e-05   0.00015006  0.000225205  0.000246674  0.000214726  0.000131296
 -0.00031854 -0.000234463 -0.000128492 -2.81852e-05   6.5124e-05   0.00015006  0.000225205  0.000246674  0.000214726  0.000131296
 -0.00031854 -0.000234463 -0.000128492 -2.81852e-05   6.5124e-05   0.00015006  0.000225205  0.000246674  0.000214726  0.000131296
 -0.00031854 -0.000234463 -0.000128492 -2.81852e-05   6.5124e-05   0.00015006  0.000225205  0.000246674  0.000214726  0.000131296
 -0.00031854 -0.000234463 -0.000128492 -2.81852e-05   6.5124e-05   0.00015006  0.000225205  0.000246674  0.000214726  0.000131296
 -0.00031854 -0.000234463 -0.000128492 -2.81852e-05   6.5124e-05   0.00015006  0.000225205  0.000246674  0.000214726  0.000131296
 -0.00031854 -0.000234463 -0.000128492 -2.81852e-05   6.5124e-05   0.00015006  0.000225205  0.000246674  0.000214726  0.000131296
 -0.00031854 -0.000234463 -0.000128492 -2.81852e-05   6.5124e-05   0.00015006  0.000225205  0.000246674  0.000214726  0.000131296
 -0.00031854 -0.000234463 -0.000128492 -2.81852e-05   6.5124e-05   0.00015006  0.000225205  0.000246674  0.000214726  0.000131296
 -0.00031854 -0.000234463 -0.000128492 -2.81852e-05   6.5124e-05   0.00015006  0.000225205  0.000246674  0.000214726  0.000131296
 -0.00031854 -0.000234463 -0.000128492 -2.81852e-05   6.5124e-05   0.00015006  0.000225205  0.000246674  0.000214726  0.000131296
 -0.00031854 -0.000234463 -0.000128492 -2.81852e-05   6.5124e-05   0.00015006  0.000225205  0.000246674  0.000214726  0.000131296
 -0.00031854 -0.000234463 -0.000128492 -2.81852e-05   6.5124e-05   0.00015006  0.000225205  0.000246674  0.000214726  0.000131296
 -0.00031854 -0.000234463 -0.000128492 -2.81852e-05   6.5124e-05   0.00015006  0.000225205  0.000246674  0.000214726  0.000131296
 -0.00031854 -0.000234463 -0.000128492 -2.81852e-05   6.5124e-05   0.00015006  0.000225205  0.000246674  0.000214726  0.000131296
 -0.00031854 -0.000234463 -0.000128492 -2.81852e-05   6.5124e-05   0.00015006  0.000225205  0.000246674  0.000214726  0.000131296
 -0.00031854 -0.000234463 -0.000128492 -2.81852e-05   6.5124e-05   0.00015006  0.000225205  0.000246674  0.000214726  0.000131296
 -0.00031854 -0.000234463 -0.000128492 -2.81852e-05   6.5124e-05   0.00015006  0.000225205  0.000246674  0.000214726  0.000131296
 -0.00031854 -0.000234463 -0.000128492 -2.81852e-05   6.5124e-05   0.00015006  0.000225205  0.000246674  0.000214726  0.000131296
 -0.00031854 -0.000234463 -0.000128492 -2.81852e-05   6.5124e-05   0.00015006  0.000225205  0.000246674  0.000214726  0.000131296
 -0.00031854 -0.000234463 -0.000128492 -2.81852e-05   6.5124e-05   0.00015006  0.000225205  0.000246674  0.000214726  0.000131296
 -0.00031854 -0.000234463 -0.000128492 -2.81852e-05   6.5124e-05   0.00015006  0.000225205  0.000246674  0.000214726  0.000131296
 -0.00031854 -0.000234463 -0.000128492 -2.81852e-05   6.5124e-05   0.00015006  0.000225205  0.000246674  0.000214726  0.000131296
 -0.00031854 -0.000234463 -0.000128492 -2.81852e-05   6.5124e-05   0.00015006  0.000225205  0.000246674  0.000214726  0.000131296
 -0.00031854 -0.000234463 -0.000128492 -2.81852e-05   6.5124e-05   0.00015006  0.000225205  0.000246674  0.000214726  0.000131296
 -0.00031854 -0.000234463 -0.000128492 -2.81852e-05   6.5124e-05   0.00015006  0.000225205  0.000246674  0.000214726  0.000131296
 -0.00031854 -0.000234463 -0.000128492 -2.81852e-05   6.5124e-05   0.00015006  0.000225205  0.000246674  0.000214726  0.000131296
 -0.00031854 -0.000234463 -0.000128492 -2.81852e-05   6.5124e-05   0.00015006  0.000225205  0.000246674  0.000214726  0.000131296
 -0.00031854 -0.000234463 -0.000128492 -2.81852e-05   6.5124e-05   0.00015006  0.000225205  0.000246674  0.000214726  0.000131296
 -0.00031854 -0.000234463 -0.000128492 -2.81852e-05   6.5124e-05   0.00015006  0.000225205  0.000246674  0.000214726  0.000131296
 -0.00031854 -0.000234463 -0.000128492 -2.81852e-05   6.5124e-05   0.00015006  0.000225205  0.000246674  0.000214726  0.000131296
 -0.00031854 -0.000234463 -0.000128492 -2.81852e-05   6.5124e-05   0.00015006  0.000225205  0.000246674  0.000214726  0.000131296
 -0.00031854 -0.000234463 -0.000128492 -2.81852e-05   6.5124e-05   0.00015006  0.000225205  0.000246674  0.000214726  0.000131296
 -0.00031854 -0.000234463 -0.000128492 -2.81852e-05   6.5124e-05   0.00015006  0.000225205  0.000246674  0.000214726  0.000131296
 -0.00031854 -0.000234463 -0.000128492 -2.81852e-05   6.5124e-05   0.00015006  0.000225205  0.000246674  0.000214726  0.000131296
 -0.00031854 -0.000234463 -0.000128492 -2.81852e-05   6.5124e-05   0.00015006  0.000225205  0.000246674  0.000214726  0.000131296
 -0.00031854 -0.000234463 -0.000128492 -2.81852e-05   6.5124e-05   0.00015006  0.000225205  0.000246674  0.000214726  0.000131296
 -0.00031854 -0.000234463 -0.000128492 -2.81852e-05   6.5124e-05   0.00015006  0.000225205  0.000246674  0.000214726  0.000131296
 -0.00031854 -0.000234463 -0.000128492 -2.81852e-05   6.5124e-05   0.00015006  0.000225205  0.000246674  0.000214726  0.000131296
 -0.00031854 -0.000234463 -0.000128492 -2.81852e-05   6.5124e-05   0.00015006  0.000225205  0.000246674  0.000214726  0.000131296
 -0.00031854 -0.000234463 -0.000128492 -2.81852e-05   6.5124e-05   0.00015006  0.000225205  0.000246674  0.000214726  0.000131296
 -0.00031854 -0.000234463 -0.000128492 -2.81852e-05   6.5124e-05   0.00015006  0.000225205  0.000246674  0.000214726  0.000131296
 -0.00031854 -0.000234463 -0.000128492 -2.81852e-05   6.5124e-05   0.00015006  0.000225205  0.000246674  0.000214726  0.000131296
 -0.00031854 -0.000234463 -0.000128492 -2.81852e-05   6.5124e-05   0.00015006  0.000225205  0.000246674  0.000214726  0.000131296
 -0.00031854 -0.000234463 -0.000128492 -2.81852e-05   6.5124e-05   0.00015006  0.000225205  0.000246674  0.000214726  0.000131296
 -0.00031854 -0.000234463 -0.000128492 -2.81852e-05   6.5124e-05   0.00015006  0.000225205  0.000246674  0.000214726  0.000131296
 -0.00031854 -0.000234463 -0.000128492 -2.81852e-05   6.5124e-05   0.00015006  0.000225205  0.000246674  0.000214726  0.000131296
 -0.00031854 -0.000234463 -0.000128492 -2.81852e-05   6.5124e-05   0.00015006  0.000225205  0.000246674  0.000214726  0.000131296
 -0.00031854 -0.000234463 -0.000128492 -2.81852e-05   6.5124e-05   0.00015006  0.000225205  0.000246674  0.000214726  0.000131296
 -0.00031854 -0.000234463 -0.000128492 -2.81852e-05   6.5124e-05   0.00015006  0.000225205  0.000246674  0.000214726  0.000131296
 -0.00031854 -0.000234463 -0.000128492 -2.81852e-05   6.5124e-05   0.00015006  0.000225205  0.000246674  0.000214726  0.000131296
 -0.00031854 -0.000234463 -0.000128492 -2.81852e-05   6.5124e-05   0.00015006  0.000225205  0.000246674  0.000214726  0.000131296
 -0.00031854 -0.000234463 -0.000128492 -2.81852e-05   6.5124e-05   0.00015006  0.000225205  0.000246674  0.000214726  0.000131296
 -0.00031854 -0.000234463 -0.000128492 -2.81852e-05   6.5124e-05   0.00015006  0.000225205  0.000246674  0.000214726  0.000131296
 -0.00031854 -0.000234463 -0.000128492 -2.81852e-05   6.5124e-05   0.00015006  0.000225205  0.000246674  0.000214726  0.000131296
 -0.00031854 -0.000234463 -0.000128492 -2.81852e-05   6.5124e-05   0.00015006  0.000225205  0.000246674  0.000214726  0.000131296
 -0.00031854 -0.000234463 -0.000128492 -2.81852e-05   6.5124e-05   0.00015006  0.000225205  0.000246674  0.000214726  0.000131296
 -0.00031854 -0.000234463 -0.000128492 -2.81852e-05   6.5124e-05   0.00015006  0.000225205  0.000246674  0.000214726  0.000131296
 -0.00031854 -0.000234463 -0.000128492 -2.81852e-05   6.5124e-05   0.00015006  0.000225205  0.000246674  0.000214726  0.000131296
 -0.00031854 -0.000234463 -0.000128492 -2.81852e-05   6.5124e-05   0.00015006  0.000225205  0.000246674  0.000214726  0.000131296
 -0.00031854 -0.000234463 -0.000128492 -2.81852e-05   6.5124e-05   0.00015006  0.000225205  0.000246674  0.000214726  0.000131296
 -0.00031854 -0.000234463 -0.000128492 -2.81852e-05   6.5124e-05   0.00015006  0.000225205  0.000246674  0.000214726  0.000131296
 -0.00031854 -0.000234463 -0.000128492 -2.81852e-05   6.5124e-05   0.00015006  0.000225205  0.000246674  0.000214726  0.000131296
 -0.00031854 -0.000234463 -0.000128492 -2.81852e-05   6.5124e-05   0.00015006  0.000225205  0.000246674  0.000214726  0.000131296
 -0.00031854 -0.000234463 -0.000128492 -2.81852e-05   6.5124e-05   0.00015006  0.000225205  0.000246674  0.000214726  0.000131296
 -0.00031854 -0.000234463 -0.000128492 -2.81852e-05   6.5124e-05   0.00015006  0.000225205  0.000246674  0.000214726  0.000131296
 -0.00031854 -0.000234463 -0.000128492 -2.81852e-05   6.5124e-05   0.00015006  0.000225205  0.000246674  0.000214726  0.000131296
 -0.00031854 -0.000234463 -0.000128492 -2.81852e-05   6.5124e-05   0.00015006  0.000225205  0.000246674  0.000214726  0.000131296
 -0.00031854 -0.000234463 -0.000128492 -2.81852e-05   6.5124e-05   0.00015006  0.000225205  0.000246674  0.000214726  0.000131296
 -0.00031854 -0.000234463 -0.000128492 -2.81852e-05   6.5124e-05   0.00015006  0.000225205  0.000246674  0.000214726  0.000131296
 -0.00031854 -0.000234463 -0.000128492 -2.81852e-05   6.5124e-05   0.00015006  0.000225205  0.000246674  0.000214726  0.000131296
 -0.00031854 -0.000234463 -0.000128492 -2.81852e-05   6.5124e-05   0.00015006  0.000225205  0.000246674  0.000214726  0.000131296
 -0.00031854 -0.000234463 -0.000128492 -2.81852e-05   6.5124e-05   0.00015006  0.000225205  0.000246674  0.000214726  0.000131296
 -0.00031854 -0.000234463 -0.000128492 -2.81852e-05   6.5124e-05   0.00015006  0.000225205  0.000246674  0.000214726  0.000131296
 -0.00031854 -0.000234463 -0.000128492 -2.81852e-05   6.5124e-05   0.00015006  0.000225205  0.000246674  0.000214726  0.000131296
 -0.00031854 -0.000234463 -0.000128492 -2.81852e-05   6.5124e-05   0.00015006  0.000225205  0.000246674  0.000214726  0.000131296
 -0.00031854 -0.000234463 -0.000128492 -2.81852e-05   6.5124e-05   0.00015006  0.000225205  0.000246674  0.000214726  0.000131296
 -0.00031854 -0.000234463 -0.000128492 -2.81852e-05   6.5124e-05   0.00015006  0.000225205  0.000246674  0.000214726  0.000131296
 -0.00031854 -0.000234463 -0.000128492 -2.81852e-05   6.5124e-05   0.00015006  0.000225205  0.000246674  0.000214726  0.000131296
 -0.00031854 -0.000234463 -0.000128492 -2.81852e-05   6.5124e-05   0.00015006  0.000225205  0.000246674  0.000214726  0.000131296
 -0.00031854 -0.000234463 -0.000128492 -2.81852e-05   6.5124e-05   0.00015006  0.000225205  0.000246674  0.000214726  0.000131296
 -0.00031854 -0.000234463 -0.000128492 -2.81852e-05   6.5124e-05   0.00015006  0.000225205  0.000246674  0.000214726  0.000131296
 -0.00031854 -0.000234463 -0.000128492 -2.81852e-05   6.5124e-05   0.00015006  0.000225205  0.000246674  0.000214726  0.000131296
 -0.00031854 -0.000234463 -0.000128492 -2.81852e-05   6.5124e-05   0.00015006  0.000225205  0.000246674  0.000214726  0.000131296
 -0.00031854 -0.000234463 -0.000128492 -2.81852e-05   6.5124e-05   0.00015006  0.000225205  0.000246674  0.000214726  0.000131296
 -0.00031854 -0.000234463 -0.000128492 -2.81852e-05   6.5124e-05   0.00015006  0.000225205  0.000246674  0.000214726  0.000131296
 -0.00031854 -0.000234463 -0.000128492 -2.81852e-05   6.5124e-05   0.00015006  0.000225205  0.000246674  0.000214726  0.000131296
 -0.00031854 -0.000234463 -0.000128492 -2.81852e-05   6.5124e-05   0.00015006  0.000225205  0.000246674  0.000214726  0.000131296
 -0.00031854 -0.000234463 -0.000128492 -2.81852e-05   6.5124e-05   0.00015006  0.000225205  0.000246674  0.000214726  0.000131296
 -0.00031854 -0.000234463 -0.000128492 -2.81852e-05   6.5124e-05   0.00015006  0.000225205  0.000246674  0.000214726  0.000131296
 -0.00031854 -0.000234463 -0.000128492 -2.81852e-05   6.5124e-05   0.00015006  0.000225205  0.000246674  0.000214726  0.000131296
 -0.00031854 -0.000234463 -0.000128492 -2.81852e-05   6.5124e-05   0.00015006  0.000225205  0.000246674  0.000214726  0.000131296
 -0.00031854 -0.000234463 -0.000128492 -2.81852e-05   6.5124e-05   0.00015006  0.000225205  0.000246674  0.000214726  0.000131296
 -0.00031854 -0.000234463 -0.000128492 -2.81852e-05   6.5124e-05   0.00015006  0.000225205  0.000246674  0.000214726  0.000131296
 -0.00031854 -0.000234463 -0.000128492 -2.81852e-05   6.5124e-05   0.00015006  0.000225205  0.000246674  0.000214726  0.000131296
 -0.00031854 -0.000234463 -0.000128492 -2.81852e-05   6.5124e-05   0.00015006  0.000225205  0.000246674  0.000214726  0.000131296
 -0.00031854 -0.000234463 -0.000128492 -2.81852e-05   6.5124e-05   0.00015006  0.000225205  0.000246674  0.000214726  0.000131296
 -0.00031854 -0.000234463 -0.000128492 -2.81852e-05   6.5124e-05   0.00015006  0.000225205  0.000246674  0.000214726  0.000131296
 -0.00031854 -0.000234463 -0.000128492 -2.81852e-05   6.5124e-05   0.00015006  0.000225205  0.000246674  0.000214726  0.000131296
 -0.00031854 -0.000234463 -0.000128492 -2.81852e-05   6.5124e-05   0.00015006  0.000225205  0.000246674  0.000214726  0.000131296
 -0.00031854 -0.000234463 -0.000128492 -2.81852e-05   6.5124e-05   0.00015006  0.000225205  0.000246674  0.000214726  0.000131296
 -0.00031854 -0.000234463 -0.000128492 -2.81852e-05   6.5124e-05   0.00015006  0.000225205  0.000246674  0.000214726  0.000131296
 -0.00031854 -0.000234463 -0.000128492 -2.81852e-05   6.5124e-05   0.00015006  0.000225205  0.000246674  0.000214726  0.000131296
 -0.00031854 -0.000234463 -0.000128492 -2.81852e-05   6.5124e-05   0.00015006  0.000225205  0.000246674  0.000214726  0.000131296
 -0.00031854 -0.000234463 -0.000128492 -2.81852e-05   6.5124e-05   0.00015006  0.000225205  0.000246674  0.000214726  0.000131296
 -0.00031854 -0.000234463 -0.000128492 -2.81852e-05   6.5124e-05   0.00015006  0.000225205  0.000246674  0.000214726  0.000131296
 -0.00031854 -0.000234463 -0.000128492 -2.81852e-05   6.5124e-05   0.00015006  0.000225205  0.000246674  0.000214726  0.000131296
 -0.00031854 -0.000234463 -0.000128492 -2.81852e-05   6.5124e-05   0.00015006  0.000225205  0.000246674  0.000214726  0.000131296
 -0.00031854 -0.000234463 -0.000128492 -2.81852e-05   6.5124e-05   0.00015006  0.000225205  0.000246674  0.000214726  0.000131296
 -0.00031854 -0.000234463 -0.000128492 -2.81852e-05   6.5124e-05   0.00015006  0.000225205  0.000246674  0.000214726  0.000131296
 -0.00031854 -0.000234463 -0.000128492 -2.81852e-05   6.5124e-05   0.00015006  0.000225205  0.000246674  0.000214726  0.000131296
 -0.00031854 -0.000234463 -0.000128492 -2.81852e-05   6.5124e-05   0.00015006  0.000225205  0.000246674  0.000214726  0.000131296
 -0.00031854 -0.000234463 -0.000128492 -2.81852e-05   6.5124e-05   0.00015006  0.000225205  0.000246674  0.000214726  0.000131296
 -0.00031854 -0.000234463 -0.000128492 -2.81852e-05   6.5124e-05   0.00015006  0.000225205  0.000246674  0.000214726  0.000131296
 -0.00031854 -0.000234463 -0.000128492 -2.81852e-05   6.5124e-05   0.00015006  0.000225205  0.000246674  0.000214726  0.000131296
 -0.00031854 -0.000234463 -0.000128492 -2.81852e-05   6.5124e-05   0.00015006  0.000225205  0.000246674  0.000214726  0.000131296
 -0.00031854 -0.000234463 -0.000128492 -2.81852e-05   6.5124e-05   0.00015006  0.000225205  0.000246674  0.000214726  0.000131296
 -0.00031854 -0.000234463 -0.000128492 -2.81852e-05   6.5124e-05   0.00015006  0.000225205  0.000246674  0.000214726  0.000131296
 -0.00031854 -0.000234463 -0.000128492 -2.81852e-05   6.5124e-05   0.00015006  0.000225205  0.000246674  0.000214726  0.000131296
 -0.00031854 -0.000234463 -0.000128492 -2.81852e-05   6.5124e-05   0.00015006  0.000225205  0.000246674  0.000214726  0.000131296
 -0.00031854 -0.000234463 -0.000128492 -2.81852e-05   6.5124e-05   0.00015006  0.000225205  0.000246674  0.000214726  0.000131296
