 8.65287e-09  7.10102e-09  5.25981e-09   3.1892e-09  9.95765e-10 -1.14967e-09 -3.00229e-09 -4.23842e-09  -4.4621e-09 -3.21603e-09
-9.00152e-08  -8.5607e-08 -8.10833e-08 -7.61823e-08 -7.05828e-08 -6.39105e-08 -5.57553e-08  -4.5689e-08 -3.32899e-08 -1.81688e-08
-1.16572e-07 -1.10453e-07 -1.04079e-07 -9.71452e-08 -8.92907e-08 -8.01127e-08 -6.91858e-08 -5.60829e-08 -4.04021e-08 -2.17952e-08
-1.76768e-07 -1.66675e-07 -1.55986e-07 -1.44309e-07 -1.31216e-07 -1.16259e-07 -9.89994e-08 -7.90312e-08 -5.60148e-08 -2.97076e-08
-2.54092e-07 -2.38754e-07 -2.22343e-07 -2.04383e-07 -1.84382e-07 -1.61867e-07 -1.36408e-07 -1.07653e-07 -7.53627e-08 -3.94463e-08
-3.32759e-07 -3.11868e-07 -2.89365e-07 -2.64725e-07 -2.37441e-07 -2.07051e-07 -1.73175e-07 -1.35547e-07 -9.40526e-08 -4.87678e-08
 -4.2151e-07 -3.94276e-07 -3.64804e-07  -3.3253e-07 -2.96942e-07 -2.57608e-07 -2.14215e-07 -1.66601e-07 -1.14802e-07 -5.90852e-08
-5.20183e-07 -4.85832e-07 -4.48531e-07 -4.07691e-07 -3.62802e-07 -3.13476e-07 -2.59483e-07 -2.00788e-07 -1.37596e-07 -7.03944e-08
-6.28769e-07 -5.86533e-07 -5.40554e-07  -4.9022e-07  -4.3504e-07 -3.74679e-07 -3.09008e-07 -2.38135e-07 -1.62459e-07 -8.27091e-08
-7.47353e-07 -6.96463e-07 -6.40955e-07   -5.802e-07 -5.13734e-07 -4.41292e-07 -3.62856e-07 -2.78699e-07 -1.89431e-07 -9.60522e-08
 -8.7611e-07 -8.15788e-07  -7.4989e-07 -6.77778e-07 -5.99022e-07 -5.13436e-07 -4.21131e-07 -3.22562e-07 -2.18573e-07 -1.10455e-07
 -1.0153e-06 -9.44757e-07 -8.67592e-07 -7.83167e-07 -6.91094e-07 -5.91279e-07 -4.83976e-07 -3.69836e-07  -2.4996e-07 -1.25957e-07
-1.16528e-06  -1.0837e-06 -9.94364e-07 -8.96645e-07 -7.90199e-07 -6.75037e-07 -5.51568e-07  -4.2066e-07  -2.8369e-07 -1.42609e-07
-1.32649e-06 -1.23302e-06 -1.13059e-06 -1.01855e-06 -8.96643e-07 -7.64973e-07 -6.24125e-07   -4.752e-07 -3.19874e-07 -1.60466e-07
-1.49945e-06 -1.39321e-06 -1.27671e-06  -1.1493e-06 -1.01079e-06 -8.61395e-07   -7.019e-07 -5.33651e-07 -3.58645e-07 -1.79595e-07
-1.68477e-06 -1.56485e-06 -1.43325e-06 -1.28937e-06 -1.13305e-06 -9.64663e-07 -7.85187e-07 -5.96236e-07 -4.00153e-07 -2.00073e-07
-1.88316e-06 -1.74858e-06 -1.60082e-06 -1.43929e-06  -1.2639e-06 -1.07518e-06 -8.74315e-07 -6.63207e-07 -4.44568e-07 -2.21984e-07
-2.09543e-06 -1.94516e-06  -1.7801e-06 -1.59967e-06 -1.40389e-06 -1.19341e-06 -9.69658e-07 -7.34846e-07 -4.92078e-07 -2.45423e-07
-2.32245e-06  -2.1554e-06 -1.97184e-06 -1.77121e-06  -1.5536e-06 -1.31985e-06 -1.07163e-06 -8.11467e-07 -5.42894e-07 -2.70493e-07
-2.56523e-06 -2.38023e-06 -2.17689e-06 -1.95464e-06  -1.7137e-06 -1.45508e-06 -1.18068e-06 -8.93415e-07 -5.97247e-07  -2.9731e-07
-2.82484e-06 -2.62066e-06 -2.39616e-06 -2.15082e-06 -1.88493e-06  -1.5997e-06 -1.29732e-06 -9.81068e-07 -6.55389e-07 -3.26001e-07
 -3.1025e-06  -2.8778e-06 -2.63068e-06 -2.36063e-06 -2.06807e-06  -1.7544e-06 -1.42209e-06 -1.07484e-06 -7.17597e-07 -3.56701e-07
-3.39952e-06 -3.15287e-06 -2.88156e-06  -2.5851e-06 -2.26401e-06 -1.91991e-06  -1.5556e-06 -1.17519e-06 -7.84174e-07 -3.89562e-07
-3.71732e-06  -3.4472e-06 -3.15001e-06 -2.82529e-06 -2.47369e-06 -2.09704e-06  -1.6985e-06 -1.28261e-06 -8.55447e-07 -4.24746e-07
-4.05745e-06 -3.76222e-06 -3.43735e-06 -3.08239e-06 -2.69814e-06 -2.28667e-06 -1.85148e-06 -1.39762e-06 -9.31771e-07 -4.62428e-07
-4.42162e-06  -4.0995e-06   -3.745e-06 -3.35769e-06 -2.93849e-06 -2.48974e-06 -2.01533e-06 -1.52081e-06 -1.01353e-06 -5.02799e-07
-4.81162e-06 -4.46073e-06  -4.0745e-06 -3.65255e-06 -3.19594e-06 -2.70727e-06 -2.19085e-06 -1.65279e-06 -1.10113e-06 -5.46054e-07
 -5.2294e-06 -4.84768e-06 -4.42747e-06 -3.96842e-06 -3.47174e-06 -2.94033e-06 -2.37892e-06 -1.79419e-06 -1.19498e-06 -5.92394e-07
-5.67699e-06 -5.26225e-06 -4.80565e-06 -4.30685e-06 -3.76724e-06 -3.19003e-06  -2.5804e-06 -1.94568e-06 -1.29551e-06 -6.42017e-07
-6.15649e-06 -5.70638e-06 -5.21078e-06  -4.6694e-06 -4.08379e-06 -3.45749e-06 -2.79619e-06  -2.1079e-06 -1.40314e-06 -6.95123e-07
-6.67007e-06 -6.18205e-06 -5.64467e-06 -5.05767e-06 -4.42277e-06 -3.74387e-06  -3.0272e-06  -2.2815e-06 -1.51827e-06 -7.51909e-07
 -7.2199e-06 -6.69127e-06 -6.10913e-06 -5.47324e-06 -4.78553e-06 -4.05027e-06 -3.27429e-06 -2.46713e-06 -1.64133e-06 -8.12576e-07
-7.80812e-06 -7.23602e-06 -6.60595e-06  -5.9177e-06 -5.17342e-06 -4.37781e-06 -3.53834e-06 -2.66542e-06 -1.77272e-06 -8.77321e-07
-8.43682e-06  -7.8182e-06 -7.13683e-06 -6.39255e-06 -5.58774e-06 -4.72756e-06  -3.8202e-06 -2.87701e-06 -1.91287e-06 -9.46348e-07
-9.10708e-06  -8.4388e-06 -7.70266e-06 -6.89854e-06 -6.02911e-06 -5.10006e-06 -4.12028e-06  -3.1022e-06 -2.06197e-06 -1.01976e-06
-9.80852e-06 -9.08805e-06 -8.29431e-06 -7.42729e-06 -6.48998e-06 -5.48865e-06 -4.43305e-06 -3.33667e-06 -2.21705e-06 -1.09602e-06
-1.05522e-05 -9.77633e-06 -8.92149e-06 -7.98775e-06 -6.97848e-06 -5.90052e-06 -4.76453e-06 -3.58516e-06 -2.38141e-06 -1.17686e-06
  -1.134e-05 -1.05055e-05 -9.58593e-06 -8.58151e-06 -7.49598e-06 -6.33686e-06 -5.11573e-06 -3.84846e-06 -2.55559e-06 -1.26255e-06
-1.21745e-05 -1.12779e-05 -1.02898e-05  -9.2105e-06 -8.04423e-06 -6.79917e-06 -5.48788e-06 -4.12753e-06 -2.74025e-06 -1.35343e-06
-1.30588e-05 -1.20963e-05 -1.10356e-05 -9.87706e-06 -8.62529e-06 -7.28923e-06 -5.88245e-06  -4.4235e-06 -2.93618e-06  -1.4499e-06
-1.39962e-05 -1.29641e-05 -1.18264e-05 -1.05839e-05 -9.24158e-06 -7.80911e-06 -6.30118e-06 -4.73771e-06 -3.14429e-06 -1.55243e-06
-1.49909e-05 -1.38849e-05 -1.26657e-05 -1.13342e-05 -9.89591e-06 -8.36126e-06 -6.74605e-06  -5.0717e-06 -3.36561e-06 -1.66154e-06
-1.60476e-05 -1.48632e-05 -1.35575e-05 -1.21317e-05 -1.05916e-05 -8.94846e-06 -7.21937e-06 -5.42721e-06 -3.60133e-06 -1.77783e-06
-1.71718e-05 -1.59041e-05 -1.45066e-05 -1.29805e-05 -1.13322e-05  -9.5739e-06 -7.72371e-06 -5.80622e-06 -3.85277e-06 -1.90195e-06
-1.83705e-05 -1.70142e-05  -1.5519e-05 -1.38862e-05 -1.21227e-05 -1.02417e-05 -8.26242e-06 -6.21124e-06 -4.12161e-06 -2.03473e-06
-1.96633e-05 -1.82116e-05 -1.66113e-05 -1.48638e-05 -1.29766e-05 -1.09634e-05 -8.84511e-06 -6.64967e-06 -4.41288e-06 -2.17873e-06
-2.10486e-05 -1.94949e-05 -1.77822e-05  -1.5912e-05 -1.38921e-05 -1.17375e-05 -9.47017e-06 -7.12011e-06 -4.72549e-06 -2.33333e-06
-2.25351e-05 -2.08721e-05 -1.90388e-05  -1.7037e-05  -1.4875e-05 -1.25686e-05 -1.01414e-05 -7.62541e-06 -5.06135e-06 -2.49946e-06
-2.41318e-05 -2.23513e-05 -2.03887e-05 -1.82456e-05  -1.5931e-05 -1.34617e-05 -1.08628e-05 -8.16858e-06 -5.42244e-06 -2.67811e-06
-2.58481e-05 -2.39415e-05 -2.18399e-05  -1.9545e-05 -1.70665e-05 -1.44221e-05 -1.16387e-05 -8.75282e-06 -5.81089e-06 -2.87031e-06
-2.76942e-05 -2.56519e-05 -2.34009e-05 -2.09429e-05  -1.8288e-05 -1.54554e-05 -1.24736e-05 -9.38151e-06 -6.22893e-06 -3.07719e-06
-2.96807e-05 -2.74925e-05 -2.50808e-05 -2.24473e-05 -1.96028e-05 -1.65675e-05 -1.33722e-05 -1.00583e-05 -6.67899e-06 -3.29993e-06
-3.18191e-05 -2.94739e-05 -2.68892e-05 -2.40669e-05 -2.10182e-05 -1.77649e-05 -1.43397e-05  -1.0787e-05 -7.16361e-06 -3.53979e-06
-3.41217e-05 -3.16074e-05 -2.88365e-05 -2.58108e-05 -2.25424e-05 -1.90544e-05 -1.53817e-05 -1.15718e-05 -7.68556e-06 -3.79813e-06
-3.66014e-05 -3.39051e-05 -3.09337e-05 -2.76891e-05  -2.4184e-05 -2.04432e-05  -1.6504e-05 -1.24171e-05 -8.24776e-06 -4.07641e-06
-3.92722e-05 -3.63799e-05 -3.31926e-05 -2.97121e-05 -2.59522e-05 -2.19391e-05 -1.77128e-05 -1.33277e-05 -8.85337e-06 -4.37618e-06
-4.21491e-05 -3.90457e-05 -3.56258e-05 -3.18913e-05 -2.78569e-05 -2.35506e-05 -1.90151e-05 -1.43086e-05 -9.50576e-06 -4.69911e-06
-4.52482e-05 -4.19174e-05 -3.82469e-05 -3.42388e-05 -2.99087e-05 -2.52865e-05 -2.04179e-05 -1.53652e-05 -1.02086e-05 -5.04699e-06
-4.85867e-05 -4.50108e-05 -4.10705e-05 -3.67677e-05  -3.2119e-05 -2.71565e-05 -2.19291e-05 -1.65035e-05 -1.09656e-05 -5.42175e-06
-5.21831e-05 -4.83432e-05 -4.41122e-05 -3.94919e-05    -3.45e-05  -2.9171e-05  -2.3557e-05 -1.77298e-05 -1.17812e-05 -5.82546e-06
-5.60571e-05  -5.1933e-05 -4.73888e-05 -4.24265e-05 -3.70649e-05  -3.1341e-05 -2.53106e-05 -1.90507e-05 -1.26598e-05 -6.26034e-06
-6.02302e-05 -5.57998e-05 -5.09182e-05 -4.55875e-05 -3.98278e-05 -3.36785e-05 -2.71996e-05 -2.04735e-05 -1.36061e-05 -6.72878e-06
-6.47252e-05 -5.99649e-05   -5.472e-05 -4.89924e-05 -4.28038e-05 -3.61963e-05 -2.92343e-05 -2.20061e-05 -1.46255e-05 -7.23335e-06
-6.95667e-05 -6.44512e-05 -5.88148e-05 -5.26599e-05 -4.60092e-05 -3.89082e-05 -3.14258e-05 -2.36568e-05 -1.57234e-05 -7.77681e-06
-7.47814e-05 -6.92831e-05 -6.32252e-05 -5.66099e-05 -4.94616e-05  -4.1829e-05 -3.37862e-05 -2.54347e-05 -1.69058e-05 -8.36212e-06
-8.03977e-05 -7.44872e-05 -6.79752e-05  -6.0864e-05 -5.31799e-05 -4.49748e-05 -3.63283e-05 -2.73495e-05 -1.81794e-05 -8.99251e-06
-8.64461e-05 -8.00917e-05 -7.30907e-05 -6.54455e-05 -5.71842e-05 -4.83626e-05  -3.9066e-05 -2.94116e-05 -1.95509e-05  -9.6714e-06
-9.29598e-05 -8.61273e-05 -7.85997e-05 -7.03795e-05 -6.14966e-05 -5.20109e-05 -4.20142e-05 -3.16324e-05 -2.10279e-05 -1.04025e-05
-9.99743e-05 -9.26269e-05 -8.45323e-05 -7.56927e-05 -6.61405e-05 -5.59398e-05 -4.51892e-05 -3.40239e-05 -2.26186e-05 -1.11899e-05
-0.000107528 -9.96263e-05 -9.09209e-05 -8.14145e-05 -7.11415e-05 -6.01708e-05 -4.86084e-05 -3.65994e-05 -2.43316e-05 -1.20379e-05
-0.000115662 -0.000107164 -9.78007e-05 -8.75762e-05  -7.6527e-05 -6.47273e-05 -5.22906e-05 -3.93732e-05 -2.61766e-05 -1.29513e-05
-0.000124422 -0.000115281  -0.00010521 -9.42118e-05 -8.23268e-05 -6.96343e-05 -5.62563e-05 -4.23605e-05 -2.81637e-05  -1.3935e-05
-0.000133856 -0.000124022 -0.000113189 -0.000101358 -8.85731e-05 -7.49192e-05 -6.05274e-05  -4.5578e-05  -3.0304e-05 -1.49947e-05
-0.000144016 -0.000133437 -0.000121782 -0.000109055 -9.53005e-05 -8.06113e-05 -6.51277e-05 -4.90437e-05 -3.26094e-05 -1.61361e-05
 -0.00015496 -0.000143577 -0.000131038 -0.000117345 -0.000102547  -8.6743e-05 -7.00835e-05 -5.27772e-05 -3.50931e-05 -1.73659e-05
-0.000166762 -0.000154514 -0.000141021 -0.000126287 -0.000110364  -9.3357e-05 -7.54295e-05 -5.68049e-05 -3.77727e-05 -1.86927e-05
-0.000179479 -0.000166298 -0.000151778 -0.000135922 -0.000118786 -0.000100484 -8.11898e-05 -6.11449e-05 -4.06601e-05 -2.01224e-05
-0.000193181 -0.000178996 -0.000163369 -0.000146304 -0.000127861 -0.000108163 -8.73967e-05 -6.58213e-05 -4.37712e-05 -2.16629e-05
-0.000207946 -0.000192678 -0.000175858 -0.000157491  -0.00013764 -0.000116437 -9.40846e-05   -7.086e-05 -4.71234e-05 -2.33228e-05
-0.000223855 -0.000207419 -0.000189314 -0.000169543 -0.000148176 -0.000125352  -0.00010129 -7.62888e-05  -5.0735e-05  -2.5111e-05
-0.000240994 -0.000223302 -0.000203812 -0.000182529 -0.000159527 -0.000134957 -0.000109053 -8.21373e-05 -5.46258e-05 -2.70374e-05
-0.000259459 -0.000240412 -0.000219431 -0.000196519 -0.000171756 -0.000145304 -0.000117416 -8.84376e-05  -5.8817e-05 -2.91125e-05
 -0.00027935 -0.000258844 -0.000236256 -0.000211588 -0.000184928  -0.00015645 -0.000126424 -9.52239e-05 -6.33314e-05 -3.13476e-05
-0.000300775 -0.000278697 -0.000254378 -0.000227819 -0.000199116 -0.000168454 -0.000136126 -0.000102533 -6.81933e-05 -3.37546e-05
 -0.00032385 -0.000300079 -0.000273894   -0.0002453 -0.000214395 -0.000181382 -0.000146574 -0.000110404 -7.34289e-05 -3.63466e-05
-0.000348684 -0.000323091 -0.000294899 -0.000264112 -0.000230838 -0.000195295 -0.000157818 -0.000118873 -7.90627e-05 -3.91357e-05
-0.000375423 -0.000347867 -0.000317514 -0.000284368 -0.000248542 -0.000210274 -0.000169923 -0.000127992 -8.51286e-05 -4.21388e-05
-0.000404211 -0.000374543 -0.000341863 -0.000306175 -0.000267604 -0.000226401 -0.000182957 -0.000137811 -9.16602e-05 -4.53728e-05
-0.000435205 -0.000403263 -0.000368078 -0.000329654 -0.000288126 -0.000243765 -0.000196991 -0.000148383 -9.86936e-05 -4.88552e-05
 -0.00046857  -0.00043418 -0.000396298 -0.000354929 -0.000310218 -0.000262457 -0.000212098 -0.000159764 -0.000106263 -5.26016e-05
-0.000502022 -0.000465037 -0.000424292 -0.000379794 -0.000331697 -0.000280316 -0.000226138 -0.000169832 -0.000112269 -5.45345e-05
-0.000530883 -0.000491293 -0.000447656 -0.000399978 -0.000348425 -0.000293335 -0.000235232 -0.000174838 -0.000113093 -5.32209e-05
-0.000549279 -0.000507351 -0.000461065 -0.000410427 -0.000355617 -0.000296998 -0.000235133 -0.000170804 -0.000107079 -4.85775e-05
-0.000550236 -0.000506652 -0.000458374 -0.000405411 -0.000347953 -0.000286393 -0.000221342 -0.000155696 -9.39062e-05 -4.05042e-05
-0.000525763 -0.000481767 -0.000432716 -0.000378617 -0.000319677 -0.000256324 -0.000191269 -0.000128782 -7.32104e-05 -2.88833e-05
 -0.00046939 -0.000426895 -0.000378954 -0.000325576 -0.000266989 -0.000205709 -0.000145805 -9.14299e-05 -4.67155e-05 -6.77626e-21
-0.000376231  -0.00033786 -0.000293623 -0.000243535 -0.000189897 -0.000136568 -8.74867e-05 -4.65739e-05 -6.77626e-21 -7.52316e-37
-0.000242144 -0.000211232 -0.000174004 -0.000132534  -9.0449e-05 -5.14596e-05 -1.92578e-05 -6.77626e-21 -7.52316e-37 -8.35239e-53
-6.43561e-05 -4.49142e-05 -2.07233e-05   4.8399e-06   2.8313e-05  4.62526e-05 -3.38813e-21 -7.52316e-37 -8.35239e-53 -9.27302e-69
 0.000160369  0.000161529  0.000164613  0.000166428  0.000163803  6.77626e-21 -3.76158e-37 -8.35239e-53 -9.27302e-69 -1.02951e-84
   0.00038779   0.000368311   0.000347962   0.000323762   2.71051e-20   7.52316e-37  -4.17619e-53  -9.27302e-69  -1.02951e-84 -1.14299e-100
  0.000573004   0.000535646   0.000494599   5.42101e-20   3.00927e-36   8.35239e-53  -4.63651e-69  -1.02951e-84 -1.14299e-100 -1.26897e-116
  0.000707425   0.000655822    1.0842e-19   6.01853e-36   3.34096e-52   9.27302e-69  -5.14756e-85 -1.14299e-100 -1.26897e-116 -1.40884e-132
  0.000782693    1.0842e-19   1.20371e-35   6.68191e-52   3.70921e-68   1.02951e-84 -5.71494e-101 -1.26897e-116 -1.40884e-132 -1.56413e-148
   1.0842e-19   1.20371e-35   1.33638e-51   7.41841e-68   4.11805e-84  1.14299e-100 -6.34485e-117 -1.40884e-132 -1.56413e-148 -1.73653e-164
  1.20371e-35   1.33638e-51   1.48368e-67   8.23609e-84  4.57195e-100  1.26897e-116  -7.0442e-133 -1.56413e-148 -1.73653e-164 -1.92794e-180
  1.33638e-51   1.48368e-67   1.64722e-83   9.1439e-100  5.07588e-116  1.40884e-132 -7.82064e-149 -1.73653e-164 -1.92794e-180 -2.14044e-196
  1.48368e-67   1.64722e-83   1.82878e-99  1.01518e-115  5.63536e-132  1.56413e-148 -8.68265e-165 -1.92794e-180 -2.14044e-196 -2.37636e-212
  1.64722e-83   1.82878e-99  2.03035e-115  1.12707e-131  6.25651e-148  1.73653e-164 -9.63968e-181 -2.14044e-196 -2.37636e-212 -2.63829e-228
  1.82878e-99  2.03035e-115  2.25415e-131   1.2513e-147  6.94612e-164  1.92794e-180 -1.07022e-196 -2.37636e-212 -2.63829e-228  -2.9291e-244
 2.03035e-115  2.25415e-131   2.5026e-147  1.38922e-163  7.71174e-180  2.14044e-196 -1.18818e-212 -2.63829e-228  -2.9291e-244 -3.25195e-260
 2.25415e-131   2.5026e-147  2.77845e-163  1.54235e-179  8.56176e-196  2.37636e-212 -1.31915e-228  -2.9291e-244 -3.25195e-260 -3.61039e-276
  2.5026e-147  2.77845e-163   3.0847e-179  1.71235e-195  9.50546e-212  2.63829e-228 -1.46455e-244 -3.25195e-260 -3.61039e-276 -4.00834e-292
 2.77845e-163   3.0847e-179   3.4247e-195  1.90109e-211  1.05532e-227   2.9291e-244 -1.62597e-260 -3.61039e-276 -4.00834e-292 -4.45015e-308
  3.0847e-179   3.4247e-195  3.80218e-211  2.11064e-227  1.17164e-243  3.25195e-260 -1.80519e-276 -4.00834e-292 -4.45015e-308 -4.94066e-324
  3.4247e-195  3.80218e-211  4.22127e-227  2.34328e-243  1.30078e-259  3.61039e-276 -2.00417e-292 -4.45015e-308 -4.94066e-324             0
 3.80218e-211  4.22127e-227  4.68655e-243  2.60156e-259  1.44416e-275  4.00834e-292 -2.22507e-308 -4.94066e-324             0             0
 4.22127e-227  4.68655e-243  5.20312e-259  2.88831e-275  1.60333e-291  4.45015e-308 -4.94066e-324             0             0             0
4.68655e-243 5.20312e-259 5.77662e-275 3.20667e-291 1.78006e-307 4.94066e-324            0            0            0            0
5.20312e-259 5.77662e-275 6.41334e-291 3.56012e-307 1.97626e-323            0            0            0            0            0
5.77662e-275 6.41334e-291 7.12024e-307 3.95253e-323            0            0            0            0            0            0
6.41334e-291 7.12024e-307 7.90505e-323            0            0            0            0            0            0            0
7.12024e-307 7.90505e-323            0            0            0            0            0            0            0            0
7.90505e-323            0            0            0            0            0            0            0            0            0
0 0 0 0 0 0 0 0 0 0
          0           0           0           0           0           0           0           0           0 0.000117324
          0           0           0           0           0           0           0           0 0.000247236 0.000118979
          0           0           0           0           0           0           0 0.000383959 0.000247673 0.000117483
          0           0           0           0           0           0 0.000520289 0.000379259 0.000241331 0.000112749
          0           0           0           0           0 0.000646952  0.00050498 0.000363335 0.000227866  0.00010467
          0           0           0           0 0.000751949 0.000613488 0.000472828   0.0003354 0.000206884 9.31155e-05
          0           0           0 0.000819936 0.000690211 0.000556049 0.000422435 0.000294604  0.00017795 7.79347e-05
          0           0 0.000831822 0.000716926 0.000595685 0.000472607 0.000352453 0.000240142 0.000140667 5.89979e-05
          0 0.000764837 0.000671787 0.000570853 0.000466034 0.000361582  0.00026191 0.000171506 9.48422e-05 3.62834e-05
0.000590526 0.000527428 0.000455343 0.000377724 0.000298274 0.000220865 0.000149442 8.79401e-05 4.01916e-05 9.83779e-06
 0.000302064  0.000261677  0.000214783  0.000164607  0.000114537  6.80367e-05  2.85565e-05 -5.57653e-07 -1.61539e-05 -1.56029e-05
 2.31918e-05  5.17059e-06 -1.68934e-05 -3.99859e-05 -6.10187e-05 -7.69187e-05 -8.47182e-05 -8.16461e-05 -6.54563e-05   -3.763e-05
-0.000240857 -0.000237101 -0.000234925  -0.00023151 -0.000224053 -0.000209858 -0.000186428 -0.000151794 -0.000107713 -5.63024e-05
 -0.00048373  -0.00045918 -0.000433734 -0.000404753 -0.000369709 -0.000326271 -0.000272641 -0.000210746 -0.000142878 -7.16567e-05
-0.000741788 -0.000695965 -0.000646742 -0.000591652 -0.000528426 -0.000455097 -0.000372234 -0.000282276 -0.000188055 -9.27776e-05
 -0.00093965 -0.000875524 -0.000805456 -0.000727134 -0.000638547 -0.000540223 -0.000434559 -0.000324356 -0.000212787 -0.000103381
 -0.00109634  -0.00101655 -0.000928222 -0.000829195 -0.000719843 -0.000602418 -0.000479579 -0.000354358 -0.000230148 -0.000110678
  -0.0012026  -0.00111073  -0.00100765 -0.000893493 -0.000770241 -0.000640301 -0.000506459 -0.000371859 -0.000239989  -0.00011466
 -0.00124947  -0.00115014    -0.001039 -0.000917655 -0.000788158 -0.000652923 -0.000514737  -0.00037673 -0.000242365 -0.000115425
 -0.00122642  -0.00112767  -0.00101777 -0.000898256 -0.000771076 -0.000638534 -0.000503288 -0.000368334 -0.000236992   -0.0001129
 -0.00117117  -0.00107711 -0.000972448 -0.000858625 -0.000737451 -0.000611084 -0.000482024 -0.000353094 -0.000227433 -0.000108487
 -0.00112254  -0.00103263 -0.000932626  -0.00082385 -0.000707996 -0.000587091 -0.000463487 -0.000339853 -0.000219161 -0.000104688
 -0.00108022  -0.00099396 -0.000898041 -0.000793701 -0.000682517 -0.000566394 -0.000447552 -0.000328518 -0.000212119 -0.000101476
 -0.00104395 -0.000960861 -0.000868495 -0.000768003 -0.000660865 -0.000548872 -0.000434125 -0.000319025 -0.000206265 -9.88322e-05
 -0.00101354 -0.000933147 -0.000843814 -0.000746608 -0.000642914 -0.000534424 -0.000423129 -0.000311317 -0.000201565 -9.67414e-05
-0.000988796 -0.000910653 -0.000823853 -0.000729389 -0.000628559 -0.000522964 -0.000414498 -0.000305349 -0.000197992 -9.51909e-05
-0.000969577 -0.000893246 -0.000808495 -0.000716244 -0.000617714 -0.000514424 -0.000408181 -0.000301085 -0.000195523 -9.41713e-05
-0.000955767 -0.000880822 -0.000797645 -0.000707092 -0.000610313 -0.000508751 -0.000404139 -0.000298499 -0.000194143 -9.36761e-05
 -0.00094728 -0.000873303 -0.000791238 -0.000701878  -0.00060631  -0.00050591 -0.000402346 -0.000297573 -0.000193843  -9.3702e-05
-0.000944063 -0.000870642 -0.000789231 -0.000700567 -0.000605678 -0.000505882 -0.000402789 -0.000298301  -0.00019462 -9.42483e-05
-0.000946104  -0.00087283  -0.00079162 -0.000703158 -0.000608419 -0.000508671 -0.000405476 -0.000300691 -0.000196481 -9.53196e-05
-0.000953397 -0.000879863 -0.000798403 -0.000709651 -0.000614536 -0.000514283 -0.000410411 -0.000304748 -0.000199432 -9.69192e-05
-0.000965975 -0.000891774 -0.000809611 -0.000720077 -0.000624059 -0.000522744 -0.000417621 -0.000310494 -0.000203487 -9.90554e-05
  -0.0009839 -0.000908621   -0.0008253 -0.000734488 -0.000637036 -0.000534097  -0.00042714 -0.000317956 -0.000208667 -0.000101739
 -0.00100727  -0.00093049 -0.000845551 -0.000752959 -0.000653532 -0.000548401  -0.00043902 -0.000327175 -0.000214999 -0.000104985
 -0.00103619 -0.000957496 -0.000870469 -0.000775585 -0.000673635 -0.000565731 -0.000453321 -0.000338198 -0.000222517 -0.000108809
 -0.00107083 -0.000989781 -0.000900186 -0.000802487 -0.000697451 -0.000586179  -0.00047012 -0.000351085 -0.000231261 -0.000113233
 -0.00111136  -0.00102752 -0.000934859 -0.000833807 -0.000725106 -0.000609853 -0.000489507 -0.000365904 -0.000241279 -0.000118281
 -0.00115801   -0.0010709 -0.000974675 -0.000869713  -0.00075675 -0.000636883 -0.000511587 -0.000382737 -0.000252624 -0.000123979
 -0.00121102  -0.00112017  -0.00101984 -0.000910393 -0.000792547 -0.000667407 -0.000536474 -0.000401669 -0.000265353 -0.000130355
 -0.00126782  -0.00117278  -0.00106785 -0.000953361 -0.000830034 -0.000698982 -0.000561742  -0.00042029 -0.000277072 -0.000135033
 -0.00132314  -0.00122361  -0.00111372 -0.000993789 -0.000864527 -0.000727067 -0.000582988 -0.000434335 -0.000283656 -0.000136384
 -0.00137033  -0.00126633  -0.00115144  -0.00102596 -0.000890609 -0.000746543  -0.00059539 -0.000439281 -0.000283238 -0.000134328
 -0.00140153  -0.00129352  -0.00117405  -0.00104339  -0.00090226 -0.000751847 -0.000593846 -0.000432847 -0.000275481 -0.000128766
  -0.0014077  -0.00129681  -0.00117381  -0.00103895 -0.000892973 -0.000737099 -0.000575467 -0.000414249 -0.000260005  -0.00011958
 -0.00137876   -0.0012669  -0.00114222  -0.00100496 -0.000855867 -0.000698586 -0.000538811 -0.000382619 -0.000236374 -0.000106623
 -0.00130373   -0.0011938  -0.00107027 -0.000933364 -0.000786223 -0.000634026 -0.000482341 -0.000337023  -0.00020411 -8.97301e-05
 -0.00117115  -0.00106718 -0.000948744 -0.000818447 -0.000680922 -0.000541194 -0.000404577 -0.000276574 -0.000162774  -6.8758e-05
-0.000969913  -0.00087717   -0.0007714  -0.00065666 -0.000537398 -0.000418353 -0.000304451 -0.000200714 -0.000112154 -4.36812e-05
-0.000690534 -0.000618095 -0.000535443  -0.00044641 -0.000355117 -0.000265878 -0.000183104 -0.000111202 -5.44787e-05 -1.70435e-05
-0.000379587 -0.000331976 -0.000276885 -0.000217895 -0.000158775 -0.000103391 -5.56021e-05 -1.91675e-05  2.35733e-06 -3.90973e-16
 -8.3953e-05 -6.05275e-05 -3.23381e-05 -2.72989e-06  2.48596e-05   4.6998e-05  6.03574e-05  6.18148e-05  5.17236e-17 -8.57857e-27
 0.00018997 0.000190215 0.000192512 0.000193733 0.000190757 0.000180568  0.00016036 2.28011e-15 1.90788e-27 -3.1643e-37
  0.00043466  0.000413258  0.000391183  0.000365509  0.000333418  0.000292299  4.26904e-15  6.07004e-26  5.07911e-38 -8.42386e-48
 0.000778579  0.000731087  0.000680173  0.000623097  0.000557332  1.27237e-15  1.85832e-26  2.64211e-37  2.21077e-49 -3.66672e-59
 0.000996268  0.000928651  0.000854817  0.000772204   1.0842e-19  1.97215e-31  2.86986e-42  4.17619e-53            0 -8.84344e-75
  0.00116879   0.00108395  0.000990039   1.0842e-19  1.20371e-35  2.18953e-47  3.18618e-58  4.63651e-69            0 -9.81819e-91
   0.00128605    0.00118791    2.1684e-19   1.20371e-35   1.33638e-51   2.43087e-63   3.53737e-74   5.14756e-85             0 -1.09004e-106
   0.00133826    2.1684e-19   2.40741e-35   1.33638e-51   1.48368e-67    2.6988e-79   3.92727e-90  5.71494e-101             0 -1.21018e-122
   2.1684e-19   2.40741e-35   2.67276e-51   1.48368e-67   1.64722e-83   2.99627e-95  4.36015e-106  6.34485e-117             0 -1.34358e-138
  2.40741e-35   2.67276e-51   2.96736e-67   1.64722e-83   1.82878e-99  3.32653e-111  4.84074e-122   7.0442e-133             0 -1.49167e-154
  2.67276e-51   2.96736e-67   3.29444e-83   1.82878e-99  2.03035e-115  3.69319e-127   5.3743e-138  7.82064e-149             0 -1.65608e-170
  2.96736e-67   3.29444e-83   3.65756e-99  2.03035e-115  2.25415e-131  4.10027e-143  5.96667e-154  8.68265e-165             0 -1.83862e-186
  3.29444e-83   3.65756e-99  4.06071e-115  2.25415e-131   2.5026e-147  4.55221e-159  6.62434e-170  9.63968e-181             0 -2.04128e-202
  3.65756e-99  4.06071e-115  4.50829e-131   2.5026e-147  2.77845e-163  5.05397e-175  7.35449e-186  1.07022e-196             0 -2.26628e-218
 4.06071e-115  4.50829e-131  5.00521e-147  2.77845e-163   3.0847e-179  5.61103e-191  8.16513e-202  1.18818e-212             0 -2.51607e-234
4.50829e-131 5.00521e-147  5.5569e-163  3.0847e-179  3.4247e-195  6.2295e-207 9.06511e-218 1.31915e-228            0 -2.7934e-250
5.00521e-147  5.5569e-163 6.16939e-179  3.4247e-195 3.80218e-211 6.91613e-223 1.00643e-233 1.46455e-244            0 -3.1013e-266
  5.5569e-163  6.16939e-179   6.8494e-195  3.80218e-211  4.22127e-227  7.67845e-239  1.11736e-249  1.62597e-260             0 -3.44314e-282
 6.16939e-179   6.8494e-195  7.60437e-211  4.22127e-227  4.68655e-243  8.52479e-255  1.24052e-265  1.80519e-276             0 -3.82265e-298
  6.8494e-195  7.60437e-211  8.44254e-227  4.68655e-243  5.20312e-259  9.46442e-271  1.37725e-281  2.00417e-292             0 -4.24399e-314
7.60437e-211 8.44254e-227 9.37311e-243 5.20312e-259 5.77662e-275 1.05076e-286 1.52906e-297 2.22507e-308            0            0
8.44254e-227 9.37311e-243 1.04062e-258 5.77662e-275 6.41334e-291 1.16658e-302  1.6976e-313 4.94066e-324            0            0
9.37311e-243 1.04062e-258 1.15532e-274 6.41334e-291 7.12024e-307 1.29516e-318            0            0            0            0
1.04062e-258 1.15532e-274 1.28267e-290 7.12024e-307 7.90505e-323            0            0            0            0            0
1.15532e-274 1.28267e-290 1.42405e-306 7.90505e-323            0            0            0            0            0            0
1.28267e-290 1.42405e-306 1.58101e-322            0            0            0            0            0            0            0
1.42405e-306 1.58101e-322            0            0            0            0            0            0            0            0
1.58101e-322            0            0            0            0            0            0            0            0            0
0 0 0 0 0 0 0 0 0 0
          0           0           0           0           0           0           0           0           0 0.000142806
          0           0           0           0           0           0           0           0 0.000299957 0.000144226
          0           0           0           0           0           0           0 0.000464505 0.000299522 0.000142067
          0           0           0           0           0           0 0.000627959 0.000457756 0.000291378 0.000136226
          0           0           0           0           0  0.00077953  0.00060867 0.000438229 0.000275126 0.000126578
          0           0           0           0 0.000905359 0.000739098 0.000570181 0.000405014 0.000250308  0.00011297
          0           0           0 0.000987795 0.000832231 0.000671302 0.000510877 0.000357126 0.000216422 9.52278e-05
          0           0  0.00100492 0.000867109 0.000721638 0.000573802 0.000429201 0.000293636 0.000173006 7.32008e-05
          0 0.000930621 0.000818648 0.000697175 0.000570885 0.000444772 0.000324032 0.000213957 0.000119839 4.68626e-05
0.000733144 0.000656304 0.000568651 0.000474218 0.000377346 0.000282583 0.000194578 0.000117982 5.73435e-05 1.70051e-05
 0.000401339  0.000350739  0.000292198  0.000229484  0.000166569  0.000107528  5.64322e-05  1.72493e-05 -6.26217e-06 -1.16561e-05
 8.22221e-05  5.73666e-05  2.74234e-05 -4.08603e-06 -3.35401e-05 -5.73198e-05 -7.19132e-05 -7.40202e-05 -6.16558e-05 -3.63514e-05
-0.000217994 -0.000217907 -0.000220058 -0.000221155 -0.000217909 -0.000207141 -0.000185885 -0.000152493 -0.000108835 -5.71483e-05
-0.000491839 -0.000468092 -0.000443722 -0.000415649 -0.000380902 -0.000336727 -0.000281691 -0.000217878 -0.000147748 -7.40898e-05
 -0.00080563 -0.000756649 -0.000704167 -0.000645304 -0.000577398 -0.000498115 -0.000408024 -0.000309823 -0.000206652 -0.000102064
 -0.00103354 -0.000963476 -0.000886977 -0.000801351 -0.000704234 -0.000596162 -0.000479805 -0.000358283 -0.000235129 -0.000114269
 -0.00121391  -0.00112581  -0.00102829 -0.000918827 -0.000797804  -0.00066774 -0.000531606 -0.000392794 -0.000255089 -0.000122652
 -0.00133612  -0.00123412  -0.00111963 -0.000992754 -0.000855734 -0.000711266 -0.000562472 -0.000412871 -0.000266362 -0.000127203
  -0.0013899  -0.00127932  -0.00115555  -0.00102042 -0.000876213 -0.000725658 -0.000571874 -0.000418369 -0.000269015 -0.000128037
 -0.00136317  -0.00125327  -0.00113092 -0.000997895 -0.000856362 -0.000708914  -0.00055853 -0.000408562 -0.000262723 -0.000125071
 -0.00129922  -0.00119472  -0.00107843  -0.00095196 -0.000817356  -0.00067704 -0.000533808 -0.000390818 -0.000251572 -0.000119911
 -0.00124262  -0.00114294  -0.00103203 -0.000911412 -0.000782977    -0.000649  -0.00051211 -0.000375288 -0.000241847  -0.00011543
   -0.001193  -0.00109757 -0.000991434 -0.000875983 -0.000752995 -0.000624603 -0.000493287 -0.000361864 -0.000233479 -0.000111597
 -0.00115007  -0.00105836 -0.000956388 -0.000845459 -0.000727229 -0.000603704 -0.000477226 -0.000350466 -0.000226418 -0.000108388
 -0.00111359  -0.00102508 -0.000926709 -0.000819679 -0.000705542  -0.00058619  -0.00046384 -0.000341032 -0.000220625 -0.000105787
 -0.00108334  -0.00099754 -0.000902217 -0.000798486 -0.000687804 -0.000571956 -0.000453048 -0.000333506 -0.000216065 -0.000103777
 -0.00105914 -0.000975569 -0.000882761 -0.000781749 -0.000673903 -0.000560913 -0.000444784 -0.000327839 -0.000212711 -0.000102345
 -0.00104085 -0.000959045 -0.000868232 -0.000769376 -0.000663764 -0.000552999 -0.000439001 -0.000324001 -0.000210543 -0.000101484
 -0.00102837 -0.000947867 -0.000858544 -0.000761292 -0.000657323 -0.000548167 -0.000435664 -0.000321968 -0.000209547 -0.000101188
 -0.00102161  -0.00094197 -0.000853638 -0.000757447 -0.000654544 -0.000546388 -0.000434752 -0.000321726 -0.000209717 -0.000101455
 -0.00102056 -0.000941327 -0.000853493 -0.000757827 -0.000655414 -0.000547655 -0.000436265 -0.000323279 -0.000211056 -0.000102287
 -0.00102517 -0.000945917 -0.000858093 -0.000762419 -0.000659927 -0.000551965   -0.0004402 -0.000326627 -0.000213567 -0.000103687
 -0.00103548 -0.000955757 -0.000867455 -0.000771241 -0.000668101 -0.000559337 -0.000446578 -0.000331786 -0.000217262 -0.000105662
 -0.00105153 -0.000970893 -0.000881623 -0.000784337 -0.000679976 -0.000569806 -0.000455428 -0.000338781  -0.00022216 -0.000108221
 -0.00107339 -0.000991401 -0.000900668 -0.000801771 -0.000695611 -0.000583427 -0.000466796  -0.00034765 -0.000228285 -0.000111378
 -0.00110119  -0.00101739 -0.000924689 -0.000823633 -0.000715089 -0.000600269 -0.000480741 -0.000358437  -0.00023567  -0.00011515
 -0.00113506  -0.00104898  -0.00095381 -0.000850038  -0.00073851 -0.000620421 -0.000497337 -0.000371201 -0.000244355 -0.000119557
 -0.00117518  -0.00108636 -0.000988186 -0.000881126 -0.000765999 -0.000643991 -0.000516672 -0.000386009 -0.000254385 -0.000124622
 -0.00122177  -0.00112971    -0.001028 -0.000917062 -0.000797702 -0.000671104  -0.00053885 -0.000402941 -0.000265816 -0.000130374
 -0.00127507  -0.00117927  -0.00107346 -0.000958033 -0.000833785 -0.000701901 -0.000563985 -0.000422084 -0.000278703 -0.000136838
 -0.00133242   -0.0012324  -0.00112196  -0.00100146 -0.000871695 -0.000733851 -0.000589567 -0.000440945 -0.000290572 -0.000141558
 -0.00138836  -0.00128381  -0.00116836  -0.00104236 -0.000906587 -0.000762256 -0.000611042 -0.000455111 -0.000297154  -0.00014285
 -0.00143603  -0.00132693  -0.00120642   -0.0010748 -0.000932857 -0.000781821 -0.000623421 -0.000459905 -0.000296521  -0.00014063
 -0.00146726  -0.00135412  -0.00122896  -0.00109209 -0.000944278 -0.000786795 -0.000621429 -0.000452968 -0.000288321 -0.000134796
 -0.00147272  -0.00135668  -0.00122796  -0.00108684 -0.000934121 -0.000771095 -0.000602074 -0.000433486  -0.00027216 -0.000125224
 -0.00144199  -0.00132502  -0.00119464  -0.00105112 -0.000895268 -0.000730875 -0.000563864 -0.000400559 -0.000247586 -0.000111762
 -0.00136373  -0.00124881  -0.00111968 -0.000976604 -0.000822843 -0.000663782 -0.000505213 -0.000353225 -0.000214107  -9.4241e-05
 -0.00122604  -0.00111734 -0.000993539 -0.000857355   -0.0007136 -0.000567499 -0.000424577 -0.000290558 -0.000171264 -7.25092e-05
 -0.00101746 -0.000920406  -0.00080975 -0.000689703 -0.000564888 -0.000440229 -0.000320852 -0.000211981 -0.000118838 -4.65406e-05
-0.000724837 -0.000648862 -0.000562201 -0.000468832 -0.000373036   -0.0002793  -0.00019221 -0.000116357 -5.62305e-05  -1.6119e-05
-0.000394413 -0.000344385 -0.000286503 -0.000224482 -0.000162239 -0.000103794 -5.31644e-05 -1.42672e-05  9.18626e-06 -3.38813e-21
-7.36507e-05 -4.92195e-05 -1.97449e-05   1.1301e-05  4.03459e-05  6.38193e-05  7.82549e-05   8.0394e-05  1.69407e-21 -3.76158e-37
 0.000231828  0.000231252  0.000232912  0.000233562  0.000229958  0.000218962  0.000197647  1.35525e-20  1.88079e-37 -4.17619e-53
 0.000515105  0.000490518  0.000465348  0.000436558  0.000401218  0.000356609  2.71051e-20  1.50463e-36   2.0881e-53 -4.63651e-69
 0.000791995  0.000743925  0.000692433  0.000634669  0.000568001  5.42101e-20  3.00927e-36  1.67048e-52  2.31825e-69 -5.14756e-85
   0.00101746   0.000948546   0.000873311   0.000789092    1.0842e-19   6.01853e-36   3.34096e-52    1.8546e-68   2.57378e-85 -5.71494e-101
   0.00119608    0.00110932     0.0010133    1.0842e-19   1.20371e-35   6.68191e-52   3.70921e-68   2.05902e-84  2.85747e-101 -6.34485e-117
  0.00131739   0.00121687   2.1684e-19  1.20371e-35  1.33638e-51  7.41841e-68  4.11805e-84 2.28597e-100 3.17243e-117 -7.0442e-133
   0.00137128    2.1684e-19   2.40741e-35   1.33638e-51   1.48368e-67   8.23609e-84  4.57195e-100  2.53794e-116   3.5221e-133 -7.82064e-149
   2.1684e-19   2.40741e-35   2.67276e-51   1.48368e-67   1.64722e-83   9.1439e-100  5.07588e-116  2.81768e-132  3.91032e-149 -8.68265e-165
  2.40741e-35   2.67276e-51   2.96736e-67   1.64722e-83   1.82878e-99  1.01518e-115  5.63536e-132  3.12825e-148  4.34133e-165 -9.63968e-181
  2.67276e-51   2.96736e-67   3.29444e-83   1.82878e-99  2.03035e-115  1.12707e-131  6.25651e-148  3.47306e-164  4.81984e-181 -1.07022e-196
  2.96736e-67   3.29444e-83   3.65756e-99  2.03035e-115  2.25415e-131   1.2513e-147  6.94612e-164  3.85587e-180   5.3511e-197 -1.18818e-212
  3.29444e-83   3.65756e-99  4.06071e-115  2.25415e-131   2.5026e-147  1.38922e-163  7.71174e-180  4.28088e-196  5.94091e-213 -1.31915e-228
  3.65756e-99  4.06071e-115  4.50829e-131   2.5026e-147  2.77845e-163  1.54235e-179  8.56176e-196  4.75273e-212  6.59574e-229 -1.46455e-244
 4.06071e-115  4.50829e-131  5.00521e-147  2.77845e-163   3.0847e-179  1.71235e-195  9.50546e-212  5.27659e-228  7.32274e-245 -1.62597e-260
 4.50829e-131  5.00521e-147   5.5569e-163   3.0847e-179   3.4247e-195  1.90109e-211  1.05532e-227  5.85819e-244  8.12987e-261 -1.80519e-276
 5.00521e-147   5.5569e-163  6.16939e-179   3.4247e-195  3.80218e-211  2.11064e-227  1.17164e-243   6.5039e-260  9.02597e-277 -2.00417e-292
  5.5569e-163  6.16939e-179   6.8494e-195  3.80218e-211  4.22127e-227  2.34328e-243  1.30078e-259  7.22078e-276  1.00208e-292 -2.22507e-308
 6.16939e-179   6.8494e-195  7.60437e-211  4.22127e-227  4.68655e-243  2.60156e-259  1.44416e-275  8.01667e-292  1.11254e-308 -4.94066e-324
 6.8494e-195 7.60437e-211 8.44254e-227 4.68655e-243 5.20312e-259 2.88831e-275 1.60333e-291  8.9003e-308            0            0
7.60437e-211 8.44254e-227 9.37311e-243 5.20312e-259 5.77662e-275 3.20667e-291 1.78006e-307 9.88131e-324            0            0
8.44254e-227 9.37311e-243 1.04062e-258 5.77662e-275 6.41334e-291 3.56012e-307 1.97626e-323            0            0            0
9.37311e-243 1.04062e-258 1.15532e-274 6.41334e-291 7.12024e-307 3.95253e-323            0            0            0            0
1.04062e-258 1.15532e-274 1.28267e-290 7.12024e-307 7.90505e-323            0            0            0            0            0
1.15532e-274 1.28267e-290 1.42405e-306 7.90505e-323            0            0            0            0            0            0
1.28267e-290 1.42405e-306 1.58101e-322            0            0            0            0            0            0            0
1.42405e-306 1.58101e-322            0            0            0            0            0            0            0            0
1.58101e-322            0            0            0            0            0            0            0            0            0
0 0 0 0 0 0 0 0 0 0
          0           0           0           0           0           0           0           0           0 0.000143399
          0           0           0           0           0           0           0           0 0.000301132  0.00014478
          0           0           0           0           0           0           0  0.00046623 0.000300622 0.000142587
          0           0           0           0           0           0 0.000630185 0.000459375 0.000292413 0.000136715
          0           0           0           0           0   0.0007822 0.000610764 0.000439754 0.000276102  0.00012704
          0           0           0           0 0.000908418 0.000741621 0.000572162 0.000406458 0.000251233 0.000113409
          0           0           0 0.000991166 0.000835116 0.000673685  0.00051275 0.000358494   0.0002173 9.56452e-05
          0           0  0.00100851 0.000870277 0.000724355 0.000576049 0.000430971 0.000294932  0.00017384 7.35981e-05
          0 0.000934357  0.00082202 0.000700152 0.000573444 0.000446894 0.000325707 0.000215186 0.000120632 4.72418e-05
0.000735753 0.000658634 0.000570668 0.000475891 0.000378651 0.000283501 0.000195098 0.000118101 5.70695e-05 1.63564e-05
 0.000400618  0.000349831  0.000291071  0.000228108   0.00016492  0.000105586   5.4187e-05  1.46978e-05 -9.11295e-06 -1.37956e-05
 7.56253e-05  5.08017e-05  2.08578e-05 -1.06817e-05 -4.01904e-05 -6.40436e-05  -7.8722e-05 -8.09169e-05 -6.76414e-05 -4.00096e-05
-0.000233439 -0.000232918 -0.000234669 -0.000235395 -0.000231804 -0.000220708 -0.000199137 -0.000164439 -0.000118071 -6.23541e-05
-0.000519476 -0.000494655 -0.000469242 -0.000440156 -0.000404422 -0.000359279 -0.000302294 -0.000235135 -0.000160349 -8.08721e-05
-0.000802738 -0.000754003 -0.000701797 -0.000643233 -0.000575643 -0.000496684 -0.000406914 -0.000309024 -0.000206147 -0.000101829
 -0.00103097 -0.000961127 -0.000884874 -0.000799516  -0.00070268 -0.000594893  -0.00047882 -0.000357573  -0.00023468 -0.000114059
 -0.00121166  -0.00112375  -0.00102645 -0.000917222 -0.000796442 -0.000666626  -0.00053074 -0.000392169 -0.000254693 -0.000122466
 -0.00133418  -0.00123235  -0.00111805 -0.000991369 -0.000854556   -0.0007103 -0.000561719 -0.000412326 -0.000266015 -0.000127041
 -0.00138826  -0.00127783  -0.00115421  -0.00101924 -0.000875208 -0.000724831 -0.000571227 -0.000417898 -0.000268715 -0.000127896
 -0.00136182  -0.00125202   -0.0011298 -0.000996903  -0.00085551 -0.000708209 -0.000557975 -0.000408157 -0.000262463 -0.000124948
 -0.00129796  -0.00119356  -0.00107738 -0.000951033 -0.000816561 -0.000676382 -0.000533291  -0.00039044  -0.00025133 -0.000119796
 -0.00124144  -0.00114185  -0.00103105 -0.000910545 -0.000782234 -0.000648385 -0.000511627 -0.000374935 -0.000241621 -0.000115323
  -0.0011919  -0.00109656 -0.000990519 -0.000875176 -0.000752303 -0.000624031 -0.000492838 -0.000361537 -0.000233269 -0.000111498
 -0.00114905  -0.00105742 -0.000955545 -0.000844716 -0.000726592 -0.000603177 -0.000476811 -0.000350164 -0.000226224 -0.000108297
 -0.00111264  -0.00102421 -0.000925925 -0.000818988  -0.00070495   -0.0005857 -0.000463455 -0.000340752 -0.000220445 -0.000105702
 -0.00108246 -0.000996735  -0.00090149 -0.000797845 -0.000687255 -0.000571502 -0.000452691 -0.000333245 -0.000215899 -0.000103698
 -0.00105834 -0.000974833 -0.000882096 -0.000781164 -0.000673401 -0.000560497 -0.000444458 -0.000327601 -0.000212558 -0.000102273
 -0.00104012 -0.000958375 -0.000867628 -0.000768844 -0.000663307 -0.000552621 -0.000438704 -0.000323784 -0.000210404 -0.000101418
 -0.00102771 -0.000947262 -0.000857998  -0.00076081  -0.00065691 -0.000547825 -0.000435395 -0.000321771  -0.00020942 -0.000101128
 -0.00102102 -0.000941425 -0.000853146 -0.000757012  -0.00065417 -0.000546078 -0.000434509 -0.000321548 -0.000209602   -0.0001014
 -0.00102002 -0.000940835 -0.000853049 -0.000757434 -0.000655077 -0.000547375 -0.000436044 -0.000323117 -0.000210952 -0.000102237
 -0.00102469 -0.000945472 -0.000857691 -0.000762063 -0.000659621 -0.000551711 -0.000439999 -0.000326479 -0.000213471 -0.000103641
 -0.00103504 -0.000955354  -0.00086709 -0.000770918 -0.000667822 -0.000559104 -0.000446393 -0.000331649 -0.000217173 -0.000105618
 -0.00105113 -0.000970526  -0.00088129 -0.000784041  -0.00067972 -0.000569592 -0.000455257 -0.000338654 -0.000222076  -0.00010818
 -0.00107303 -0.000991065 -0.000900362 -0.000801498 -0.000695375 -0.000583228 -0.000466636 -0.000347529 -0.000228205 -0.000111339
 -0.00110084  -0.00101706 -0.000924392 -0.000823367 -0.000714856 -0.000600071  -0.00048058 -0.000358315 -0.000235588 -0.000115109
 -0.00113471  -0.00104866 -0.000953511 -0.000849768 -0.000738271 -0.000620217 -0.000497169 -0.000371072 -0.000244267 -0.000119512
 -0.00117481  -0.00108602  -0.00098787  -0.00088084 -0.000765744 -0.000643772 -0.000516491 -0.000385868 -0.000254289 -0.000124573
 -0.00122137  -0.00112934  -0.00102765 -0.000916747 -0.000797421  -0.00067086 -0.000538648 -0.000402784 -0.000265708 -0.000130318
 -0.00127462  -0.00117885  -0.00107307 -0.000957677 -0.000833467 -0.000701624 -0.000563755 -0.000421905  -0.00027858 -0.000136774
 -0.00133192  -0.00123193  -0.00112152  -0.00100107  -0.00087134 -0.000733542  -0.00058931 -0.000440744 -0.000290433 -0.000141487
  -0.0013878  -0.00128328  -0.00116786  -0.00104191 -0.000906185 -0.000761907 -0.000610751 -0.000454885 -0.000296998  -0.00014277
 -0.00143538  -0.00132633  -0.00120585  -0.00107429 -0.000932399 -0.000781424  -0.00062309 -0.000459648 -0.000296344  -0.00014054
 -0.00146651  -0.00135342  -0.00122832   -0.0010915 -0.000943755 -0.000786342 -0.000621052 -0.000452677 -0.000288122 -0.000134695
 -0.00147186  -0.00135588  -0.00122722  -0.00108617  -0.00093352 -0.000770574 -0.000601644 -0.000433155 -0.000271935  -0.00012511
   -0.001441  -0.00132409  -0.00119378  -0.00105035 -0.000894575 -0.000730278 -0.000563373 -0.000400183 -0.000247331 -0.000111634
 -0.00136257  -0.00124773  -0.00111868 -0.000975698 -0.000822041 -0.000663095 -0.000504651 -0.000352796 -0.000213818  -9.4096e-05
  -0.0012247  -0.00111608 -0.000992385 -0.000856313 -0.000712683 -0.000566716 -0.000423939 -0.000290074 -0.000170939 -7.23465e-05
  -0.0010159 -0.000918954 -0.000808419 -0.000688508  -0.00056384 -0.000439339  -0.00032013 -0.000211434 -0.000118472 -4.63584e-05
-0.000723026 -0.000647185 -0.000560673 -0.000467464 -0.000371842 -0.000278289 -0.000191393 -0.000115741 -5.58201e-05 -1.59153e-05
-0.000393098 -0.000343202 -0.000285466 -0.000223604 -0.000161535 -0.000103275 -5.28407e-05 -1.41477e-05  9.09587e-06 -3.38813e-21
-7.36089e-05 -4.92775e-05 -1.99177e-05  1.09984e-05  3.98992e-05  6.32151e-05  7.74813e-05  7.94413e-05  1.69407e-21 -3.76158e-37
 0.000229657  0.000229063  0.000230689  0.000231289  0.000227619  0.000216542  0.000195132            0  1.88079e-37 -4.17619e-53
 0.000509635  0.000485182  0.000460129  0.000431438   0.00039618  0.000351638            0            0   2.0881e-53 -4.63651e-69
 0.000795909  0.000747534  0.000695703  0.000637573  0.000570515  5.42101e-20            0            0  2.31825e-69 -5.14756e-85
   0.00102134   0.000952125   0.000876563   0.000791992    1.0842e-19   6.01853e-36             0             0   2.57378e-85 -5.71494e-101
   0.00120002    0.00111298    0.00101663             0   1.20371e-35   6.68191e-52             0             0  2.85747e-101 -6.34485e-117
  0.00132154   0.00122071   2.1684e-19            0  1.33638e-51  7.41841e-68            0            0 3.17243e-117 -7.0442e-133
   0.00137577    2.1684e-19   2.40741e-35             0   1.48368e-67   8.23609e-84             0             0   3.5221e-133 -7.82064e-149
   2.1684e-19   2.40741e-35   2.67276e-51             0   1.64722e-83   9.1439e-100             0             0  3.91032e-149 -8.68265e-165
  2.40741e-35   2.67276e-51   2.96736e-67             0   1.82878e-99  1.01518e-115             0             0  4.34133e-165 -9.63968e-181
  2.67276e-51   2.96736e-67   3.29444e-83             0  2.03035e-115  1.12707e-131             0             0  4.81984e-181 -1.07022e-196
  2.96736e-67   3.29444e-83   3.65756e-99             0  2.25415e-131   1.2513e-147             0             0   5.3511e-197 -1.18818e-212
  3.29444e-83   3.65756e-99  4.06071e-115             0   2.5026e-147  1.38922e-163             0             0  5.94091e-213 -1.31915e-228
  3.65756e-99  4.06071e-115  4.50829e-131             0  2.77845e-163  1.54235e-179             0             0  6.59574e-229 -1.46455e-244
 4.06071e-115  4.50829e-131  5.00521e-147             0   3.0847e-179  1.71235e-195             0             0  7.32274e-245 -1.62597e-260
 4.50829e-131  5.00521e-147   5.5569e-163             0   3.4247e-195  1.90109e-211             0             0  8.12987e-261 -1.80519e-276
 5.00521e-147   5.5569e-163  6.16939e-179             0  3.80218e-211  2.11064e-227             0             0  9.02597e-277 -2.00417e-292
  5.5569e-163  6.16939e-179   6.8494e-195             0  4.22127e-227  2.34328e-243             0             0  1.00208e-292 -2.22507e-308
 6.16939e-179   6.8494e-195  7.60437e-211             0  4.68655e-243  2.60156e-259             0             0  1.11254e-308 -4.94066e-324
 6.8494e-195 7.60437e-211 8.44254e-227            0 5.20312e-259 2.88831e-275            0            0            0            0
7.60437e-211 8.44254e-227 9.37311e-243            0 5.77662e-275 3.20667e-291            0            0            0            0
8.44254e-227 9.37311e-243 1.04062e-258            0 6.41334e-291 3.56012e-307            0            0            0            0
9.37311e-243 1.04062e-258 1.15532e-274            0 7.12024e-307 3.95253e-323            0            0            0            0
1.04062e-258 1.15532e-274 1.28267e-290            0 7.90505e-323            0            0            0            0            0
1.15532e-274 1.28267e-290 1.42405e-306            0            0            0            0            0            0            0
1.28267e-290 1.42405e-306 1.58101e-322            0            0            0            0            0            0            0
1.42405e-306 1.58101e-322            0            0            0            0            0            0            0            0
1.58101e-322            0            0            0            0            0            0            0            0            0
0 0 0 0 0 0 0 0 0 0
         0          0          0          0          0          0          0          0          0 0.00014597
          0           0           0           0           0           0           0           0 0.000306707 0.000147534
          0           0           0           0           0           0           0 0.000475225 0.000306594 0.000145536
          0           0           0           0           0           0 0.000642999 0.000469012 0.000298811 0.000139876
          0           0           0           0           0 0.000799225 0.000624505 0.000450089 0.000282963 0.000130429
          0           0           0           0 0.000930016 0.000759876 0.000586895 0.000417539  0.00025859 0.000117043
          0           0           0  0.00101769 0.000858279 0.000693262 0.000528551 0.000370379 0.000225191 9.95434e-05
          0           0  0.00104031 0.000898732 0.000749204 0.000597051 0.000447922 0.000307681 0.000182305 7.77801e-05
          0 0.000971744 0.000856128 0.000730679 0.000600102 0.000469424 0.000343891 0.000228863 0.000129714 5.17285e-05
 0.00077907 0.000698756 0.000607268 0.000508646 0.000407253 0.000307673 0.000214606 0.000132775 6.68131e-05 2.11706e-05
 0.000447384  0.000393171  0.000330636  0.000263552  0.000195913  0.000131832  7.54338e-05  3.07604e-05  1.66226e-06 -8.30907e-06
 0.000126584  9.80667e-05  6.40558e-05  2.80786e-05 -6.22105e-06 -3.51847e-05 -5.52424e-05 -6.30169e-05 -5.54331e-05 -3.38161e-05
-0.000177422 -0.000180914 -0.000187077 -0.000192613  -0.00019421 -0.000188645 -0.000172894 -0.000144233 -0.000104343 -5.54171e-05
-0.000457422 -0.000436998 -0.000416411 -0.000392576 -0.000362499 -0.000323382 -0.000272733 -0.000212465  -0.00014501 -7.31524e-05
-0.000741304 -0.000697083 -0.000649851 -0.000596718 -0.000534996 -0.000462303 -0.000379141 -0.000288114 -0.000192249  -9.4954e-05
-0.000964921 -0.000899926 -0.000829019 -0.000749498  -0.00065897 -0.000557922 -0.000448955 -0.000335089 -0.000219734 -0.000106667
 -0.00114061  -0.00105792 -0.000966364 -0.000863414 -0.000749422 -0.000626857 -0.000498615 -0.000367983 -0.000238617 -0.000114515
 -0.00125771   -0.0011615  -0.00105338 -0.000933462 -0.000803957 -0.000667507 -0.000527152 -0.000386303 -0.000248719 -0.000118486
 -0.00130593  -0.00120154  -0.00108459 -0.000956901 -0.000820741  -0.00067877 -0.000534024 -0.000389893 -0.000250102  -0.00011869
 -0.00127313  -0.00116986  -0.00105482 -0.000929777 -0.000796866  -0.00065862 -0.000517926 -0.000378012  -0.00024243  -0.00011504
 -0.00120262  -0.00110524  -0.00099678 -0.000878874 -0.000753518 -0.000623072 -0.000490234  -0.00035803 -0.000229789 -0.000109142
 -0.00113894  -0.00104689 -0.000944396 -0.000832962  -0.00071445 -0.000591063 -0.000465329 -0.000340083 -0.000218457 -0.000103866
 -0.00108169 -0.000994454 -0.000897342  -0.00079175 -0.000679412 -0.000562389 -0.000443049 -0.000324055 -0.000208356 -9.91746e-05
 -0.00103054 -0.000947623 -0.000855346    -0.000755 -0.000648204 -0.000536884 -0.000423264 -0.000309852 -0.000199428 -9.50418e-05
-0.000985185 -0.000906125 -0.000818163 -0.000722498 -0.000620642 -0.000514399  -0.00040586  -0.00029739 -0.000191621 -9.14431e-05
-0.000945368 -0.000869719 -0.000785577 -0.000694056 -0.000596567 -0.000494803 -0.000390735 -0.000286599  -0.00018489 -8.83576e-05
-0.000910862 -0.000838198 -0.000757404 -0.000669512 -0.000575841 -0.000477985 -0.000377803 -0.000277416 -0.000179196 -8.57676e-05
-0.000881468 -0.000811382 -0.000733481 -0.000648724 -0.000558346 -0.000463848  -0.00036699 -0.000269788 -0.000174506 -8.36579e-05
-0.000857014 -0.000789112 -0.000713668 -0.000631571 -0.000543978 -0.000452308 -0.000358231  -0.00026367 -0.000170793 -8.20162e-05
-0.000837357 -0.000771259 -0.000697848  -0.00061795 -0.000532653 -0.000443297 -0.000351475 -0.000259025 -0.000168034 -8.08324e-05
-0.000822378 -0.000757714 -0.000685926 -0.000607781 -0.000524302 -0.000436762  -0.00034668 -0.000255826 -0.000166211 -8.00992e-05
-0.000811986 -0.000748395 -0.000677829 -0.000601001 -0.000518874  -0.00043266 -0.000343817 -0.000254051 -0.000165315 -7.98117e-05
-0.000806116 -0.000743243 -0.000673506 -0.000597566 -0.000516333 -0.000430965 -0.000342866 -0.000253689 -0.000165336 -7.99677e-05
-0.000804729 -0.000742225 -0.000672928 -0.000597453 -0.000516662 -0.000431665  -0.00034382 -0.000254735 -0.000166276 -8.05674e-05
-0.000807808 -0.000745324 -0.000676082 -0.000600653 -0.000519856 -0.000434758 -0.000346679 -0.000257193 -0.000168137 -8.16131e-05
-0.000815357 -0.000752549 -0.000682978 -0.000607177 -0.000525926 -0.000440255 -0.000351455 -0.000261073 -0.000170927 -8.31098e-05
 -0.00082741  -0.00076393 -0.000693646 -0.000617054 -0.000534899 -0.000448183 -0.000358171 -0.000266393  -0.00017466 -8.50652e-05
-0.000844029 -0.000779525 -0.000708141 -0.000630335 -0.000546823 -0.000458583 -0.000366862 -0.000273183 -0.000179357 -8.74903e-05
-0.000865299 -0.000799417 -0.000726538 -0.000647089 -0.000561761  -0.00047151 -0.000377575 -0.000281479 -0.000185043 -9.03977e-05
-0.000891326 -0.000823703 -0.000748929   -0.0006674 -0.000579785 -0.000487028 -0.000390363 -0.000291321 -0.000191743 -9.37987e-05
-0.000919269 -0.000849584 -0.000772553 -0.000688546 -0.000598212 -0.000502489 -0.000402612 -0.000300128 -0.000196911 -9.51813e-05
-0.000943406 -0.000871507 -0.000792029 -0.000705315    -0.000612 -0.000513016  -0.00040961 -0.000303353 -0.000196166 -9.28127e-05
-0.000956574 -0.000882652 -0.000800874  -0.00071156 -0.000615333 -0.000513128 -0.000406207  -0.00029618 -0.000187507 -8.65875e-05
-0.000950298  -0.00087505 -0.000791625 -0.000700324 -0.000601759 -0.000496872 -0.000386954 -0.000276149 -0.000170538 -7.63818e-05
-0.000914894 -0.000839699 -0.000755961 -0.000663961 -0.000564306 -0.000457957 -0.000348728  -0.00024237 -0.000144815 -6.20518e-05
-0.000842646 -0.000769692 -0.000687782 -0.000597178 -0.000498494 -0.000395201 -0.000292706 -0.000196597  -0.00011252 -4.60523e-05
-0.000727696 -0.000660025 -0.000582937 -0.000496682 -0.000404373 -0.000311057 -0.000221962 -0.000142376 -7.75169e-05 -2.98345e-05
-0.000565114 -0.000506621 -0.000438202  -0.00036259 -0.000284452 -0.000208641 -0.000140068 -8.35744e-05 -4.12353e-05 -1.33486e-05
-0.000351661 -0.000307049 -0.000254435 -0.000198087 -0.000142455 -9.20525e-05  -5.1325e-05 -2.19525e-05 -3.84135e-06  3.31201e-06
-8.36173e-05 -6.09616e-05 -3.37108e-05  -5.8917e-06  1.84073e-05  3.51619e-05   4.3111e-05  4.27636e-05   3.4835e-05  2.02249e-05
 0.00019483 0.000192752 0.000191916 0.000188561 0.000178995 0.000162289 0.000139287 0.000111043  7.8798e-05 3.38813e-21
0.000433148 0.000409331 0.000383386 0.000351807 0.000313856 0.000270566 0.000223187 0.000173157 1.35525e-20 3.76158e-37
0.000623613 0.000581786 0.000534429  0.00048085 0.000422132 0.000359572 0.000294662 2.71051e-20 1.50463e-36 4.17619e-53
0.000758273 0.000703035 0.000641384 0.000574307 0.000503001 0.000428866 5.42101e-20 3.00927e-36 1.67048e-52 4.63651e-69
0.000806957 0.000747811 0.000682908 0.000613197  0.00053982  1.0842e-19 6.01853e-36 3.34096e-52  1.8546e-68 5.14756e-85
 0.000857506  0.000796241   0.00072964  0.000658584            0  1.20371e-35  6.68191e-52  3.70921e-68  2.05902e-84 5.71494e-101
 0.000934175  0.000868408  0.000797698   1.0842e-19            0  1.33638e-51  7.41841e-68  4.11805e-84 2.28597e-100 6.34485e-117
  0.00103794  0.000964965            0  1.20371e-35            0  1.48368e-67  8.23609e-84 4.57195e-100 2.53794e-116  7.0442e-133
  0.00116918   1.0842e-19            0  1.33638e-51            0  1.64722e-83  9.1439e-100 5.07588e-116 2.81768e-132 7.82064e-149
  0.00114697  1.20371e-35            0  1.48368e-67            0  1.82878e-99 1.01518e-115 5.63536e-132 3.12825e-148 8.68265e-165
  0.00112653  1.33638e-51            0  1.64722e-83            0 2.03035e-115 1.12707e-131 6.25651e-148 3.47306e-164 9.63968e-181
  0.00110758  1.48368e-67            0  1.82878e-99            0 2.25415e-131  1.2513e-147 6.94612e-164 3.85587e-180 1.07022e-196
  0.00109045  1.64722e-83            0 2.03035e-115            0  2.5026e-147 1.38922e-163 7.71174e-180 4.28088e-196 1.18818e-212
  0.00107384  1.82878e-99            0 2.25415e-131            0 2.77845e-163 1.54235e-179 8.56176e-196 4.75273e-212 1.31915e-228
  0.00105751 2.03035e-115            0  2.5026e-147            0  3.0847e-179 1.71235e-195 9.50546e-212 5.27659e-228 1.46455e-244
  0.00104221 2.25415e-131            0 2.77845e-163            0  3.4247e-195 1.90109e-211 1.05532e-227 5.85819e-244 1.62597e-260
  0.00102853  2.5026e-147            0  3.0847e-179            0 3.80218e-211 2.11064e-227 1.17164e-243  6.5039e-260 1.80519e-276
  0.00101649 2.77845e-163            0  3.4247e-195            0 4.22127e-227 2.34328e-243 1.30078e-259 7.22078e-276 2.00417e-292
   0.0010057  3.0847e-179            0 3.80218e-211            0 4.68655e-243 2.60156e-259 1.44416e-275 8.01667e-292 2.22507e-308
 0.000995707  3.4247e-195            0 4.22127e-227            0 5.20312e-259 2.88831e-275 1.60333e-291  8.9003e-308 4.94066e-324
 0.000986201 3.80218e-211            0 4.68655e-243            0 5.77662e-275 3.20667e-291 1.78006e-307 9.88131e-324            0
 0.000977206 4.22127e-227            0 5.20312e-259            0 6.41334e-291 3.56012e-307 1.97626e-323            0            0
 0.000968902 4.68655e-243            0 5.77662e-275            0 7.12024e-307 3.95253e-323            0            0            0
 0.000961442 5.20312e-259            0 6.41334e-291            0 7.90505e-323            0            0            0            0
 0.000954819 5.77662e-275            0 7.12024e-307            0            0            0            0            0            0
 0.000948813 6.41334e-291            0 7.90505e-323            0            0            0            0            0            0
  0.00094321 7.12024e-307            0            0            0            0            0            0            0            0
 0.000937892 7.90505e-323            0            0            0            0            0            0            0            0
0.000932903           0           0           0           0           0           0           0           0           0
0.0009283         0         0         0         0         0         0         0         0         0
0.000912352           0           0           0           0           0           0           0           0 9.09258e-05
0.000881701           0           0           0           0           0           0           0 0.000175414 8.05473e-05
 0.00083295           0           0           0           0           0           0 0.000247925 0.000153452 6.99703e-05
0.000763683           0           0           0           0           0 0.000302345 0.000212511 0.000130768 5.92254e-05
0.000672013           0           0           0           0 0.000332039 0.000250988 0.000175552 0.000107434 4.83441e-05
0.000554181           0           0           0 0.000328485 0.000260542 0.000196143 0.000136583 8.31653e-05 3.71996e-05
 0.00040945           0           0 0.000283528 0.000232891 0.000184137 0.000138158 9.58492e-05  5.8114e-05   2.586e-05
0.000237163           0 0.000188344 0.000159118 0.000130529 0.000103064  7.7213e-05 5.34756e-05  3.2355e-05 1.43593e-05
3.60196e-05 3.26312e-05 2.89675e-05 2.51016e-05 2.11147e-05 1.70956e-05  1.3139e-05 9.34491e-06 5.81792e-06 2.66601e-06
 3.2601e-05 2.94928e-05 2.61418e-05 2.26157e-05 1.89896e-05 1.53446e-05 1.17671e-05 8.34816e-06 5.18215e-06 2.36632e-06
  1.7629e-05  1.49759e-05  1.21097e-05  9.09335e-06  5.99602e-06  2.89217e-06   -1.394e-07 -3.01626e-06 -5.65316e-06 -7.96273e-06
  -1.247e-05 -1.40945e-05 -1.59047e-05  -1.7842e-05 -1.98427e-05 -2.18386e-05 -2.37579e-05 -2.55258e-05 -2.70656e-05 -1.84484e-05
-6.08877e-05 -6.05121e-05  -6.0297e-05 -6.01882e-05 -6.01267e-05   -6.005e-05 -5.98926e-05 -5.95869e-05 -4.92136e-05 -2.91075e-05
-0.000130466 -0.000126719 -0.000123109 -0.000119587 -0.000116098 -0.000112585 -0.000108987 -9.53881e-05 -7.21315e-05 -3.99566e-05
-0.000131374 -0.000127553 -0.000123862 -0.000120251 -0.000116668 -0.000113057 -0.000109361 -9.56639e-05   -7.231e-05 -4.00421e-05
-0.000131374 -0.000127553 -0.000123862 -0.000120251 -0.000116668 -0.000113057 -0.000109361 -9.56639e-05   -7.231e-05 -4.00421e-05
-0.000131374 -0.000127553 -0.000123862 -0.000120251 -0.000116668 -0.000113057 -0.000109361 -9.56639e-05   -7.231e-05 -4.00421e-05
-0.000131374 -0.000127553 -0.000123862 -0.000120251 -0.000116668 -0.000113057 -0.000109361 -9.56639e-05   -7.231e-05 -4.00421e-05
-0.000131374 -0.000127553 -0.000123862 -0.000120251 -0.000116668 -0.000113057 -0.000109361 -9.56639e-05   -7.231e-05 -4.00421e-05
-0.000131374 -0.000127553 -0.000123862 -0.000120251 -0.000116668 -0.000113057 -0.000109361 -9.56639e-05   -7.231e-05 -4.00421e-05
-0.000131374 -0.000127553 -0.000123862 -0.000120251 -0.000116668 -0.000113057 -0.000109361 -9.56639e-05   -7.231e-05 -4.00421e-05
-0.000131374 -0.000127553 -0.000123862 -0.000120251 -0.000116668 -0.000113057 -0.000109361 -9.56639e-05   -7.231e-05 -4.00421e-05
-0.000131374 -0.000127553 -0.000123862 -0.000120251 -0.000116668 -0.000113057 -0.000109361 -9.56639e-05   -7.231e-05 -4.00421e-05
-0.000131374 -0.000127553 -0.000123862 -0.000120251 -0.000116668 -0.000113057 -0.000109361 -9.56639e-05   -7.231e-05 -4.00421e-05
-0.000131374 -0.000127553 -0.000123862 -0.000120251 -0.000116668 -0.000113057 -0.000109361 -9.56639e-05   -7.231e-05 -4.00421e-05
-0.000131374 -0.000127553 -0.000123862 -0.000120251 -0.000116668 -0.000113057 -0.000109361 -9.56639e-05   -7.231e-05 -4.00421e-05
-0.000131374 -0.000127553 -0.000123862 -0.000120251 -0.000116668 -0.000113057 -0.000109361 -9.56639e-05   -7.231e-05 -4.00421e-05
-0.000131374 -0.000127553 -0.000123862 -0.000120251 -0.000116668 -0.000113057 -0.000109361 -9.56639e-05   -7.231e-05 -4.00421e-05
-0.000131374 -0.000127553 -0.000123862 -0.000120251 -0.000116668 -0.000113057 -0.000109361 -9.56639e-05   -7.231e-05 -4.00421e-05
-0.000131374 -0.000127553 -0.000123862 -0.000120251 -0.000116668 -0.000113057 -0.000109361 -9.56639e-05   -7.231e-05 -4.00421e-05
-0.000131374 -0.000127553 -0.000123862 -0.000120251 -0.000116668 -0.000113057 -0.000109361 -9.56639e-05   -7.231e-05 -4.00421e-05
-0.000131374 -0.000127553 -0.000123862 -0.000120251 -0.000116668 -0.000113057 -0.000109361 -9.56639e-05   -7.231e-05 -4.00421e-05
-0.000131374 -0.000127553 -0.000123862 -0.000120251 -0.000116668 -0.000113057 -0.000109361 -9.56639e-05   -7.231e-05 -4.00421e-05
-0.000131374 -0.000127553 -0.000123862 -0.000120251 -0.000116668 -0.000113057 -0.000109361 -9.56639e-05   -7.231e-05 -4.00421e-05
-0.000131374 -0.000127553 -0.000123862 -0.000120251 -0.000116668 -0.000113057 -0.000109361 -9.56639e-05   -7.231e-05 -4.00421e-05
-0.000131374 -0.000127553 -0.000123862 -0.000120251 -0.000116668 -0.000113057 -0.000109361 -9.56639e-05   -7.231e-05 -4.00421e-05
-0.000131374 -0.000127553 -0.000123862 -0.000120251 -0.000116668 -0.000113057 -0.000109361 -9.56639e-05   -7.231e-05 -4.00421e-05
-0.000131374 -0.000127553 -0.000123862 -0.000120251 -0.000116668 -0.000113057 -0.000109361 -9.56639e-05   -7.231e-05 -4.00421e-05
-0.000131374 -0.000127553 -0.000123862 -0.000120251 -0.000116668 -0.000113057 -0.000109361 -9.56639e-05   -7.231e-05 -4.00421e-05
-0.000131374 -0.000127553 -0.000123862 -0.000120251 -0.000116668 -0.000113057 -0.000109361 -9.56639e-05   -7.231e-05 -4.00421e-05
-0.000131374 -0.000127553 -0.000123862 -0.000120251 -0.000116668 -0.000113057 -0.000109361 -9.56639e-05   -7.231e-05 -4.00421e-05
-0.000131374 -0.000127553 -0.000123862 -0.000120251 -0.000116668 -0.000113057 -0.000109361 -9.56639e-05   -7.231e-05 -4.00421e-05
-0.000131374 -0.000127553 -0.000123862 -0.000120251 -0.000116668 -0.000113057 -0.000109361 -9.56639e-05   -7.231e-05 -4.00421e-05
-0.000131374 -0.000127553 -0.000123862 -0.000120251 -0.000116668 -0.000113057 -0.000109361 -9.56639e-05   -7.231e-05 -4.00421e-05
-0.000131374 -0.000127553 -0.000123862 -0.000120251 -0.000116668 -0.000113057 -0.000109361 -9.56639e-05   -7.231e-05 -4.00421e-05
-0.000131374 -0.000127553 -0.000123862 -0.000120251 -0.000116668 -0.000113057 -0.000109361 -9.56639e-05   -7.231e-05 -4.00421e-05
-0.000131374 -0.000127553 -0.000123862 -0.000120251 -0.000116668 -0.000113057 -0.000109361 -9.56639e-05   -7.231e-05 -4.00421e-05
-0.000131374 -0.000127553 -0.000123862 -0.000120251 -0.000116668 -0.000113057 -0.000109361 -9.56639e-05   -7.231e-05 -4.00421e-05
-0.000131374 -0.000127553 -0.000123862 -0.000120251 -0.000116668 -0.000113057 -0.000109361 -9.56639e-05   -7.231e-05 -4.00421e-05
-0.000131374 -0.000127553 -0.000123862 -0.000120251 -0.000116668 -0.000113057 -0.000109361 -9.56639e-05   -7.231e-05 -4.00421e-05
-0.000131374 -0.000127553 -0.000123862 -0.000120251 -0.000116668 -0.000113057 -0.000109361 -9.56639e-05   -7.231e-05 -4.00421e-05
-0.000131374 -0.000127553 -0.000123862 -0.000120251 -0.000116668 -0.000113057 -0.000109361 -9.56639e-05   -7.231e-05 -4.00421e-05
-0.000131374 -0.000127553 -0.000123862 -0.000120251 -0.000116668 -0.000113057 -0.000109361 -9.56639e-05   -7.231e-05 -4.00421e-05
-0.000131374 -0.000127553 -0.000123862 -0.000120251 -0.000116668 -0.000113057 -0.000109361 -9.56639e-05   -7.231e-05 -4.00421e-05
-0.000131374 -0.000127553 -0.000123862 -0.000120251 -0.000116668 -0.000113057 -0.000109361 -9.56639e-05   -7.231e-05 -4.00421e-05
-0.000131374 -0.000127553 -0.000123862 -0.000120251 -0.000116668 -0.000113057 -0.000109361 -9.56639e-05   -7.231e-05 -4.00421e-05
-0.000131374 -0.000127553 -0.000123862 -0.000120251 -0.000116668 -0.000113057 -0.000109361 -9.56639e-05   -7.231e-05 -4.00421e-05
-0.000131374 -0.000127553 -0.000123862 -0.000120251 -0.000116668 -0.000113057 -0.000109361 -9.56639e-05   -7.231e-05 -4.00421e-05
-0.000131374 -0.000127553 -0.000123862 -0.000120251 -0.000116668 -0.000113057 -0.000109361 -9.56639e-05   -7.231e-05 -4.00421e-05
-0.000131374 -0.000127553 -0.000123862 -0.000120251 -0.000116668 -0.000113057 -0.000109361 -9.56639e-05   -7.231e-05 -4.00421e-05
-0.000131374 -0.000127553 -0.000123862 -0.000120251 -0.000116668 -0.000113057 -0.000109361 -9.56639e-05   -7.231e-05 -4.00421e-05
-0.000131374 -0.000127553 -0.000123862 -0.000120251 -0.000116668 -0.000113057 -0.000109361 -9.56639e-05   -7.231e-05 -4.00421e-05
-0.000131374 -0.000127553 -0.000123862 -0.000120251 -0.000116668 -0.000113057 -0.000109361 -9.56639e-05   -7.231e-05 -4.00421e-05
-0.000131374 -0.000127553 -0.000123862 -0.000120251 -0.000116668 -0.000113057 -0.000109361 -9.56639e-05   -7.231e-05 -4.00421e-05
-0.000131374 -0.000127553 -0.000123862 -0.000120251 -0.000116668 -0.000113057 -0.000109361 -9.56639e-05   -7.231e-05 -4.00421e-05
-0.000131374 -0.000127553 -0.000123862 -0.000120251 -0.000116668 -0.000113057 -0.000109361 -9.56639e-05   -7.231e-05 -4.00421e-05
-0.000131374 -0.000127553 -0.000123862 -0.000120251 -0.000116668 -0.000113057 -0.000109361 -9.56639e-05   -7.231e-05 -4.00421e-05
-0.000131374 -0.000127553 -0.000123862 -0.000120251 -0.000116668 -0.000113057 -0.000109361 -9.56639e-05   -7.231e-05 -4.00421e-05
-0.000131374 -0.000127553 -0.000123862 -0.000120251 -0.000116668 -0.000113057 -0.000109361 -9.56639e-05   -7.231e-05 -4.00421e-05
-0.000131374 -0.000127553 -0.000123862 -0.000120251 -0.000116668 -0.000113057 -0.000109361 -9.56639e-05   -7.231e-05 -4.00421e-05
-0.000131374 -0.000127553 -0.000123862 -0.000120251 -0.000116668 -0.000113057 -0.000109361 -9.56639e-05   -7.231e-05 -4.00421e-05
-0.000131374 -0.000127553 -0.000123862 -0.000120251 -0.000116668 -0.000113057 -0.000109361 -9.56639e-05   -7.231e-05 -4.00421e-05
-0.000131374 -0.000127553 -0.000123862 -0.000120251 -0.000116668 -0.000113057 -0.000109361 -9.56639e-05   -7.231e-05 -4.00421e-05
-0.000131374 -0.000127553 -0.000123862 -0.000120251 -0.000116668 -0.000113057 -0.000109361 -9.56639e-05   -7.231e-05 -4.00421e-05
-0.000131374 -0.000127553 -0.000123862 -0.000120251 -0.000116668 -0.000113057 -0.000109361 -9.56639e-05   -7.231e-05 -4.00421e-05
-0.000131374 -0.000127553 -0.000123862 -0.000120251 -0.000116668 -0.000113057 -0.000109361 -9.56639e-05   -7.231e-05 -4.00421e-05
-0.000131374 -0.000127553 -0.000123862 -0.000120251 -0.000116668 -0.000113057 -0.000109361 -9.56639e-05   -7.231e-05 -4.00421e-05
-0.000131374 -0.000127553 -0.000123862 -0.000120251 -0.000116668 -0.000113057 -0.000109361 -9.56639e-05   -7.231e-05 -4.00421e-05
-0.000131374 -0.000127553 -0.000123862 -0.000120251 -0.000116668 -0.000113057 -0.000109361 -9.56639e-05   -7.231e-05 -4.00421e-05
-0.000131374 -0.000127553 -0.000123862 -0.000120251 -0.000116668 -0.000113057 -0.000109361 -9.56639e-05   -7.231e-05 -4.00421e-05
-0.000131374 -0.000127553 -0.000123862 -0.000120251 -0.000116668 -0.000113057 -0.000109361 -9.56639e-05   -7.231e-05 -4.00421e-05
-0.000131374 -0.000127553 -0.000123862 -0.000120251 -0.000116668 -0.000113057 -0.000109361 -9.56639e-05   -7.231e-05 -4.00421e-05
-0.000131374 -0.000127553 -0.000123862 -0.000120251 -0.000116668 -0.000113057 -0.000109361 -9.56639e-05   -7.231e-05 -4.00421e-05
-0.000131374 -0.000127553 -0.000123862 -0.000120251 -0.000116668 -0.000113057 -0.000109361 -9.56639e-05   -7.231e-05 -4.00421e-05
-0.000131374 -0.000127553 -0.000123862 -0.000120251 -0.000116668 -0.000113057 -0.000109361 -9.56639e-05   -7.231e-05 -4.00421e-05
-0.000131374 -0.000127553 -0.000123862 -0.000120251 -0.000116668 -0.000113057 -0.000109361 -9.56639e-05   -7.231e-05 -4.00421e-05
-0.000131374 -0.000127553 -0.000123862 -0.000120251 -0.000116668 -0.000113057 -0.000109361 -9.56639e-05   -7.231e-05 -4.00421e-05
-0.000131374 -0.000127553 -0.000123862 -0.000120251 -0.000116668 -0.000113057 -0.000109361 -9.56639e-05   -7.231e-05 -4.00421e-05
-0.000131374 -0.000127553 -0.000123862 -0.000120251 -0.000116668 -0.000113057 -0.000109361 -9.56639e-05   -7.231e-05 -4.00421e-05
-0.000131374 -0.000127553 -0.000123862 -0.000120251 -0.000116668 -0.000113057 -0.000109361 -9.56639e-05   -7.231e-05 -4.00421e-05
-0.000131374 -0.000127553 -0.000123862 -0.000120251 -0.000116668 -0.000113057 -0.000109361 -9.56639e-05   -7.231e-05 -4.00421e-05
-0.000131374 -0.000127553 -0.000123862 -0.000120251 -0.000116668 -0.000113057 -0.000109361 -9.56639e-05   -7.231e-05 -4.00421e-05
-0.000131374 -0.000127553 -0.000123862 -0.000120251 -0.000116668 -0.000113057 -0.000109361 -9.56639e-05   -7.231e-05 -4.00421e-05
-0.000131374 -0.000127553 -0.000123862 -0.000120251 -0.000116668 -0.000113057 -0.000109361 -9.56639e-05   -7.231e-05 -4.00421e-05
-0.000131374 -0.000127553 -0.000123862 -0.000120251 -0.000116668 -0.000113057 -0.000109361 -9.56639e-05   -7.231e-05 -4.00421e-05
-0.000131374 -0.000127553 -0.000123862 -0.000120251 -0.000116668 -0.000113057 -0.000109361 -9.56639e-05   -7.231e-05 -4.00421e-05
-0.000131374 -0.000127553 -0.000123862 -0.000120251 -0.000116668 -0.000113057 -0.000109361 -9.56639e-05   -7.231e-05 -4.00421e-05
-0.000131374 -0.000127553 -0.000123862 -0.000120251 -0.000116668 -0.000113057 -0.000109361 -9.56639e-05   -7.231e-05 -4.00421e-05
-0.000131374 -0.000127553 -0.000123862 -0.000120251 -0.000116668 -0.000113057 -0.000109361 -9.56639e-05   -7.231e-05 -4.00421e-05
-0.000131374 -0.000127553 -0.000123862 -0.000120251 -0.000116668 -0.000113057 -0.000109361 -9.56639e-05   -7.231e-05 -4.00421e-05
-0.000131374 -0.000127553 -0.000123862 -0.000120251 -0.000116668 -0.000113057 -0.000109361 -9.56639e-05   -7.231e-05 -4.00421e-05
-0.000131374 -0.000127553 -0.000123862 -0.000120251 -0.000116668 -0.000113057 -0.000109361 -9.56639e-05   -7.231e-05 -4.00421e-05
-0.000131374 -0.000127553 -0.000123862 -0.000120251 -0.000116668 -0.000113057 -0.000109361 -9.56639e-05   -7.231e-05 -4.00421e-05
-0.000131374 -0.000127553 -0.000123862 -0.000120251 -0.000116668 -0.000113057 -0.000109361 -9.56639e-05   -7.231e-05 -4.00421e-05
-0.000131374 -0.000127553 -0.000123862 -0.000120251 -0.000116668 -0.000113057 -0.000109361 -9.56639e-05   -7.231e-05 -4.00421e-05
-0.000131374 -0.000127553 -0.000123862 -0.000120251 -0.000116668 -0.000113057 -0.000109361 -9.56639e-05   -7.231e-05 -4.00421e-05
-0.000131374 -0.000127553 -0.000123862 -0.000120251 -0.000116668 -0.000113057 -0.000109361 -9.56639e-05   -7.231e-05 -4.00421e-05
-0.000131374 -0.000127553 -0.000123862 -0.000120251 -0.000116668 -0.000113057 -0.000109361 -9.56639e-05   -7.231e-05 -4.00421e-05
-0.000131374 -0.000127553 -0.000123862 -0.000120251 -0.000116668 -0.000113057 -0.000109361 -9.56639e-05   -7.231e-05 -4.00421e-05
-0.000131374 -0.000127553 -0.000123862 -0.000120251 -0.000116668 -0.000113057 -0.000109361 -9.56639e-05   -7.231e-05 -4.00421e-05
-0.000131374 -0.000127553 -0.000123862 -0.000120251 -0.000116668 -0.000113057 -0.000109361 -9.56639e-05   -7.231e-05 -4.00421e-05
-0.000131374 -0.000127553 -0.000123862 -0.000120251 -0.000116668 -0.000113057 -0.000109361 -9.56639e-05   -7.231e-05 -4.00421e-05
-0.000131374 -0.000127553 -0.000123862 -0.000120251 -0.000116668 -0.000113057 -0.000109361 -9.56639e-05   -7.231e-05 -4.00421e-05
-0.000131374 -0.000127553 -0.000123862 -0.000120251 -0.000116668 -0.000113057 -0.000109361 -9.56639e-05   -7.231e-05 -4.00421e-05
-0.000131374 -0.000127553 -0.000123862 -0.000120251 -0.000116668 -0.000113057 -0.000109361 -9.56639e-05   -7.231e-05 -4.00421e-05
-0.000131374 -0.000127553 -0.000123862 -0.000120251 -0.000116668 -0.000113057 -0.000109361 -9.56639e-05   -7.231e-05 -4.00421e-05
-0.000131374 -0.000127553 -0.000123862 -0.000120251 -0.000116668 -0.000113057 -0.000109361 -9.56639e-05   -7.231e-05 -4.00421e-05
-0.000131374 -0.000127553 -0.000123862 -0.000120251 -0.000116668 -0.000113057 -0.000109361 -9.56639e-05   -7.231e-05 -4.00421e-05
-0.000131374 -0.000127553 -0.000123862 -0.000120251 -0.000116668 -0.000113057 -0.000109361 -9.56639e-05   -7.231e-05 -4.00421e-05
-0.000131374 -0.000127553 -0.000123862 -0.000120251 -0.000116668 -0.000113057 -0.000109361 -9.56639e-05   -7.231e-05 -4.00421e-05
-0.000131374 -0.000127553 -0.000123862 -0.000120251 -0.000116668 -0.000113057 -0.000109361 -9.56639e-05   -7.231e-05 -4.00421e-05
-0.000131374 -0.000127553 -0.000123862 -0.000120251 -0.000116668 -0.000113057 -0.000109361 -9.56639e-05   -7.231e-05 -4.00421e-05
-0.000131374 -0.000127553 -0.000123862 -0.000120251 -0.000116668 -0.000113057 -0.000109361 -9.56639e-05   -7.231e-05 -4.00421e-05
-0.000131374 -0.000127553 -0.000123862 -0.000120251 -0.000116668 -0.000113057 -0.000109361 -9.56639e-05   -7.231e-05 -4.00421e-05
-0.000131374 -0.000127553 -0.000123862 -0.000120251 -0.000116668 -0.000113057 -0.000109361 -9.56639e-05   -7.231e-05 -4.00421e-05
-0.000131374 -0.000127553 -0.000123862 -0.000120251 -0.000116668 -0.000113057 -0.000109361 -9.56639e-05   -7.231e-05 -4.00421e-05
-0.000131374 -0.000127553 -0.000123862 -0.000120251 -0.000116668 -0.000113057 -0.000109361 -9.56639e-05   -7.231e-05 -4.00421e-05
-0.000131374 -0.000127553 -0.000123862 -0.000120251 -0.000116668 -0.000113057 -0.000109361 -9.56639e-05   -7.231e-05 -4.00421e-05
-0.000131374 -0.000127553 -0.000123862 -0.000120251 -0.000116668 -0.000113057 -0.000109361 -9.56639e-05   -7.231e-05 -4.00421e-05
-0.000131374 -0.000127553 -0.000123862 -0.000120251 -0.000116668 -0.000113057 -0.000109361 -9.56639e-05   -7.231e-05 -4.00421e-05
-0.000131374 -0.000127553 -0.000123862 -0.000120251 -0.000116668 -0.000113057 -0.000109361 -9.56639e-05   -7.231e-05 -4.00421e-05
-0.000131374 -0.000127553 -0.000123862 -0.000120251 -0.000116668 -0.000113057 -0.000109361 -9.56639e-05   -7.231e-05 -4.00421e-05
-0.000131374 -0.000127553 -0.000123862 -0.000120251 -0.000116668 -0.000113057 -0.000109361 -9.56639e-05   -7.231e-05 -4.00421e-05
-0.000131374 -0.000127553 -0.000123862 -0.000120251 -0.000116668 -0.000113057 -0.000109361 -9.56639e-05   -7.231e-05 -4.00421e-05
-0.000131374 -0.000127553 -0.000123862 -0.000120251 -0.000116668 -0.000113057 -0.000109361 -9.56639e-05   -7.231e-05 -4.00421e-05
-0.000131374 -0.000127553 -0.000123862 -0.000120251 -0.000116668 -0.000113057 -0.000109361 -9.56639e-05   -7.231e-05 -4.00421e-05
-0.000131374 -0.000127553 -0.000123862 -0.000120251 -0.000116668 -0.000113057 -0.000109361 -9.56639e-05   -7.231e-05 -4.00421e-05
-0.000131374 -0.000127553 -0.000123862 -0.000120251 -0.000116668 -0.000113057 -0.000109361 -9.56639e-05   -7.231e-05 -4.00421e-05
-0.000131374 -0.000127553 -0.000123862 -0.000120251 -0.000116668 -0.000113057 -0.000109361 -9.56639e-05   -7.231e-05 -4.00421e-05
-0.000131374 -0.000127553 -0.000123862 -0.000120251 -0.000116668 -0.000113057 -0.000109361 -9.56639e-05   -7.231e-05 -4.00421e-05
-0.000131374 -0.000127553 -0.000123862 -0.000120251 -0.000116668 -0.000113057 -0.000109361 -9.56639e-05   -7.231e-05 -4.00421e-05
-0.000131374 -0.000127553 -0.000123862 -0.000120251 -0.000116668 -0.000113057 -0.000109361 -9.56639e-05   -7.231e-05 -4.00421e-05
-0.000131374 -0.000127553 -0.000123862 -0.000120251 -0.000116668 -0.000113057 -0.000109361 -9.56639e-05   -7.231e-05 -4.00421e-05
-0.000131374 -0.000127553 -0.000123862 -0.000120251 -0.000116668 -0.000113057 -0.000109361 -9.56639e-05   -7.231e-05 -4.00421e-05
-0.000131374 -0.000127553 -0.000123862 -0.000120251 -0.000116668 -0.000113057 -0.000109361 -9.56639e-05   -7.231e-05 -4.00421e-05
-0.000131374 -0.000127553 -0.000123862 -0.000120251 -0.000116668 -0.000113057 -0.000109361 -9.56639e-05   -7.231e-05 -4.00421e-05
-0.000131374 -0.000127553 -0.000123862 -0.000120251 -0.000116668 -0.000113057 -0.000109361 -9.56639e-05   -7.231e-05 -4.00421e-05
-0.000131374 -0.000127553 -0.000123862 -0.000120251 -0.000116668 -0.000113057 -0.000109361 -9.56639e-05   -7.231e-05 -4.00421e-05
