-0.102516 -0.102516 -0.102516 -0.102516 -0.102516 -0.102516 -0.102516 -0.102516 -0.102516 -0.102516
-0.102516 -0.102516 -0.102516 -0.102516 -0.102516 -0.102516 -0.102516 -0.102516 -0.102516 -0.102516
0 0 0 0 0 0 0 0 0 0
-0.102516 -0.102516 -0.102516 -0.102516 -0.102516 -0.102516 -0.102516 -0.102516 -0.102516 -0.102516
-0.102516 -0.102516 -0.102516 -0.102516 -0.102516 -0.102516 -0.102516 -0.102516 -0.102516 -0.102516
-0.102516 -0.102516 -0.102516 -0.102516 -0.102516 -0.102516 -0.102516 -0.102516 -0.102516 -0.102516
-0.102516 -0.102516 -0.102516 -0.102516 -0.102516 -0.102516 -0.102516 -0.102516 -0.102516 -0.102516
-0.102516 -0.102516 -0.102516 -0.102516 -0.102516 -0.102516 -0.102516 -0.102516 -0.102516 -0.102516
-0.102516 -0.102516 -0.102516 -0.102516 -0.102516 -0.102516 -0.102516 -0.102516 -0.102516 -0.102516
-0.102516 -0.102516 -0.102516 -0.102516 -0.102516 -0.102516 -0.102516 -0.102516 -0.102516 -0.102516
-0.102516 -0.102516 -0.102516 -0.102516 -0.102516 -0.102516 -0.102516 -0.102516 -0.102516 -0.102516
-0.102516 -0.102516 -0.102516 -0.102516 -0.102516 -0.102516 -0.102516 -0.102516 -0.102516 -0.102516
-0.102516 -0.102516 -0.102516 -0.102516 -0.102516 -0.102516 -0.102516 -0.102516 -0.102516 -0.102516
-0.102516 -0.102516 -0.102516 -0.102516 -0.102516 -0.102516 -0.102516 -0.102516 -0.102516 -0.102516
-0.102516 -0.102516 -0.102516 -0.102516 -0.102516 -0.102516 -0.102516 -0.102516 -0.102516 -0.102516
-0.102516 -0.102516 -0.102516 -0.102516 -0.102516 -0.102516 -0.102516 -0.102516 -0.102516 -0.102516
-0.102516 -0.102516 -0.102516 -0.102516 -0.102516 -0.102516 -0.102516 -0.102516 -0.102516 -0.102516
-0.102516 -0.102516 -0.102516 -0.102516 -0.102516 -0.102516 -0.102516 -0.102516 -0.102516 -0.102516
-0.102516 -0.102516 -0.102516 -0.102516 -0.102516 -0.102516 -0.102516 -0.102516 -0.102516 -0.102516
-0.102516 -0.102516 -0.102516 -0.102516 -0.102516 -0.102516 -0.102516 -0.102516 -0.102516 -0.102516
-0.102516 -0.102516 -0.102516 -0.102516 -0.102516 -0.102516 -0.102516 -0.102516 -0.102516 -0.102516
-0.102516 -0.102516 -0.102516 -0.102516 -0.102516 -0.102516 -0.102516 -0.102516 -0.102516 -0.102516
-0.102516 -0.102516 -0.102516 -0.102516 -0.102516 -0.102516 -0.102516 -0.102516 -0.102516 -0.102516
-0.102516 -0.102516 -0.102516 -0.102516 -0.102516 -0.102516 -0.102516 -0.102516 -0.102516 -0.102516
-0.102516 -0.102516 -0.102516 -0.102516 -0.102516 -0.102516 -0.102516 -0.102516 -0.102516 -0.102516
-0.102516 -0.102516 -0.102516 -0.102516 -0.102516 -0.102516 -0.102516 -0.102516 -0.102516 -0.102516
-0.102516 -0.102516 -0.102516 -0.102516 -0.102516 -0.102516 -0.102516 -0.102516 -0.102516 -0.102516
-0.102516 -0.102516 -0.102516 -0.102516 -0.102516 -0.102516 -0.102516 -0.102516 -0.102516 -0.102516
-0.102516 -0.102516 -0.102516 -0.102516 -0.102516 -0.102516 -0.102516 -0.102516 -0.102516 -0.102516
-0.102516 -0.102516 -0.102516 -0.102516 -0.102516 -0.102516 -0.102516 -0.102516 -0.102516 -0.102516
-0.102516 -0.102516 -0.102516 -0.102516 -0.102516 -0.102516 -0.102516 -0.102516 -0.102516 -0.102516
-0.102516 -0.102516 -0.102516 -0.102516 -0.102516 -0.102516 -0.102516 -0.102516 -0.102516 -0.102516
-0.102516 -0.102516 -0.102516 -0.102516 -0.102516 -0.102516 -0.102516 -0.102516 -0.102516 -0.102516
-0.102516 -0.102516 -0.102516 -0.102516 -0.102516 -0.102516 -0.102516 -0.102516 -0.102516 -0.102516
-0.102516 -0.102516 -0.102516 -0.102516 -0.102516 -0.102516 -0.102516 -0.102516 -0.102516 -0.102516
-0.102516 -0.102516 -0.102516 -0.102516 -0.102516 -0.102516 -0.102516 -0.102516 -0.102516 -0.102516
-0.102516 -0.102516 -0.102516 -0.102516 -0.102516 -0.102516 -0.102516 -0.102516 -0.102516 -0.102516
-0.102516 -0.102516 -0.102516 -0.102516 -0.102516 -0.102516 -0.102516 -0.102516 -0.102516 -0.102516
-0.102516 -0.102516 -0.102516 -0.102516 -0.102516 -0.102516 -0.102516 -0.102516 -0.102516 -0.102516
-0.102516 -0.102516 -0.102516 -0.102516 -0.102516 -0.102516 -0.102516 -0.102516 -0.102516 -0.102516
-0.102516 -0.102516 -0.102516 -0.102516 -0.102516 -0.102516 -0.102516 -0.102516 -0.102516 -0.102516
-0.102516 -0.102516 -0.102516 -0.102516 -0.102516 -0.102516 -0.102516 -0.102516 -0.102516 -0.102516
-0.102516 -0.102516 -0.102516 -0.102516 -0.102516 -0.102516 -0.102516 -0.102516 -0.102516 -0.102516
-0.102516 -0.102516 -0.102516 -0.102516 -0.102516 -0.102516 -0.102516 -0.102516 -0.102516 -0.102516
-0.102516 -0.102516 -0.102516 -0.102516 -0.102516 -0.102516 -0.102516 -0.102516 -0.102516 -0.102516
-0.102516 -0.102516 -0.102516 -0.102516 -0.102516 -0.102516 -0.102516 -0.102516 -0.102516 -0.102516
-0.102516 -0.102516 -0.102516 -0.102516 -0.102516 -0.102516 -0.102516 -0.102516 -0.102516 -0.102516
-0.102516 -0.102516 -0.102516 -0.102516 -0.102516 -0.102516 -0.102516 -0.102516 -0.102516 -0.102516
-0.102516 -0.102516 -0.102516 -0.102516 -0.102516 -0.102516 -0.102516 -0.102516 -0.102516 -0.102516
-0.102516 -0.102516 -0.102516 -0.102516 -0.102516 -0.102516 -0.102516 -0.102516 -0.102516 -0.102516
-0.102516 -0.102516 -0.102516 -0.102516 -0.102516 -0.102516 -0.102516 -0.102516 -0.102516 -0.102516
-0.102516 -0.102516 -0.102516 -0.102516 -0.102516 -0.102516 -0.102516 -0.102516 -0.102516 -0.102516
-0.102516 -0.102516 -0.102516 -0.102516 -0.102516 -0.102516 -0.102516 -0.102516 -0.102516 -0.102516
-0.102516 -0.102516 -0.102516 -0.102516 -0.102516 -0.102516 -0.102516 -0.102516 -0.102516 -0.102516
-0.102516 -0.102516 -0.102516 -0.102516 -0.102516 -0.102516 -0.102516 -0.102516 -0.102516 -0.102516
-0.102516 -0.102516 -0.102516 -0.102516 -0.102516 -0.102516 -0.102516 -0.102516 -0.102516 -0.102516
-0.102516 -0.102516 -0.102516 -0.102516 -0.102516 -0.102516 -0.102516 -0.102516 -0.102516 -0.102516
-0.102516 -0.102516 -0.102516 -0.102516 -0.102516 -0.102516 -0.102516 -0.102516 -0.102516 -0.102516
-0.102516 -0.102516 -0.102516 -0.102516 -0.102516 -0.102516 -0.102516 -0.102516 -0.102516 -0.102516
-0.102516 -0.102516 -0.102516 -0.102516 -0.102516 -0.102516 -0.102516 -0.102516 -0.102516 -0.102516
-0.102516 -0.102516 -0.102516 -0.102516 -0.102516 -0.102516 -0.102516 -0.102516 -0.102516 -0.102516
-0.102516 -0.102516 -0.102516 -0.102516 -0.102516 -0.102516 -0.102516 -0.102516 -0.102516 -0.102516
-0.102516 -0.102516 -0.102516 -0.102516 -0.102516 -0.102516 -0.102516 -0.102516 -0.102516 -0.102516
-0.102516 -0.102516 -0.102516 -0.102516 -0.102516 -0.102516 -0.102516 -0.102516 -0.102516 -0.102516
-0.102516 -0.102516 -0.102516 -0.102516 -0.102516 -0.102516 -0.102516 -0.102516 -0.102516 -0.102516
-0.102516 -0.102516 -0.102516 -0.102516 -0.102516 -0.102516 -0.102516 -0.102516 -0.102516 -0.102516
-0.102516 -0.102516 -0.102516 -0.102516 -0.102516 -0.102516 -0.102516 -0.102516 -0.102516 -0.102516
-0.102516 -0.102516 -0.102516 -0.102516 -0.102516 -0.102516 -0.102516 -0.102516 -0.102516 -0.102516
-0.102516 -0.102516 -0.102516 -0.102516 -0.102516 -0.102516 -0.102516 -0.102516 -0.102516 -0.102516
-0.102516 -0.102516 -0.102516 -0.102516 -0.102516 -0.102516 -0.102516 -0.102516 -0.102516 -0.102516
-0.102516 -0.102516 -0.102516 -0.102516 -0.102516 -0.102516 -0.102516 -0.102516 -0.102516 -0.102516
-0.102516 -0.102516 -0.102516 -0.102516 -0.102516 -0.102516 -0.102516 -0.102516 -0.102516 -0.102516
-0.102516 -0.102516 -0.102516 -0.102516 -0.102516 -0.102516 -0.102516 -0.102516 -0.102516 -0.102516
-0.102516 -0.102516 -0.102516 -0.102516 -0.102516 -0.102516 -0.102516 -0.102516 -0.102516 -0.102516
-0.102516 -0.102516 -0.102516 -0.102516 -0.102516 -0.102516 -0.102516 -0.102516 -0.102516 -0.102516
-0.102516 -0.102516 -0.102516 -0.102516 -0.102516 -0.102516 -0.102516 -0.102516 -0.102516 -0.102516
-0.102516 -0.102516 -0.102516 -0.102516 -0.102516 -0.102516 -0.102516 -0.102516 -0.102516 -0.102516
-0.102516 -0.102516 -0.102516 -0.102516 -0.102516 -0.102516 -0.102516 -0.102516 -0.102516 -0.102516
-0.102516 -0.102516 -0.102516 -0.102516 -0.102516 -0.102516 -0.102516 -0.102516 -0.102516 -0.102516
-0.102516 -0.102516 -0.102516 -0.102516 -0.102516 -0.102516 -0.102516 -0.102516 -0.102516 -0.102516
-0.102516 -0.102516 -0.102516 -0.102516 -0.102516 -0.102516 -0.102516 -0.102516 -0.102516 -0.102516
-0.102516 -0.102516 -0.102516 -0.102516 -0.102516 -0.102516 -0.102516 -0.102516 -0.102516 -0.102516
-0.102516 -0.102516 -0.102516 -0.102516 -0.102516 -0.102516 -0.102516 -0.102516 -0.102516 -0.102516
-0.102516 -0.102516 -0.102516 -0.102516 -0.102516 -0.102516 -0.102516 -0.102516 -0.102516 -0.102516
-0.102516 -0.102516 -0.102516 -0.102516 -0.102516 -0.102516 -0.102516 -0.102516 -0.102516 -0.102516
-0.102516 -0.102516 -0.102516 -0.102516 -0.102516 -0.102516 -0.102516 -0.102516 -0.102516 -0.102516
-0.102516 -0.102516 -0.102516 -0.102516 -0.102516 -0.102516 -0.102516 -0.102516 -0.102516 -0.102516
-0.102516 -0.102516 -0.102516 -0.102516 -0.102516 -0.102516 -0.102516 -0.102516 -0.102516 -0.102516
-0.102516 -0.102516 -0.102516 -0.102516 -0.102516 -0.102516 -0.102516 -0.102516 -0.102516 -0.102516
-0.102516 -0.102516 -0.102516 -0.102516 -0.102516 -0.102516 -0.102516 -0.102516 -0.102516 -0.102516
 -0.102516  -0.102516  -0.102516  -0.102516  -0.102516  -0.102516  -0.102516  -0.102516  -0.102516 -0.0897014
 -0.102516  -0.102516  -0.102516  -0.102516  -0.102516  -0.102516  -0.102516  -0.102516 -0.0897014 -0.0691983
 -0.102516  -0.102516  -0.102516  -0.102516  -0.102516  -0.102516  -0.102516 -0.0897014 -0.0691983 -0.0486951
 -0.102516  -0.102516  -0.102516  -0.102516  -0.102516  -0.102516 -0.0897014 -0.0691983 -0.0486951 -0.0281919
  -0.102516   -0.102516   -0.102516   -0.102516   -0.102516  -0.0897014  -0.0691983  -0.0486951  -0.0281919 -0.00768869
  -0.102516   -0.102516   -0.102516   -0.102516  -0.0897014  -0.0691983  -0.0486951  -0.0281919 -0.00768869           0
  -0.102516   -0.102516   -0.102516  -0.0897014  -0.0691983  -0.0486951  -0.0281919 -0.00768869           0           0
  -0.102516   -0.102516  -0.0897014  -0.0691983  -0.0486951  -0.0281919 -0.00768869           0           0           0
  -0.102516  -0.0897014  -0.0691983  -0.0486951  -0.0281919 -0.00768869           0           0           0           0
 -0.0897014  -0.0691983  -0.0486951  -0.0281919 -0.00768869           0           0           0           0           0
 -0.0691983  -0.0486951  -0.0281919 -0.00768869           0           0           0           0           0           0
 -0.0486951  -0.0281919 -0.00768869           0           0           0           0           0           0           0
 -0.0281919 -0.00768869           0           0           0           0           0           0           0           0
-0.00768869           0           0           0           0           0           0           0           0           0
0 0 0 0 0 0 0 0 0 0
0 0 0 0 0 0 0 0 0 0
0 0 0 0 0 0 0 0 0 0
0 0 0 0 0 0 0 0 0 0
0 0 0 0 0 0 0 0 0 0
0 0 0 0 0 0 0 0 0 0
0 0 0 0 0 0 0 0 0 0
0 0 0 0 0 0 0 0 0 0
0 0 0 0 0 0 0 0 0 0
0 0 0 0 0 0 0 0 0 0
0 0 0 0 0 0 0 0 0 0
0 0 0 0 0 0 0 0 0 0
0 0 0 0 0 0 0 0 0 0
0 0 0 0 0 0 0 0 0 0
0 0 0 0 0 0 0 0 0 0
0 0 0 0 0 0 0 0 0 0
0 0 0 0 0 0 0 0 0 0
0 0 0 0 0 0 0 0 0 0
0 0 0 0 0 0 0 0 0 0
0 0 0 0 0 0 0 0 0 0
0 0 0 0 0 0 0 0 0 0
         0          0          0          0          0          0          0          0          0 -0.0134375
         0          0          0          0          0          0          0          0 -0.0134375 -0.0349375
         0          0          0          0          0          0          0 -0.0134375 -0.0349375 -0.0564375
         0          0          0          0          0          0 -0.0134375 -0.0349375 -0.0564375 -0.0779375
         0          0          0          0          0 -0.0134375 -0.0349375 -0.0564375 -0.0779375 -0.0994375
         0          0          0          0 -0.0134375 -0.0349375 -0.0564375 -0.0779375 -0.0994375  -0.120937
         0          0          0 -0.0134375 -0.0349375 -0.0564375 -0.0779375 -0.0994375  -0.120937  -0.142437
         0          0 -0.0134375 -0.0349375 -0.0564375 -0.0779375 -0.0994375  -0.120937  -0.142437  -0.163937
         0 -0.0134375 -0.0349375 -0.0564375 -0.0779375 -0.0994375  -0.120937  -0.142437  -0.163937  -0.185437
-0.0134375 -0.0349375 -0.0564375 -0.0779375 -0.0994375  -0.120937  -0.142437  -0.163937  -0.185437  -0.206937
-0.0349375 -0.0564375 -0.0779375 -0.0994375  -0.120937  -0.142437  -0.163937  -0.185437  -0.206937     -0.215
-0.0564375 -0.0779375 -0.0994375  -0.120937  -0.142437  -0.163937  -0.185437  -0.206937     -0.215     -0.215
-0.0779375 -0.0994375  -0.120937  -0.142437  -0.163937  -0.185437  -0.206937     -0.215     -0.215     -0.215
-0.0994375  -0.120937  -0.142437  -0.163937  -0.185437  -0.206937     -0.215     -0.215     -0.215     -0.215
0.0940625 0.0725625 0.0510625 0.0295625 0.0080625         0         0         0         0         0
0.0725625 0.0510625 0.0295625 0.0080625         0         0         0         0         0         0
0.0510625 0.0295625 0.0080625         0         0         0         0         0         0         0
0.0295625 0.0080625         0         0         0         0         0         0         0         0
0.0080625         0         0         0         0         0         0         0         0         0
0 0 0 0 0 0 0 0 0 0
0 0 0 0 0 0 0 0 0 0
0 0 0 0 0 0 0 0 0 0
0 0 0 0 0 0 0 0 0 0
0 0 0 0 0 0 0 0 0 0
0 0 0 0 0 0 0 0 0 0
0 0 0 0 0 0 0 0 0 0
0 0 0 0 0 0 0 0 0 0
0 0 0 0 0 0 0 0 0 0
0 0 0 0 0 0 0 0 0 0
0 0 0 0 0 0 0 0 0 0
0 0 0 0 0 0 0 0 0 0
0 0 0 0 0 0 0 0 0 0
0 0 0 0 0 0 0 0 0 0
0 0 0 0 0 0 0 0 0 0
0 0 0 0 0 0 0 0 0 0
0 0 0 0 0 0 0 0 0 0
0 0 0 0 0 0 0 0 0 0
0 0 0 0 0 0 0 0 0 0
0 0 0 0 0 0 0 0 0 0
0 0 0 0 0 0 0 0 0 0
        0         0         0         0         0         0         0         0         0 0.0146875
        0         0         0         0         0         0         0         0 0.0146875 0.0381875
        0         0         0         0         0         0         0 0.0146875 0.0381875 0.0616875
        0         0         0         0         0         0 0.0146875 0.0381875 0.0616875 0.0851875
        0         0         0         0         0 0.0146875 0.0381875 0.0616875 0.0851875  0.108687
        0         0         0         0 0.0146875 0.0381875 0.0616875 0.0851875  0.108687  0.132188
        0         0         0 0.0146875 0.0381875 0.0616875 0.0851875  0.108687  0.132188  0.155687
        0         0 0.0146875 0.0381875 0.0616875 0.0851875  0.108687  0.132188  0.155687  0.179187
        0 0.0146875 0.0381875 0.0616875 0.0851875  0.108687  0.132188  0.155687  0.179187  0.202687
0.0146875 0.0381875 0.0616875 0.0851875  0.108687  0.132188  0.155687  0.179187  0.202687  0.226187
0.0381875 0.0616875 0.0851875  0.108687  0.132188  0.155687  0.179187  0.202687  0.226187     0.235
0.0616875 0.0851875  0.108687  0.132188  0.155687  0.179187  0.202687  0.226187     0.235     0.235
0.0851875  0.108687  0.132188  0.155687  0.179187  0.202687  0.226187     0.235     0.235     0.235
0.108687 0.132188 0.155687 0.179187 0.202687 0.226187    0.235    0.235    0.235    0.235
 -0.102813 -0.0793125 -0.0558125 -0.0323125 -0.0088125          0          0          0          0          0
-0.0793125 -0.0558125 -0.0323125 -0.0088125          0          0          0          0          0          0
-0.0558125 -0.0323125 -0.0088125          0          0          0          0          0          0          0
-0.0323125 -0.0088125          0          0          0          0          0          0          0          0
-0.0088125          0          0          0          0          0          0          0          0          0
0 0 0 0 0 0 0 0 0 0
0 0 0 0 0 0 0 0 0 0
0 0 0 0 0 0 0 0 0 0
0 0 0 0 0 0 0 0 0 0
0 0 0 0 0 0 0 0 0 0
0 0 0 0 0 0 0 0 0 0
0 0 0 0 0 0 0 0 0 0
0 0 0 0 0 0 0 0 0 0
0 0 0 0 0 0 0 0 0 0
0 0 0 0 0 0 0 0 0 0
0 0 0 0 0 0 0 0 0 0
0 0 0 0 0 0 0 0 0 0
0 0 0 0 0 0 0 0 0 0
0 0 0 0 0 0 0 0 0 0
0 0 0 0 0 0 0 0 0 0
0 0 0 0 0 0 0 0 0 0
0 0 0 0 0 0 0 0 0 0
0 0 0 0 0 0 0 0 0 0
0 0 0 0 0 0 0 0 0 0
0 0 0 0 0 0 0 0 0 0
0 0 0 0 0 0 0 0 0 0
         0          0          0          0          0          0          0          0          0 -0.0153125
         0          0          0          0          0          0          0          0 -0.0153125 -0.0398125
         0          0          0          0          0          0          0 -0.0153125 -0.0398125 -0.0643125
         0          0          0          0          0          0 -0.0153125 -0.0398125 -0.0643125 -0.0888125
         0          0          0          0          0 -0.0153125 -0.0398125 -0.0643125 -0.0888125  -0.113312
         0          0          0          0 -0.0153125 -0.0398125 -0.0643125 -0.0888125  -0.113312  -0.137813
         0          0          0 -0.0153125 -0.0398125 -0.0643125 -0.0888125  -0.113312  -0.137813  -0.162312
         0          0 -0.0153125 -0.0398125 -0.0643125 -0.0888125  -0.113312  -0.137813  -0.162312  -0.186812
         0 -0.0153125 -0.0398125 -0.0643125 -0.0888125  -0.113312  -0.137813  -0.162312  -0.186812  -0.211312
-0.0153125 -0.0398125 -0.0643125 -0.0888125  -0.113312  -0.137813  -0.162312  -0.186812  -0.211312  -0.235813
-0.0398125 -0.0643125 -0.0888125  -0.113312  -0.137813  -0.162312  -0.186812  -0.211312  -0.235813     -0.245
-0.0643125 -0.0888125  -0.113312  -0.137813  -0.162312  -0.186812  -0.211312  -0.235813     -0.245     -0.245
-0.0888125  -0.113312  -0.137813  -0.162312  -0.186812  -0.211312  -0.235813     -0.245     -0.245     -0.245
-0.113312 -0.137813 -0.162312 -0.186812 -0.211312 -0.235813    -0.245    -0.245    -0.245    -0.245
 0.107187 0.0826875 0.0581875 0.0336875 0.0091875         0         0         0         0         0
0.0826875 0.0581875 0.0336875 0.0091875         0         0         0         0         0         0
0.0581875 0.0336875 0.0091875         0         0         0         0         0         0         0
0.0336875 0.0091875         0         0         0         0         0         0         0         0
0.0091875         0         0         0         0         0         0         0         0         0
0 0 0 0 0 0 0 0 0 0
0 0 0 0 0 0 0 0 0 0
0 0 0 0 0 0 0 0 0 0
0 0 0 0 0 0 0 0 0 0
0 0 0 0 0 0 0 0 0 0
0 0 0 0 0 0 0 0 0 0
0 0 0 0 0 0 0 0 0 0
0 0 0 0 0 0 0 0 0 0
0 0 0 0 0 0 0 0 0 0
0 0 0 0 0 0 0 0 0 0
0 0 0 0 0 0 0 0 0 0
0 0 0 0 0 0 0 0 0 0
0 0 0 0 0 0 0 0 0 0
0 0 0 0 0 0 0 0 0 0
0 0 0 0 0 0 0 0 0 0
0 0 0 0 0 0 0 0 0 0
0 0 0 0 0 0 0 0 0 0
0 0 0 0 0 0 0 0 0 0
0 0 0 0 0 0 0 0 0 0
0 0 0 0 0 0 0 0 0 0
0 0 0 0 0 0 0 0 0 0
        0         0         0         0         0         0         0         0         0 0.0153125
        0         0         0         0         0         0         0         0 0.0153125 0.0398125
        0         0         0         0         0         0         0 0.0153125 0.0398125 0.0643125
        0         0         0         0         0         0 0.0153125 0.0398125 0.0643125 0.0888125
        0         0         0         0         0 0.0153125 0.0398125 0.0643125 0.0888125  0.113312
        0         0         0         0 0.0153125 0.0398125 0.0643125 0.0888125  0.113312  0.137813
        0         0         0 0.0153125 0.0398125 0.0643125 0.0888125  0.113312  0.137813  0.162312
        0         0 0.0153125 0.0398125 0.0643125 0.0888125  0.113312  0.137813  0.162312  0.186812
        0 0.0153125 0.0398125 0.0643125 0.0888125  0.113312  0.137813  0.162312  0.186812  0.211312
0.0153125 0.0398125 0.0643125 0.0888125  0.113312  0.137813  0.162312  0.186812  0.211312  0.235813
0.0398125 0.0643125 0.0888125  0.113312  0.137813  0.162312  0.186812  0.211312  0.235813     0.245
0.0643125 0.0888125  0.113312  0.137813  0.162312  0.186812  0.211312  0.235813     0.245     0.245
0.0888125  0.113312  0.137813  0.162312  0.186812  0.211312  0.235813     0.245     0.245     0.245
0.113312 0.137813 0.162312 0.186812 0.211312 0.235813    0.245    0.245    0.245    0.245
 -0.107187 -0.0826875 -0.0581875 -0.0336875 -0.0091875          0          0          0          0          0
-0.0826875 -0.0581875 -0.0336875 -0.0091875          0          0          0          0          0          0
-0.0581875 -0.0336875 -0.0091875          0          0          0          0          0          0          0
-0.0336875 -0.0091875          0          0          0          0          0          0          0          0
-0.0091875          0          0          0          0          0          0          0          0          0
0 0 0 0 0 0 0 0 0 0
0 0 0 0 0 0 0 0 0 0
0 0 0 0 0 0 0 0 0 0
0 0 0 0 0 0 0 0 0 0
0 0 0 0 0 0 0 0 0 0
0 0 0 0 0 0 0 0 0 0
0 0 0 0 0 0 0 0 0 0
0 0 0 0 0 0 0 0 0 0
0 0 0 0 0 0 0 0 0 0
0 0 0 0 0 0 0 0 0 0
0 0 0 0 0 0 0 0 0 0
0 0 0 0 0 0 0 0 0 0
0 0 0 0 0 0 0 0 0 0
0 0 0 0 0 0 0 0 0 0
0 0 0 0 0 0 0 0 0 0
0 0 0 0 0 0 0 0 0 0
0 0 0 0 0 0 0 0 0 0
0 0 0 0 0 0 0 0 0 0
0 0 0 0 0 0 0 0 0 0
0 0 0 0 0 0 0 0 0 0
0 0 0 0 0 0 0 0 0 0
         0          0          0          0          0          0          0          0          0 -0.0153125
         0          0          0          0          0          0          0          0 -0.0153125 -0.0398125
         0          0          0          0          0          0          0 -0.0153125 -0.0398125 -0.0643125
         0          0          0          0          0          0 -0.0153125 -0.0398125 -0.0643125 -0.0888125
         0          0          0          0          0 -0.0153125 -0.0398125 -0.0643125 -0.0888125  -0.113312
         0          0          0          0 -0.0153125 -0.0398125 -0.0643125 -0.0888125  -0.113312  -0.137813
         0          0          0 -0.0153125 -0.0398125 -0.0643125 -0.0888125  -0.113312  -0.137813  -0.162312
         0          0 -0.0153125 -0.0398125 -0.0643125 -0.0888125  -0.113312  -0.137813  -0.162312  -0.186812
         0 -0.0153125 -0.0398125 -0.0643125 -0.0888125  -0.113312  -0.137813  -0.162312  -0.186812  -0.211312
-0.0153125 -0.0398125 -0.0643125 -0.0888125  -0.113312  -0.137813  -0.162312  -0.186812  -0.211312  -0.235813
-0.0398125 -0.0643125 -0.0888125  -0.113312  -0.137813  -0.162312  -0.186812  -0.211312  -0.235813     -0.245
-0.0643125 -0.0888125  -0.113312  -0.137813  -0.162312  -0.186812  -0.211312  -0.235813     -0.245     -0.245
-0.0888125  -0.113312  -0.137813  -0.162312  -0.186812  -0.211312  -0.235813     -0.245     -0.245     -0.245
-0.113312 -0.137813 -0.162312 -0.186812 -0.211312 -0.235813    -0.245    -0.245    -0.245    -0.245
 0.107187 0.0826875 0.0581875 0.0336875 0.0091875         0         0         0         0         0
0.0826875 0.0581875 0.0336875 0.0091875         0         0         0         0         0         0
0.0581875 0.0336875 0.0091875         0         0         0         0         0         0         0
0.0336875 0.0091875         0         0         0         0         0         0         0         0
0.0091875         0         0         0         0         0         0         0         0         0
0 0 0 0 0 0 0 0 0 0
0 0 0 0 0 0 0 0 0 0
0 0 0 0 0 0 0 0 0 0
0 0 0 0 0 0 0 0 0 0
0 0 0 0 0 0 0 0 0 0
0 0 0 0 0 0 0 0 0 0
0 0 0 0 0 0 0 0 0 0
0 0 0 0 0 0 0 0 0 0
0 0 0 0 0 0 0 0 0 0
0 0 0 0 0 0 0 0 0 0
0 0 0 0 0 0 0 0 0 0
0 0 0 0 0 0 0 0 0 0
0 0 0 0 0 0 0 0 0 0
0 0 0 0 0 0 0 0 0 0
0 0 0 0 0 0 0 0 0 0
0 0 0 0 0 0 0 0 0 0
0 0 0 0 0 0 0 0 0 0
0 0 0 0 0 0 0 0 0 0
0 0 0 0 0 0 0 0 0 0
0 0 0 0 0 0 0 0 0 0
0 0 0 0 0 0 0 0 0 0
        0         0         0         0         0         0         0         0         0 0.0153125
        0         0         0         0         0         0         0         0 0.0153125 0.0398125
        0         0         0         0         0         0         0 0.0153125 0.0398125 0.0643125
        0         0         0         0         0         0 0.0153125 0.0398125 0.0643125 0.0888125
        0         0         0         0         0 0.0153125 0.0398125 0.0643125 0.0888125  0.113312
        0         0         0         0 0.0153125 0.0398125 0.0643125 0.0888125  0.113312  0.137813
        0         0         0 0.0153125 0.0398125 0.0643125 0.0888125  0.113312  0.137813  0.162312
        0         0 0.0153125 0.0398125 0.0643125 0.0888125  0.113312  0.137813  0.162312  0.186812
        0 0.0153125 0.0398125 0.0643125 0.0888125  0.113312  0.137813  0.162312  0.186812  0.211312
0.0153125 0.0398125 0.0643125 0.0888125  0.113312  0.137813  0.162312  0.186812  0.211312  0.235813
0.0398125 0.0643125 0.0888125  0.113312  0.137813  0.162312  0.186812  0.211312  0.235813     0.245
0.0643125 0.0888125  0.113312  0.137813  0.162312  0.186812  0.211312  0.235813     0.245     0.245
0.0888125  0.113312  0.137813  0.162312  0.186812  0.211312  0.235813     0.245     0.245     0.245
0.113312 0.137813 0.162312 0.186812 0.211312 0.235813    0.245    0.245    0.245    0.245
 -0.107187 -0.0826875 -0.0581875 -0.0336875 -0.0091875          0          0          0          0          0
-0.0826875 -0.0581875 -0.0336875 -0.0091875          0          0          0          0          0          0
-0.0581875 -0.0336875 -0.0091875          0          0          0          0          0          0          0
-0.0336875 -0.0091875          0          0          0          0          0          0          0          0
-0.0091875          0          0          0          0          0          0          0          0          0
0 0 0 0 0 0 0 0 0 0
0 0 0 0 0 0 0 0 0 0
0 0 0 0 0 0 0 0 0 0
0 0 0 0 0 0 0 0 0 0
0 0 0 0 0 0 0 0 0 0
0 0 0 0 0 0 0 0 0 0
0 0 0 0 0 0 0 0 0 0
0 0 0 0 0 0 0 0 0 0
0 0 0 0 0 0 0 0 0 0
0 0 0 0 0 0 0 0 0 0
0 0 0 0 0 0 0 0 0 0
0 0 0 0 0 0 0 0 0 0
0 0 0 0 0 0 0 0 0 0
0 0 0 0 0 0 0 0 0 0
0 0 0 0 0 0 0 0 0 0
0 0 0 0 0 0 0 0 0 0
0 0 0 0 0 0 0 0 0 0
0 0 0 0 0 0 0 0 0 0
0 0 0 0 0 0 0 0 0 0
0 0 0 0 0 0 0 0 0 0
0 0 0 0 0 0 0 0 0 0
         0          0          0          0          0          0          0          0          0 -0.0153125
         0          0          0          0          0          0          0          0 -0.0153125 -0.0398125
         0          0          0          0          0          0          0 -0.0153125 -0.0398125 -0.0643125
         0          0          0          0          0          0 -0.0153125 -0.0398125 -0.0643125 -0.0888125
         0          0          0          0          0 -0.0153125 -0.0398125 -0.0643125 -0.0888125  -0.113312
         0          0          0          0 -0.0153125 -0.0398125 -0.0643125 -0.0888125  -0.113312  -0.137813
         0          0          0 -0.0153125 -0.0398125 -0.0643125 -0.0888125  -0.113312  -0.137813  -0.162312
         0          0 -0.0153125 -0.0398125 -0.0643125 -0.0888125  -0.113312  -0.137813  -0.162312  -0.186812
         0 -0.0153125 -0.0398125 -0.0643125 -0.0888125  -0.113312  -0.137813  -0.162312  -0.186812  -0.211312
-0.0153125 -0.0398125 -0.0643125 -0.0888125  -0.113312  -0.137813  -0.162312  -0.186812  -0.211312  -0.235813
-0.0398125 -0.0643125 -0.0888125  -0.113312  -0.137813  -0.162312  -0.186812  -0.211312  -0.235813     -0.245
-0.0643125 -0.0888125  -0.113312  -0.137813  -0.162312  -0.186812  -0.211312  -0.235813     -0.245     -0.245
-0.0888125  -0.113312  -0.137813  -0.162312  -0.186812  -0.211312  -0.235813     -0.245     -0.245     -0.245
-0.113312 -0.137813 -0.162312 -0.186812 -0.211312 -0.235813    -0.245    -0.245    -0.245    -0.245
 0.107187 0.0826875 0.0581875 0.0336875 0.0091875         0         0         0         0         0
0.0826875 0.0581875 0.0336875 0.0091875         0         0         0         0         0         0
0.0581875 0.0336875 0.0091875         0         0         0         0         0         0         0
0.0336875 0.0091875         0         0         0         0         0         0         0         0
0.0091875         0         0         0         0         0         0         0         0         0
0 0 0 0 0 0 0 0 0 0
0 0 0 0 0 0 0 0 0 0
0 0 0 0 0 0 0 0 0 0
0 0 0 0 0 0 0 0 0 0
0 0 0 0 0 0 0 0 0 0
0 0 0 0 0 0 0 0 0 0
0 0 0 0 0 0 0 0 0 0
0 0 0 0 0 0 0 0 0 0
0 0 0 0 0 0 0 0 0 0
0 0 0 0 0 0 0 0 0 0
0 0 0 0 0 0 0 0 0 0
0 0 0 0 0 0 0 0 0 0
0 0 0 0 0 0 0 0 0 0
0 0 0 0 0 0 0 0 0 0
0 0 0 0 0 0 0 0 0 0
0 0 0 0 0 0 0 0 0 0
0 0 0 0 0 0 0 0 0 0
0 0 0 0 0 0 0 0 0 0
0 0 0 0 0 0 0 0 0 0
0 0 0 0 0 0 0 0 0 0
0 0 0 0 0 0 0 0 0 0
        0         0         0         0         0         0         0         0         0 0.0153125
        0         0         0         0         0         0         0         0 0.0153125 0.0398125
        0         0         0         0         0         0         0 0.0153125 0.0398125 0.0643125
        0         0         0         0         0         0 0.0153125 0.0398125 0.0643125 0.0888125
        0         0         0         0         0 0.0153125 0.0398125 0.0643125 0.0888125  0.113312
        0         0         0         0 0.0153125 0.0398125 0.0643125 0.0888125  0.113312  0.121887
        0         0         0 0.0153125 0.0398125 0.0643125 0.0888125  0.113312  0.121887  0.121887
        0         0 0.0153125 0.0398125 0.0643125 0.0888125  0.113312  0.121887  0.121887  0.121887
        0 0.0153125 0.0398125 0.0643125 0.0888125  0.113312  0.121887  0.121887  0.121887  0.121887
0.0153125 0.0398125 0.0643125 0.0888125  0.113312  0.121887  0.121887  0.121887  0.121887  0.121887
0.0398125 0.0643125 0.0888125  0.113312  0.121887  0.121887  0.121887  0.121887  0.121887  0.121887
0.0643125 0.0888125  0.113312  0.121887  0.121887  0.121887  0.121887  0.121887  0.121887  0.121887
0.0888125  0.113312  0.121887  0.121887  0.121887  0.121887  0.121887  0.121887  0.121887  0.121887
0.113312 0.121887 0.121887 0.121887 0.121887 0.121887 0.121887 0.121887 0.121887 0.121887
0.121887 0.121887 0.121887 0.121887 0.121887 0.121887 0.121887 0.121887 0.121887 0.121887
0.121887 0.121887 0.121887 0.121887 0.121887 0.121887 0.121887 0.121887 0.121887 0.121887
0.121887 0.121887 0.121887 0.121887 0.121887 0.121887 0.121887 0.121887 0.121887 0.121887
0.121887 0.121887 0.121887 0.121887 0.121887 0.121887 0.121887 0.121887 0.121887 0.121887
0.121887 0.121887 0.121887 0.121887 0.121887 0.121887 0.121887 0.121887 0.121887 0.121887
0.121887 0.121887 0.121887 0.121887 0.121887 0.121887 0.121887 0.121887 0.121887 0.121887
0.121887 0.121887 0.121887 0.121887 0.121887 0.121887 0.121887 0.121887 0.121887 0.121887
0.121887 0.121887 0.121887 0.121887 0.121887 0.121887 0.121887 0.121887 0.121887 0.121887
0.121887 0.121887 0.121887 0.121887 0.121887 0.121887 0.121887 0.121887 0.121887 0.121887
0.121887 0.121887 0.121887 0.121887 0.121887 0.121887 0.121887 0.121887 0.121887 0.121887
0.121887 0.121887 0.121887 0.121887 0.121887 0.121887 0.121887 0.121887 0.121887 0.121887
0.121887 0.121887 0.121887 0.121887 0.121887 0.121887 0.121887 0.121887 0.121887 0.121887
0.121887 0.121887 0.121887 0.121887 0.121887 0.121887 0.121887 0.121887 0.121887 0.121887
0.121887 0.121887 0.121887 0.121887 0.121887 0.121887 0.121887 0.121887 0.121887 0.121887
0.121887 0.121887 0.121887 0.121887 0.121887 0.121887 0.121887 0.121887 0.121887 0.121887
0.121887 0.121887 0.121887 0.121887 0.121887 0.121887 0.121887 0.121887 0.121887 0.121887
0.121887 0.121887 0.121887 0.121887 0.121887 0.121887 0.121887 0.121887 0.121887 0.121887
0.121887 0.121887 0.121887 0.121887 0.121887 0.121887 0.121887 0.121887 0.121887 0.121887
0.121887 0.121887 0.121887 0.121887 0.121887 0.121887 0.121887 0.121887 0.121887 0.121887
0.121887 0.121887 0.121887 0.121887 0.121887 0.121887 0.121887 0.121887 0.121887 0.121887
0.121887 0.121887 0.121887 0.121887 0.121887 0.121887 0.121887 0.121887 0.121887 0.121887
0.121887 0.121887 0.121887 0.121887 0.121887 0.121887 0.121887 0.121887 0.121887 0.121887
0.121887 0.121887 0.121887 0.121887 0.121887 0.121887 0.121887 0.121887 0.121887 0.121887
0.121887 0.121887 0.121887 0.121887 0.121887 0.121887 0.121887 0.121887 0.121887 0.121887
0.121887 0.121887 0.121887 0.121887 0.121887 0.121887 0.121887 0.121887 0.121887 0.121887
0.121887 0.121887 0.121887 0.121887 0.121887 0.121887 0.121887 0.121887 0.121887 0.121887
0.121887 0.121887 0.121887 0.121887 0.121887 0.121887 0.121887 0.121887 0.121887 0.121887
0.121887 0.121887 0.121887 0.121887 0.121887 0.121887 0.121887 0.121887 0.121887 0.121887
0.121887 0.121887 0.121887 0.121887 0.121887 0.121887 0.121887 0.121887 0.121887 0.121887
0.121887 0.121887 0.121887 0.121887 0.121887 0.121887 0.121887 0.121887 0.121887 0.121887
0.121887 0.121887 0.121887 0.121887 0.121887 0.121887 0.121887 0.121887 0.121887 0.121887
0.121887 0.121887 0.121887 0.121887 0.121887 0.121887 0.121887 0.121887 0.121887 0.121887
0.121887 0.121887 0.121887 0.121887 0.121887 0.121887 0.121887 0.121887 0.121887 0.121887
0.121887 0.121887 0.121887 0.121887 0.121887 0.121887 0.121887 0.121887 0.121887 0.121887
0.121887 0.121887 0.121887 0.121887 0.121887 0.121887 0.121887 0.121887 0.121887 0.121887
0.121887 0.121887 0.121887 0.121887 0.121887 0.121887 0.121887 0.121887 0.121887 0.121887
0.121887 0.121887 0.121887 0.121887 0.121887 0.121887 0.121887 0.121887 0.121887 0.121887
0.121887 0.121887 0.121887 0.121887 0.121887 0.121887 0.121887 0.121887 0.121887 0.121887
0.121887 0.121887 0.121887 0.121887 0.121887 0.121887 0.121887 0.121887 0.121887 0.121887
0.121887 0.121887 0.121887 0.121887 0.121887 0.121887 0.121887 0.121887 0.121887 0.121887
0.121887 0.121887 0.121887 0.121887 0.121887 0.121887 0.121887 0.121887 0.121887 0.121887
0.121887 0.121887 0.121887 0.121887 0.121887 0.121887 0.121887 0.121887 0.121887 0.121887
0.121887 0.121887 0.121887 0.121887 0.121887 0.121887 0.121887 0.121887 0.121887 0.121887
0.121887 0.121887 0.121887 0.121887 0.121887 0.121887 0.121887 0.121887 0.121887 0.121887
0.121887 0.121887 0.121887 0.121887 0.121887 0.121887 0.121887 0.121887 0.121887 0.121887
0.121887 0.121887 0.121887 0.121887 0.121887 0.121887 0.121887 0.121887 0.121887 0.121887
0.121887 0.121887 0.121887 0.121887 0.121887 0.121887 0.121887 0.121887 0.121887 0.121887
0.121887 0.121887 0.121887 0.121887 0.121887 0.121887 0.121887 0.121887 0.121887 0.121887
0.121887 0.121887 0.121887 0.121887 0.121887 0.121887 0.121887 0.121887 0.121887 0.121887
0.121887 0.121887 0.121887 0.121887 0.121887 0.121887 0.121887 0.121887 0.121887 0.121887
0.121887 0.121887 0.121887 0.121887 0.121887 0.121887 0.121887 0.121887 0.121887 0.121887
0.121887 0.121887 0.121887 0.121887 0.121887 0.121887 0.121887 0.121887 0.121887 0.121887
0.121887 0.121887 0.121887 0.121887 0.121887 0.121887 0.121887 0.121887 0.121887 0.121887
0.121887 0.121887 0.121887 0.121887 0.121887 0.121887 0.121887 0.121887 0.121887 0.121887
0.121887 0.121887 0.121887 0.121887 0.121887 0.121887 0.121887 0.121887 0.121887 0.121887
0.121887 0.121887 0.121887 0.121887 0.121887 0.121887 0.121887 0.121887 0.121887 0.121887
0.121887 0.121887 0.121887 0.121887 0.121887 0.121887 0.121887 0.121887 0.121887 0.121887
0.121887 0.121887 0.121887 0.121887 0.121887 0.121887 0.121887 0.121887 0.121887 0.121887
0.121887 0.121887 0.121887 0.121887 0.121887 0.121887 0.121887 0.121887 0.121887 0.121887
0.121887 0.121887 0.121887 0.121887 0.121887 0.121887 0.121887 0.121887 0.121887 0.121887
0.121887 0.121887 0.121887 0.121887 0.121887 0.121887 0.121887 0.121887 0.121887 0.121887
0.121887 0.121887 0.121887 0.121887 0.121887 0.121887 0.121887 0.121887 0.121887 0.121887
0.121887 0.121887 0.121887 0.121887 0.121887 0.121887 0.121887 0.121887 0.121887 0.121887
0.121887 0.121887 0.121887 0.121887 0.121887 0.121887 0.121887 0.121887 0.121887 0.121887
0.121887 0.121887 0.121887 0.121887 0.121887 0.121887 0.121887 0.121887 0.121887 0.121887
0.121887 0.121887 0.121887 0.121887 0.121887 0.121887 0.121887 0.121887 0.121887 0.121887
0.121887 0.121887 0.121887 0.121887 0.121887 0.121887 0.121887 0.121887 0.121887 0.121887
0.121887 0.121887 0.121887 0.121887 0.121887 0.121887 0.121887 0.121887 0.121887 0.121887
0.121887 0.121887 0.121887 0.121887 0.121887 0.121887 0.121887 0.121887 0.121887 0.121887
0.121887 0.121887 0.121887 0.121887 0.121887 0.121887 0.121887 0.121887 0.121887 0.121887
0.121887 0.121887 0.121887 0.121887 0.121887 0.121887 0.121887 0.121887 0.121887 0.121887
0.121887 0.121887 0.121887 0.121887 0.121887 0.121887 0.121887 0.121887 0.121887 0.121887
0.121887 0.121887 0.121887 0.121887 0.121887 0.121887 0.121887 0.121887 0.121887 0.121887
0.121887 0.121887 0.121887 0.121887 0.121887 0.121887 0.121887 0.121887 0.121887 0.121887
0.121887 0.121887 0.121887 0.121887 0.121887 0.121887 0.121887 0.121887 0.121887 0.121887
0.121887 0.121887 0.121887 0.121887 0.121887 0.121887 0.121887 0.121887 0.121887 0.121887
0.121887 0.121887 0.121887 0.121887 0.121887 0.121887 0.121887 0.121887 0.121887 0.121887
0.121887 0.121887 0.121887 0.121887 0.121887 0.121887 0.121887 0.121887 0.121887 0.121887
0.121887 0.121887 0.121887 0.121887 0.121887 0.121887 0.121887 0.121887 0.121887 0.121887
0.121887 0.121887 0.121887 0.121887 0.121887 0.121887 0.121887 0.121887 0.121887 0.121887
0.121887 0.121887 0.121887 0.121887 0.121887 0.121887 0.121887 0.121887 0.121887 0.121887
0.121887 0.121887 0.121887 0.121887 0.121887 0.121887 0.121887 0.121887 0.121887 0.121887
0.121887 0.121887 0.121887 0.121887 0.121887 0.121887 0.121887 0.121887 0.121887 0.121887
0.121887 0.121887 0.121887 0.121887 0.121887 0.121887 0.121887 0.121887 0.121887 0.121887
0.121887 0.121887 0.121887 0.121887 0.121887 0.121887 0.121887 0.121887 0.121887 0.121887
0.121887 0.121887 0.121887 0.121887 0.121887 0.121887 0.121887 0.121887 0.121887 0.121887
0.121887 0.121887 0.121887 0.121887 0.121887 0.121887 0.121887 0.121887 0.121887 0.121887
0.121887 0.121887 0.121887 0.121887 0.121887 0.121887 0.121887 0.121887 0.121887 0.121887
0.121887 0.121887 0.121887 0.121887 0.121887 0.121887 0.121887 0.121887 0.121887 0.121887
0.121887 0.121887 0.121887 0.121887 0.121887 0.121887 0.121887 0.121887 0.121887 0.121887
0.121887 0.121887 0.121887 0.121887 0.121887 0.121887 0.121887 0.121887 0.121887 0.121887
0.121887 0.121887 0.121887 0.121887 0.121887 0.121887 0.121887 0.121887 0.121887 0.121887
0.121887 0.121887 0.121887 0.121887 0.121887 0.121887 0.121887 0.121887 0.121887 0.121887
0.121887 0.121887 0.121887 0.121887 0.121887 0.121887 0.121887 0.121887 0.121887 0.121887
0.121887 0.121887 0.121887 0.121887 0.121887 0.121887 0.121887 0.121887 0.121887 0.121887
0.121887 0.121887 0.121887 0.121887 0.121887 0.121887 0.121887 0.121887 0.121887 0.121887
0.121887 0.121887 0.121887 0.121887 0.121887 0.121887 0.121887 0.121887 0.121887 0.121887
0.121887 0.121887 0.121887 0.121887 0.121887 0.121887 0.121887 0.121887 0.121887 0.121887
0.121887 0.121887 0.121887 0.121887 0.121887 0.121887 0.121887 0.121887 0.121887 0.121887
0.121887 0.121887 0.121887 0.121887 0.121887 0.121887 0.121887 0.121887 0.121887 0.121887
0.121887 0.121887 0.121887 0.121887 0.121887 0.121887 0.121887 0.121887 0.121887 0.121887
0.121887 0.121887 0.121887 0.121887 0.121887 0.121887 0.121887 0.121887 0.121887 0.121887
0.121887 0.121887 0.121887 0.121887 0.121887 0.121887 0.121887 0.121887 0.121887 0.121887
0.121887 0.121887 0.121887 0.121887 0.121887 0.121887 0.121887 0.121887 0.121887 0.121887
0.121887 0.121887 0.121887 0.121887 0.121887 0.121887 0.121887 0.121887 0.121887 0.121887
0.121887 0.121887 0.121887 0.121887 0.121887 0.121887 0.121887 0.121887 0.121887 0.121887
0.121887 0.121887 0.121887 0.121887 0.121887 0.121887 0.121887 0.121887 0.121887 0.121887
0.121887 0.121887 0.121887 0.121887 0.121887 0.121887 0.121887 0.121887 0.121887 0.121887
0.121887 0.121887 0.121887 0.121887 0.121887 0.121887 0.121887 0.121887 0.121887 0.121887
0.121887 0.121887 0.121887 0.121887 0.121887 0.121887 0.121887 0.121887 0.121887 0.121887
0.121887 0.121887 0.121887 0.121887 0.121887 0.121887 0.121887 0.121887 0.121887 0.121887
0.121887 0.121887 0.121887 0.121887 0.121887 0.121887 0.121887 0.121887 0.121887 0.121887
0.121887 0.121887 0.121887 0.121887 0.121887 0.121887 0.121887 0.121887 0.121887 0.121887
0.121887 0.121887 0.121887 0.121887 0.121887 0.121887 0.121887 0.121887 0.121887 0.121887
0.121887 0.121887 0.121887 0.121887 0.121887 0.121887 0.121887 0.121887 0.121887 0.121887
0.121887 0.121887 0.121887 0.121887 0.121887 0.121887 0.121887 0.121887 0.121887 0.121887
0.121887 0.121887 0.121887 0.121887 0.121887 0.121887 0.121887 0.121887 0.121887 0.121887
0.121887 0.121887 0.121887 0.121887 0.121887 0.121887 0.121887 0.121887 0.121887 0.121887
0.121887 0.121887 0.121887 0.121887 0.121887 0.121887 0.121887 0.121887 0.121887 0.121887
0.121887 0.121887 0.121887 0.121887 0.121887 0.121887 0.121887 0.121887 0.121887 0.121887
0.121887 0.121887 0.121887 0.121887 0.121887 0.121887 0.121887 0.121887 0.121887 0.121887
0.121887 0.121887 0.121887 0.121887 0.121887 0.121887 0.121887 0.121887 0.121887 0.121887
0.121887 0.121887 0.121887 0.121887 0.121887 0.121887 0.121887 0.121887 0.121887 0.121887
0.121887 0.121887 0.121887 0.121887 0.121887 0.121887 0.121887 0.121887 0.121887 0.121887
0.121887 0.121887 0.121887 0.121887 0.121887 0.121887 0.121887 0.121887 0.121887 0.121887
0.121887 0.121887 0.121887 0.121887 0.121887 0.121887 0.121887 0.121887 0.121887 0.121887
0.121887 0.121887 0.121887 0.121887 0.121887 0.121887 0.121887 0.121887 0.121887 0.121887
0.121887 0.121887 0.121887 0.121887 0.121887 0.121887 0.121887 0.121887 0.121887 0.121887
0.121887 0.121887 0.121887 0.121887 0.121887 0.121887 0.121887 0.121887 0.121887 0.121887
0.121887 0.121887 0.121887 0.121887 0.121887 0.121887 0.121887 0.121887 0.121887 0.121887
0.121887 0.121887 0.121887 0.121887 0.121887 0.121887 0.121887 0.121887 0.121887 0.121887
0.121887 0.121887 0.121887 0.121887 0.121887 0.121887 0.121887 0.121887 0.121887 0.121887
0.121887 0.121887 0.121887 0.121887 0.121887 0.121887 0.121887 0.121887 0.121887 0.121887
0.121887 0.121887 0.121887 0.121887 0.121887 0.121887 0.121887 0.121887 0.121887 0.121887
0.121887 0.121887 0.121887 0.121887 0.121887 0.121887 0.121887 0.121887 0.121887 0.121887
0.121887 0.121887 0.121887 0.121887 0.121887 0.121887 0.121887 0.121887 0.121887 0.121887
0.121887 0.121887 0.121887 0.121887 0.121887 0.121887 0.121887 0.121887 0.121887 0.121887
0.121887 0.121887 0.121887 0.121887 0.121887 0.121887 0.121887 0.121887 0.121887 0.121887
0.121887 0.121887 0.121887 0.121887 0.121887 0.121887 0.121887 0.121887 0.121887 0.121887
0.121887 0.121887 0.121887 0.121887 0.121887 0.121887 0.121887 0.121887 0.121887 0.121887
0.121887 0.121887 0.121887 0.121887 0.121887 0.121887 0.121887 0.121887 0.121887 0.121887
0.121887 0.121887 0.121887 0.121887 0.121887 0.121887 0.121887 0.121887 0.121887 0.121887
0.121887 0.121887 0.121887 0.121887 0.121887 0.121887 0.121887 0.121887 0.121887 0.121887
0.121887 0.121887 0.121887 0.121887 0.121887 0.121887 0.121887 0.121887 0.121887 0.121887
0.121887 0.121887 0.121887 0.121887 0.121887 0.121887 0.121887 0.121887 0.121887 0.121887
0.121887 0.121887 0.121887 0.121887 0.121887 0.121887 0.121887 0.121887 0.121887 0.121887
0.121887 0.121887 0.121887 0.121887 0.121887 0.121887 0.121887 0.121887 0.121887 0.121887
0.121887 0.121887 0.121887 0.121887 0.121887 0.121887 0.121887 0.121887 0.121887 0.121887
0.121887 0.121887 0.121887 0.121887 0.121887 0.121887 0.121887 0.121887 0.121887 0.121887
0.121887 0.121887 0.121887 0.121887 0.121887 0.121887 0.121887 0.121887 0.121887 0.121887
0.121887 0.121887 0.121887 0.121887 0.121887 0.121887 0.121887 0.121887 0.121887 0.121887
0.121887 0.121887 0.121887 0.121887 0.121887 0.121887 0.121887 0.121887 0.121887 0.121887
0.121887 0.121887 0.121887 0.121887 0.121887 0.121887 0.121887 0.121887 0.121887 0.121887
0.121887 0.121887 0.121887 0.121887 0.121887 0.121887 0.121887 0.121887 0.121887 0.121887
0.121887 0.121887 0.121887 0.121887 0.121887 0.121887 0.121887 0.121887 0.121887 0.121887
0.121887 0.121887 0.121887 0.121887 0.121887 0.121887 0.121887 0.121887 0.121887 0.121887
0.121887 0.121887 0.121887 0.121887 0.121887 0.121887 0.121887 0.121887 0.121887 0.121887
0.121887 0.121887 0.121887 0.121887 0.121887 0.121887 0.121887 0.121887 0.121887 0.121887
0.121887 0.121887 0.121887 0.121887 0.121887 0.121887 0.121887 0.121887 0.121887 0.121887
0.121887 0.121887 0.121887 0.121887 0.121887 0.121887 0.121887 0.121887 0.121887 0.121887
0.121887 0.121887 0.121887 0.121887 0.121887 0.121887 0.121887 0.121887 0.121887 0.121887
0.121887 0.121887 0.121887 0.121887 0.121887 0.121887 0.121887 0.121887 0.121887 0.121887
0.121887 0.121887 0.121887 0.121887 0.121887 0.121887 0.121887 0.121887 0.121887 0.121887
0.121887 0.121887 0.121887 0.121887 0.121887 0.121887 0.121887 0.121887 0.121887 0.121887
0.121887 0.121887 0.121887 0.121887 0.121887 0.121887 0.121887 0.121887 0.121887 0.121887
0.121887 0.121887 0.121887 0.121887 0.121887 0.121887 0.121887 0.121887 0.121887 0.121887
0.121887 0.121887 0.121887 0.121887 0.121887 0.121887 0.121887 0.121887 0.121887 0.121887
0.121887 0.121887 0.121887 0.121887 0.121887 0.121887 0.121887 0.121887 0.121887 0.121887
0.121887 0.121887 0.121887 0.121887 0.121887 0.121887 0.121887 0.121887 0.121887 0.121887
0.121887 0.121887 0.121887 0.121887 0.121887 0.121887 0.121887 0.121887 0.121887 0.121887
0.121887 0.121887 0.121887 0.121887 0.121887 0.121887 0.121887 0.121887 0.121887 0.121887
0.121887 0.121887 0.121887 0.121887 0.121887 0.121887 0.121887 0.121887 0.121887 0.121887
0.121887 0.121887 0.121887 0.121887 0.121887 0.121887 0.121887 0.121887 0.121887 0.121887
0.121887 0.121887 0.121887 0.121887 0.121887 0.121887 0.121887 0.121887 0.121887 0.121887
