0.000529427 0.000529366 0.000529319 0.000529283 0.000529258 0.000529241  0.00052923 0.000529225 0.000529223 0.000529223
0.00250571 0.00250565  0.0025056 0.00250556 0.00250553 0.00250551  0.0025055 0.00250549 0.00250549 0.00250549
0.00363915 0.00363908 0.00363903 0.00363899 0.00363896 0.00363894 0.00363892 0.00363892 0.00363892 0.00363891
0.00568308   0.005683 0.00568295 0.00568291 0.00568287 0.00568285 0.00568284 0.00568283 0.00568283 0.00568283
0.00704979 0.00704971 0.00704965 0.00704961 0.00704958 0.00704955 0.00704954 0.00704953 0.00704953 0.00704952
0.00839992 0.00839984 0.00839978 0.00839973 0.00839969 0.00839967 0.00839965 0.00839964 0.00839964 0.00839964
0.0105546 0.0105545 0.0105545 0.0105544 0.0105544 0.0105544 0.0105543 0.0105543 0.0105543 0.0105543
0.0127995 0.0127994 0.0127993 0.0127993 0.0127992 0.0127992 0.0127992 0.0127992 0.0127992 0.0127992
 0.014249 0.0142489 0.0142489 0.0142488 0.0142488 0.0142487 0.0142487 0.0142487 0.0142487 0.0142487
0.0145965 0.0145964 0.0145964 0.0145963 0.0145963 0.0145962 0.0145962 0.0145962 0.0145962 0.0145962
0.0141189 0.0141188 0.0141187 0.0141187 0.0141186 0.0141186 0.0141186 0.0141186 0.0141186 0.0141186
0.0132732 0.0132731  0.013273  0.013273 0.0132729 0.0132729 0.0132729 0.0132729 0.0132729 0.0132729
0.0123351  0.012335 0.0123349 0.0123348 0.0123348 0.0123348 0.0123347 0.0123347 0.0123347 0.0123347
0.0113247 0.0113246 0.0113245 0.0113245 0.0113244 0.0113244 0.0113244 0.0113244 0.0113243 0.0113243
0.0101295 0.0101294 0.0101293 0.0101293 0.0101292 0.0101292 0.0101292 0.0101292 0.0101292 0.0101292
0.00865172 0.00865163 0.00865155 0.00865149 0.00865145 0.00865142  0.0086514 0.00865139 0.00865138 0.00865138
0.00687901 0.00687891 0.00687884 0.00687878 0.00687874 0.00687871 0.00687869 0.00687868 0.00687868 0.00687868
0.00486681 0.00486672 0.00486665 0.00486659 0.00486655 0.00486653 0.00486651  0.0048665  0.0048665 0.00486649
 0.0026811 0.00268102 0.00268095 0.00268089 0.00268086 0.00268083 0.00268081  0.0026808  0.0026808  0.0026808
0.000367428 0.000367344 0.000367279 0.000367229 0.000367194  0.00036717 0.000367155 0.000367147 0.000367144 0.000367143
-0.00204745 -0.00204753 -0.00204759 -0.00204763 -0.00204767 -0.00204769  -0.0020477 -0.00204771 -0.00204771 -0.00204771
-0.00454217 -0.00454224  -0.0045423 -0.00454234 -0.00454237 -0.00454239  -0.0045424 -0.00454241 -0.00454241 -0.00454241
-0.00709238 -0.00709245 -0.00709251 -0.00709254 -0.00709257 -0.00709259  -0.0070926  -0.0070926 -0.00709261  -0.0070926
-0.00967038 -0.00967045 -0.00967049 -0.00967053 -0.00967055 -0.00967057 -0.00967058 -0.00967058 -0.00967058 -0.00967058
-0.0122457 -0.0122458 -0.0122458 -0.0122459 -0.0122459 -0.0122459 -0.0122459 -0.0122459 -0.0122459 -0.0122459
-0.0147922 -0.0147922 -0.0147923 -0.0147923 -0.0147923 -0.0147923 -0.0147923 -0.0147923 -0.0147923 -0.0147923
-0.0172884 -0.0172884 -0.0172884 -0.0172885 -0.0172885 -0.0172885 -0.0172885 -0.0172885 -0.0172885 -0.0172885
-0.0197165 -0.0197165 -0.0197166 -0.0197166 -0.0197166 -0.0197166 -0.0197166 -0.0197166 -0.0197166 -0.0197166
-0.0220603 -0.0220603 -0.0220603 -0.0220603 -0.0220603 -0.0220603 -0.0220603 -0.0220603 -0.0220603 -0.0220603
-0.0243034 -0.0243034 -0.0243034 -0.0243034 -0.0243034 -0.0243034 -0.0243034 -0.0243034 -0.0243034 -0.0243034
-0.0264299 -0.0264299 -0.0264299 -0.0264299 -0.0264299 -0.0264299 -0.0264299 -0.0264299 -0.0264299 -0.0264299
-0.0284246 -0.0284246 -0.0284246 -0.0284246 -0.0284246 -0.0284246 -0.0284246 -0.0284246 -0.0284246 -0.0284246
-0.0302741 -0.0302741 -0.0302741 -0.0302741 -0.0302741 -0.0302741 -0.0302741 -0.0302741 -0.0302741 -0.0302741
-0.0319663 -0.0319663 -0.0319663 -0.0319663 -0.0319663 -0.0319663 -0.0319663 -0.0319662 -0.0319662 -0.0319662
-0.0334902 -0.0334902 -0.0334902 -0.0334902 -0.0334902 -0.0334901 -0.0334901 -0.0334901 -0.0334901 -0.0334901
-0.0348352 -0.0348352 -0.0348352 -0.0348352 -0.0348351 -0.0348351 -0.0348351 -0.0348351 -0.0348351 -0.0348351
-0.0359909 -0.0359909 -0.0359909 -0.0359909 -0.0359908 -0.0359908 -0.0359908 -0.0359908 -0.0359908 -0.0359908
-0.0369467 -0.0369467 -0.0369466 -0.0369466 -0.0369466 -0.0369466 -0.0369465 -0.0369465 -0.0369465 -0.0369465
-0.0376913 -0.0376912 -0.0376912 -0.0376912 -0.0376911 -0.0376911 -0.0376911 -0.0376911 -0.0376911 -0.0376911
-0.0382058 -0.0382058 -0.0382057 -0.0382057 -0.0382056 -0.0382056 -0.0382056 -0.0382056 -0.0382056 -0.0382056
-0.0382885 -0.0382885 -0.0382884 -0.0382884 -0.0382883 -0.0382883 -0.0382883 -0.0382883 -0.0382883 -0.0382882
-0.0380118 -0.0380117 -0.0380117 -0.0380116 -0.0380116 -0.0380116 -0.0380115 -0.0380115 -0.0380115 -0.0380115
-0.0374323 -0.0374322 -0.0374322 -0.0374321 -0.0374321  -0.037432  -0.037432  -0.037432  -0.037432  -0.037432
 -0.036543 -0.0365429 -0.0365428 -0.0365428 -0.0365427 -0.0365427 -0.0365427 -0.0365427 -0.0365427 -0.0365427
-0.0353008 -0.0353008 -0.0353007 -0.0353007 -0.0353006 -0.0353006 -0.0353006 -0.0353005 -0.0353005 -0.0353005
-0.0336607 -0.0336606 -0.0336605 -0.0336605 -0.0336604 -0.0336604 -0.0336604 -0.0336604 -0.0336604 -0.0336604
-0.0315868 -0.0315867 -0.0315867 -0.0315866 -0.0315866 -0.0315866 -0.0315865 -0.0315865 -0.0315865 -0.0315865
-0.0290535 -0.0290534 -0.0290534 -0.0290533 -0.0290533 -0.0290533 -0.0290532 -0.0290532 -0.0290532 -0.0290532
-0.0260627 -0.0260627 -0.0260626 -0.0260625 -0.0260625 -0.0260625 -0.0260625 -0.0260624 -0.0260624 -0.0260624
-0.0225325 -0.0225324 -0.0225324 -0.0225323 -0.0225323 -0.0225323 -0.0225322 -0.0225322 -0.0225322 -0.0225322
-0.0186145 -0.0186144 -0.0186144 -0.0186143 -0.0186143 -0.0186143 -0.0186143 -0.0186143 -0.0186143 -0.0186142
-0.0144345 -0.0144344 -0.0144344 -0.0144343 -0.0144343 -0.0144343 -0.0144342 -0.0144342 -0.0144342 -0.0144342
-0.0100724 -0.0100724 -0.0100723 -0.0100723 -0.0100723 -0.0100722 -0.0100722 -0.0100722 -0.0100722 -0.0100722
-0.00546395  -0.0054639 -0.00546387 -0.00546384 -0.00546381  -0.0054638 -0.00546379 -0.00546378 -0.00546378 -0.00546377
-0.000721858 -0.000721822 -0.000721793  -0.00072177 -0.000721752 -0.000721739 -0.000721731 -0.000721725 -0.000721723 -0.000721722
0.00399964 0.00399967 0.00399969 0.00399971 0.00399972 0.00399973 0.00399973 0.00399974 0.00399974 0.00399974
0.00834639  0.0083464 0.00834642 0.00834643 0.00834644 0.00834644 0.00834644 0.00834645 0.00834645 0.00834645
0.0119649 0.0119649 0.0119649 0.0119649 0.0119649 0.0119649 0.0119649 0.0119649 0.0119649 0.0119649
0.0144505 0.0144505 0.0144505 0.0144505 0.0144505 0.0144505 0.0144505 0.0144505 0.0144505 0.0144505
0.0162117 0.0162117 0.0162117 0.0162117 0.0162117 0.0162117 0.0162117 0.0162117 0.0162117 0.0162117
0.0174247 0.0174247 0.0174247 0.0174246 0.0174246 0.0174246 0.0174246 0.0174246 0.0174246 0.0174246
0.0179972 0.0179972 0.0179972 0.0179972 0.0179972 0.0179972 0.0179972 0.0179972 0.0179972 0.0179972
 0.018029 0.0180289 0.0180289 0.0180289 0.0180289 0.0180289 0.0180289 0.0180289 0.0180289 0.0180289
0.0175463 0.0175463 0.0175463 0.0175463 0.0175463 0.0175462 0.0175462 0.0175462 0.0175462 0.0175462
0.0165288 0.0165288 0.0165288 0.0165288 0.0165288 0.0165288 0.0165288 0.0165288 0.0165288 0.0165288
0.0150604 0.0150604 0.0150604 0.0150604 0.0150604 0.0150604 0.0150604 0.0150604 0.0150604 0.0150604
 0.013479  0.013479 0.0134789 0.0134789 0.0134789 0.0134789 0.0134789 0.0134789 0.0134789 0.0134789
0.0121729 0.0121729 0.0121729 0.0121729 0.0121729 0.0121728 0.0121728 0.0121728 0.0121728 0.0121728
0.0111687 0.0111686 0.0111686 0.0111686 0.0111686 0.0111686 0.0111686 0.0111686 0.0111686 0.0111686
0.0103483 0.0103483 0.0103483 0.0103483 0.0103483 0.0103483 0.0103483 0.0103483 0.0103483 0.0103483
0.00967425 0.00967424 0.00967423 0.00967422 0.00967421  0.0096742  0.0096742  0.0096742  0.0096742 0.00967419
0.00914074 0.00914072 0.00914071  0.0091407 0.00914069 0.00914069 0.00914068 0.00914068 0.00914068 0.00914068
0.00867602   0.008676 0.00867599 0.00867598 0.00867597 0.00867596 0.00867596 0.00867596 0.00867595 0.00867595
0.00818727 0.00818726 0.00818724 0.00818723 0.00818722 0.00818722 0.00818721 0.00818721 0.00818721 0.00818721
 0.0079599 0.00795988 0.00795987 0.00795986 0.00795985 0.00795984 0.00795984 0.00795983 0.00795983 0.00795983
0.00792831 0.00792829 0.00792828 0.00792827 0.00792826 0.00792825 0.00792824 0.00792824 0.00792824 0.00792824
0.00747905 0.00747903 0.00747901   0.007479 0.00747899 0.00747898 0.00747898 0.00747897 0.00747897 0.00747897
0.00645573 0.00645571  0.0064557 0.00645569 0.00645568 0.00645567 0.00645567 0.00645566 0.00645566 0.00645566
0.00503027 0.00503026 0.00503024 0.00503023 0.00503023 0.00503022 0.00503021 0.00503021 0.00503021 0.00503021
0.00344375 0.00344374 0.00344372 0.00344371 0.00344371  0.0034437  0.0034437  0.0034437  0.0034437 0.00344369
0.00186668 0.00186667 0.00186666 0.00186665 0.00186664 0.00186664 0.00186664 0.00186664 0.00186663 0.00186663
 0.00037874 0.000378731 0.000378723 0.000378717 0.000378713 0.000378709 0.000378707 0.000378706 0.000378705 0.000378705
-0.000996047 -0.000996055  -0.00099606 -0.000996065 -0.000996068  -0.00099607 -0.000996072 -0.000996073 -0.000996073 -0.000996073
-0.00225268 -0.00225269 -0.00225269  -0.0022527  -0.0022527  -0.0022527  -0.0022527  -0.0022527  -0.0022527  -0.0022527
-0.00338792 -0.00338792 -0.00338793 -0.00338793 -0.00338793 -0.00338793 -0.00338793 -0.00338793 -0.00338793 -0.00338793
-0.00439462 -0.00439462 -0.00439462 -0.00439462 -0.00439462 -0.00439462 -0.00439462 -0.00439462 -0.00439462 -0.00439462
-0.00525737 -0.00525736 -0.00525736 -0.00525736 -0.00525736 -0.00525736 -0.00525736 -0.00525736 -0.00525736 -0.00525736
-0.00595308 -0.00595308 -0.00595308 -0.00595307 -0.00595307 -0.00595307 -0.00595307 -0.00595307 -0.00595307 -0.00595307
-0.00645712 -0.00645712 -0.00645712 -0.00645711 -0.00645711 -0.00645711 -0.00645711 -0.00645711 -0.00645711 -0.00645711
-0.00674889 -0.00674889 -0.00674888 -0.00674888 -0.00674888 -0.00674888 -0.00674888 -0.00674888 -0.00674888 -0.00674888
-0.00681187 -0.00681187 -0.00681187 -0.00681186 -0.00681186 -0.00681186 -0.00681186 -0.00681186 -0.00681186 -0.00681186
-0.00663295 -0.00663294 -0.00663294 -0.00663294 -0.00663294 -0.00663294 -0.00663294 -0.00663294 -0.00663294 -0.00663294
-0.00620244 -0.00620244 -0.00620244 -0.00620244 -0.00620244 -0.00620244 -0.00620244 -0.00620244 -0.00620244 -0.00620244
-0.00551697 -0.00551697 -0.00551697 -0.00551697 -0.00551697 -0.00551697 -0.00551697 -0.00551697 -0.00551697 -0.00551697
-0.00457075 -0.00457075 -0.00457075 -0.00457075 -0.00457075 -0.00457075 -0.00457075 -0.00457075 -0.00457075 -0.00457075
-0.00331467 -0.00331467 -0.00331467 -0.00331467 -0.00331468 -0.00331468 -0.00331468 -0.00331468 -0.00331468 -0.00331468
-0.00158914 -0.00158915 -0.00158915 -0.00158915 -0.00158915 -0.00158916 -0.00158916 -0.00158916 -0.00158916 -0.00158916
0.000371401 0.000371396 0.000371392 0.000371388 0.000371385 0.000371384 0.000371383 0.000371383 0.000371383 0.000371383
0.00222893 0.00222892 0.00222891 0.00222891 0.00222891 0.00222891 0.00222891 0.00222891 0.00222891 0.00222891
0.00406209 0.00406208 0.00406208 0.00406207 0.00406207 0.00406207 0.00406207 0.00406206 0.00406206 0.00406206
0.00574925 0.00574925 0.00574924 0.00574924 0.00574924 0.00574923 0.00574923 0.00574922 0.00574922 0.00574922
0.00738574 0.00738574 0.00738573 0.00738572 0.00738572 0.00738571 0.00738571  0.0073857  0.0073857  0.0073857
0.00911091 0.00911091 0.00911089 0.00911088 0.00911087 0.00911086 0.00911086 0.00911085 0.00911085 0.00911085
0.0110006 0.0110005 0.0110005 0.0110005 0.0110005 0.0110005 0.0110005 0.0110005 0.0110005 0.0110005
0.0127063 0.0127063 0.0127063 0.0127062 0.0127062 0.0127062 0.0127062 0.0127062 0.0127062 0.0127062
0.0147365 0.0147364 0.0147364 0.0147364 0.0147364 0.0147364 0.0147364 0.0147364 0.0147364 0.0147364
0.0171533 0.0171533 0.0171533 0.0171533 0.0171532 0.0171532 0.0171532 0.0171532 0.0171532 0.0171532
  0.01861 0.0186099 0.0186099 0.0186099 0.0186099 0.0186099 0.0186099 0.0186099 0.0186099 0.0186099
0.0190412 0.0190412 0.0190412 0.0190412 0.0190411 0.0190411 0.0190411 0.0190411 0.0190411 0.0190411
0.0202194 0.0202194 0.0202193 0.0202193 0.0202193 0.0202193 0.0202193 0.0202193 0.0202193 0.0202193
0.0209418 0.0209418 0.0209417 0.0209417 0.0209417 0.0209417 0.0209417 0.0209417 0.0209417 0.0209417
  0.02165   0.02165 0.0216499 0.0216499 0.0216499 0.0216499 0.0216499 0.0216499 0.0216499 0.0216499
0.0226242 0.0226242 0.0226242 0.0226241 0.0226241 0.0226241 0.0226241 0.0226241 0.0226241 0.0226241
0.0233029 0.0233029 0.0233028 0.0233028 0.0233028 0.0233028 0.0233028 0.0233027 0.0233027 0.0233027
0.0229037 0.0229037 0.0229036 0.0229036 0.0229036 0.0229036 0.0229035 0.0229035 0.0229035 0.0229035
0.0210952 0.0210952 0.0210951 0.0210951 0.0210951 0.0210951  0.021095  0.021095  0.021095  0.021095
0.0179062 0.0179061 0.0179061 0.0179061 0.0179061  0.017906  0.017906  0.017906  0.017906  0.017906
0.0134837 0.0134836 0.0134836 0.0134836 0.0134836 0.0134835 0.0134835 0.0134835 0.0134835 0.0134835
 0.0080948 0.00809477 0.00809474 0.00809472  0.0080947 0.00809468 0.00809467 0.00809467 0.00809466 0.00809466
0.00230828 0.00230825 0.00230822  0.0023082 0.00230819 0.00230818 0.00230817 0.00230816 0.00230816 0.00230816
-0.00319964 -0.00319967 -0.00319969  -0.0031997 -0.00319972 -0.00319973 -0.00319973 -0.00319974 -0.00319974 -0.00319974
-0.00840422 -0.00840424 -0.00840426 -0.00840427 -0.00840428 -0.00840429  -0.0084043  -0.0084043  -0.0084043  -0.0084043
-0.0125741 -0.0125742 -0.0125742 -0.0125742 -0.0125742 -0.0125742 -0.0125742 -0.0125742 -0.0125742 -0.0125742
-0.0166092 -0.0166092 -0.0166092 -0.0166092 -0.0166092 -0.0166092 -0.0166092 -0.0166092 -0.0166092 -0.0166092
-0.0212692 -0.0212692 -0.0212692 -0.0212692 -0.0212693 -0.0212693 -0.0212693 -0.0212693 -0.0212693 -0.0212693
-0.0247916 -0.0247917 -0.0247917 -0.0247917 -0.0247917 -0.0247917 -0.0247917 -0.0247917 -0.0247917 -0.0247917
-0.027276 -0.027276 -0.027276 -0.027276 -0.027276 -0.027276 -0.027276 -0.027276 -0.027276 -0.027276
-0.0289501 -0.0289501 -0.0289501 -0.0289501 -0.0289501 -0.0289501 -0.0289501 -0.0289501 -0.0289501 -0.0289501
-0.0295478 -0.0295478 -0.0295478 -0.0295478 -0.0295478 -0.0295478 -0.0295478 -0.0295478 -0.0295478 -0.0295478
-0.028819 -0.028819 -0.028819 -0.028819 -0.028819 -0.028819 -0.028819 -0.028819 -0.028819 -0.028819
-0.0267156 -0.0267156 -0.0267156 -0.0267156 -0.0267156 -0.0267155 -0.0267155 -0.0267155 -0.0267155 -0.0267155
-0.0233799 -0.0233799 -0.0233799 -0.0233799 -0.0233798 -0.0233798 -0.0233798 -0.0233798 -0.0233798 -0.0233798
-0.0192607 -0.0192607 -0.0192606 -0.0192606 -0.0192606 -0.0192606 -0.0192605 -0.0192605 -0.0192605 -0.0192605
-0.0142843 -0.0142843 -0.0142843 -0.0142842 -0.0142842 -0.0142842 -0.0142842 -0.0142842 -0.0142842 -0.0142842
-0.00860653 -0.00860651 -0.00860649 -0.00860647 -0.00860646 -0.00860645 -0.00860644 -0.00860643 -0.00860643 -0.00860643
-0.00425016 -0.00425015 -0.00425014 -0.00425013 -0.00425012 -0.00425011  -0.0042501  -0.0042501 -0.00425009 -0.00425009
-0.000459467 -0.000459459  -0.00045945 -0.000459443 -0.000459435 -0.000459428 -0.000459423 -0.000459418 -0.000459417 -0.000459417
0.00404132 0.00404132 0.00404133 0.00404133 0.00404134 0.00404134 0.00404135 0.00404135 0.00404134 0.00404134
0.00787816 0.00787816 0.00787816 0.00787816 0.00787817 0.00787817 0.00787817 0.00787817 0.00787817 0.00787816
0.00199144 0.00199145 0.00199145 0.00199146 0.00199146 0.00199146 0.00199145 0.00199145 0.00199145 0.00199145
-0.00406485 -0.00406483 -0.00406481 -0.00406479 -0.00406479 -0.00406479  -0.0040648  -0.0040648  -0.0040648  -0.0040648
 -0.0066306 -0.00663057 -0.00663054 -0.00663054 -0.00663054 -0.00663054 -0.00663055 -0.00663055 -0.00663055 -0.00663055
-0.00685498 -0.00685494 -0.00685494 -0.00685495 -0.00685495 -0.00685495 -0.00685495 -0.00685495 -0.00685495 -0.00685495
-0.00559274 -0.00559274 -0.00559274 -0.00559274 -0.00559274 -0.00559274 -0.00559274 -0.00559274 -0.00559274 -0.00559274
-0.00449013 -0.00449013 -0.00449013 -0.00449013 -0.00449013 -0.00449013 -0.00449013 -0.00449013 -0.00449013 -0.00449013
-0.00343711 -0.00343711 -0.00343711 -0.00343711 -0.00343711 -0.00343711 -0.00343711  -0.0034371  -0.0034371  -0.0034371
-0.00200945 -0.00200945 -0.00200945 -0.00200945 -0.00200944 -0.00200944 -0.00200944 -0.00200944 -0.00200944 -0.00200944
0.00235971 0.00235971 0.00235971 0.00235972 0.00235972 0.00235972 0.00235972 0.00235972 0.00235972 0.00235972
0.00664274 0.00664274 0.00664274 0.00664274 0.00664274 0.00664274 0.00664274 0.00664274 0.00664274 0.00664274
0.00939398 0.00939397 0.00939397 0.00939397 0.00939397 0.00939397 0.00939397 0.00939397 0.00939397 0.00939397
0.0109749 0.0109749 0.0109749 0.0109749 0.0109749 0.0109749 0.0109749 0.0109749 0.0109749 0.0109749
0.0124205 0.0124205 0.0124205 0.0124205 0.0124205 0.0124205 0.0124205 0.0124205 0.0124205 0.0124205
0.0137868 0.0137868 0.0137868 0.0137868 0.0137868 0.0137868 0.0137868 0.0137868 0.0137868 0.0137868
0.0146238 0.0146238 0.0146238 0.0146238 0.0146238 0.0146238 0.0146238 0.0146238 0.0146238 0.0146238
0.0144577 0.0144577 0.0144577 0.0144577 0.0144577 0.0144577 0.0144577 0.0144577 0.0144577 0.0144577
0.0130451 0.0130451 0.0130451 0.0130451 0.0130451 0.0130451 0.0130452 0.0130452 0.0130452 0.0130452
0.0105512 0.0105512 0.0105512 0.0105512 0.0105512 0.0105512 0.0105512 0.0105512 0.0105513 0.0105513
0.00722686 0.00722687 0.00722688 0.00722689  0.0072269 0.00722691 0.00722692 0.00722692 0.00722692 0.00722693
0.00371969  0.0037197 0.00371972 0.00371973 0.00371974 0.00371975 0.00371976 0.00371977 0.00371977 0.00371977
0.000328459 0.000328479 0.000328499 0.000328516 0.000328531 0.000328544 0.000328554 0.000328562 0.000328567  0.00032857
-0.00254353  -0.0025435 -0.00254348 -0.00254346 -0.00254344 -0.00254342 -0.00254341  -0.0025434  -0.0025434 -0.00254339
-0.00492334 -0.00492331 -0.00492328 -0.00492325 -0.00492323 -0.00492321  -0.0049232 -0.00492319 -0.00492318 -0.00492318
-0.00689013  -0.0068901 -0.00689006 -0.00689003 -0.00689001 -0.00688999 -0.00688997 -0.00688996 -0.00688995 -0.00688995
-0.0103233 -0.0103233 -0.0103232 -0.0103232 -0.0103232 -0.0103231 -0.0103231 -0.0103231 -0.0103231 -0.0103231
-0.0125263 -0.0125263 -0.0125263 -0.0125262 -0.0125262 -0.0125262 -0.0125261 -0.0125261 -0.0125261 -0.0125261
-0.0138858 -0.0138857 -0.0138857 -0.0138856 -0.0138856 -0.0138856 -0.0138855 -0.0138855 -0.0138855 -0.0138855
-0.0148138 -0.0148137 -0.0148136 -0.0148136 -0.0148136 -0.0148135 -0.0148135 -0.0148135 -0.0148135 -0.0148134
-0.0149016 -0.0149015 -0.0149015 -0.0149014 -0.0149014 -0.0149013 -0.0149013 -0.0149013 -0.0149012 -0.0149012
-0.0137546 -0.0137545 -0.0137544 -0.0137544 -0.0137543 -0.0137543 -0.0137542 -0.0137542 -0.0137541 -0.0137541
 -0.011417  -0.011417 -0.0114169 -0.0114168 -0.0114168 -0.0114167 -0.0114166 -0.0114165 -0.0114165 -0.0114165
-0.00796038  -0.0079603 -0.00796024 -0.00796018 -0.00796005 -0.00795994 -0.00795986  -0.0079598 -0.00795976 -0.00795974
-0.00352456 -0.00352448 -0.00352441 -0.00352425 -0.00352412 -0.00352401 -0.00352392 -0.00352386 -0.00352382  -0.0035238
 0.0016228 0.00162288 0.00162307 0.00162323 0.00162337 0.00162348 0.00162357 0.00162363 0.00162367 0.00162369
0.00768223 0.00768244 0.00768262 0.00768279 0.00768293 0.00768304 0.00768313  0.0076832 0.00768324 0.00768326
0.0143273 0.0143275 0.0143277 0.0143278  0.014328 0.0143281 0.0143282 0.0143282 0.0143283 0.0143283
0.0208153 0.0208155 0.0208157 0.0208158  0.020816 0.0208161 0.0208162 0.0208163 0.0208163 0.0208163
0.0258075 0.0258077 0.0258079 0.0258081 0.0258083 0.0258084 0.0258085 0.0258086 0.0258086 0.0258086
0.0303464 0.0303466 0.0303469  0.030347 0.0303472 0.0303473 0.0303475 0.0303475 0.0303475 0.0303475
0.0340963 0.0340965 0.0340968 0.0340969 0.0340971 0.0340973 0.0340973 0.0340974 0.0340974 0.0340974
0.0348041 0.0348043 0.0348046 0.0348048 0.0348051 0.0348051 0.0348052 0.0348052 0.0348053 0.0348053
0.0293268 0.0293271 0.0293274 0.0293277 0.0293278 0.0293279  0.029328  0.029328 0.0293281 0.0293281
0.0261065 0.0261069 0.0261072 0.0261073 0.0261074 0.0261075 0.0261076 0.0261077 0.0261077 0.0261077
 0.025528 0.0255284 0.0255286 0.0255287 0.0255289  0.025529 0.0255291 0.0255291 0.0255292 0.0255292
0.0286099 0.0286101 0.0286103 0.0286105 0.0286106 0.0286107 0.0286108 0.0286109 0.0286109 0.0286109
0.0362416 0.0362418  0.036242 0.0362422 0.0362423 0.0362424 0.0362425 0.0362426 0.0362426 0.0362427
0.0399341 0.0399343 0.0399345 0.0399347 0.0399348  0.039935 0.0399351 0.0399351 0.0399352 0.0399352
0.0474822 0.0474825 0.0474827 0.0474829  0.047483 0.0474832 0.0474833 0.0474834 0.0474834 0.0474835
0.0588888 0.0588891 0.0588893 0.0588895 0.0588896 0.0588898 0.0588899   0.05889 0.0588901 0.0588901
0.0690935 0.0690938  0.069094 0.0690942 0.0690944 0.0690946 0.0690947 0.0690948 0.0690948 0.0690949
0.0808885 0.0808887  0.080889 0.0808892 0.0808894 0.0808896 0.0808897 0.0808898 0.0808899 0.0808899
0.0930449 0.0930452 0.0930455 0.0930457 0.0930459 0.0930461 0.0930462 0.0930463 0.0930464 0.0930464
0.104858 0.104859 0.104859 0.104859 0.104859  0.10486  0.10486  0.10486  0.10486  0.10486
0.115831 0.115831 0.115831 0.115832 0.115832 0.115832 0.115832 0.115832 0.115833 0.115833
0.125276 0.125276 0.125276 0.125277 0.125277 0.125277 0.125277 0.125277 0.125278 0.125278
0.131774 0.131775 0.131775 0.131775 0.131776 0.131776 0.131776 0.131776 0.131776 0.131776
0.134783 0.134783 0.134784 0.134784 0.134784 0.134784 0.134785 0.134785 0.134785 0.134785
0.134563 0.134564 0.134564 0.134564 0.134565 0.134565 0.134565 0.134565 0.134565 0.134566
0.133234 0.133235 0.133235 0.133235 0.133236 0.133236 0.133236 0.133236 0.133237 0.133237
0.131797 0.131797 0.131798 0.131798 0.131799 0.131799 0.131799 0.131799 0.131799   0.1318
0.129757 0.129758 0.129758 0.129759 0.129759  0.12976  0.12976  0.12976  0.12976  0.12976
0.125836 0.125837 0.125837 0.125838 0.125838 0.125839 0.125839 0.125839 0.125839 0.125839
 0.12121  0.12121 0.121211 0.121212 0.121212 0.121213 0.121213 0.121213 0.121213 0.121213
0.119847 0.119848 0.119849 0.119849  0.11985  0.11985  0.11985 0.119851 0.119851 0.119851
0.122008 0.122009 0.122009  0.12201 0.122011 0.122011 0.122011 0.122012 0.122012 0.122012
0.125388 0.125389  0.12539  0.12539 0.125391 0.125391 0.125392 0.125392 0.125392 0.125393
 0.12821 0.128211 0.128212 0.128213 0.128214 0.128214 0.128215 0.128215 0.128215 0.128215
0.129932 0.129933 0.129934 0.129934 0.129935 0.129936 0.129936 0.129937 0.129937 0.129937
0.131437 0.131438 0.131439  0.13144 0.131441 0.131442 0.131442 0.131443 0.131443 0.131444
0.133591 0.133593 0.133594 0.133595 0.133595 0.133596 0.133597 0.133598 0.133598 0.133599
0.136878 0.136879  0.13688 0.136881 0.136882 0.136884 0.136885 0.136885 0.136886 0.136886
0.141771 0.141772 0.141773 0.141774 0.141775 0.141777 0.141778 0.141778 0.141779 0.141779
0.148555 0.148556 0.148557 0.148559 0.148561 0.148562 0.148563 0.148563 0.148564 0.148564
0.157544 0.157545 0.157547 0.157549  0.15755 0.157551 0.157552 0.157552 0.157553 0.157553
0.169064 0.169066 0.169068 0.169069  0.16907 0.169071 0.169072 0.169072 0.169072 0.169073
0.183587 0.183588 0.183589  0.18359 0.183591 0.183591 0.183592 0.183592 0.183592 0.183592
0.201384 0.201385 0.201385 0.201386 0.201386 0.201387 0.201387 0.201387 0.201387 0.201387
0.221199 0.221199 0.221199 0.221199 0.221199 0.221199 0.221199 0.221199 0.221199 0.221199
0.243051 0.243051 0.243051  0.24305  0.24305  0.24305  0.24305  0.24305  0.24305 0.243049
0.266985 0.266984 0.266984 0.266983 0.266982 0.266982 0.266982 0.266982 0.266982 0.266982
0.281808 0.281808 0.281807 0.281806 0.281805 0.281805 0.281805 0.281805 0.281804 0.281804
0.280027 0.280026 0.280025 0.280024 0.280024 0.280023 0.280023 0.280023 0.280023 0.280022
0.288831  0.28883 0.288828 0.288828 0.288827 0.288827 0.288827 0.288826 0.288826 0.288826
0.303275 0.303274 0.303273 0.303273 0.303272 0.303272 0.303271 0.303271 0.303271 0.303271
0.320212 0.320211  0.32021  0.32021 0.320209 0.320209 0.320209 0.320208 0.320208 0.320208
0.331651  0.33165  0.33165 0.331649 0.331649 0.331648 0.331648 0.331648 0.331647 0.331647
0.336365 0.336364 0.336363 0.336363 0.336362 0.336362 0.336362 0.336361 0.336361 0.336361
0.331118 0.331117 0.331117 0.331116 0.331116 0.331115 0.331115 0.331115 0.331115 0.331115
0.321808 0.321808 0.321807 0.321807 0.321806 0.321806 0.321806 0.321806 0.321806 0.321806
0.336843 0.336842 0.336842 0.336841 0.336841 0.336841 0.336841 0.336841  0.33684  0.33684
0.340692 0.340692 0.340691 0.340691 0.340691 0.340691  0.34069  0.34069  0.34069  0.34069
0.339617 0.339617 0.339616 0.339616 0.339616 0.339616 0.339616 0.339615 0.339615 0.339615
0.363214 0.363214 0.363213 0.363213 0.363213 0.363213 0.363213 0.363212 0.363212 0.363212
 0.38849  0.38849  0.38849 0.388489 0.388489 0.388489 0.388489 0.388489 0.388489 0.388489
0.410749 0.410749 0.410748 0.410748 0.410748 0.410748 0.410748 0.410748 0.410748 0.410748
 0.42289  0.42289 0.422889 0.422889 0.422889 0.422889 0.422889 0.422889 0.422889 0.422889
0.421468 0.421467 0.421467 0.421467 0.421467 0.421467 0.421467 0.421467 0.421467 0.421467
 0.40708 0.407079 0.407079 0.407079 0.407079 0.407079 0.407079 0.407079 0.407079 0.407079
0.382484 0.382484 0.382484 0.382483 0.382483 0.382483 0.382484 0.382484 0.382484 0.382484
0.352441 0.352441 0.352441 0.352441 0.352441 0.352441 0.352441 0.352441 0.352441 0.352441
0.319876 0.319876 0.319876 0.319876 0.319876 0.319876 0.319876 0.319876 0.319877 0.319877
0.287257 0.287257 0.287257 0.287257 0.287257 0.287258 0.287258 0.287258 0.287258 0.287258
0.255228 0.255228 0.255228 0.255229 0.255229 0.255229 0.255229 0.255229 0.255229 0.255229
0.226978 0.226978 0.226978 0.226979 0.226979 0.226979  0.22698  0.22698  0.22698  0.22698
0.204989 0.204989  0.20499  0.20499 0.204991 0.204991 0.204991 0.204991 0.204992 0.204992
0.190434 0.190434 0.190435 0.190435 0.190436 0.190436 0.190436 0.190437 0.190437 0.190437
0.183108 0.183109 0.183109  0.18311  0.18311 0.183111 0.183111 0.183111 0.183112 0.183112
0.178696 0.178697 0.178698 0.178698 0.178699 0.178699   0.1787   0.1787   0.1787 0.178701
0.174801 0.174802 0.174803 0.174804 0.174804 0.174805 0.174805 0.174806 0.174806 0.174807
0.170138 0.170139  0.17014 0.170141 0.170142 0.170142 0.170143 0.170144 0.170144 0.170144
0.164588 0.164589 0.164589  0.16459 0.164591 0.164592 0.164593 0.164594 0.164594 0.164594
0.160019  0.16002 0.160021 0.160021 0.160023 0.160024 0.160025 0.160025 0.160026 0.160026
0.0989204 0.0989214 0.0989223  0.098924 0.0989253 0.0989265 0.0989273 0.0989279 0.0989283 0.0989284
0.0566584 0.0566593 0.0566611 0.0566627  0.056664  0.056665 0.0566658 0.0566663 0.0566666 0.0566667
0.0458269 0.0458287 0.0458303 0.0458316 0.0458327 0.0458336 0.0458342 0.0458346 0.0458349  0.045835
0.0562273 0.0562287 0.0562299 0.0562309 0.0562318 0.0562324 0.0562328 0.0562331 0.0562333 0.0562333
 0.080686 0.0806869 0.0806877 0.0806883 0.0806888 0.0806892 0.0806894 0.0806895 0.0806895 0.0806895
0.107082 0.107082 0.107083 0.107083 0.107083 0.107083 0.107083 0.107083 0.107083 0.107083
0.128342 0.128342 0.128342 0.128342 0.128342 0.128342 0.128342 0.128342 0.128342 0.128342
0.153861 0.153861 0.153861  0.15386  0.15386 0.153859 0.153859 0.153859 0.153859 0.153859
0.152568 0.152567 0.152566 0.152565 0.152564 0.152564 0.152564 0.152563 0.152563 0.152563
0.126718 0.126716 0.126715 0.126714 0.126714 0.126714 0.126713 0.126713 0.126713 0.126713
0.116796 0.116794 0.116793 0.116793 0.116792 0.116792 0.116792 0.116791 0.116791 0.116791
0.114678 0.114677 0.114676 0.114676 0.114675 0.114675 0.114674 0.114674 0.114674 0.114674
0.116542 0.116541 0.116541  0.11654  0.11654 0.116539 0.116539 0.116539 0.116538 0.116538
0.116261  0.11626  0.11626 0.116259 0.116259 0.116258 0.116258 0.116258 0.116258 0.116258
0.115873 0.115872 0.115872 0.115871 0.115871 0.115871 0.115871  0.11587  0.11587  0.11587
0.111828 0.111828 0.111827 0.111827 0.111827 0.111826 0.111826 0.111826 0.111826 0.111826
0.0966706 0.0966702 0.0966699 0.0966696 0.0966694 0.0966692  0.096669 0.0966689 0.0966688 0.0966688
0.0968751 0.0968748 0.0968745 0.0968743 0.0968741 0.0968739 0.0968738 0.0968737 0.0968737 0.0968736
0.116993 0.116993 0.116993 0.116993 0.116993 0.116993 0.116992 0.116992 0.116992 0.116992
0.132854 0.132854 0.132854 0.132854 0.132854 0.132853 0.132853 0.132853 0.132853 0.132853
0.156612 0.156612 0.156612 0.156611 0.156611 0.156611 0.156611 0.156611 0.156611 0.156611
0.207427 0.207426 0.207426 0.207426 0.207426 0.207426 0.207426 0.207426 0.207426 0.207426
0.250373 0.250373 0.250373 0.250373 0.250373 0.250373 0.250373 0.250373 0.250373 0.250373
0.286842 0.286842 0.286842 0.286842 0.286842 0.286842 0.286842 0.286842 0.286842 0.286842
0.311272 0.311272 0.311272 0.311272 0.311272 0.311272 0.311272 0.311272 0.311272 0.311272
0.318128 0.318128 0.318128 0.318128 0.318128 0.318128 0.318128 0.318129 0.318129 0.318129
0.307057 0.307057 0.307058 0.307058 0.307058 0.307058 0.307058 0.307058 0.307058 0.307058
 0.28112  0.28112  0.28112  0.28112  0.28112 0.281121 0.281121 0.281121 0.281121 0.281121
0.247777 0.247777 0.247778 0.247778 0.247778 0.247778 0.247778 0.247778 0.247779 0.247779
0.213203 0.213203 0.213204 0.213204 0.213204 0.213205 0.213205 0.213205 0.213205 0.213205
0.178725 0.178725 0.178726 0.178726 0.178726 0.178727 0.178727 0.178727 0.178727 0.178727
0.148627 0.148628 0.148629 0.148629 0.148629  0.14863  0.14863  0.14863  0.14863 0.148631
0.127674 0.127675 0.127676 0.127676 0.127677 0.127677 0.127677 0.127678 0.127678 0.127678
0.117601 0.117602 0.117603 0.117603 0.117604 0.117604 0.117605 0.117605 0.117605 0.117605
0.117294 0.117295 0.117296 0.117296 0.117297 0.117298 0.117298 0.117298 0.117299 0.117299
0.121566 0.121567 0.121568 0.121568 0.121569  0.12157  0.12157  0.12157 0.121571 0.121571
0.128466 0.128467 0.128468 0.128469 0.128469  0.12847 0.128471 0.128471 0.128472 0.128472
0.136999    0.137 0.137001 0.137001 0.137002 0.137003 0.137004 0.137005 0.137005 0.137005
0.117495 0.117496 0.117497 0.117498 0.117499   0.1175 0.117501 0.117502 0.117502 0.117503
0.0395086 0.0395099  0.039511  0.039512 0.0395137  0.039515  0.039516 0.0395168 0.0395172 0.0395174
-0.0190873  -0.019086 -0.0190848 -0.0190828 -0.0190811 -0.0190798 -0.0190788 -0.0190781 -0.0190777 -0.0190775
 -0.035398 -0.0353968 -0.0353946 -0.0353927 -0.0353911 -0.0353899  -0.035389 -0.0353884  -0.035388 -0.0353879
-0.0239452 -0.0239429 -0.0239409 -0.0239393 -0.0239379 -0.0239369 -0.0239362 -0.0239357 -0.0239354 -0.0239353
-0.00623954 -0.00623768  -0.0062361 -0.00623479 -0.00623376 -0.00623298 -0.00623244 -0.00623211 -0.00623193 -0.00623187
0.0177285 0.0177299  0.017731 0.0177319 0.0177326  0.017733 0.0177334 0.0177335 0.0177336 0.0177336
0.0348056 0.0348065 0.0348071 0.0348077  0.034808 0.0348082 0.0348083 0.0348084 0.0348083 0.0348083
0.0551656 0.0551661 0.0551663 0.0551665 0.0551666 0.0551665 0.0551664 0.0551664 0.0551663 0.0551663
0.0564188 0.0564189 0.0564189 0.0564188 0.0564186 0.0564184 0.0564182 0.0564181 0.0564181  0.056418
0.0620654 0.0620653  0.062065 0.0620648 0.0620644 0.0620643 0.0620641  0.062064 0.0620639 0.0620638
0.0674333 0.0674328 0.0674323 0.0674318 0.0674316 0.0674313 0.0674311  0.067431 0.0674309 0.0674308
0.0725534 0.0725527 0.0725521 0.0725517 0.0725514 0.0725511 0.0725509 0.0725507 0.0725506 0.0725505
0.0820313 0.0820305 0.0820301 0.0820297 0.0820294  0.082029 0.0820288 0.0820286 0.0820285 0.0820284
0.100485 0.100485 0.100485 0.100484 0.100484 0.100484 0.100483 0.100483 0.100483 0.100483
0.115317 0.115316 0.115316 0.115316 0.115315 0.115315 0.115315 0.115315 0.115314 0.115314
0.131357 0.131357 0.131356 0.131356 0.131356 0.131355 0.131355 0.131355 0.131355 0.131355
0.145362 0.145362 0.145362 0.145361 0.145361 0.145361 0.145361 0.145361 0.145361 0.145361
0.152355 0.152354 0.152354 0.152354 0.152354 0.152354 0.152354 0.152353 0.152353 0.152353
0.176134 0.176133 0.176133 0.176133 0.176133 0.176133 0.176133 0.176133 0.176133 0.176133
0.210671  0.21067  0.21067  0.21067  0.21067  0.21067  0.21067  0.21067  0.21067  0.21067
0.241807 0.241807 0.241807 0.241807 0.241807 0.241807 0.241806 0.241806 0.241806 0.241806
0.268039 0.268038 0.268038 0.268038 0.268038 0.268038 0.268038 0.268038 0.268038 0.268038
0.289373 0.289373 0.289373 0.289373 0.289373 0.289373 0.289373 0.289373 0.289373 0.289372
0.306145 0.306145 0.306145 0.306145 0.306145 0.306145 0.306145 0.306145 0.306145 0.306145
0.320264 0.320264 0.320265 0.320265 0.320265 0.320265 0.320265 0.320265 0.320265 0.320265
0.331506 0.331506 0.331506 0.331506 0.331506 0.331506 0.331506 0.331506 0.331507 0.331507
0.338632 0.338632 0.338632 0.338632 0.338633 0.338633 0.338633 0.338633 0.338633 0.338633
0.342869 0.342869  0.34287  0.34287  0.34287  0.34287  0.34287  0.34287  0.34287  0.34287
0.343391 0.343391 0.343392 0.343392 0.343392 0.343392 0.343392 0.343392 0.343392 0.343392
0.330006 0.330006 0.330006 0.330007 0.330007 0.330007 0.330007 0.330007 0.330007 0.330008
0.309946 0.309947 0.309947 0.309947 0.309948 0.309948 0.309948 0.309948 0.309948 0.309948
0.290145 0.290146 0.290146 0.290146 0.290147 0.290147 0.290147 0.290147 0.290148 0.290148
0.275349 0.275349  0.27535  0.27535 0.275351 0.275351 0.275351 0.275351 0.275351 0.275352
0.264617 0.264618 0.264619 0.264619  0.26462  0.26462  0.26462  0.26462 0.264621 0.264621
 0.25857 0.258571 0.258571 0.258572 0.258572 0.258573 0.258573 0.258573 0.258574 0.258574
0.257367 0.257368 0.257369 0.257369  0.25737  0.25737 0.257371 0.257371 0.257371 0.257371
0.262849  0.26285 0.262851 0.262852 0.262852 0.262853 0.262853 0.262854 0.262854 0.262854
 0.27439 0.274391 0.274392 0.274393 0.274394 0.274394 0.274395 0.274395 0.274396 0.274396
0.284023 0.284024 0.284025 0.284026 0.284026 0.284027 0.284028 0.284028 0.284029 0.284029
0.294356 0.294357 0.294358 0.294358 0.294359  0.29436 0.294361 0.294362 0.294362 0.294362
0.294851 0.294853 0.294853 0.294854 0.294856 0.294857 0.294858 0.294858 0.294859 0.294859
0.263157 0.263158 0.263159  0.26316 0.263162 0.263163 0.263164 0.263164 0.263165 0.263165
0.215126 0.215127 0.215128  0.21513 0.215131 0.215132 0.215133 0.215133 0.215134 0.215134
0.205201 0.205203 0.205204 0.205206 0.205207 0.205208 0.205208 0.205209 0.205209 0.205209
0.221858  0.22186 0.221861 0.221862 0.221863 0.221863 0.221864 0.221864 0.221864 0.221864
0.241768 0.241769  0.24177  0.24177 0.241771 0.241771 0.241771 0.241771 0.241771 0.241771
0.256282 0.256283 0.256283 0.256283 0.256283 0.256283 0.256283 0.256283 0.256283 0.256283
0.260061 0.260061 0.260061 0.260061 0.260061  0.26006  0.26006  0.26006  0.26006  0.26006
0.254571  0.25457  0.25457 0.254569 0.254569 0.254569 0.254568 0.254568 0.254568 0.254568
0.248522 0.248521  0.24852  0.24852 0.248519 0.248519 0.248519 0.248519 0.248518 0.248518
0.243689 0.243688 0.243688 0.243687 0.243686 0.243686 0.243686 0.243686 0.243685 0.243685
0.242899 0.242898 0.242897 0.242896 0.242896 0.242895 0.242895 0.242895 0.242895 0.242894
0.248706 0.248704 0.248704 0.248703 0.248703 0.248702 0.248702 0.248702 0.248702 0.248702
0.261655 0.261655 0.261654 0.261654 0.261653 0.261653 0.261652 0.261652 0.261652 0.261652
 0.26968 0.269679 0.269678 0.269678 0.269677 0.269677 0.269677 0.269677 0.269676 0.269676
 0.26981 0.269809 0.269808 0.269808 0.269808 0.269807 0.269807 0.269807 0.269807 0.269807
0.268578 0.268578 0.268577 0.268577 0.268576 0.268576 0.268576 0.268576 0.268576 0.268576
0.284747 0.284746 0.284746 0.284745 0.284745 0.284745 0.284745 0.284744 0.284744 0.284744
0.304608 0.304607 0.304607 0.304606 0.304606 0.304606 0.304606 0.304606 0.304605 0.304605
0.325452 0.325451 0.325451 0.325451  0.32545  0.32545  0.32545  0.32545  0.32545  0.32545
0.343872 0.343872 0.343872 0.343871 0.343871 0.343871 0.343871 0.343871 0.343871 0.343871
0.357261  0.35726  0.35726  0.35726  0.35726 0.357259 0.357259 0.357259 0.357259 0.357259
0.367447 0.367447 0.367446 0.367446 0.367446 0.367446 0.367446 0.367446 0.367446 0.367446
 0.37262  0.37262  0.37262 0.372619 0.372619 0.372619 0.372619 0.372619 0.372619 0.372619
0.372665 0.372665 0.372664 0.372664 0.372664 0.372664 0.372664 0.372664 0.372664 0.372664
0.369147 0.369147 0.369147 0.369147 0.369146 0.369146 0.369146 0.369146 0.369146 0.369146
0.363241 0.363241 0.363241 0.363241 0.363241 0.363241 0.363241 0.363241 0.363241 0.363241
0.355798 0.355798 0.355798 0.355798 0.355798 0.355798 0.355798 0.355798 0.355798 0.355798
0.347566 0.347566 0.347567 0.347567 0.347567 0.347567 0.347567 0.347567 0.347567 0.347567
0.338755 0.338755 0.338755 0.338755 0.338755 0.338755 0.338755 0.338755 0.338755 0.338755
0.329308 0.329309 0.329309 0.329309 0.329309 0.329309 0.329309  0.32931  0.32931  0.32931
0.317823 0.317823 0.317823 0.317823 0.317823 0.317824 0.317824 0.317824 0.317824 0.317824
0.305159  0.30516  0.30516  0.30516 0.305161 0.305161 0.305161 0.305161 0.305161 0.305161
0.293184 0.293184 0.293185 0.293185 0.293185 0.293186 0.293186 0.293186 0.293186 0.293186
0.283223 0.283224 0.283224 0.283225 0.283225 0.283225 0.283226 0.283226 0.283226 0.283226
0.276074 0.276074 0.276075 0.276075 0.276076 0.276076 0.276076 0.276077 0.276077 0.276077
0.270102 0.270103 0.270103 0.270104 0.270105 0.270105 0.270105 0.270106 0.270106 0.270106
 0.26395  0.26395 0.263951 0.263952 0.263952 0.263953 0.263953 0.263954 0.263954 0.263954
0.257025 0.257026 0.257027 0.257028 0.257028 0.257029 0.257029  0.25703  0.25703 0.257031
0.181305 0.181306 0.181307 0.181307 0.181308 0.181309  0.18131  0.18131 0.181311 0.181311
0.0800342 0.0800352 0.0800361 0.0800369 0.0800383 0.0800394 0.0800403 0.0800409 0.0800413 0.0800414
-0.00208757 -0.00208652 -0.00208558 -0.00208392 -0.00208253 -0.00208141 -0.00208057 -0.00207999 -0.00207965  -0.0020795
-0.0453254 -0.0453244 -0.0453226  -0.045321 -0.0453197 -0.0453187  -0.045318 -0.0453174 -0.0453172  -0.045317
-0.0439156 -0.0439138 -0.0439123 -0.0439109 -0.0439099  -0.043909 -0.0439085 -0.0439081 -0.0439079 -0.0439078
-0.0312114   -0.03121 -0.0312088 -0.0312079 -0.0312071 -0.0312066 -0.0312062  -0.031206 -0.0312059 -0.0312058
 -0.022669 -0.0226682 -0.0226675  -0.022667 -0.0226666 -0.0226663 -0.0226661 -0.0226661 -0.0226661 -0.0226661
-0.0368221 -0.0368217 -0.0368214 -0.0368212 -0.0368211 -0.0368211 -0.0368211 -0.0368212 -0.0368213 -0.0368213
-0.0517209 -0.0517209 -0.0517209 -0.0517211 -0.0517212 -0.0517215 -0.0517217 -0.0517218 -0.0517219 -0.0517219
 -0.065333 -0.0653333 -0.0653337 -0.0653341 -0.0653346  -0.065335 -0.0653352 -0.0653353 -0.0653354 -0.0653355
-0.0711792 -0.0711797 -0.0711803 -0.0711808 -0.0711814 -0.0711816 -0.0711819  -0.071182 -0.0711822 -0.0711822
 -0.063071 -0.0630718 -0.0630726 -0.0630733 -0.0630737  -0.063074 -0.0630743 -0.0630745 -0.0630747 -0.0630747
-0.0534407 -0.0534417 -0.0534427 -0.0534432 -0.0534436  -0.053444 -0.0534443 -0.0534445 -0.0534447 -0.0534448
-0.0439111 -0.0439123 -0.0439128 -0.0439134 -0.0439138 -0.0439142 -0.0439146 -0.0439148  -0.043915 -0.0439151
-0.0299087 -0.0299093 -0.0299099 -0.0299105  -0.029911 -0.0299114 -0.0299117  -0.029912 -0.0299121 -0.0299122
-0.0135784  -0.013579 -0.0135795 -0.0135801 -0.0135805 -0.0135809 -0.0135812 -0.0135815 -0.0135816 -0.0135817
0.00223463 0.00223408 0.00223356 0.00223308 0.00223266 0.00223229   0.002232 0.00223177 0.00223162 0.00223155
0.0198691 0.0198686 0.0198681 0.0198677 0.0198673 0.0198669 0.0198667 0.0198665 0.0198663 0.0198662
0.0315287 0.0315283 0.0315279 0.0315275 0.0315271 0.0315268 0.0315265 0.0315263 0.0315262 0.0315261
0.0392673 0.0392669 0.0392665 0.0392662 0.0392659 0.0392656 0.0392653 0.0392652  0.039265  0.039265
0.0600003      0.06 0.0599996 0.0599993  0.059999 0.0599987 0.0599985 0.0599983 0.0599982 0.0599982
0.0971579 0.0971576 0.0971572 0.0971569 0.0971566 0.0971563 0.0971561  0.097156 0.0971559 0.0971558
0.131899 0.131899 0.131898 0.131898 0.131898 0.131897 0.131897 0.131897 0.131897 0.131897
0.158333 0.158332 0.158332 0.158332 0.158331 0.158331 0.158331 0.158331 0.158331 0.158331
0.176064 0.176063 0.176063 0.176063 0.176062 0.176062 0.176062 0.176062 0.176062 0.176062
0.185653 0.185653 0.185652 0.185652 0.185652 0.185651 0.185651 0.185651 0.185651 0.185651
0.190825 0.190825 0.190825 0.190824 0.190824 0.190824 0.190824 0.190824 0.190824 0.190824
0.191315 0.191315 0.191315 0.191315 0.191314 0.191314 0.191314 0.191314 0.191314 0.191314
0.183816 0.183816 0.183816 0.183816 0.183815 0.183815 0.183815 0.183815 0.183815 0.183815
0.157628 0.157628 0.157628 0.157628 0.157628 0.157627 0.157627 0.157627 0.157627 0.157627
0.125755 0.125755 0.125755 0.125755 0.125755 0.125755 0.125755 0.125754 0.125754 0.125754
0.0983289 0.0983288 0.0983286 0.0983285 0.0983284 0.0983283 0.0983282 0.0983281  0.098328  0.098328
0.0803396 0.0803395 0.0803394 0.0803393 0.0803392 0.0803391  0.080339 0.0803389 0.0803389 0.0803389
0.0689612 0.0689612 0.0689611  0.068961 0.0689609 0.0689608 0.0689607 0.0689607 0.0689606 0.0689606
0.0623213 0.0623213 0.0623212 0.0623212 0.0623211  0.062321 0.0623209 0.0623209 0.0623208 0.0623208
 0.063974 0.0639739 0.0639739 0.0639738 0.0639737 0.0639737 0.0639736 0.0639735 0.0639735 0.0639735
0.0713201   0.07132   0.07132 0.0713199 0.0713198 0.0713198 0.0713197 0.0713197 0.0713196 0.0713196
0.0816838 0.0816838 0.0816837 0.0816837 0.0816836 0.0816836 0.0816835 0.0816835 0.0816834 0.0816834
0.0927323 0.0927323 0.0927322 0.0927322 0.0927322 0.0927321 0.0927321 0.0927321 0.0927321 0.0927321
0.103554 0.103554 0.103554 0.103554 0.103554 0.103554 0.103554 0.103554 0.103554 0.103554
0.109125 0.109125 0.109125 0.109125 0.109125 0.109126 0.109126 0.109126 0.109126 0.109126
 0.11382 0.113821 0.113821 0.113821 0.113821 0.113822 0.113822 0.113822 0.113822 0.113822
0.121866 0.121867 0.121867 0.121868 0.121868 0.121869 0.121869 0.121869 0.121869  0.12187
0.134822 0.134822 0.134823 0.134824 0.134824 0.134825 0.134826 0.134826 0.134826 0.134827
0.152022 0.152023 0.152024 0.152026 0.152027 0.152027 0.152028 0.152029 0.152029 0.152029
0.172319  0.17232 0.172322 0.172324 0.172325 0.172326 0.172327 0.172328 0.172328 0.172328
0.195709 0.195711 0.195713 0.195715 0.195717 0.195718 0.195719  0.19572  0.19572  0.19572
0.205234 0.205237 0.205239 0.205241 0.205243 0.205244 0.205246 0.205246 0.205247 0.205247
0.202977 0.202979 0.202982 0.202984 0.202986 0.202988 0.202989  0.20299  0.20299  0.20299
0.196538 0.196541 0.196544 0.196546 0.196548  0.19655  0.19655 0.196551 0.196551 0.196551
0.191043 0.191043 0.191044 0.191044 0.191044 0.191044 0.191045 0.191045 0.191045 0.191045
0.188376 0.188377 0.188377 0.188377 0.188377 0.188378 0.188378 0.188378 0.188378 0.188378
0.187901 0.187902 0.187902 0.187903 0.187903 0.187903 0.187903 0.187903 0.187903 0.187903
0.188488 0.188489 0.188489 0.188489 0.188489 0.188489 0.188489 0.188489 0.188489 0.188489
0.190842 0.190842 0.190842 0.190843 0.190843 0.190843 0.190843 0.190843 0.190843 0.190843
0.179206 0.179206 0.179206 0.179206 0.179207 0.179207 0.179207 0.179207 0.179207 0.179207
0.167424 0.167424 0.167425 0.167425 0.167425 0.167425 0.167425 0.167425 0.167425 0.167425
0.161274 0.161274 0.161274 0.161275 0.161275 0.161275 0.161275 0.161275 0.161275 0.161275
0.159721 0.159721 0.159721 0.159721 0.159721 0.159722 0.159722 0.159722 0.159722 0.159722
0.161384 0.161385 0.161385 0.161385 0.161385 0.161385 0.161385 0.161385 0.161385 0.161385
0.159105 0.159105 0.159105 0.159105 0.159106 0.159106 0.159106 0.159106 0.159106 0.159106
0.151612 0.151612 0.151612 0.151612 0.151612 0.151612 0.151612 0.151612 0.151612 0.151612
0.138868 0.138868 0.138868 0.138868 0.138868 0.138868 0.138869 0.138869 0.138869 0.138869
0.121815 0.121815 0.121815 0.121815 0.121815 0.121815 0.121815 0.121815 0.121815 0.121815
0.102081 0.102081 0.102081 0.102081 0.102081 0.102081 0.102081 0.102081 0.102081 0.102081
0.0815276 0.0815277 0.0815277 0.0815278 0.0815278 0.0815279 0.0815279 0.0815279 0.0815279 0.0815279
0.0622344 0.0622345 0.0622345 0.0622346 0.0622347 0.0622347 0.0622347 0.0622347 0.0622347 0.0622347
0.0445356 0.0445358 0.0445358 0.0445359  0.044536  0.044536 0.0445361 0.0445361 0.0445361 0.0445361
0.0287411 0.0287412 0.0287413 0.0287414 0.0287415 0.0287415 0.0287416 0.0287416 0.0287416 0.0287416
0.0148062 0.0148063 0.0148065 0.0148066 0.0148067 0.0148067 0.0148068 0.0148068 0.0148068 0.0148068
0.00311385 0.00311402 0.00311416 0.00311427 0.00311437 0.00311444 0.00311449 0.00311452 0.00311454 0.00311455
-0.00621922 -0.00621904 -0.00621888 -0.00621876 -0.00621865 -0.00621857 -0.00621852 -0.00621848 -0.00621845 -0.00621845
-0.0133975 -0.0133973 -0.0133971  -0.013397 -0.0133969 -0.0133968 -0.0133967 -0.0133967 -0.0133966 -0.0133966
-0.0194508 -0.0194506 -0.0194504 -0.0194503 -0.0194502 -0.0194501   -0.01945   -0.01945 -0.0194499 -0.0194499
 -0.025074 -0.0250738 -0.0250736 -0.0250734 -0.0250733 -0.0250732 -0.0250732 -0.0250731 -0.0250731 -0.0250731
-0.0307112  -0.030711 -0.0307108 -0.0307106 -0.0307105 -0.0307104 -0.0307103 -0.0307103 -0.0307102 -0.0307102
-0.0365072  -0.036507 -0.0365068 -0.0365067 -0.0365065 -0.0365065 -0.0365064 -0.0365064 -0.0365064 -0.0365064
-0.0430064 -0.0430062 -0.0430061  -0.043006 -0.0430059 -0.0430058 -0.0430058 -0.0430058 -0.0430058 -0.0430059
-0.0503376 -0.0503374 -0.0503374 -0.0503373 -0.0503373 -0.0503373 -0.0503373 -0.0503374 -0.0503375 -0.0503376
-0.0576305 -0.0576305 -0.0576305 -0.0576305 -0.0576306 -0.0576306 -0.0576308  -0.057631 -0.0576312 -0.0576313
 -0.060805 -0.0608051 -0.0608052 -0.0608054 -0.0608056 -0.0608059 -0.0608063 -0.0608066 -0.0608068  -0.060807
-0.0624435 -0.0624438 -0.0624441 -0.0624444  -0.062445 -0.0624456 -0.0624461 -0.0624466 -0.0624469 -0.0624471
-0.0639078 -0.0639083 -0.0639088 -0.0639098 -0.0639107 -0.0639115 -0.0639122 -0.0639128 -0.0639132 -0.0639134
-0.0685875 -0.0685883 -0.0685897  -0.068591 -0.0685922 -0.0685933 -0.0685942 -0.0685949 -0.0685954 -0.0685956
 -0.070466  -0.070468 -0.0704699 -0.0704717 -0.0704732 -0.0704746 -0.0704757 -0.0704765 -0.0704771 -0.0704774
-0.0690105 -0.0690125 -0.0690144 -0.0690161 -0.0690177  -0.069019 -0.0690201  -0.069021 -0.0690215 -0.0690218
-0.0660794 -0.0660814 -0.0660833  -0.066085 -0.0660866 -0.0660879  -0.066089 -0.0660899 -0.0660905 -0.0660906
-0.0616072 -0.0616092 -0.0616111 -0.0616129 -0.0616144 -0.0616158 -0.0616169 -0.0616177  -0.061618 -0.0616181
-0.0546816 -0.0546836 -0.0546855 -0.0546872 -0.0546887 -0.0546901 -0.0546912 -0.0546916 -0.0546919  -0.054692
-0.0448823 -0.0448843 -0.0448862 -0.0448879 -0.0448895 -0.0448908 -0.0448913 -0.0448918  -0.044892 -0.0448922
 -0.043091  -0.043093 -0.0430948 -0.0430965 -0.0430981 -0.0430994    -0.0431 -0.0431004 -0.0431007 -0.0431008
 -0.043091  -0.043093 -0.0430948 -0.0430965 -0.0430981 -0.0430994    -0.0431 -0.0431004 -0.0431007 -0.0431008
 -0.043091  -0.043093 -0.0430948 -0.0430965 -0.0430981 -0.0430994    -0.0431 -0.0431004 -0.0431007 -0.0431008
 -0.043091  -0.043093 -0.0430948 -0.0430965 -0.0430981 -0.0430994    -0.0431 -0.0431004 -0.0431007 -0.0431008
 -0.043091  -0.043093 -0.0430948 -0.0430965 -0.0430981 -0.0430994    -0.0431 -0.0431004 -0.0431007 -0.0431008
 -0.043091  -0.043093 -0.0430948 -0.0430965 -0.0430981 -0.0430994    -0.0431 -0.0431004 -0.0431007 -0.0431008
 -0.043091  -0.043093 -0.0430948 -0.0430965 -0.0430981 -0.0430994    -0.0431 -0.0431004 -0.0431007 -0.0431008
 -0.043091  -0.043093 -0.0430948 -0.0430965 -0.0430981 -0.0430994    -0.0431 -0.0431004 -0.0431007 -0.0431008
 -0.043091  -0.043093 -0.0430948 -0.0430965 -0.0430981 -0.0430994    -0.0431 -0.0431004 -0.0431007 -0.0431008
 -0.043091  -0.043093 -0.0430948 -0.0430965 -0.0430981 -0.0430994    -0.0431 -0.0431004 -0.0431007 -0.0431008
 -0.043091  -0.043093 -0.0430948 -0.0430965 -0.0430981 -0.0430994    -0.0431 -0.0431004 -0.0431007 -0.0431008
 -0.043091  -0.043093 -0.0430948 -0.0430965 -0.0430981 -0.0430994    -0.0431 -0.0431004 -0.0431007 -0.0431008
 -0.043091  -0.043093 -0.0430948 -0.0430965 -0.0430981 -0.0430994    -0.0431 -0.0431004 -0.0431007 -0.0431008
 -0.043091  -0.043093 -0.0430948 -0.0430965 -0.0430981 -0.0430994    -0.0431 -0.0431004 -0.0431007 -0.0431008
 -0.043091  -0.043093 -0.0430948 -0.0430965 -0.0430981 -0.0430994    -0.0431 -0.0431004 -0.0431007 -0.0431008
 -0.043091  -0.043093 -0.0430948 -0.0430965 -0.0430981 -0.0430994    -0.0431 -0.0431004 -0.0431007 -0.0431008
 -0.043091  -0.043093 -0.0430948 -0.0430965 -0.0430981 -0.0430994    -0.0431 -0.0431004 -0.0431007 -0.0431008
 -0.043091  -0.043093 -0.0430948 -0.0430965 -0.0430981 -0.0430994    -0.0431 -0.0431004 -0.0431007 -0.0431008
 -0.043091  -0.043093 -0.0430948 -0.0430965 -0.0430981 -0.0430994    -0.0431 -0.0431004 -0.0431007 -0.0431008
 -0.043091  -0.043093 -0.0430948 -0.0430965 -0.0430981 -0.0430994    -0.0431 -0.0431004 -0.0431007 -0.0431008
 -0.043091  -0.043093 -0.0430948 -0.0430965 -0.0430981 -0.0430994    -0.0431 -0.0431004 -0.0431007 -0.0431008
 -0.043091  -0.043093 -0.0430948 -0.0430965 -0.0430981 -0.0430994    -0.0431 -0.0431004 -0.0431007 -0.0431008
 -0.043091  -0.043093 -0.0430948 -0.0430965 -0.0430981 -0.0430994    -0.0431 -0.0431004 -0.0431007 -0.0431008
 -0.043091  -0.043093 -0.0430948 -0.0430965 -0.0430981 -0.0430994    -0.0431 -0.0431004 -0.0431007 -0.0431008
 -0.043091  -0.043093 -0.0430948 -0.0430965 -0.0430981 -0.0430994    -0.0431 -0.0431004 -0.0431007 -0.0431008
 -0.043091  -0.043093 -0.0430948 -0.0430965 -0.0430981 -0.0430994    -0.0431 -0.0431004 -0.0431007 -0.0431008
 -0.043091  -0.043093 -0.0430948 -0.0430965 -0.0430981 -0.0430994    -0.0431 -0.0431004 -0.0431007 -0.0431008
 -0.043091  -0.043093 -0.0430948 -0.0430965 -0.0430981 -0.0430994    -0.0431 -0.0431004 -0.0431007 -0.0431008
 -0.043091  -0.043093 -0.0430948 -0.0430965 -0.0430981 -0.0430994    -0.0431 -0.0431004 -0.0431007 -0.0431008
 -0.043091  -0.043093 -0.0430948 -0.0430965 -0.0430981 -0.0430994    -0.0431 -0.0431004 -0.0431007 -0.0431008
 -0.043091  -0.043093 -0.0430948 -0.0430965 -0.0430981 -0.0430994    -0.0431 -0.0431004 -0.0431007 -0.0431008
 -0.043091  -0.043093 -0.0430948 -0.0430965 -0.0430981 -0.0430994    -0.0431 -0.0431004 -0.0431007 -0.0431008
 -0.043091  -0.043093 -0.0430948 -0.0430965 -0.0430981 -0.0430994    -0.0431 -0.0431004 -0.0431007 -0.0431008
 -0.043091  -0.043093 -0.0430948 -0.0430965 -0.0430981 -0.0430994    -0.0431 -0.0431004 -0.0431007 -0.0431008
 -0.043091  -0.043093 -0.0430948 -0.0430965 -0.0430981 -0.0430994    -0.0431 -0.0431004 -0.0431007 -0.0431008
 -0.043091  -0.043093 -0.0430948 -0.0430965 -0.0430981 -0.0430994    -0.0431 -0.0431004 -0.0431007 -0.0431008
 -0.043091  -0.043093 -0.0430948 -0.0430965 -0.0430981 -0.0430994    -0.0431 -0.0431004 -0.0431007 -0.0431008
 -0.043091  -0.043093 -0.0430948 -0.0430965 -0.0430981 -0.0430994    -0.0431 -0.0431004 -0.0431007 -0.0431008
 -0.043091  -0.043093 -0.0430948 -0.0430965 -0.0430981 -0.0430994    -0.0431 -0.0431004 -0.0431007 -0.0431008
 -0.043091  -0.043093 -0.0430948 -0.0430965 -0.0430981 -0.0430994    -0.0431 -0.0431004 -0.0431007 -0.0431008
 -0.043091  -0.043093 -0.0430948 -0.0430965 -0.0430981 -0.0430994    -0.0431 -0.0431004 -0.0431007 -0.0431008
 -0.043091  -0.043093 -0.0430948 -0.0430965 -0.0430981 -0.0430994    -0.0431 -0.0431004 -0.0431007 -0.0431008
 -0.043091  -0.043093 -0.0430948 -0.0430965 -0.0430981 -0.0430994    -0.0431 -0.0431004 -0.0431007 -0.0431008
 -0.043091  -0.043093 -0.0430948 -0.0430965 -0.0430981 -0.0430994    -0.0431 -0.0431004 -0.0431007 -0.0431008
 -0.043091  -0.043093 -0.0430948 -0.0430965 -0.0430981 -0.0430994    -0.0431 -0.0431004 -0.0431007 -0.0431008
 -0.043091  -0.043093 -0.0430948 -0.0430965 -0.0430981 -0.0430994    -0.0431 -0.0431004 -0.0431007 -0.0431008
 -0.043091  -0.043093 -0.0430948 -0.0430965 -0.0430981 -0.0430994    -0.0431 -0.0431004 -0.0431007 -0.0431008
 -0.043091  -0.043093 -0.0430948 -0.0430965 -0.0430981 -0.0430994    -0.0431 -0.0431004 -0.0431007 -0.0431008
 -0.043091  -0.043093 -0.0430948 -0.0430965 -0.0430981 -0.0430994    -0.0431 -0.0431004 -0.0431007 -0.0431008
 -0.043091  -0.043093 -0.0430948 -0.0430965 -0.0430981 -0.0430994    -0.0431 -0.0431004 -0.0431007 -0.0431008
 -0.043091  -0.043093 -0.0430948 -0.0430965 -0.0430981 -0.0430994    -0.0431 -0.0431004 -0.0431007 -0.0431008
 -0.043091  -0.043093 -0.0430948 -0.0430965 -0.0430981 -0.0430994    -0.0431 -0.0431004 -0.0431007 -0.0431008
 -0.043091  -0.043093 -0.0430948 -0.0430965 -0.0430981 -0.0430994    -0.0431 -0.0431004 -0.0431007 -0.0431008
 -0.043091  -0.043093 -0.0430948 -0.0430965 -0.0430981 -0.0430994    -0.0431 -0.0431004 -0.0431007 -0.0431008
 -0.043091  -0.043093 -0.0430948 -0.0430965 -0.0430981 -0.0430994    -0.0431 -0.0431004 -0.0431007 -0.0431008
 -0.043091  -0.043093 -0.0430948 -0.0430965 -0.0430981 -0.0430994    -0.0431 -0.0431004 -0.0431007 -0.0431008
 -0.043091  -0.043093 -0.0430948 -0.0430965 -0.0430981 -0.0430994    -0.0431 -0.0431004 -0.0431007 -0.0431008
 -0.043091  -0.043093 -0.0430948 -0.0430965 -0.0430981 -0.0430994    -0.0431 -0.0431004 -0.0431007 -0.0431008
 -0.043091  -0.043093 -0.0430948 -0.0430965 -0.0430981 -0.0430994    -0.0431 -0.0431004 -0.0431007 -0.0431008
 -0.043091  -0.043093 -0.0430948 -0.0430965 -0.0430981 -0.0430994    -0.0431 -0.0431004 -0.0431007 -0.0431008
 -0.043091  -0.043093 -0.0430948 -0.0430965 -0.0430981 -0.0430994    -0.0431 -0.0431004 -0.0431007 -0.0431008
 -0.043091  -0.043093 -0.0430948 -0.0430965 -0.0430981 -0.0430994    -0.0431 -0.0431004 -0.0431007 -0.0431008
 -0.043091  -0.043093 -0.0430948 -0.0430965 -0.0430981 -0.0430994    -0.0431 -0.0431004 -0.0431007 -0.0431008
 -0.043091  -0.043093 -0.0430948 -0.0430965 -0.0430981 -0.0430994    -0.0431 -0.0431004 -0.0431007 -0.0431008
 -0.043091  -0.043093 -0.0430948 -0.0430965 -0.0430981 -0.0430994    -0.0431 -0.0431004 -0.0431007 -0.0431008
 -0.043091  -0.043093 -0.0430948 -0.0430965 -0.0430981 -0.0430994    -0.0431 -0.0431004 -0.0431007 -0.0431008
 -0.043091  -0.043093 -0.0430948 -0.0430965 -0.0430981 -0.0430994    -0.0431 -0.0431004 -0.0431007 -0.0431008
 -0.043091  -0.043093 -0.0430948 -0.0430965 -0.0430981 -0.0430994    -0.0431 -0.0431004 -0.0431007 -0.0431008
 -0.043091  -0.043093 -0.0430948 -0.0430965 -0.0430981 -0.0430994    -0.0431 -0.0431004 -0.0431007 -0.0431008
 -0.043091  -0.043093 -0.0430948 -0.0430965 -0.0430981 -0.0430994    -0.0431 -0.0431004 -0.0431007 -0.0431008
 -0.043091  -0.043093 -0.0430948 -0.0430965 -0.0430981 -0.0430994    -0.0431 -0.0431004 -0.0431007 -0.0431008
 -0.043091  -0.043093 -0.0430948 -0.0430965 -0.0430981 -0.0430994    -0.0431 -0.0431004 -0.0431007 -0.0431008
 -0.043091  -0.043093 -0.0430948 -0.0430965 -0.0430981 -0.0430994    -0.0431 -0.0431004 -0.0431007 -0.0431008
 -0.043091  -0.043093 -0.0430948 -0.0430965 -0.0430981 -0.0430994    -0.0431 -0.0431004 -0.0431007 -0.0431008
 -0.043091  -0.043093 -0.0430948 -0.0430965 -0.0430981 -0.0430994    -0.0431 -0.0431004 -0.0431007 -0.0431008
 -0.043091  -0.043093 -0.0430948 -0.0430965 -0.0430981 -0.0430994    -0.0431 -0.0431004 -0.0431007 -0.0431008
 -0.043091  -0.043093 -0.0430948 -0.0430965 -0.0430981 -0.0430994    -0.0431 -0.0431004 -0.0431007 -0.0431008
 -0.043091  -0.043093 -0.0430948 -0.0430965 -0.0430981 -0.0430994    -0.0431 -0.0431004 -0.0431007 -0.0431008
 -0.043091  -0.043093 -0.0430948 -0.0430965 -0.0430981 -0.0430994    -0.0431 -0.0431004 -0.0431007 -0.0431008
 -0.043091  -0.043093 -0.0430948 -0.0430965 -0.0430981 -0.0430994    -0.0431 -0.0431004 -0.0431007 -0.0431008
 -0.043091  -0.043093 -0.0430948 -0.0430965 -0.0430981 -0.0430994    -0.0431 -0.0431004 -0.0431007 -0.0431008
 -0.043091  -0.043093 -0.0430948 -0.0430965 -0.0430981 -0.0430994    -0.0431 -0.0431004 -0.0431007 -0.0431008
 -0.043091  -0.043093 -0.0430948 -0.0430965 -0.0430981 -0.0430994    -0.0431 -0.0431004 -0.0431007 -0.0431008
 -0.043091  -0.043093 -0.0430948 -0.0430965 -0.0430981 -0.0430994    -0.0431 -0.0431004 -0.0431007 -0.0431008
 -0.043091  -0.043093 -0.0430948 -0.0430965 -0.0430981 -0.0430994    -0.0431 -0.0431004 -0.0431007 -0.0431008
 -0.043091  -0.043093 -0.0430948 -0.0430965 -0.0430981 -0.0430994    -0.0431 -0.0431004 -0.0431007 -0.0431008
 -0.043091  -0.043093 -0.0430948 -0.0430965 -0.0430981 -0.0430994    -0.0431 -0.0431004 -0.0431007 -0.0431008
 -0.043091  -0.043093 -0.0430948 -0.0430965 -0.0430981 -0.0430994    -0.0431 -0.0431004 -0.0431007 -0.0431008
 -0.043091  -0.043093 -0.0430948 -0.0430965 -0.0430981 -0.0430994    -0.0431 -0.0431004 -0.0431007 -0.0431008
 -0.043091  -0.043093 -0.0430948 -0.0430965 -0.0430981 -0.0430994    -0.0431 -0.0431004 -0.0431007 -0.0431008
 -0.043091  -0.043093 -0.0430948 -0.0430965 -0.0430981 -0.0430994    -0.0431 -0.0431004 -0.0431007 -0.0431008
 -0.043091  -0.043093 -0.0430948 -0.0430965 -0.0430981 -0.0430994    -0.0431 -0.0431004 -0.0431007 -0.0431008
 -0.043091  -0.043093 -0.0430948 -0.0430965 -0.0430981 -0.0430994    -0.0431 -0.0431004 -0.0431007 -0.0431008
 -0.043091  -0.043093 -0.0430948 -0.0430965 -0.0430981 -0.0430994    -0.0431 -0.0431004 -0.0431007 -0.0431008
 -0.043091  -0.043093 -0.0430948 -0.0430965 -0.0430981 -0.0430994    -0.0431 -0.0431004 -0.0431007 -0.0431008
 -0.043091  -0.043093 -0.0430948 -0.0430965 -0.0430981 -0.0430994    -0.0431 -0.0431004 -0.0431007 -0.0431008
 -0.043091  -0.043093 -0.0430948 -0.0430965 -0.0430981 -0.0430994    -0.0431 -0.0431004 -0.0431007 -0.0431008
 -0.043091  -0.043093 -0.0430948 -0.0430965 -0.0430981 -0.0430994    -0.0431 -0.0431004 -0.0431007 -0.0431008
 -0.043091  -0.043093 -0.0430948 -0.0430965 -0.0430981 -0.0430994    -0.0431 -0.0431004 -0.0431007 -0.0431008
 -0.043091  -0.043093 -0.0430948 -0.0430965 -0.0430981 -0.0430994    -0.0431 -0.0431004 -0.0431007 -0.0431008
 -0.043091  -0.043093 -0.0430948 -0.0430965 -0.0430981 -0.0430994    -0.0431 -0.0431004 -0.0431007 -0.0431008
 -0.043091  -0.043093 -0.0430948 -0.0430965 -0.0430981 -0.0430994    -0.0431 -0.0431004 -0.0431007 -0.0431008
 -0.043091  -0.043093 -0.0430948 -0.0430965 -0.0430981 -0.0430994    -0.0431 -0.0431004 -0.0431007 -0.0431008
 -0.043091  -0.043093 -0.0430948 -0.0430965 -0.0430981 -0.0430994    -0.0431 -0.0431004 -0.0431007 -0.0431008
 -0.043091  -0.043093 -0.0430948 -0.0430965 -0.0430981 -0.0430994    -0.0431 -0.0431004 -0.0431007 -0.0431008
 -0.043091  -0.043093 -0.0430948 -0.0430965 -0.0430981 -0.0430994    -0.0431 -0.0431004 -0.0431007 -0.0431008
 -0.043091  -0.043093 -0.0430948 -0.0430965 -0.0430981 -0.0430994    -0.0431 -0.0431004 -0.0431007 -0.0431008
 -0.043091  -0.043093 -0.0430948 -0.0430965 -0.0430981 -0.0430994    -0.0431 -0.0431004 -0.0431007 -0.0431008
 -0.043091  -0.043093 -0.0430948 -0.0430965 -0.0430981 -0.0430994    -0.0431 -0.0431004 -0.0431007 -0.0431008
 -0.043091  -0.043093 -0.0430948 -0.0430965 -0.0430981 -0.0430994    -0.0431 -0.0431004 -0.0431007 -0.0431008
 -0.043091  -0.043093 -0.0430948 -0.0430965 -0.0430981 -0.0430994    -0.0431 -0.0431004 -0.0431007 -0.0431008
 -0.043091  -0.043093 -0.0430948 -0.0430965 -0.0430981 -0.0430994    -0.0431 -0.0431004 -0.0431007 -0.0431008
 -0.043091  -0.043093 -0.0430948 -0.0430965 -0.0430981 -0.0430994    -0.0431 -0.0431004 -0.0431007 -0.0431008
 -0.043091  -0.043093 -0.0430948 -0.0430965 -0.0430981 -0.0430994    -0.0431 -0.0431004 -0.0431007 -0.0431008
 -0.043091  -0.043093 -0.0430948 -0.0430965 -0.0430981 -0.0430994    -0.0431 -0.0431004 -0.0431007 -0.0431008
 -0.043091  -0.043093 -0.0430948 -0.0430965 -0.0430981 -0.0430994    -0.0431 -0.0431004 -0.0431007 -0.0431008
 -0.043091  -0.043093 -0.0430948 -0.0430965 -0.0430981 -0.0430994    -0.0431 -0.0431004 -0.0431007 -0.0431008
 -0.043091  -0.043093 -0.0430948 -0.0430965 -0.0430981 -0.0430994    -0.0431 -0.0431004 -0.0431007 -0.0431008
 -0.043091  -0.043093 -0.0430948 -0.0430965 -0.0430981 -0.0430994    -0.0431 -0.0431004 -0.0431007 -0.0431008
 -0.043091  -0.043093 -0.0430948 -0.0430965 -0.0430981 -0.0430994    -0.0431 -0.0431004 -0.0431007 -0.0431008
 -0.043091  -0.043093 -0.0430948 -0.0430965 -0.0430981 -0.0430994    -0.0431 -0.0431004 -0.0431007 -0.0431008
 -0.043091  -0.043093 -0.0430948 -0.0430965 -0.0430981 -0.0430994    -0.0431 -0.0431004 -0.0431007 -0.0431008
 -0.043091  -0.043093 -0.0430948 -0.0430965 -0.0430981 -0.0430994    -0.0431 -0.0431004 -0.0431007 -0.0431008
 -0.043091  -0.043093 -0.0430948 -0.0430965 -0.0430981 -0.0430994    -0.0431 -0.0431004 -0.0431007 -0.0431008
 -0.043091  -0.043093 -0.0430948 -0.0430965 -0.0430981 -0.0430994    -0.0431 -0.0431004 -0.0431007 -0.0431008
 -0.043091  -0.043093 -0.0430948 -0.0430965 -0.0430981 -0.0430994    -0.0431 -0.0431004 -0.0431007 -0.0431008
 -0.043091  -0.043093 -0.0430948 -0.0430965 -0.0430981 -0.0430994    -0.0431 -0.0431004 -0.0431007 -0.0431008
 -0.043091  -0.043093 -0.0430948 -0.0430965 -0.0430981 -0.0430994    -0.0431 -0.0431004 -0.0431007 -0.0431008
 -0.043091  -0.043093 -0.0430948 -0.0430965 -0.0430981 -0.0430994    -0.0431 -0.0431004 -0.0431007 -0.0431008
 -0.043091  -0.043093 -0.0430948 -0.0430965 -0.0430981 -0.0430994    -0.0431 -0.0431004 -0.0431007 -0.0431008
 -0.043091  -0.043093 -0.0430948 -0.0430965 -0.0430981 -0.0430994    -0.0431 -0.0431004 -0.0431007 -0.0431008
 -0.043091  -0.043093 -0.0430948 -0.0430965 -0.0430981 -0.0430994    -0.0431 -0.0431004 -0.0431007 -0.0431008
 -0.043091  -0.043093 -0.0430948 -0.0430965 -0.0430981 -0.0430994    -0.0431 -0.0431004 -0.0431007 -0.0431008
 -0.043091  -0.043093 -0.0430948 -0.0430965 -0.0430981 -0.0430994    -0.0431 -0.0431004 -0.0431007 -0.0431008
