-0.000181441  -0.00014523 -0.000113082 -8.49909e-05  -6.0942e-05 -4.09156e-05 -2.48857e-05 -1.28203e-05 -4.68134e-06 -4.24633e-07
-0.000192901 -0.000155109 -0.000121434 -9.18833e-05  -6.6461e-05 -4.51632e-05 -2.79805e-05 -1.48974e-05 -5.89232e-06 -9.37726e-07
-0.000199195 -0.000160549 -0.000126044 -9.56977e-05 -6.95235e-05 -4.75269e-05 -2.97082e-05 -1.60612e-05 -6.57387e-06 -1.22818e-06
-0.000211087 -0.000170796 -0.000134703 -0.000102841 -7.52412e-05 -5.19252e-05 -3.29108e-05  -1.8209e-05 -7.82493e-06 -1.75759e-06
-0.000220381 -0.000178738 -0.000141354 -0.000108278 -7.95501e-05 -5.52043e-05 -3.52693e-05 -1.97679e-05 -8.71659e-06 -2.12578e-06
-0.000230614 -0.000187434 -0.000148599 -0.000114165 -8.41857e-05 -5.87067e-05 -3.77677e-05 -2.14028e-05 -9.63958e-06 -2.50006e-06
 -0.00024613 -0.000200652 -0.000159635 -0.000123157 -9.12873e-05 -6.40896e-05 -4.16219e-05 -2.39362e-05 -1.10784e-05 -3.08834e-06
-0.000262834 -0.000214859 -0.000171479  -0.00013279 -9.88804e-05 -6.98327e-05 -4.57238e-05 -2.66243e-05 -1.25991e-05 -3.70671e-06
-0.000275995 -0.000225957 -0.000180649 -0.000140176 -0.000104641 -7.41376e-05  -4.8755e-05 -2.85761e-05 -1.36777e-05 -4.13066e-06
-0.000283757 -0.000232352 -0.000185799  -0.00014421 -0.000107686 -7.63272e-05 -5.02243e-05 -2.94632e-05 -1.41239e-05 -4.28023e-06
-0.000287227 -0.000235022 -0.000187781  -0.00014561 -0.000108608 -7.68705e-05 -5.04841e-05 -2.95309e-05 -1.40869e-05 -4.22194e-06
 -0.00028855 -0.000235842   -0.0001882 -0.000145722   -0.0001085 -7.66215e-05 -5.01674e-05 -2.92123e-05 -1.38251e-05 -4.06869e-06
-0.000289058 -0.000235975 -0.000188051 -0.000145376 -0.000108034 -7.61054e-05 -4.96625e-05 -2.87724e-05 -1.34962e-05 -3.88901e-06
-0.000288817 -0.000235481 -0.000187386 -0.000144617 -0.000107249 -7.53526e-05 -4.89926e-05 -2.82277e-05 -1.31105e-05 -3.68761e-06
-0.000287187 -0.000233805 -0.000185738 -0.000143059 -0.000105834 -7.41245e-05 -4.79839e-05 -2.74614e-05 -1.25996e-05 -3.43555e-06
 -0.00028356 -0.000230428 -0.000182668 -0.000140342 -0.000103504 -7.22015e-05 -4.64772e-05 -2.63674e-05 -1.19026e-05 -3.10722e-06
-0.000277753 -0.000225196 -0.000178052 -0.000136368 -0.000100183 -6.95292e-05 -4.44355e-05 -2.49229e-05 -1.10073e-05 -2.69832e-06
-0.000269942 -0.000218269 -0.000172032 -0.000131259 -9.59727e-05 -6.61902e-05  -4.1922e-05 -2.31729e-05 -9.94177e-06 -2.22173e-06
-0.000260382 -0.000209874 -0.000164804 -0.000125182 -9.10125e-05 -6.22943e-05 -3.90196e-05  -2.1175e-05 -8.74127e-06 -1.69324e-06
-0.000249244 -0.000200162 -0.000156501  -0.00011825 -8.53954e-05 -5.79159e-05 -3.57845e-05 -1.89687e-05 -7.42985e-06 -1.12367e-06
-0.000236615 -0.000189213 -0.000147193 -0.000110524 -7.91718e-05 -5.30955e-05 -3.22477e-05 -1.65758e-05 -6.02118e-06 -5.19299e-07
-0.000222567 -0.000177091 -0.000136936 -0.000102052 -7.23824e-05 -4.78658e-05 -2.84343e-05 -1.40142e-05 -4.52622e-06  1.14874e-07
-0.000207194 -0.000163879 -0.000125804  -9.2896e-05 -6.50783e-05 -4.22676e-05 -2.43749e-05 -1.13052e-05 -2.95804e-06  7.72996e-07
-0.000190621 -0.000149688 -0.000113891 -8.31358e-05 -5.73243e-05 -3.63516e-05 -2.01072e-05  -8.4747e-06 -1.33216e-06  1.44824e-06
-0.000172999 -0.000134648 -0.000101308  -7.2864e-05 -4.91955e-05 -3.01763e-05 -1.56745e-05 -5.55224e-06  3.33856e-07  2.13299e-06
-0.000154466  -0.00011888 -8.81588e-05 -6.21663e-05 -4.07609e-05 -2.37952e-05  -1.1116e-05 -2.56432e-06  2.02442e-06  2.82054e-06
 -0.00013515 -0.000102493 -7.45348e-05 -5.11183e-05  -3.2081e-05 -1.72547e-05 -6.46551e-06  4.66394e-07  3.72634e-06  3.50534e-06
-0.000115165 -8.55855e-05 -6.05188e-05 -3.97878e-05 -2.32097e-05 -1.05962e-05 -1.75285e-06  3.52011e-06  5.42822e-06  4.18262e-06
-9.46257e-05 -6.82549e-05 -4.61924e-05 -2.82415e-05 -1.41999e-05 -3.85959e-06  2.99321e-06  6.57784e-06  7.11924e-06  4.84794e-06
-7.36541e-05 -5.06052e-05 -3.16423e-05 -1.65499e-05 -5.10707e-06  2.91301e-06  7.74269e-06  9.61993e-06  8.78827e-06  5.49677e-06
-5.23765e-05 -3.27436e-05 -1.69575e-05 -4.78522e-06  4.01208e-06  9.67886e-06  1.24651e-05  1.26265e-05  1.04241e-05  6.12462e-06
-3.09227e-05 -1.47796e-05 -2.22893e-06  6.97915e-06  1.31001e-05  1.63948e-05  1.71301e-05  1.55779e-05  1.20159e-05  6.72712e-06
-9.41916e-06  3.18002e-06  1.24554e-05  1.86724e-05  2.21017e-05  2.30198e-05  2.17085e-05  1.84554e-05  1.35532e-05  7.30023e-06
  1.201e-05 2.10311e-05 2.70099e-05 3.02258e-05 3.09637e-05 2.95141e-05 2.61729e-05 2.12414e-05 1.50265e-05 7.84027e-06
3.32401e-05 3.86693e-05  4.1349e-05 4.15711e-05 3.96334e-05 3.58388e-05  3.0496e-05 2.39189e-05 1.64266e-05 8.34374e-06
5.41461e-05 5.59903e-05 5.53874e-05 5.26405e-05 4.80585e-05 4.19557e-05 3.46516e-05 2.64712e-05 1.77446e-05 8.80738e-06
7.45966e-05 7.28843e-05 6.90353e-05 6.33624e-05 5.61841e-05  4.7824e-05 3.86114e-05 2.88806e-05  1.8971e-05 9.22758e-06
9.44559e-05 8.92381e-05 8.22003e-05 7.36633e-05 6.39534e-05 5.34023e-05 4.23468e-05 3.11291e-05 2.00963e-05 9.60079e-06
 0.00011358 0.000104932 9.47844e-05 8.34653e-05 7.13068e-05 5.86465e-05 4.58274e-05 3.31976e-05 2.11101e-05 9.92324e-06
0.000131784 0.000119809 0.000106659 9.26653e-05 7.81638e-05 6.34969e-05 4.90114e-05 3.50594e-05  2.1998e-05 1.01892e-05
0.000148033 0.000132972 0.000117059 0.000100626 8.40107e-05 6.75543e-05  5.1605e-05  3.6515e-05 2.26419e-05 1.03479e-05
 0.00016247 0.000144558 0.000126113 0.000107465 8.89487e-05 7.09044e-05 5.36766e-05 3.76152e-05 2.30749e-05 1.04151e-05
 0.00017521 0.000154676 0.000133922 0.000113273 9.30595e-05 7.36152e-05 5.52805e-05 3.83998e-05 2.33228e-05 1.04033e-05
0.000186089 0.000163191 0.000140378 0.000117966 9.62778e-05 7.56401e-05 5.63853e-05 3.88501e-05  2.3376e-05 1.03092e-05
0.000194742 0.000169796 0.000145226 0.000121337 9.84426e-05 7.68582e-05 5.69054e-05 3.89104e-05 2.32038e-05 1.01205e-05
0.000200771 0.000174153 0.000148186 0.000123161 9.93775e-05 7.71371e-05 5.67474e-05 3.85204e-05 2.27723e-05 9.82387e-06
 0.00020381 0.000175957 0.000149007 0.000123237 9.89263e-05  7.6361e-05 5.58304e-05 3.76284e-05 2.20536e-05 9.40859e-06
 0.00020354 0.000174938  0.00014747 0.000121389 9.69551e-05 7.44315e-05 5.40863e-05  3.6192e-05  2.1025e-05 8.86616e-06
0.000199693 0.000170883 0.000143405 0.000117489 9.33691e-05  7.1283e-05 5.14736e-05 3.41877e-05 1.96763e-05 8.19418e-06
0.000191427 0.000163083 0.000136231 0.000111071 8.78066e-05  6.6647e-05 4.78047e-05 3.14962e-05 1.79424e-05 7.36766e-06
0.000179361 0.000152085 0.000126421 0.000102535 8.05971e-05  6.0784e-05 4.32749e-05  2.8253e-05 1.59055e-05  6.4231e-06
0.000164205 0.000138504 0.000114494 9.23092e-05 7.20838e-05 5.39585e-05 3.80772e-05 2.45876e-05 1.36412e-05 5.39267e-06
 0.00014628 0.000122621 0.000100697 8.06031e-05 6.24383e-05 4.63061e-05 3.23135e-05 2.05709e-05 1.11925e-05 4.29549e-06
0.000125133 0.000104051 8.47055e-05 6.71521e-05 5.14515e-05 3.76681e-05 2.58698e-05 1.61278e-05  8.5167e-06 3.11399e-06
0.000101341 8.32959e-05 6.69471e-05 5.23117e-05 3.94103e-05 2.82672e-05 1.89099e-05 1.13693e-05 5.67925e-06 1.87641e-06
7.59065e-05 6.12121e-05 4.81413e-05 3.66713e-05 2.67829e-05 1.84604e-05 1.16913e-05 6.46618e-06 2.77827e-06 6.23478e-07
 5.07984e-05  3.95018e-05  2.97298e-05  2.14232e-05  1.45261e-05  8.98604e-06  4.75342e-06  1.78153e-06  2.62063e-08 -5.54377e-07
 2.80367e-05  1.99071e-05  1.31861e-05  7.78399e-06  3.61453e-06  5.94375e-07   -1.357e-06 -2.31753e-06 -2.36281e-06 -1.56638e-06
 9.81488e-06  4.32602e-06  1.20548e-07 -2.91201e-06 -4.87911e-06 -5.88538e-06 -6.03289e-06 -5.42133e-06 -4.14835e-06 -2.30978e-06
-6.18913e-06 -9.24526e-06 -1.11623e-05 -1.20656e-05 -1.20777e-05 -1.13184e-05 -9.90536e-06 -7.95404e-06 -5.57811e-06 -2.88976e-06
-1.99424e-05 -2.08333e-05 -2.07321e-05 -1.97745e-05 -1.80935e-05 -1.58196e-05 -1.30815e-05 -1.00058e-05  -6.7178e-06 -3.34148e-06
-3.07215e-05 -2.98245e-05  -2.8079e-05 -2.56255e-05  -2.2602e-05 -1.91447e-05 -1.53877e-05 -1.14636e-05 -7.50405e-06 -3.63947e-06
-3.88779e-05 -3.65339e-05 -3.34795e-05 -2.98554e-05 -2.58005e-05 -2.14516e-05 -1.69441e-05 -1.24122e-05 -7.98907e-06 -3.80747e-06
-4.43128e-05 -4.08898e-05 -3.68844e-05 -3.24337e-05 -2.76727e-05 -2.27349e-05 -1.77526e-05 -1.28572e-05 -8.17944e-06 -3.85008e-06
-4.65467e-05 -4.24978e-05 -3.79771e-05  -3.3113e-05 -2.80326e-05 -2.28614e-05 -1.77243e-05 -1.27455e-05 -8.04888e-06 -3.75875e-06
-4.61457e-05 -4.18422e-05 -3.71634e-05 -3.22256e-05 -2.71438e-05 -2.20321e-05 -1.70041e-05 -1.21731e-05 -7.65241e-06  -3.5563e-06
-4.48513e-05 -4.04356e-05 -3.57318e-05 -3.08429e-05 -2.58713e-05 -2.09186e-05  -1.6086e-05 -1.14752e-05  -7.1882e-06  -3.3282e-06
-4.47287e-05 -4.00679e-05 -3.52035e-05 -3.02276e-05 -2.52322e-05 -2.03084e-05  -1.5548e-05 -1.10431e-05 -6.88658e-06  -3.1733e-06
-4.58981e-05 -4.08451e-05 -3.56701e-05  -3.0457e-05 -2.52897e-05 -2.02518e-05 -1.54277e-05 -1.09026e-05 -6.76334e-06 -3.09865e-06
-4.77667e-05 -4.22521e-05 -3.66929e-05 -3.11662e-05 -2.57494e-05 -2.05201e-05 -1.55569e-05   -1.094e-05 -6.75125e-06 -3.07531e-06
-5.01616e-05 -4.41383e-05 -3.81432e-05 -3.22479e-05 -2.65245e-05 -2.10458e-05 -1.58861e-05 -1.11214e-05 -6.83038e-06 -3.09471e-06
-5.31704e-05 -4.65736e-05 -4.00755e-05 -3.37432e-05 -2.76447e-05 -2.18492e-05 -1.64277e-05 -1.14536e-05 -7.00346e-06 -3.15733e-06
-5.65931e-05 -4.93753e-05 -4.23266e-05   -3.551e-05 -2.89899e-05 -2.28326e-05 -1.71065e-05  -1.1883e-05 -7.23689e-06 -3.24768e-06
-5.97015e-05 -5.19268e-05 -4.43847e-05 -3.71341e-05 -3.02357e-05 -2.37524e-05   -1.775e-05 -1.22974e-05 -7.46821e-06 -3.34087e-06
 -6.3986e-05 -5.55222e-05 -4.73519e-05  -3.9532e-05 -3.21217e-05 -2.51828e-05 -1.87804e-05 -1.29837e-05 -7.86693e-06 -3.51004e-06
-6.91135e-05 -5.98733e-05 -5.09839e-05 -4.25017e-05  -3.4486e-05  -2.6999e-05  -2.0107e-05  -1.3881e-05 -8.39758e-06 -3.74018e-06
-7.18257e-05 -6.21578e-05 -5.28836e-05 -4.40554e-05 -3.57288e-05 -2.79633e-05 -2.08226e-05 -1.43763e-05 -8.70001e-06 -3.87714e-06
 -7.1225e-05 -6.16033e-05 -5.23993e-05 -4.36563e-05 -3.54217e-05  -2.7747e-05 -2.06889e-05 -1.43105e-05 -8.68199e-06  -3.8822e-06
-6.81653e-05 -5.89548e-05 -5.01686e-05 -4.18376e-05 -3.39974e-05 -2.66881e-05 -1.99562e-05 -1.38549e-05 -8.44584e-06 -3.80006e-06
-6.38839e-05 -5.52891e-05 -4.71105e-05 -3.93653e-05 -3.20756e-05 -2.52692e-05 -1.89807e-05 -1.32523e-05 -8.13575e-06 -3.69331e-06
-5.92634e-05 -5.13744e-05  -4.3881e-05 -3.67865e-05 -3.00997e-05 -2.38358e-05 -1.80177e-05  -1.2677e-05 -7.85548e-06 -3.60713e-06
 -5.4728e-05 -4.75808e-05 -4.07969e-05 -3.43662e-05  -2.8285e-05 -2.25565e-05 -1.71926e-05 -1.22149e-05 -7.65664e-06 -3.56423e-06
-5.04328e-05 -4.40439e-05 -3.79748e-05 -3.22026e-05 -2.67118e-05 -2.14946e-05  -1.6553e-05 -1.18995e-05 -7.55961e-06 -3.57379e-06
-4.64544e-05 -4.08306e-05  -3.5472e-05  -3.0344e-05 -2.54199e-05  -2.0682e-05  -1.6123e-05 -1.17477e-05 -7.57509e-06 -3.64079e-06
-4.28769e-05 -3.80134e-05 -3.33504e-05  -2.8842e-05 -2.44515e-05  -2.0152e-05 -1.59279e-05 -1.17774e-05 -7.71415e-06 -3.77035e-06
-3.98138e-05 -3.56902e-05 -3.16929e-05 -2.77657e-05 -2.38627e-05 -1.99485e-05 -1.60007e-05 -1.20116e-05 -7.99087e-06 -3.96887e-06
-3.74387e-05  -3.4011e-05 -3.06271e-05 -2.72215e-05 -2.37399e-05 -2.01396e-05 -1.63922e-05 -1.24856e-05 -8.42693e-06  -4.2462e-06
-3.59764e-05   -3.317e-05  -3.0318e-05 -2.73467e-05 -2.41945e-05 -2.08124e-05 -1.71674e-05 -1.32445e-05 -9.04983e-06  -4.6147e-06
-3.56741e-05 -3.33807e-05 -3.09471e-05 -2.82923e-05 -2.53488e-05 -2.20627e-05  -1.8398e-05  -1.4338e-05 -9.88984e-06 -5.08769e-06
-3.67677e-05  -3.4847e-05 -3.26877e-05 -3.02029e-05 -2.73203e-05  -2.3983e-05 -2.01532e-05 -1.58144e-05 -1.09758e-05 -5.67703e-06
-3.91772e-05 -3.74589e-05 -3.54014e-05 -3.29131e-05 -2.99186e-05 -2.63591e-05 -2.21968e-05 -1.74163e-05   -1.203e-05  -6.0886e-06
-4.24963e-05 -4.07902e-05 -3.86435e-05 -3.59614e-05 -3.26668e-05 -2.87006e-05 -2.40249e-05 -1.86261e-05  -1.2525e-05 -6.09632e-06
-4.61171e-05 -4.42291e-05 -4.18001e-05 -3.87339e-05 -3.49526e-05 -3.03967e-05 -2.50284e-05 -1.88398e-05 -1.21743e-05 -5.65799e-06
-4.92163e-05  -4.6966e-05  -4.4078e-05 -4.04554e-05 -3.60196e-05 -3.07097e-05 -2.44916e-05 -1.76789e-05 -1.08654e-05 -4.72663e-06
-5.08034e-05 -4.80345e-05 -4.45378e-05 -4.02155e-05  -3.4987e-05 -2.87939e-05 -2.19228e-05 -1.49369e-05 -8.47964e-06 -3.25558e-06
-5.01674e-05 -4.67471e-05 -4.25176e-05 -3.73799e-05  -3.1256e-05 -2.44084e-05 -1.73735e-05 -1.07642e-05 -5.25325e-06            0
-4.71097e-05 -4.28989e-05 -3.78074e-05 -3.17421e-05 -2.49481e-05 -1.79395e-05 -1.13033e-05 -5.68241e-06 -8.47033e-22            0
 -3.9171e-05 -3.43455e-05 -2.85771e-05 -2.20974e-05  -1.5403e-05  -9.0576e-06 -3.67555e-06 -1.69407e-21 -9.40395e-38            0
-2.43991e-05 -1.93562e-05 -1.36494e-05 -7.75935e-06  -2.2276e-06  2.36118e-06 -4.23516e-22 -1.88079e-37 -1.04405e-53            0
-2.32094e-06  2.16596e-06  6.75534e-06  1.09256e-05  1.41208e-05  4.23516e-22 -4.70198e-38  -2.0881e-53 -1.15913e-69            0
 2.15862e-05  2.50759e-05  2.80318e-05  2.99165e-05  3.38813e-21  4.70198e-38 -5.22024e-54 -2.31825e-69 -1.28689e-85            0
  4.00608e-05   4.27504e-05   4.42478e-05   3.38813e-21   3.76158e-37   5.22024e-54  -5.79563e-70  -2.57378e-85 -1.42873e-101             0
  5.02811e-05   5.26471e-05   1.35525e-20   3.76158e-37   4.17619e-53   5.79563e-70  -6.43445e-86 -2.85747e-101 -1.58621e-117             0
  5.00307e-05   1.35525e-20   1.50463e-36   4.17619e-53   4.63651e-69   6.43445e-86 -7.14367e-102 -3.17243e-117 -1.76105e-133             0
  6.77626e-21   1.50463e-36   1.67048e-52   4.63651e-69   5.14756e-85  7.14367e-102 -7.93107e-118  -3.5221e-133 -1.95516e-149             0
  7.52316e-37   1.67048e-52    1.8546e-68   5.14756e-85  5.71494e-101  7.93107e-118 -8.80525e-134 -3.91032e-149 -2.17066e-165             0
  8.35239e-53    1.8546e-68   2.05902e-84  5.71494e-101  6.34485e-117  8.80525e-134  -9.7758e-150 -4.34133e-165 -2.40992e-181             0
  9.27302e-69   2.05902e-84  2.28597e-100  6.34485e-117   7.0442e-133   9.7758e-150 -1.08533e-165 -4.81984e-181 -2.67555e-197             0
  1.02951e-84  2.28597e-100  2.53794e-116   7.0442e-133  7.82064e-149  1.08533e-165 -1.20496e-181  -5.3511e-197 -2.97046e-213             0
 1.14299e-100  2.53794e-116  2.81768e-132  7.82064e-149  8.68265e-165  1.20496e-181 -1.33777e-197 -5.94091e-213 -3.29787e-229             0
 1.26897e-116  2.81768e-132  3.12825e-148  8.68265e-165  9.63968e-181  1.33777e-197 -1.48523e-213 -6.59574e-229 -3.66137e-245             0
 1.40884e-132  3.12825e-148  3.47306e-164  9.63968e-181  1.07022e-196  1.48523e-213 -1.64893e-229 -7.32274e-245 -4.06494e-261             0
 1.56413e-148  3.47306e-164  3.85587e-180  1.07022e-196  1.18818e-212  1.64893e-229 -1.83068e-245 -8.12987e-261 -4.51299e-277             0
 1.73653e-164  3.85587e-180  4.28088e-196  1.18818e-212  1.31915e-228  1.83068e-245 -2.03247e-261 -9.02597e-277 -5.01042e-293             0
 1.92794e-180  4.28088e-196  4.75273e-212  1.31915e-228  1.46455e-244  2.03247e-261 -2.25649e-277 -1.00208e-292 -5.56268e-309             0
 2.14044e-196  4.75273e-212  5.27659e-228  1.46455e-244  1.62597e-260  2.25649e-277 -2.50521e-293 -1.11254e-308             0             0
 2.37636e-212  5.27659e-228  5.85819e-244  1.62597e-260  1.80519e-276  2.50521e-293 -2.78134e-309             0             0             0
2.63829e-228 5.85819e-244  6.5039e-260 1.80519e-276 2.00417e-292 2.78134e-309            0            0            0            0
 2.9291e-244  6.5039e-260 7.22078e-276 2.00417e-292 2.22507e-308            0            0            0            0            0
3.25195e-260 7.22078e-276 8.01667e-292 2.22507e-308 4.94066e-324            0            0            0            0            0
3.61039e-276 8.01667e-292  8.9003e-308 4.94066e-324            0            0            0            0            0            0
4.00834e-292  8.9003e-308 9.88131e-324            0            0            0            0            0            0            0
4.45015e-308 9.88131e-324            0            0            0            0            0            0            0            0
4.94066e-324            0            0            0            0            0            0            0            0            0
0 0 0 0 0 0 0 0 0 0
          0           0           0           0           0           0           0           0           0 2.03697e-05
          0           0           0           0           0           0           0           0 4.42872e-05 2.07592e-05
          0           0           0           0           0           0           0 7.13654e-05 4.46706e-05 2.05702e-05
          0           0           0           0           0           0 0.000100267 7.08032e-05 4.36557e-05 1.97875e-05
          0           0           0           0           0 0.000128468 9.71127e-05 6.76955e-05  4.1186e-05 1.84042e-05
          0           0           0           0 0.000152537 0.000120598 9.01374e-05 6.21097e-05 3.73326e-05 1.64652e-05
          0           0           0  0.00016854 0.000137652 0.000107729 7.96879e-05 5.43233e-05 3.22838e-05 1.40623e-05
          0           0 0.000172856 0.000144811  0.00011719  9.0853e-05 6.65517e-05 4.49069e-05 2.63968e-05 1.13582e-05
          0  0.00016002 0.000136986  0.00011383 9.13237e-05  7.0155e-05 5.08945e-05 3.39883e-05 1.97535e-05  8.3895e-06
0.000124665 0.000109085 9.28341e-05 7.65784e-05 6.09148e-05 4.63437e-05 3.32596e-05 2.19457e-05 1.25813e-05 5.25981e-06
7.11508e-05 6.22235e-05 5.27413e-05 4.32035e-05 3.40399e-05 2.55936e-05 1.81178e-05 1.17777e-05 6.66529e-06 2.80514e-06
2.40844e-05 2.13473e-05 1.80695e-05 1.46052e-05 1.12412e-05 8.19099e-06 5.59624e-06 3.53879e-06 2.04222e-06  9.1113e-07
-2.22886e-05 -1.86225e-05 -1.55768e-05 -1.29317e-05 -1.05283e-05  -8.2648e-06 -6.08746e-06  -3.9894e-06 -2.17916e-06 -8.13801e-07
-6.20506e-05 -5.25362e-05 -4.38072e-05 -3.57523e-05 -2.83138e-05 -2.14662e-05 -1.52241e-05 -9.81043e-06 -5.39624e-06 -2.10134e-06
-8.14973e-05 -6.93878e-05 -5.80709e-05  -4.7503e-05 -3.76834e-05 -2.86268e-05 -2.04779e-05  -1.3423e-05 -7.60134e-06 -3.10769e-06
-5.04864e-05 -4.20049e-05 -3.42823e-05  -2.7248e-05 -2.08554e-05 -1.51755e-05 -1.03267e-05 -6.37662e-06 -3.35133e-06 -1.23941e-06
-3.47038e-05 -2.78097e-05 -2.16951e-05 -1.62643e-05 -1.15571e-05 -7.65076e-06 -4.58118e-06 -2.33897e-06 -8.81056e-07 -1.33485e-07
 -2.6549e-05 -2.03771e-05 -1.49642e-05 -1.03168e-05 -6.50607e-06 -3.55117e-06 -1.43878e-06 -1.17225e-07  4.91634e-07  4.90869e-07
-2.19253e-05  -1.6191e-05 -1.12394e-05 -7.11559e-06 -3.85422e-06 -1.44184e-06  1.54348e-07  1.00129e-06  1.18471e-06  8.11413e-07
-1.28447e-05  -8.4091e-06 -4.71823e-06 -1.79222e-06  3.68771e-07  1.78733e-06  2.50827e-06  2.59776e-06   2.1408e-06  1.23775e-06
-1.91184e-06   9.7531e-07  3.20629e-06  4.76726e-06   5.6633e-06  5.92152e-06  5.59023e-06  4.73836e-06  3.45298e-06  1.83607e-06
 6.7889e-06 8.41389e-06 9.46779e-06 9.93841e-06 9.83201e-06 9.17625e-06 8.01952e-06 6.43035e-06 4.49513e-06 2.31467e-06
-1.79698e-06  9.50717e-07  3.13396e-06  4.71636e-06   5.6798e-06  6.02739e-06  5.78274e-06  4.98959e-06  3.70919e-06  2.01726e-06
-1.33863e-05 -8.92708e-06  -5.0904e-06 -1.93716e-06  4.90141e-07  2.17041e-06  3.10323e-06   3.3082e-06  2.82266e-06  1.69886e-06
-1.93194e-05 -1.37636e-05 -8.91081e-06 -4.83448e-06 -1.58905e-06  7.92762e-07  2.29914e-06  2.93867e-06  2.73835e-06  1.74076e-06
-2.09478e-05 -1.47559e-05 -9.36665e-06 -4.85656e-06 -1.28269e-06  1.32016e-06  2.93866e-06  3.58083e-06  3.27396e-06   2.0617e-06
-2.22292e-05 -1.54153e-05 -9.51111e-06 -4.59571e-06 -7.27998e-07  2.05628e-06  3.74396e-06  4.34433e-06  3.88699e-06  2.41887e-06
-2.33917e-05 -1.59382e-05 -9.51027e-06  -4.1892e-06 -3.52088e-08  2.91609e-06  4.65299e-06   5.1875e-06  4.55319e-06  2.80203e-06
-2.20666e-05 -1.42664e-05 -7.61049e-06 -2.17838e-06  1.97326e-06  4.81389e-06  6.33841e-06  6.56692e-06  5.54242e-06  3.32757e-06
-1.54594e-05 -7.98985e-06 -1.77417e-06  3.11865e-06   6.6443e-06  8.78631e-06  9.55547e-06  8.98935e-06  7.15007e-06   4.1206e-06
-1.70298e-06  4.48872e-06  9.33839e-06  1.27987e-05  1.48487e-05  1.54976e-05  1.47833e-05  1.27727e-05   9.5588e-06    5.257e-06
1.88147e-05 2.27994e-05 2.53838e-05 2.65515e-05  2.6315e-05 2.47187e-05 2.18383e-05 1.77802e-05 1.26789e-05 6.69316e-06
4.52505e-05 4.61853e-05 4.56959e-05 4.38047e-05 4.05651e-05  3.6065e-05 3.04262e-05 2.38031e-05 1.63807e-05 8.36966e-06
7.50768e-05 7.24048e-05 6.83256e-05 6.29028e-05 5.62334e-05 4.84518e-05 3.97286e-05 3.02701e-05 2.03152e-05 1.01298e-05
0.000106782 0.000100143  9.2151e-05 8.29101e-05 7.25618e-05 6.12874e-05 4.93078e-05 3.68821e-05 2.43039e-05 1.18956e-05
0.000137481  0.00012694 0.000115114 0.000102147 8.82202e-05 7.35605e-05 5.84366e-05 4.31582e-05 2.80716e-05 1.35531e-05
0.000166752 0.000152458 0.000136952 0.000120413 0.000103063 8.51708e-05 6.70507e-05 4.90618e-05  3.1601e-05 1.50971e-05
0.000195524 0.000177469 0.000158291 0.000138203 0.000117465 9.63876e-05 7.53306e-05 5.47007e-05 3.49452e-05 1.65445e-05
0.000233068  0.00021004 0.000186012 0.000161248 0.000136058 0.000110811 8.59265e-05 6.18741e-05 3.91675e-05 1.83545e-05
0.000265204 0.000237864 0.000209643 0.000180842 0.000151818 0.000122989 9.48267e-05 6.78589e-05 4.26593e-05 1.98356e-05
0.000295366  0.00026385 0.000231597 0.000198946 0.000166296 0.000134109 0.000102907 7.32747e-05 4.58442e-05 2.12722e-05
0.000325376  0.00028965 0.000253357 0.000216872 0.000180632 0.000145148 0.000110996  7.8821e-05 4.93088e-05 2.29484e-05
0.000353154 0.000313532 0.000273524 0.000233538 0.000194049 0.000155616 0.000118875 8.45228e-05 5.30779e-05 2.48459e-05
0.000376855 0.000333985 0.000290912 0.000248068 0.000205968 0.000165221 0.000126512 9.03665e-05 5.71126e-05 2.69623e-05
0.000396574 0.000351242 0.000305872 0.000260924 0.000216954 0.000174615 0.000134414 9.66803e-05  6.1641e-05 2.94116e-05
0.000412944 0.000366026  0.00031921 0.000272987  0.00022795 0.000184566 0.000143138 0.000103888 6.69404e-05 3.23248e-05
0.000427582 0.000379938  0.00033251 0.000285815 0.000240251 0.000196073 0.000153471 0.000112555 7.33594e-05 3.58574e-05
0.000443015 0.000395417 0.000348107 0.000301396 0.000255463 0.000210442 0.000166406 0.000123372 8.13119e-05  4.0188e-05
0.000460711  0.00041394 0.000367247 0.000320716 0.000274393 0.000228291  0.00018238 0.000136611  9.0936e-05 4.53611e-05
0.000485107 0.000439351 0.000393152 0.000346444 0.000299151 0.000251176 0.000202425  0.00015283 0.000102386 3.89534e-05
 0.000517819  0.000472846  0.000426698  0.000379159  0.000330034  0.000279149  0.000226385  0.000171704  4.87989e-05 -1.02143e-15
0.000562978 0.000517496 0.000469984 0.000420108 0.000367586 0.000312204 0.000253859  0.00013734 2.52795e-15  -1.915e-15
0.000613206 0.000566813 0.000517388 0.000464497   0.0004078 0.000347077 0.000282278 7.10428e-15 1.45723e-15  -1.915e-15
0.000670325 0.000622139 0.000569816 0.000512852 0.000450878 0.000383706 7.51473e-15 2.03832e-15 1.45723e-15  -1.915e-15
0.000829522 0.000770493 0.000705999 0.000635456 0.000558487 1.67016e-15 3.27109e-26 2.03832e-15 1.45723e-15  -1.915e-15
0.000974433 0.000901229  0.00082179 0.000735597           0 1.97215e-31           0 2.03832e-15 1.45723e-15  -1.915e-15
 0.00109852  0.00101394 0.000922119  2.1684e-19           0 2.18953e-47           0 2.03832e-15 1.45723e-15  -1.915e-15
 0.00120593  0.00111161  1.0842e-19 2.40741e-35           0 2.43087e-63           0 2.03832e-15 1.45723e-15  -1.915e-15
 0.00129049  2.1684e-19 1.20371e-35 2.67276e-51           0  2.6988e-79           0 2.03832e-15 1.45723e-15  -1.915e-15
 2.1684e-19 2.40741e-35 1.33638e-51 2.96736e-67           0 2.99627e-95           0 2.03832e-15 1.45723e-15  -1.915e-15
 2.40741e-35  2.67276e-51  1.48368e-67  3.29444e-83            0 3.32653e-111            0  2.03832e-15  1.45723e-15   -1.915e-15
 2.67276e-51  2.96736e-67  1.64722e-83  3.65756e-99            0 3.69319e-127            0  2.03832e-15  1.45723e-15   -1.915e-15
 2.96736e-67  3.29444e-83  1.82878e-99 4.06071e-115            0 4.10027e-143            0  2.03832e-15  1.45723e-15   -1.915e-15
 3.29444e-83  3.65756e-99 2.03035e-115 4.50829e-131            0 4.55221e-159            0  2.03832e-15  1.45723e-15   -1.915e-15
 3.65756e-99 4.06071e-115 2.25415e-131 5.00521e-147            0 5.05397e-175            0  2.03832e-15  1.45723e-15   -1.915e-15
4.06071e-115 4.50829e-131  2.5026e-147  5.5569e-163            0 5.61103e-191            0  2.03832e-15  1.45723e-15   -1.915e-15
4.50829e-131 5.00521e-147 2.77845e-163 6.16939e-179            0  6.2295e-207            0  2.03832e-15  1.45723e-15   -1.915e-15
5.00521e-147  5.5569e-163  3.0847e-179  6.8494e-195            0 6.91613e-223            0  2.03832e-15  1.45723e-15   -1.915e-15
 5.5569e-163 6.16939e-179  3.4247e-195 7.60437e-211            0 7.67845e-239            0  2.03832e-15  1.45723e-15   -1.915e-15
6.16939e-179  6.8494e-195 3.80218e-211 8.44254e-227            0 8.52479e-255            0  2.03832e-15  1.45723e-15   -1.915e-15
 6.8494e-195 7.60437e-211 4.22127e-227 9.37311e-243            0 9.46442e-271            0  2.03832e-15  1.45723e-15   -1.915e-15
7.60437e-211 8.44254e-227 4.68655e-243 1.04062e-258            0 1.05076e-286            0  2.03832e-15  1.45723e-15   -1.915e-15
8.44254e-227 9.37311e-243 5.20312e-259 1.15532e-274            0 1.16658e-302            0  2.03832e-15  1.45723e-15   -1.915e-15
9.37311e-243 1.04062e-258 5.77662e-275 1.28267e-290            0 1.29516e-318            0  2.03832e-15  1.45723e-15   -1.915e-15
1.04062e-258 1.15532e-274 6.41334e-291 1.42405e-306            0            0            0  2.03832e-15  1.45723e-15   -1.915e-15
1.15532e-274 1.28267e-290 7.12024e-307 1.58101e-322            0            0            0  2.03832e-15  1.45723e-15   -1.915e-15
1.28267e-290 1.42405e-306 7.90505e-323            0            0            0            0  2.03832e-15  1.45723e-15   -1.915e-15
1.42405e-306 1.58101e-322            0            0            0            0            0  2.03832e-15  1.45723e-15   -1.915e-15
1.58101e-322            0            0            0            0            0            0  2.03832e-15  1.45723e-15   -1.915e-15
          0           0           0           0           0           0           0 2.03832e-15 1.45723e-15  -1.915e-15
          0           0           0           0           0           0           0 2.03832e-15 1.45723e-15 0.000576299
          0           0           0           0           0           0           0 2.03832e-15  0.00122737 0.000591924
          0           0           0           0           0           0           0  0.00192988  0.00124601 0.000591789
          0           0           0           0           0           0  0.00265205  0.00193308  0.00123043 0.000575297
          0           0           0           0           0  0.00335056  0.00261315  0.00187938  0.00117875 0.000541875
          0           0           0           0  0.00396691   0.0032318  0.00248849  0.00176461  0.00108892 0.000490853
          0           0           0  0.00442466  0.00371722   0.0029908  0.00227099  0.00158453 0.000958844 0.000420249
          0           0  0.00462768  0.00397827  0.00330045  0.00261754  0.00195409  0.00133531 0.000784296 0.000332355
          0  0.00446219   0.0039061  0.00331373    0.002706  0.00210501   0.0015336  0.00101192 0.000570039 0.000225705
 0.00378612  0.00336496  0.00290152  0.00241411  0.00192221  0.00144607  0.00100347 0.000621233 0.000315141 0.000103781
  0.00241063   0.00209629   0.00175256   0.00139644   0.00104566  0.000716729  0.000431417  0.000204648   5.2628e-05 -1.41656e-05
  0.00106755  0.000861532  0.000638691  0.000414749  0.000206047  2.83048e-05 -0.000103258 -0.000174356  -0.00017645 -0.000115729
-0.000217127 -0.000314441 -0.000416309 -0.000505471 -0.000573058 -0.000602502 -0.000581031 -0.000501578 -0.000371828 -0.000201071
 -0.00141198  -0.00140211  -0.00137911   -0.0013413  -0.00127001   -0.0011535 -0.000985758 -0.000775509 -0.000533104 -0.000270282
 -0.00228161  -0.00215337  -0.00201628  -0.00185957  -0.00167329  -0.00144873  -0.00118801 -0.000900957 -0.000598797 -0.000293974
 -0.00302547  -0.00282578   -0.0026069  -0.00235887  -0.00207306   -0.0017516  -0.00140435  -0.00104256 -0.000678715  -0.00032637
 -0.00364117  -0.00337439  -0.00307806  -0.00274324  -0.00237183  -0.00197338  -0.00155888  -0.00114055 -0.000731675 -0.000346483
 -0.00406642  -0.00374374  -0.00338121  -0.00298006  -0.00254925  -0.00209913  -0.00164132  -0.00118848 -0.000754251 -0.000353048
 -0.00424743  -0.00388682  -0.00348505  -0.00305004  -0.00259121  -0.00211912   -0.0016455  -0.00118297 -0.000744999 -0.000345752
 -0.00408983   -0.0037309  -0.00333468  -0.00290913  -0.00246342   -0.0020078  -0.00155347  -0.00111248  -0.00069757 -0.000322118
 -0.00371644  -0.00338683  -0.00302335  -0.00263356  -0.00222611  -0.00181059  -0.00139744 -0.000997807  -0.00062345 -0.000286626
 -0.00330386   -0.0030097  -0.00268471  -0.00233601  -0.00197167   -0.0016006  -0.00123242 -0.000877358 -0.000546134 -0.000249874
 -0.00290189  -0.00264134  -0.00235318  -0.00204408  -0.00172152  -0.00139373  -0.00106951 -0.000758187 -0.000469461 -0.000213333
 -0.00264145  -0.00239611  -0.00212671  -0.00183966  -0.00154213  -0.00124187 -0.000947131  -0.00066656 -0.000409082 -0.000183822
 -0.00236006  -0.00213151  -0.00188272  -0.00161982  -0.00134955  -0.00107915 -0.000816249 -0.000568748 -0.000344748 -0.000152437
 -0.00208731  -0.00187317  -0.00164299   -0.0014026   -0.0011583 -0.000916793 -0.000685066 -0.000470285 -0.000279701 -0.000120559
 -0.00195678  -0.00173797   -0.0015078  -0.00127201  -0.00103669 -0.000808241 -0.000593238 -0.000398337 -0.000230176 -9.52877e-05
 -0.00185029  -0.00162307  -0.00138939   -0.0011549 -0.000925547 -0.000707446 -0.000506796 -0.000329778 -0.000182454 -7.06782e-05
 -0.00174039  -0.00150463  -0.00126743  -0.00103437 -0.000811201 -0.000603773 -0.000417897  -0.00025927 -0.000133368 -4.53583e-05
 -0.00158525  -0.00134642  -0.00111116 -0.000884886 -0.000673109 -0.000481318 -0.000314874 -0.000178917  -7.8267e-05 -1.73304e-05
 -0.00135971  -0.00112684 -0.000902359 -0.000691457 -0.000499283 -0.000330871 -0.000191025 -8.42284e-05 -1.45369e-05  1.45114e-05
 -0.00105942 -0.000842331 -0.000638215 -0.000451904 -0.000288096 -0.000151273 -4.55819e-05  2.52554e-05  5.80508e-05  5.02421e-05
-0.000691922 -0.000499642 -0.000324614 -0.000171242 -4.36932e-05  5.41817e-05  0.000118975  0.000147808  0.000138447   8.9394e-05
-0.000276418 -0.000115555  2.40678e-05  0.000138512   0.00022418  0.000277896  0.000297034  0.000279606  0.000224383  0.000130985
0.000175209 0.000299634  0.00039909 0.000470122 0.000509717 0.000515394 0.000485332 0.000418462 0.000314586 0.000174478
0.000654102 0.000738221 0.000793892 0.000818136  0.00080853 0.000763288 0.000681397 0.000562716 0.000408092 0.000219469
 0.00115945  0.00119957  0.00120801  0.00118224  0.00112043  0.00102149 0.000885224 0.000712412 0.000504964 0.000266004
 0.00167775  0.00167202  0.00163155  0.00155427   0.0014389    0.001285  0.00109317 0.000865115 0.000603786 0.000313478
 0.00219535  0.00214397  0.00205489  0.00192642  0.00175778  0.00154917  0.00130194  0.00101867 0.000703308 0.000361347
 0.00270375  0.00260834  0.00247224  0.00229409  0.00207355   0.0018114  0.00150968   0.0011718 0.000802744  0.00040922
 0.00319358  0.00305574  0.00287418   0.0026478  0.00237665  0.00206203  0.00170663  0.00131471 0.000892312 0.000447525
 0.00366422  0.00348351  0.00325599  0.00298083  0.00265844  0.00229062  0.00188078  0.00143408 0.000957813 0.000470807
  0.0040996  0.00387542  0.00360132  0.00327668  0.00290232  0.00248059  0.00201568  0.00151389 0.000993115 0.000479357
 0.00447609  0.00420851  0.00388787  0.00351383   0.0030876  0.00261224  0.00209293  0.00154646 0.000997775 0.000473196
 0.00475752  0.00444907  0.00408443  0.00366352  0.00318813  0.00266218  0.00210121  0.00152894 0.000970502 0.000451979
 0.00489029   0.0045486  0.00414749  0.00368728  0.00317049  0.00261122  0.00203182  0.00145602 0.000908561 0.000414741
 0.00513388  0.00473008  0.00426461  0.00373883  0.00316577  0.00256663  0.00196411  0.00138188 0.000844201 0.000375497
 0.00506673  0.00462541  0.00412046  0.00356346  0.00297419  0.00237391  0.00178491  0.00123006 0.000732459 0.000314993
 0.00457306  0.00413409  0.00363875  0.00310491    0.002552  0.00200045  0.00147133 0.000985904 0.000565317 0.000230145
 0.00364355  0.00325783  0.00282837  0.00237237  0.00190807  0.00145433  0.00103027  0.00065486 0.000346576 0.000122937
 0.00246538  0.00216553  0.00183425  0.00148755  0.00114208  0.00081476 0.000522434 0.000281447 0.000107195 2.71051e-20
  0.00129897   0.00108787  0.000857299  0.000622093  0.000397365  0.000198181  3.91137e-05 -6.61684e-05  1.35525e-20  3.00927e-36
 0.000203583   7.8316e-05  -5.4659e-05 -0.000181581 -0.000288767 -0.000362953 -0.000391804            0  1.50463e-36  3.34096e-52
-0.000840754 -0.000878467 -0.000912391 -0.000929816 -0.000918497 -0.000867039 -5.42101e-20            0  1.67048e-52  3.70921e-68
 -0.00240479  -0.00224888  -0.00208509  -0.00190382  -0.00169645  -1.0842e-19 -6.01853e-36            0   1.8546e-68  4.11805e-84
 -0.00275215   -0.0025781  -0.00238468  -0.00216275  -2.1684e-19 -1.20371e-35 -6.68191e-52            0  2.05902e-84 4.57195e-100
 -0.00302105  -0.00282831  -0.00260473 -4.33681e-19 -2.40741e-35 -1.33638e-51 -7.41841e-68            0 2.28597e-100 5.07588e-116
 -0.00315351    -0.002947 -4.33681e-19 -4.81482e-35 -2.67276e-51 -1.48368e-67 -8.23609e-84            0 2.53794e-116 5.63536e-132
 -0.00310944 -4.33681e-19 -4.81482e-35 -5.34553e-51 -2.96736e-67 -1.64722e-83 -9.1439e-100            0 2.81768e-132 6.25651e-148
 -4.33681e-19  -4.81482e-35  -5.34553e-51  -5.93473e-67  -3.29444e-83  -1.82878e-99 -1.01518e-115             0  3.12825e-148  6.94612e-164
 -4.81482e-35  -5.34553e-51  -5.93473e-67  -6.58887e-83  -3.65756e-99 -2.03035e-115 -1.12707e-131             0  3.47306e-164  7.71174e-180
 -5.34553e-51  -5.93473e-67  -6.58887e-83  -7.31512e-99 -4.06071e-115 -2.25415e-131  -1.2513e-147             0  3.85587e-180  8.56176e-196
 -5.93473e-67  -6.58887e-83  -7.31512e-99 -8.12141e-115 -4.50829e-131  -2.5026e-147 -1.38922e-163             0  4.28088e-196  9.50546e-212
 -6.58887e-83  -7.31512e-99 -8.12141e-115 -9.01658e-131 -5.00521e-147 -2.77845e-163 -1.54235e-179             0  4.75273e-212  1.05532e-227
 -7.31512e-99 -8.12141e-115 -9.01658e-131 -1.00104e-146  -5.5569e-163  -3.0847e-179 -1.71235e-195             0  5.27659e-228  1.17164e-243
-8.12141e-115 -9.01658e-131 -1.00104e-146 -1.11138e-162 -6.16939e-179  -3.4247e-195 -1.90109e-211             0  5.85819e-244  1.30078e-259
-9.01658e-131 -1.00104e-146 -1.11138e-162 -1.23388e-178  -6.8494e-195 -3.80218e-211 -2.11064e-227             0   6.5039e-260  1.44416e-275
-1.00104e-146 -1.11138e-162 -1.23388e-178 -1.36988e-194 -7.60437e-211 -4.22127e-227 -2.34328e-243             0  7.22078e-276  1.60333e-291
-1.11138e-162 -1.23388e-178 -1.36988e-194 -1.52087e-210 -8.44254e-227 -4.68655e-243 -2.60156e-259             0  8.01667e-292  1.78006e-307
-1.23388e-178 -1.36988e-194 -1.52087e-210 -1.68851e-226 -9.37311e-243 -5.20312e-259 -2.88831e-275             0   8.9003e-308  1.97626e-323
-1.36988e-194 -1.52087e-210 -1.68851e-226 -1.87462e-242 -1.04062e-258 -5.77662e-275 -3.20667e-291             0  9.88131e-324             0
-1.52087e-210 -1.68851e-226 -1.87462e-242 -2.08125e-258 -1.15532e-274 -6.41334e-291 -3.56012e-307             0             0             0
-1.68851e-226 -1.87462e-242 -2.08125e-258 -2.31065e-274 -1.28267e-290 -7.12024e-307 -3.95253e-323             0             0             0
-1.87462e-242 -2.08125e-258 -2.31065e-274 -2.56534e-290 -1.42405e-306 -7.90505e-323             0             0             0             0
-2.08125e-258 -2.31065e-274 -2.56534e-290 -2.84809e-306 -1.58101e-322             0             0             0             0             0
-2.31065e-274 -2.56534e-290 -2.84809e-306 -3.16202e-322             0             0             0             0             0             0
-2.56534e-290 -2.84809e-306 -3.16202e-322             0             0             0             0             0             0             0
-2.84809e-306 -3.16202e-322             0             0             0             0             0             0             0             0
-3.16202e-322             0             0             0             0             0             0             0             0             0
0 0 0 0 0 0 0 0 0 0
          0           0           0           0           0           0           0           0           0 0.000512996
          0           0           0           0           0           0           0           0  0.00111705 0.000535084
          0           0           0           0           0           0           0  0.00178968  0.00114725 0.000540681
          0           0           0           0           0           0  0.00250048  0.00180921  0.00114269 0.000529703
          0           0           0           0           0  0.00326451  0.00252473  0.00180037  0.00111898 0.000509142
         0          0          0          0 0.00414927 0.00334501 0.00254942 0.00178917 0.00109195 0.00048608
          0           0           0  0.00495276    0.004112  0.00327194  0.00245802  0.00169671  0.00101512 0.000435187
          0           0    0.005484  0.00465471  0.00381741  0.00299572  0.00221436   0.0014987 0.000864465 0.000362329
          0  0.00560308  0.00483789  0.00405603  0.00327894  0.00252912  0.00182979  0.00119205 0.000669094 0.000264655
  0.0051913  0.00454254  0.00386923  0.00319034  0.00252595   0.0018968   0.0013127 0.000821288 0.000426308 0.000146744
   0.003799  0.00326522  0.00271791  0.00217475  0.00165412  0.00116865 0.000751908 0.000412216 0.000166308 2.93576e-05
  0.00248704   0.00206141   0.00163341   0.00121955  0.000838884  0.000505008  0.000234461  4.22302e-05  -5.8268e-05 -7.01466e-05
  0.00129649   0.00096498  0.000643676  0.000361236  0.000106166 -9.36835e-05 -0.000224708 -0.000274836 -0.000248546 -0.000153789
 0.000350669  8.65043e-05 -0.000127162 -0.000330254 -0.000481192 -0.000567145 -0.000576839 -0.000515511 -0.000391903 -0.000216228
-0.000263924  -0.00046635  -0.00063745 -0.000763833 -0.000832937 -0.000833512 -0.000765767 -0.000638055 -0.000460234 -0.000243453
 -0.00101465  -0.00115145   -0.0012444  -0.00128101  -0.00125019  -0.00115222 -0.000995572 -0.000790202 -0.000547383 -0.000279516
  -0.0015855  -0.00166625  -0.00169074   -0.0016475  -0.00153656  -0.00136603  -0.00114558  -0.00088616 -0.000599877 -0.000299832
 -0.00195429  -0.00199041  -0.00195804  -0.00185643  -0.00169305  -0.00147684  -0.00121808 -0.000928157 -0.000619516 -0.000305446
 -0.00210638  -0.00211073  -0.00204417  -0.00191308  -0.00172539   -0.0014903  -0.00121819 -0.000920454 -0.000609376 -0.000297991
 -0.00192698   -0.0019369  -0.00187938  -0.00176084    -0.001589  -0.00137272   -0.0011219 -0.000847326 -0.000560572 -0.000273866
 -0.00157532  -0.00161218  -0.00158488  -0.00149953  -0.00136339  -0.00118475 -0.000972775 -0.000737431 -0.000489333 -0.000239649
 -0.00123431  -0.00129726  -0.00129923  -0.00124603  -0.00114446  -0.00100227 -0.000827944 -0.000630637 -0.000420054 -0.000206345
-0.000874138 -0.000966227  -0.00100033 -0.000981897 -0.000917303 -0.000813684 -0.000678836 -0.000521103 -0.000349266 -0.000172446
-0.000609147 -0.000718618 -0.000773121 -0.000777951 -0.000739177 -0.000663532 -0.000558292 -0.000431169 -0.000290205 -0.000143679
 -0.00042294 -0.000539109 -0.000603638 -0.000621767  -0.00059939 -0.000542954 -0.000459336 -0.000355744  -0.00023961 -0.000118497
-0.000248222 -0.000368714 -0.000441175  -0.00047078 -0.000463244 -0.000424728  -0.00036171 -0.000280898 -0.000189118 -9.32248e-05
-7.09914e-05 -0.000195427 -0.000275628 -0.000316683 -0.000324112 -0.000303767 -0.000261719 -0.000204158 -0.000137292 -6.72535e-05
 0.000114673 -1.42421e-05 -0.000102844 -0.000156111 -0.000179344  -0.00017807  -0.00015793 -0.000124581 -8.35942e-05 -4.03622e-05
 0.000315453  0.000180358  8.16399e-05  1.44554e-05 -2.62558e-05 -4.56781e-05 -4.90014e-05 -4.13318e-05 -2.75834e-05 -1.23894e-05
0.000525836 0.000383538 0.000273676 0.000191547 0.000132339 9.12194e-05  6.3454e-05 4.44962e-05 3.00955e-05 1.63881e-05
 0.00074906 0.000598192 0.000475804 0.000377347 0.000298269 0.000234101 0.000180574 0.000133716 8.99534e-05 4.62078e-05
 0.00099605 0.000833745 0.000696005 0.000578461 0.000476845 0.000387073 0.000305373 0.000228368 0.000153194 7.75877e-05
 0.00126364  0.00108747 0.000931981 0.000793007 0.000666576 0.000549011 0.000437048 0.000327932 0.000219526 0.000110413
 0.00155743  0.00136434  0.00118809  0.00102472  0.00087057 0.000722408 0.000577506 0.000433757 0.000289791 0.000145069
 0.00191963  0.00170184  0.00149694   0.0013013   0.0011117 0.000925443 0.000740464 0.000555425 0.000369844 0.000184189
 0.00233113  0.00208252  0.00184297  0.00160922  0.00137855  0.00114886 0.000918794 0.000687855 0.000456513 0.000226314
 0.00276515  0.00248284  0.00220588  0.00193141  0.00165719  0.00138171  0.00110436 0.000825454 0.000546446 0.000269972
 0.00319862  0.00288289  0.00256887  0.00225402  0.00193655  0.00161552  0.00129099 0.000964109  0.00063726 0.000314154
 0.00363703  0.00328763  0.00293631  0.00258082  0.00221979  0.00185283  0.00148064  0.00110519 0.000729768 0.000359194
 0.00407751  0.00369471  0.00330632  0.00291035  0.00250581  0.00209281  0.00167271  0.00124823  0.00082362 0.000404868
 0.00450718  0.00409176  0.00366699   0.0032311  0.00278345  0.00232461  0.00185657  0.00138282 0.000908649 0.000441381
 0.00489371  0.00444853  0.00399007  0.00351674  0.00302817   0.0025254    0.002011  0.00148933 0.000966838 0.000461635
 0.00521041  0.00473961  0.00425141  0.00374429  0.00321817  0.00267451  0.00211655  0.00154965 0.000990877 0.000465462
 0.00546429  0.00496882  0.00445164  0.00391139   0.0033483  0.00276437  0.00216375  0.00156229 0.000984076  0.00045453
 0.00560499  0.00509008  0.00454897  0.00398047  0.00338521  0.00276596  0.00213721   0.0015217 0.000943549 0.000427804
  0.0056363  0.00510503  0.00454287  0.00394897  0.00332467    0.002683  0.00204529  0.00143425 0.000873555 0.000387378
  0.0056309  0.00507474  0.00448325  0.00385637  0.00320585  0.00255165   0.0019152  0.00131887 0.000785582 0.000338366
 0.00547137  0.00489528  0.00427979  0.00363524  0.00298025  0.00233488  0.00172017  0.00115774 0.000669342 0.000276468
 0.00484713  0.00429574  0.00371015  0.00310706  0.00250472  0.00192232  0.00137967 0.000896715  0.00049321 0.000188277
 0.00376422  0.00329076  0.00279386   0.0022895  0.00179465  0.00132687 0.000903909 0.000543329 0.000262107 7.61984e-05
 0.00247778  0.00210984  0.00172884  0.00134958 0.000987455 0.000658111 0.000377011  0.00015907 1.81748e-05 1.35525e-20
   0.0012367  0.000973481   0.00070719  0.000451533  0.000220454  2.77813e-05 -0.000113214 -0.000190249            0  1.50463e-36
 0.000116245 -5.22888e-05 -0.000213707 -0.000355238 -0.000464251 -0.000528603 -0.000537157            0            0  1.67048e-52
-0.000830931 -0.000921534 -0.000993957  -0.00103623  -0.00103694 -0.000985567            0            0            0   1.8546e-68
-0.00131323 -0.00135055 -0.00136479 -0.00134485 -0.00128042 -2.1684e-19           0           0           0 2.05902e-84
 -0.00201427  -0.00198709  -0.00192601  -0.00182074            0 -2.40741e-35            0            0            0 2.28597e-100
 -0.00255946  -0.00247563  -0.00234709 -4.33681e-19            0 -2.67276e-51            0            0            0 2.53794e-116
 -0.00292443  -0.00279369 -4.33681e-19 -4.81482e-35            0 -2.96736e-67            0            0            0 2.81768e-132
 -0.00308012 -4.33681e-19 -4.81482e-35 -5.34553e-51            0 -3.29444e-83            0            0            0 3.12825e-148
-4.33681e-19 -4.81482e-35 -5.34553e-51 -5.93473e-67            0 -3.65756e-99            0            0            0 3.47306e-164
 -4.81482e-35  -5.34553e-51  -5.93473e-67  -6.58887e-83             0 -4.06071e-115             0             0             0  3.85587e-180
 -5.34553e-51  -5.93473e-67  -6.58887e-83  -7.31512e-99             0 -4.50829e-131             0             0             0  4.28088e-196
 -5.93473e-67  -6.58887e-83  -7.31512e-99 -8.12141e-115             0 -5.00521e-147             0             0             0  4.75273e-212
 -6.58887e-83  -7.31512e-99 -8.12141e-115 -9.01658e-131             0  -5.5569e-163             0             0             0  5.27659e-228
 -7.31512e-99 -8.12141e-115 -9.01658e-131 -1.00104e-146             0 -6.16939e-179             0             0             0  5.85819e-244
-8.12141e-115 -9.01658e-131 -1.00104e-146 -1.11138e-162             0  -6.8494e-195             0             0             0   6.5039e-260
-9.01658e-131 -1.00104e-146 -1.11138e-162 -1.23388e-178             0 -7.60437e-211             0             0             0  7.22078e-276
-1.00104e-146 -1.11138e-162 -1.23388e-178 -1.36988e-194             0 -8.44254e-227             0             0             0  8.01667e-292
-1.11138e-162 -1.23388e-178 -1.36988e-194 -1.52087e-210             0 -9.37311e-243             0             0             0   8.9003e-308
-1.23388e-178 -1.36988e-194 -1.52087e-210 -1.68851e-226             0 -1.04062e-258             0             0             0  9.88131e-324
-1.36988e-194 -1.52087e-210 -1.68851e-226 -1.87462e-242             0 -1.15532e-274             0             0             0             0
-1.52087e-210 -1.68851e-226 -1.87462e-242 -2.08125e-258             0 -1.28267e-290             0             0             0             0
-1.68851e-226 -1.87462e-242 -2.08125e-258 -2.31065e-274             0 -1.42405e-306             0             0             0             0
-1.87462e-242 -2.08125e-258 -2.31065e-274 -2.56534e-290             0 -1.58101e-322             0             0             0             0
-2.08125e-258 -2.31065e-274 -2.56534e-290 -2.84809e-306             0             0             0             0             0             0
-2.31065e-274 -2.56534e-290 -2.84809e-306 -3.16202e-322             0             0             0             0             0             0
-2.56534e-290 -2.84809e-306 -3.16202e-322             0             0             0             0             0             0             0
-2.84809e-306 -3.16202e-322             0             0             0             0             0             0             0             0
-3.16202e-322             0             0             0             0             0             0             0             0             0
0 0 0 0 0 0 0 0 0 0
          0           0           0           0           0           0           0           0           0 0.000427106
          0           0           0           0           0           0           0           0 0.000916954  0.00044807
          0           0           0           0           0           0           0  0.00145026 0.000945905 0.000453291
          0           0           0           0           0           0  0.00200055  0.00146979 0.000941616 0.000442565
          0           0           0           0           0  0.00266703  0.00208612  0.00150266 0.000942586 0.000432654
          0           0           0           0  0.00341562  0.00277691  0.00213149  0.00150472  0.00092282 0.000412394
          0           0           0  0.00409556  0.00342217  0.00273645  0.00206285  0.00142671  0.00085379 0.000371237
          0           0  0.00450848  0.00384815  0.00316803  0.00249116  0.00184151  0.00124344 0.000723911 0.000300216
          0   0.0044223  0.00384219  0.00323342   0.0026171   0.0020152  0.00145019 0.000947557 0.000521964  0.00019944
 0.00375736  0.00331436   0.0028342  0.00233573  0.00183871   0.0013634 0.000932354 0.000559861 0.000268682 7.67151e-05
  0.00238735   0.00205647   0.00169931   0.00133358  0.000977461  0.000649479  0.000366454  0.000146624  5.91512e-06 -4.15854e-05
  0.00120414  0.000962929  0.000707258  0.000453903  0.000216921  1.83999e-05 -0.000128391 -0.000208848 -0.000210224 -0.000137964
 0.000145892 -1.93334e-05 -0.000186017 -0.000344977 -0.000466706 -0.000543288 -0.000561034  -0.00050807 -0.000390737 -0.000217852
-0.000762511 -0.000866886 -0.000969732  -0.00103235  -0.00105242  -0.00101672  -0.00091384 -0.000750575 -0.000536213 -0.000281803
 -0.00127765  -0.00134611  -0.00139079   -0.0013978  -0.00135436  -0.00124925  -0.00108276 -0.000863437 -0.000601657  -0.00030937
 -0.00201236   -0.0020234  -0.00199671  -0.00191935  -0.00178002  -0.00157885  -0.00132429  -0.00102656 -0.000697503 -0.000350431
 -0.00259169  -0.00255185  -0.00246058    -0.002306  -0.00208774  -0.00181371  -0.00149359   -0.0011387 -0.000761841 -0.000377142
 -0.00296122  -0.00288328  -0.00274038  -0.00253115  -0.00226258  -0.00194338  -0.00158391  -0.00119601 -0.000792889 -0.000389012
 -0.00310467  -0.00300326  -0.00283294  -0.00259926  -0.00230965  -0.00197311  -0.00160014  -0.00120262 -0.000793701 -0.000387689
 -0.00296929  -0.00287483  -0.00271344  -0.00249076  -0.00221406  -0.00189207  -0.00153491  -0.00115399 -0.000761897 -0.000372323
 -0.00268019  -0.00261093  -0.00247685  -0.00228329  -0.00203709  -0.00174649  -0.00142099  -0.00107128 -0.000709167 -0.000347477
 -0.00242921  -0.00238104  -0.00227004  -0.00210133  -0.00188139    -0.001618  -0.00132012 -0.000997812 -0.000662176 -0.000325258
 -0.00216969  -0.00214477  -0.00205877  -0.00191652  -0.00172415  -0.00148897  -0.00121939 -0.000924874 -0.000615805 -0.000303475
  -0.0019089  -0.00190848  -0.00184845  -0.00173338  -0.00156901  -0.00136222   -0.0011209 -0.000853875 -0.000570887 -0.000282487
 -0.00173675  -0.00174991    -0.001705  -0.00160646  -0.00145981  -0.00127161  -0.00104937 -0.000801495 -0.000537194  -0.00026646
 -0.00168148  -0.00169281  -0.00164801   -0.0015515  -0.00140876  -0.00122622  -0.00101119 -0.000771799  -0.00051695 -0.000256257
 -0.00165542  -0.00166039  -0.00161147  -0.00151312  -0.00137076   -0.0011907 -0.000980059 -0.000746739 -0.000499339 -0.000247129
 -0.00162319  -0.00162208  -0.00156951  -0.00146992  -0.00132863  -0.00115179 -0.000946305 -0.000719797 -0.000480546 -0.000237454
   -0.001572  -0.00156729  -0.00151355  -0.00141513  -0.00127722  -0.00110575 -0.000907371 -0.000689397 -0.000459753  -0.00022694
 -0.00149501  -0.00149054   -0.0014393  -0.00134553  -0.00121419  -0.00105099 -0.000862276 -0.000655018 -0.000436751 -0.000215553
 -0.00140632  -0.00140427  -0.00135754  -0.00127019  -0.00114699  -0.00099339  -0.00081542 -0.000619701 -0.000413381 -0.000204108
 -0.00130609  -0.00130844  -0.00126806  -0.00118882  -0.00107528 -0.000932581 -0.000766454 -0.000583152 -0.000389426  -0.00019249
  -0.0011769  -0.00118787  -0.00115788  -0.00109059 -0.000990255  -0.00086171 -0.000710311 -0.000541911 -0.000362825 -0.000179802
 -0.00097071  -0.00100034 -0.000990651 -0.000944906 -0.000866946 -0.000761141 -0.000632349 -0.000485889  -0.00032751 -0.000163367
-0.000737498 -0.000790188 -0.000804891 -0.000784463 -0.000732288 -0.000652241 -0.000548654 -0.000426287 -0.000290302 -0.000146239
-0.000524358 -0.000598531 -0.000635819  -0.00063871 -0.000610184 -0.000553676 -0.000473047 -0.000372554 -0.000256833 -0.000130872
-0.000360323 -0.000450329 -0.000504469 -0.000524953 -0.000514446 -0.000476036 -0.000413208 -0.000329819 -0.000230074 -0.000118515
-0.000233269 -0.000334861 -0.000401547 -0.000435322 -0.000438603   -0.0004142 -0.000365294  -0.00029541 -0.000208405 -0.000108446
 -0.00013434 -0.000244342 -0.000320344 -0.000364171 -0.000378041  -0.00036454 -0.000326597 -0.000267465 -0.000190704 -0.000100168
-8.43012e-05 -0.000196621 -0.000275899 -0.000323869  -0.00034263 -0.000334622 -0.000302606 -0.000249646 -0.000179091 -9.45721e-05
-5.97994e-05 -0.000170011 -0.000248196 -0.000296046   -0.0003156 -0.000309209 -0.000279525 -0.000229481 -0.000162281 -8.13981e-05
-2.81923e-05 -0.000133713 -0.000208311 -0.000253673 -0.000271804 -0.000265004 -0.000235848 -0.000187175 -0.000122085   -5.336e-05
 4.67558e-05 -5.37308e-05 -0.000124532 -0.000167338 -0.000184134 -0.000177179 -0.000148984 -0.000102312 -4.96036e-05 -9.50664e-06
 0.000202364   0.00010465  3.52665e-05   -7.484e-06 -2.55691e-05 -2.12036e-05  3.15358e-06  3.53785e-05  5.71429e-05  5.07943e-05
 0.00050031 0.000397271 0.000321139 0.000270254 0.000242712 0.000236374 0.000239441 0.000233922 0.000202504 0.000129199
0.000950494 0.000833213 0.000741368 0.000673347 0.000627306 0.000591754  0.00054901 0.000482082 0.000375307 0.000215005
 0.00155563   0.0014142  0.00129671  0.00120154  0.00111747  0.00102706 0.000913582 0.000761653 0.000557867 0.000301325
 0.00232623  0.00214849  0.00199313   0.0018491  0.00169914  0.00152674   0.0013167  0.00105584  0.00074347 0.000387792
 0.00328158  0.00305151  0.00283283  0.00260841  0.00236186  0.00207814  0.00174421  0.00135957 0.000932578 0.000474594
 0.00444102  0.00412889  0.00381117  0.00347154  0.00309505  0.00266879  0.00219237  0.00167427    0.001126 0.000562064
0.00556602 0.00516473 0.00474103 0.00427965 0.00376736 0.00320346 0.00259614 0.00195661 0.00129909 1.0842e-19
 0.00655059  0.00606465  0.00553966  0.00496153   0.0043287  0.00364853   0.0029314  0.00219066  2.1684e-19 1.20371e-35
 0.00733719  0.00677737  0.00616197  0.00548804  0.00476153  0.00399141  0.00318966           0 2.40741e-35 1.33638e-51
 0.00784059  0.00722784  0.00655287  0.00581962  0.00503504  0.00420909 4.33681e-19           0 2.67276e-51 1.48368e-67
  0.0014387  0.00123528  0.00104195  0.00086001  0.00069082 8.67362e-19 4.81482e-35           0 2.96736e-67 1.64722e-83
 0.00145011  0.00125231  0.00106307 0.000883745  1.0842e-19 9.62965e-35 5.34553e-51           0 3.29444e-83 1.82878e-99
  0.00144572   0.00125516   0.00107169   1.0842e-19  1.20371e-35  1.06911e-50  5.93473e-67            0  3.65756e-99 2.03035e-115
   0.0014326   0.00125006            0  1.20371e-35  1.33638e-51  1.18695e-66  6.58887e-83            0 4.06071e-115 2.25415e-131
  0.00140897   2.1684e-19            0  1.33638e-51  1.48368e-67  1.31777e-82  7.31512e-99            0 4.50829e-131  2.5026e-147
  0.00140574  2.40741e-35            0  1.48368e-67  1.64722e-83  1.46302e-98 8.12141e-115            0 5.00521e-147 2.77845e-163
  0.00139777  2.67276e-51            0  1.64722e-83  1.82878e-99 1.62428e-114 9.01658e-131            0  5.5569e-163  3.0847e-179
  0.00135616  2.96736e-67            0  1.82878e-99 2.03035e-115 1.80332e-130 1.00104e-146            0 6.16939e-179  3.4247e-195
  0.00127161  3.29444e-83            0 2.03035e-115 2.25415e-131 2.00208e-146 1.11138e-162            0  6.8494e-195 3.80218e-211
  0.00113096  3.65756e-99            0 2.25415e-131  2.5026e-147 2.22276e-162 1.23388e-178            0 7.60437e-211 4.22127e-227
 0.000982311 4.06071e-115            0  2.5026e-147 2.77845e-163 2.46776e-178 1.36988e-194            0 8.44254e-227 4.68655e-243
 0.000852483 4.50829e-131            0 2.77845e-163  3.0847e-179 2.73976e-194 1.52087e-210            0 9.37311e-243 5.20312e-259
 0.000759583 5.00521e-147            0  3.0847e-179  3.4247e-195 3.04175e-210 1.68851e-226            0 1.04062e-258 5.77662e-275
 0.000710946  5.5569e-163            0  3.4247e-195 3.80218e-211 3.37702e-226 1.87462e-242            0 1.15532e-274 6.41334e-291
 0.000704331 6.16939e-179            0 3.80218e-211 4.22127e-227 3.74924e-242 2.08125e-258            0 1.28267e-290 7.12024e-307
 0.000732634  6.8494e-195            0 4.22127e-227 4.68655e-243 4.16249e-258 2.31065e-274            0 1.42405e-306 7.90505e-323
 0.000787866 7.60437e-211            0 4.68655e-243 5.20312e-259  4.6213e-274 2.56534e-290            0 1.58101e-322            0
 0.000862627 8.44254e-227            0 5.20312e-259 5.77662e-275 5.13067e-290 2.84809e-306            0            0            0
 0.000950681 9.37311e-243            0 5.77662e-275 6.41334e-291 5.69619e-306 3.16202e-322            0            0            0
  0.00104677 1.04062e-258            0 6.41334e-291 7.12024e-307 6.32404e-322            0            0            0            0
  0.00114157 1.15532e-274            0 7.12024e-307 7.90505e-323            0            0            0            0            0
  0.00122743 1.28267e-290            0 7.90505e-323            0            0            0            0            0            0
  0.00130232 1.42405e-306            0            0            0            0            0            0            0            0
  0.00136439 1.58101e-322            0            0            0            0            0            0            0            0
0.00141399          0          0          0          0          0          0          0          0          0
0.00145296          0          0          0          0          0          0          0          0          0
 0.00139324           0           0           0           0           0           0           0           0 5.49022e-06
  0.00121059            0            0            0            0            0            0            0 -5.23446e-05 -7.42373e-05
 0.000887043            0            0            0            0            0            0 -0.000191389 -0.000220635 -0.000155743
 0.000404465            0            0            0            0            0 -0.000436008 -0.000461299 -0.000394385 -0.000238492
-0.000272244            0            0            0            0 -0.000825777 -0.000831275 -0.000746708  -0.00057523 -0.000323164
 -0.00114975            0            0            0   -0.0014044  -0.00137138  -0.00125067  -0.00104533 -0.000761623 -0.000408954
 -0.00223636            0            0  -0.00222551  -0.00213241  -0.00195411  -0.00169358  -0.00135698 -0.000953623 -0.000496094
 -0.00351761            0  -0.00333485  -0.00315976  -0.00290199  -0.00256437   -0.0021529  -0.00167677  -0.00114836 -0.000583201
 -0.00503811   -0.0048308  -0.00454405  -0.00417736  -0.00373345  -0.00321817   -0.0026406    -0.002013  -0.00135076 -0.000672504
 -0.00501848  -0.00481564  -0.00453277  -0.00416939  -0.00372819  -0.00321509  -0.00263916  -0.00201266  -0.00135102 -0.000672864
 -0.00499963  -0.00480038   -0.0045206  -0.00415984  -0.00372084  -0.00320947  -0.00263486  -0.00200929  -0.00134821 -0.000670262
 -0.00498685  -0.00478984  -0.00451188  -0.00415256  -0.00371461  -0.00320401  -0.00262987   -0.0020045   -0.0013434 -0.000667991
 -0.00497652   -0.0047809  -0.00450396  -0.00414529  -0.00370775  -0.00319733  -0.00262322  -0.00199777  -0.00133917 -0.000666027
 -0.00496092  -0.00476686  -0.00449103  -0.00413329  -0.00369653  -0.00318681  -0.00261335  -0.00199094  -0.00133505 -0.000664207
 -0.00494174  -0.00475062  -0.00447738  -0.00412212  -0.00368772  -0.00318024  -0.00260888  -0.00198821  -0.00133365 -0.000663718
 -0.00494174  -0.00475062  -0.00447738  -0.00412212  -0.00368772  -0.00318024  -0.00260888  -0.00198821  -0.00133365 -0.000663718
 -0.00494174  -0.00475062  -0.00447738  -0.00412212  -0.00368772  -0.00318024  -0.00260888  -0.00198821  -0.00133365 -0.000663718
 -0.00494174  -0.00475062  -0.00447738  -0.00412212  -0.00368772  -0.00318024  -0.00260888  -0.00198821  -0.00133365 -0.000663718
 -0.00494174  -0.00475062  -0.00447738  -0.00412212  -0.00368772  -0.00318024  -0.00260888  -0.00198821  -0.00133365 -0.000663718
 -0.00494174  -0.00475062  -0.00447738  -0.00412212  -0.00368772  -0.00318024  -0.00260888  -0.00198821  -0.00133365 -0.000663718
 -0.00494174  -0.00475062  -0.00447738  -0.00412212  -0.00368772  -0.00318024  -0.00260888  -0.00198821  -0.00133365 -0.000663718
 -0.00494174  -0.00475062  -0.00447738  -0.00412212  -0.00368772  -0.00318024  -0.00260888  -0.00198821  -0.00133365 -0.000663718
 -0.00494174  -0.00475062  -0.00447738  -0.00412212  -0.00368772  -0.00318024  -0.00260888  -0.00198821  -0.00133365 -0.000663718
 -0.00494174  -0.00475062  -0.00447738  -0.00412212  -0.00368772  -0.00318024  -0.00260888  -0.00198821  -0.00133365 -0.000663718
 -0.00494174  -0.00475062  -0.00447738  -0.00412212  -0.00368772  -0.00318024  -0.00260888  -0.00198821  -0.00133365 -0.000663718
 -0.00494174  -0.00475062  -0.00447738  -0.00412212  -0.00368772  -0.00318024  -0.00260888  -0.00198821  -0.00133365 -0.000663718
 -0.00494174  -0.00475062  -0.00447738  -0.00412212  -0.00368772  -0.00318024  -0.00260888  -0.00198821  -0.00133365 -0.000663718
 -0.00494174  -0.00475062  -0.00447738  -0.00412212  -0.00368772  -0.00318024  -0.00260888  -0.00198821  -0.00133365 -0.000663718
 -0.00494174  -0.00475062  -0.00447738  -0.00412212  -0.00368772  -0.00318024  -0.00260888  -0.00198821  -0.00133365 -0.000663718
 -0.00494174  -0.00475062  -0.00447738  -0.00412212  -0.00368772  -0.00318024  -0.00260888  -0.00198821  -0.00133365 -0.000663718
 -0.00494174  -0.00475062  -0.00447738  -0.00412212  -0.00368772  -0.00318024  -0.00260888  -0.00198821  -0.00133365 -0.000663718
 -0.00494174  -0.00475062  -0.00447738  -0.00412212  -0.00368772  -0.00318024  -0.00260888  -0.00198821  -0.00133365 -0.000663718
 -0.00494174  -0.00475062  -0.00447738  -0.00412212  -0.00368772  -0.00318024  -0.00260888  -0.00198821  -0.00133365 -0.000663718
 -0.00494174  -0.00475062  -0.00447738  -0.00412212  -0.00368772  -0.00318024  -0.00260888  -0.00198821  -0.00133365 -0.000663718
 -0.00494174  -0.00475062  -0.00447738  -0.00412212  -0.00368772  -0.00318024  -0.00260888  -0.00198821  -0.00133365 -0.000663718
 -0.00494174  -0.00475062  -0.00447738  -0.00412212  -0.00368772  -0.00318024  -0.00260888  -0.00198821  -0.00133365 -0.000663718
 -0.00494174  -0.00475062  -0.00447738  -0.00412212  -0.00368772  -0.00318024  -0.00260888  -0.00198821  -0.00133365 -0.000663718
 -0.00494174  -0.00475062  -0.00447738  -0.00412212  -0.00368772  -0.00318024  -0.00260888  -0.00198821  -0.00133365 -0.000663718
 -0.00494174  -0.00475062  -0.00447738  -0.00412212  -0.00368772  -0.00318024  -0.00260888  -0.00198821  -0.00133365 -0.000663718
 -0.00494174  -0.00475062  -0.00447738  -0.00412212  -0.00368772  -0.00318024  -0.00260888  -0.00198821  -0.00133365 -0.000663718
 -0.00494174  -0.00475062  -0.00447738  -0.00412212  -0.00368772  -0.00318024  -0.00260888  -0.00198821  -0.00133365 -0.000663718
 -0.00494174  -0.00475062  -0.00447738  -0.00412212  -0.00368772  -0.00318024  -0.00260888  -0.00198821  -0.00133365 -0.000663718
 -0.00494174  -0.00475062  -0.00447738  -0.00412212  -0.00368772  -0.00318024  -0.00260888  -0.00198821  -0.00133365 -0.000663718
 -0.00494174  -0.00475062  -0.00447738  -0.00412212  -0.00368772  -0.00318024  -0.00260888  -0.00198821  -0.00133365 -0.000663718
 -0.00494174  -0.00475062  -0.00447738  -0.00412212  -0.00368772  -0.00318024  -0.00260888  -0.00198821  -0.00133365 -0.000663718
 -0.00494174  -0.00475062  -0.00447738  -0.00412212  -0.00368772  -0.00318024  -0.00260888  -0.00198821  -0.00133365 -0.000663718
 -0.00494174  -0.00475062  -0.00447738  -0.00412212  -0.00368772  -0.00318024  -0.00260888  -0.00198821  -0.00133365 -0.000663718
 -0.00494174  -0.00475062  -0.00447738  -0.00412212  -0.00368772  -0.00318024  -0.00260888  -0.00198821  -0.00133365 -0.000663718
 -0.00494174  -0.00475062  -0.00447738  -0.00412212  -0.00368772  -0.00318024  -0.00260888  -0.00198821  -0.00133365 -0.000663718
 -0.00494174  -0.00475062  -0.00447738  -0.00412212  -0.00368772  -0.00318024  -0.00260888  -0.00198821  -0.00133365 -0.000663718
 -0.00494174  -0.00475062  -0.00447738  -0.00412212  -0.00368772  -0.00318024  -0.00260888  -0.00198821  -0.00133365 -0.000663718
 -0.00494174  -0.00475062  -0.00447738  -0.00412212  -0.00368772  -0.00318024  -0.00260888  -0.00198821  -0.00133365 -0.000663718
 -0.00494174  -0.00475062  -0.00447738  -0.00412212  -0.00368772  -0.00318024  -0.00260888  -0.00198821  -0.00133365 -0.000663718
 -0.00494174  -0.00475062  -0.00447738  -0.00412212  -0.00368772  -0.00318024  -0.00260888  -0.00198821  -0.00133365 -0.000663718
 -0.00494174  -0.00475062  -0.00447738  -0.00412212  -0.00368772  -0.00318024  -0.00260888  -0.00198821  -0.00133365 -0.000663718
 -0.00494174  -0.00475062  -0.00447738  -0.00412212  -0.00368772  -0.00318024  -0.00260888  -0.00198821  -0.00133365 -0.000663718
 -0.00494174  -0.00475062  -0.00447738  -0.00412212  -0.00368772  -0.00318024  -0.00260888  -0.00198821  -0.00133365 -0.000663718
 -0.00494174  -0.00475062  -0.00447738  -0.00412212  -0.00368772  -0.00318024  -0.00260888  -0.00198821  -0.00133365 -0.000663718
 -0.00494174  -0.00475062  -0.00447738  -0.00412212  -0.00368772  -0.00318024  -0.00260888  -0.00198821  -0.00133365 -0.000663718
 -0.00494174  -0.00475062  -0.00447738  -0.00412212  -0.00368772  -0.00318024  -0.00260888  -0.00198821  -0.00133365 -0.000663718
 -0.00494174  -0.00475062  -0.00447738  -0.00412212  -0.00368772  -0.00318024  -0.00260888  -0.00198821  -0.00133365 -0.000663718
 -0.00494174  -0.00475062  -0.00447738  -0.00412212  -0.00368772  -0.00318024  -0.00260888  -0.00198821  -0.00133365 -0.000663718
 -0.00494174  -0.00475062  -0.00447738  -0.00412212  -0.00368772  -0.00318024  -0.00260888  -0.00198821  -0.00133365 -0.000663718
 -0.00494174  -0.00475062  -0.00447738  -0.00412212  -0.00368772  -0.00318024  -0.00260888  -0.00198821  -0.00133365 -0.000663718
 -0.00494174  -0.00475062  -0.00447738  -0.00412212  -0.00368772  -0.00318024  -0.00260888  -0.00198821  -0.00133365 -0.000663718
 -0.00494174  -0.00475062  -0.00447738  -0.00412212  -0.00368772  -0.00318024  -0.00260888  -0.00198821  -0.00133365 -0.000663718
 -0.00494174  -0.00475062  -0.00447738  -0.00412212  -0.00368772  -0.00318024  -0.00260888  -0.00198821  -0.00133365 -0.000663718
 -0.00494174  -0.00475062  -0.00447738  -0.00412212  -0.00368772  -0.00318024  -0.00260888  -0.00198821  -0.00133365 -0.000663718
 -0.00494174  -0.00475062  -0.00447738  -0.00412212  -0.00368772  -0.00318024  -0.00260888  -0.00198821  -0.00133365 -0.000663718
 -0.00494174  -0.00475062  -0.00447738  -0.00412212  -0.00368772  -0.00318024  -0.00260888  -0.00198821  -0.00133365 -0.000663718
 -0.00494174  -0.00475062  -0.00447738  -0.00412212  -0.00368772  -0.00318024  -0.00260888  -0.00198821  -0.00133365 -0.000663718
 -0.00494174  -0.00475062  -0.00447738  -0.00412212  -0.00368772  -0.00318024  -0.00260888  -0.00198821  -0.00133365 -0.000663718
 -0.00494174  -0.00475062  -0.00447738  -0.00412212  -0.00368772  -0.00318024  -0.00260888  -0.00198821  -0.00133365 -0.000663718
 -0.00494174  -0.00475062  -0.00447738  -0.00412212  -0.00368772  -0.00318024  -0.00260888  -0.00198821  -0.00133365 -0.000663718
 -0.00494174  -0.00475062  -0.00447738  -0.00412212  -0.00368772  -0.00318024  -0.00260888  -0.00198821  -0.00133365 -0.000663718
 -0.00494174  -0.00475062  -0.00447738  -0.00412212  -0.00368772  -0.00318024  -0.00260888  -0.00198821  -0.00133365 -0.000663718
 -0.00494174  -0.00475062  -0.00447738  -0.00412212  -0.00368772  -0.00318024  -0.00260888  -0.00198821  -0.00133365 -0.000663718
 -0.00494174  -0.00475062  -0.00447738  -0.00412212  -0.00368772  -0.00318024  -0.00260888  -0.00198821  -0.00133365 -0.000663718
 -0.00494174  -0.00475062  -0.00447738  -0.00412212  -0.00368772  -0.00318024  -0.00260888  -0.00198821  -0.00133365 -0.000663718
 -0.00494174  -0.00475062  -0.00447738  -0.00412212  -0.00368772  -0.00318024  -0.00260888  -0.00198821  -0.00133365 -0.000663718
 -0.00494174  -0.00475062  -0.00447738  -0.00412212  -0.00368772  -0.00318024  -0.00260888  -0.00198821  -0.00133365 -0.000663718
 -0.00494174  -0.00475062  -0.00447738  -0.00412212  -0.00368772  -0.00318024  -0.00260888  -0.00198821  -0.00133365 -0.000663718
 -0.00494174  -0.00475062  -0.00447738  -0.00412212  -0.00368772  -0.00318024  -0.00260888  -0.00198821  -0.00133365 -0.000663718
 -0.00494174  -0.00475062  -0.00447738  -0.00412212  -0.00368772  -0.00318024  -0.00260888  -0.00198821  -0.00133365 -0.000663718
 -0.00494174  -0.00475062  -0.00447738  -0.00412212  -0.00368772  -0.00318024  -0.00260888  -0.00198821  -0.00133365 -0.000663718
 -0.00494174  -0.00475062  -0.00447738  -0.00412212  -0.00368772  -0.00318024  -0.00260888  -0.00198821  -0.00133365 -0.000663718
 -0.00494174  -0.00475062  -0.00447738  -0.00412212  -0.00368772  -0.00318024  -0.00260888  -0.00198821  -0.00133365 -0.000663718
 -0.00494174  -0.00475062  -0.00447738  -0.00412212  -0.00368772  -0.00318024  -0.00260888  -0.00198821  -0.00133365 -0.000663718
 -0.00494174  -0.00475062  -0.00447738  -0.00412212  -0.00368772  -0.00318024  -0.00260888  -0.00198821  -0.00133365 -0.000663718
 -0.00494174  -0.00475062  -0.00447738  -0.00412212  -0.00368772  -0.00318024  -0.00260888  -0.00198821  -0.00133365 -0.000663718
 -0.00494174  -0.00475062  -0.00447738  -0.00412212  -0.00368772  -0.00318024  -0.00260888  -0.00198821  -0.00133365 -0.000663718
 -0.00494174  -0.00475062  -0.00447738  -0.00412212  -0.00368772  -0.00318024  -0.00260888  -0.00198821  -0.00133365 -0.000663718
 -0.00494174  -0.00475062  -0.00447738  -0.00412212  -0.00368772  -0.00318024  -0.00260888  -0.00198821  -0.00133365 -0.000663718
 -0.00494174  -0.00475062  -0.00447738  -0.00412212  -0.00368772  -0.00318024  -0.00260888  -0.00198821  -0.00133365 -0.000663718
 -0.00494174  -0.00475062  -0.00447738  -0.00412212  -0.00368772  -0.00318024  -0.00260888  -0.00198821  -0.00133365 -0.000663718
 -0.00494174  -0.00475062  -0.00447738  -0.00412212  -0.00368772  -0.00318024  -0.00260888  -0.00198821  -0.00133365 -0.000663718
 -0.00494174  -0.00475062  -0.00447738  -0.00412212  -0.00368772  -0.00318024  -0.00260888  -0.00198821  -0.00133365 -0.000663718
 -0.00494174  -0.00475062  -0.00447738  -0.00412212  -0.00368772  -0.00318024  -0.00260888  -0.00198821  -0.00133365 -0.000663718
 -0.00494174  -0.00475062  -0.00447738  -0.00412212  -0.00368772  -0.00318024  -0.00260888  -0.00198821  -0.00133365 -0.000663718
 -0.00494174  -0.00475062  -0.00447738  -0.00412212  -0.00368772  -0.00318024  -0.00260888  -0.00198821  -0.00133365 -0.000663718
 -0.00494174  -0.00475062  -0.00447738  -0.00412212  -0.00368772  -0.00318024  -0.00260888  -0.00198821  -0.00133365 -0.000663718
 -0.00494174  -0.00475062  -0.00447738  -0.00412212  -0.00368772  -0.00318024  -0.00260888  -0.00198821  -0.00133365 -0.000663718
 -0.00494174  -0.00475062  -0.00447738  -0.00412212  -0.00368772  -0.00318024  -0.00260888  -0.00198821  -0.00133365 -0.000663718
 -0.00494174  -0.00475062  -0.00447738  -0.00412212  -0.00368772  -0.00318024  -0.00260888  -0.00198821  -0.00133365 -0.000663718
 -0.00494174  -0.00475062  -0.00447738  -0.00412212  -0.00368772  -0.00318024  -0.00260888  -0.00198821  -0.00133365 -0.000663718
 -0.00494174  -0.00475062  -0.00447738  -0.00412212  -0.00368772  -0.00318024  -0.00260888  -0.00198821  -0.00133365 -0.000663718
 -0.00494174  -0.00475062  -0.00447738  -0.00412212  -0.00368772  -0.00318024  -0.00260888  -0.00198821  -0.00133365 -0.000663718
 -0.00494174  -0.00475062  -0.00447738  -0.00412212  -0.00368772  -0.00318024  -0.00260888  -0.00198821  -0.00133365 -0.000663718
 -0.00494174  -0.00475062  -0.00447738  -0.00412212  -0.00368772  -0.00318024  -0.00260888  -0.00198821  -0.00133365 -0.000663718
 -0.00494174  -0.00475062  -0.00447738  -0.00412212  -0.00368772  -0.00318024  -0.00260888  -0.00198821  -0.00133365 -0.000663718
 -0.00494174  -0.00475062  -0.00447738  -0.00412212  -0.00368772  -0.00318024  -0.00260888  -0.00198821  -0.00133365 -0.000663718
 -0.00494174  -0.00475062  -0.00447738  -0.00412212  -0.00368772  -0.00318024  -0.00260888  -0.00198821  -0.00133365 -0.000663718
 -0.00494174  -0.00475062  -0.00447738  -0.00412212  -0.00368772  -0.00318024  -0.00260888  -0.00198821  -0.00133365 -0.000663718
 -0.00494174  -0.00475062  -0.00447738  -0.00412212  -0.00368772  -0.00318024  -0.00260888  -0.00198821  -0.00133365 -0.000663718
 -0.00494174  -0.00475062  -0.00447738  -0.00412212  -0.00368772  -0.00318024  -0.00260888  -0.00198821  -0.00133365 -0.000663718
 -0.00494174  -0.00475062  -0.00447738  -0.00412212  -0.00368772  -0.00318024  -0.00260888  -0.00198821  -0.00133365 -0.000663718
 -0.00494174  -0.00475062  -0.00447738  -0.00412212  -0.00368772  -0.00318024  -0.00260888  -0.00198821  -0.00133365 -0.000663718
 -0.00494174  -0.00475062  -0.00447738  -0.00412212  -0.00368772  -0.00318024  -0.00260888  -0.00198821  -0.00133365 -0.000663718
 -0.00494174  -0.00475062  -0.00447738  -0.00412212  -0.00368772  -0.00318024  -0.00260888  -0.00198821  -0.00133365 -0.000663718
 -0.00494174  -0.00475062  -0.00447738  -0.00412212  -0.00368772  -0.00318024  -0.00260888  -0.00198821  -0.00133365 -0.000663718
 -0.00494174  -0.00475062  -0.00447738  -0.00412212  -0.00368772  -0.00318024  -0.00260888  -0.00198821  -0.00133365 -0.000663718
 -0.00494174  -0.00475062  -0.00447738  -0.00412212  -0.00368772  -0.00318024  -0.00260888  -0.00198821  -0.00133365 -0.000663718
 -0.00494174  -0.00475062  -0.00447738  -0.00412212  -0.00368772  -0.00318024  -0.00260888  -0.00198821  -0.00133365 -0.000663718
 -0.00494174  -0.00475062  -0.00447738  -0.00412212  -0.00368772  -0.00318024  -0.00260888  -0.00198821  -0.00133365 -0.000663718
 -0.00494174  -0.00475062  -0.00447738  -0.00412212  -0.00368772  -0.00318024  -0.00260888  -0.00198821  -0.00133365 -0.000663718
 -0.00494174  -0.00475062  -0.00447738  -0.00412212  -0.00368772  -0.00318024  -0.00260888  -0.00198821  -0.00133365 -0.000663718
 -0.00494174  -0.00475062  -0.00447738  -0.00412212  -0.00368772  -0.00318024  -0.00260888  -0.00198821  -0.00133365 -0.000663718
 -0.00494174  -0.00475062  -0.00447738  -0.00412212  -0.00368772  -0.00318024  -0.00260888  -0.00198821  -0.00133365 -0.000663718
 -0.00494174  -0.00475062  -0.00447738  -0.00412212  -0.00368772  -0.00318024  -0.00260888  -0.00198821  -0.00133365 -0.000663718
 -0.00494174  -0.00475062  -0.00447738  -0.00412212  -0.00368772  -0.00318024  -0.00260888  -0.00198821  -0.00133365 -0.000663718
 -0.00494174  -0.00475062  -0.00447738  -0.00412212  -0.00368772  -0.00318024  -0.00260888  -0.00198821  -0.00133365 -0.000663718
 -0.00494174  -0.00475062  -0.00447738  -0.00412212  -0.00368772  -0.00318024  -0.00260888  -0.00198821  -0.00133365 -0.000663718
 -0.00494174  -0.00475062  -0.00447738  -0.00412212  -0.00368772  -0.00318024  -0.00260888  -0.00198821  -0.00133365 -0.000663718
 -0.00494174  -0.00475062  -0.00447738  -0.00412212  -0.00368772  -0.00318024  -0.00260888  -0.00198821  -0.00133365 -0.000663718
 -0.00494174  -0.00475062  -0.00447738  -0.00412212  -0.00368772  -0.00318024  -0.00260888  -0.00198821  -0.00133365 -0.000663718
 -0.00494174  -0.00475062  -0.00447738  -0.00412212  -0.00368772  -0.00318024  -0.00260888  -0.00198821  -0.00133365 -0.000663718
 -0.00494174  -0.00475062  -0.00447738  -0.00412212  -0.00368772  -0.00318024  -0.00260888  -0.00198821  -0.00133365 -0.000663718
 -0.00494174  -0.00475062  -0.00447738  -0.00412212  -0.00368772  -0.00318024  -0.00260888  -0.00198821  -0.00133365 -0.000663718
 -0.00494174  -0.00475062  -0.00447738  -0.00412212  -0.00368772  -0.00318024  -0.00260888  -0.00198821  -0.00133365 -0.000663718
 -0.00494174  -0.00475062  -0.00447738  -0.00412212  -0.00368772  -0.00318024  -0.00260888  -0.00198821  -0.00133365 -0.000663718
 -0.00494174  -0.00475062  -0.00447738  -0.00412212  -0.00368772  -0.00318024  -0.00260888  -0.00198821  -0.00133365 -0.000663718
 -0.00494174  -0.00475062  -0.00447738  -0.00412212  -0.00368772  -0.00318024  -0.00260888  -0.00198821  -0.00133365 -0.000663718
 -0.00494174  -0.00475062  -0.00447738  -0.00412212  -0.00368772  -0.00318024  -0.00260888  -0.00198821  -0.00133365 -0.000663718
 -0.00494174  -0.00475062  -0.00447738  -0.00412212  -0.00368772  -0.00318024  -0.00260888  -0.00198821  -0.00133365 -0.000663718
 -0.00494174  -0.00475062  -0.00447738  -0.00412212  -0.00368772  -0.00318024  -0.00260888  -0.00198821  -0.00133365 -0.000663718
 -0.00494174  -0.00475062  -0.00447738  -0.00412212  -0.00368772  -0.00318024  -0.00260888  -0.00198821  -0.00133365 -0.000663718
 -0.00494174  -0.00475062  -0.00447738  -0.00412212  -0.00368772  -0.00318024  -0.00260888  -0.00198821  -0.00133365 -0.000663718
 -0.00494174  -0.00475062  -0.00447738  -0.00412212  -0.00368772  -0.00318024  -0.00260888  -0.00198821  -0.00133365 -0.000663718
