468.793 468.793 468.793 468.793 468.793 468.793 468.793 468.793 468.793 468.793
468.793 468.793 468.793 468.793 468.793 468.793 468.793 468.793 468.793 468.793
468.793 468.793 468.793 468.793 468.793 468.793 468.793 468.793 468.793 468.793
468.793 468.793 468.793 468.793 468.793 468.793 468.793 468.793 468.793 468.793
468.793 468.793 468.793 468.793 468.793 468.793 468.793 468.793 468.793 468.793
468.793 468.793 468.793 468.793 468.793 468.793 468.793 468.793 468.793 468.793
468.793 468.793 468.793 468.793 468.793 468.793 468.793 468.793 468.793 468.793
468.793 468.793 468.793 468.793 468.793 468.793 468.793 468.793 468.793 468.793
468.793 468.793 468.793 468.793 468.793 468.793 468.793 468.793 468.793 468.793
468.793 468.793 468.793 468.793 468.793 468.793 468.793 468.793 468.793 468.793
468.793 468.793 468.793 468.793 468.793 468.793 468.793 468.793 468.793 468.793
468.793 468.793 468.793 468.793 468.793 468.793 468.793 468.793 468.793 468.793
468.793 468.793 468.793 468.793 468.793 468.793 468.793 468.793 468.793 468.793
468.793 468.793 468.793 468.793 468.793 468.793 468.793 468.793 468.793 468.793
468.793 468.793 468.793 468.793 468.793 468.793 468.793 468.793 468.793 468.793
468.793 468.793 468.793 468.793 468.793 468.793 468.793 468.793 468.793 468.793
468.793 468.793 468.793 468.793 468.793 468.793 468.793 468.793 468.793 468.793
468.793 468.793 468.793 468.793 468.793 468.793 468.793 468.793 468.793 468.793
468.793 468.793 468.793 468.793 468.793 468.793 468.793 468.793 468.793 468.793
468.793 468.793 468.793 468.793 468.793 468.793 468.793 468.793 468.793 468.793
468.793 468.793 468.793 468.793 468.793 468.793 468.793 468.793 468.793 468.793
468.793 468.793 468.793 468.793 468.793 468.793 468.793 468.793 468.793 468.793
468.793 468.793 468.793 468.793 468.793 468.793 468.793 468.793 468.793 468.793
468.793 468.793 468.793 468.793 468.793 468.793 468.793 468.793 468.793 468.793
468.793 468.793 468.793 468.793 468.793 468.793 468.793 468.793 468.793 468.793
468.793 468.793 468.793 468.793 468.793 468.793 468.793 468.793 468.793 468.793
468.793 468.793 468.793 468.793 468.793 468.793 468.793 468.793 468.793 468.793
468.793 468.793 468.793 468.793 468.793 468.793 468.793 468.793 468.793 468.793
468.793 468.793 468.793 468.793 468.793 468.793 468.793 468.793 468.793 468.793
468.793 468.793 468.793 468.793 468.793 468.793 468.793 468.793 468.793 468.793
468.793 468.793 468.793 468.793 468.793 468.793 468.793 468.793 468.793 468.793
468.793 468.793 468.793 468.793 468.793 468.793 468.793 468.793 468.793 468.793
468.793 468.793 468.793 468.793 468.793 468.793 468.793 468.793 468.793 468.793
468.793 468.793 468.793 468.793 468.793 468.793 468.793 468.793 468.793 468.793
468.793 468.793 468.793 468.793 468.793 468.793 468.793 468.793 468.793 468.793
468.793 468.793 468.793 468.793 468.793 468.793 468.793 468.793 468.793 468.793
468.793 468.793 468.793 468.793 468.793 468.793 468.793 468.793 468.793 468.793
468.793 468.793 468.793 468.793 468.793 468.793 468.793 468.793 468.793 468.793
468.793 468.793 468.793 468.793 468.793 468.793 468.793 468.793 468.793 468.793
468.793 468.793 468.793 468.793 468.793 468.793 468.793 468.793 468.793 468.793
468.793 468.793 468.793 468.793 468.793 468.793 468.793 468.793 468.793 468.793
468.793 468.793 468.793 468.793 468.793 468.793 468.793 468.793 468.793 468.793
468.793 468.793 468.793 468.793 468.793 468.793 468.793 468.793 468.793 468.793
468.793 468.793 468.793 468.793 468.793 468.793 468.793 468.793 468.793 468.793
468.793 468.793 468.793 468.793 468.793 468.793 468.793 468.793 468.793 468.793
468.793 468.793 468.793 468.793 468.793 468.793 468.793 468.793 468.793 468.793
468.793 468.793 468.793 468.793 468.793 468.793 468.793 468.793 468.793 468.793
468.793 468.793 468.793 468.793 468.793 468.793 468.793 468.793 468.793 468.793
468.793 468.793 468.793 468.793 468.793 468.793 468.793 468.793 468.793 468.793
468.793 468.793 468.793 468.793 468.793 468.793 468.793 468.793 468.793 468.793
468.793 468.793 468.793 468.793 468.793 468.793 468.793 468.793 468.793 468.793
468.793 468.793 468.793 468.793 468.793 468.793 468.793 468.793 468.793 468.793
468.793 468.793 468.793 468.793 468.793 468.793 468.793 468.793 468.793 468.793
468.793 468.793 468.793 468.793 468.793 468.793 468.793 468.793 468.793 468.793
468.793 468.793 468.793 468.793 468.793 468.793 468.793 468.793 468.793 468.793
468.793 468.793 468.793 468.793 468.793 468.793 468.793 468.793 468.793 468.793
468.793 468.793 468.793 468.793 468.793 468.793 468.793 468.793 468.793 468.793
468.793 468.793 468.793 468.793 468.793 468.793 468.793 468.793 468.793 468.793
468.793 468.793 468.793 468.793 468.793 468.793 468.793 468.793 468.793 468.793
468.793 468.793 468.793 468.793 468.793 468.793 468.793 468.793 468.793 468.793
468.793 468.793 468.793 468.793 468.793 468.793 468.793 468.793 468.793 468.793
468.793 468.793 468.793 468.793 468.793 468.793 468.793 468.793 468.793 468.793
468.793 468.793 468.793 468.793 468.793 468.793 468.793 468.793 468.793 468.793
468.793 468.793 468.793 468.793 468.793 468.793 468.793 468.793 468.793 468.793
468.793 468.793 468.793 468.793 468.793 468.793 468.793 468.793 468.793 468.793
468.793 468.793 468.793 468.793 468.793 468.793 468.793 468.793 468.793 468.793
468.793 468.793 468.793 468.793 468.793 468.793 468.793 468.793 468.793 468.793
468.793 468.793 468.793 468.793 468.793 468.793 468.793 468.793 468.793 468.793
468.793 468.793 468.793 468.793 468.793 468.793 468.793 468.793 468.793 468.793
468.793 468.793 468.793 468.793 468.793 468.793 468.793 468.793 468.793 468.793
468.793 468.793 468.793 468.793 468.793 468.793 468.793 468.793 468.793 468.793
468.793 468.793 468.793 468.793 468.793 468.793 468.793 468.793 468.793 468.793
468.793 468.793 468.793 468.793 468.793 468.793 468.793 468.793 468.793 468.793
468.793 468.793 468.793 468.793 468.793 468.793 468.793 468.793 468.793 468.793
468.793 468.793 468.793 468.793 468.793 468.793 468.793 468.793 468.793 468.793
468.793 468.793 468.793 468.793 468.793 468.793 468.793 468.793 468.793 468.793
468.793 468.793 468.793 468.793 468.793 468.793 468.793 468.793 468.793 468.793
468.793 468.793 468.793 468.793 468.793 468.793 468.793 468.793 468.793 468.793
468.793 468.793 468.793 468.793 468.793 468.793 468.793 468.793 468.793 468.793
468.793 468.793 468.793 468.793 468.793 468.793 468.793 468.793 468.793 468.793
468.793 468.793 468.793 468.793 468.793 468.793 468.793 468.793 468.793 468.793
468.793 468.793 468.793 468.793 468.793 468.793 468.793 468.793 468.793 468.793
468.793 468.793 468.793 468.793 468.793 468.793 468.793 468.793 468.793 468.793
468.793 468.793 468.793 468.793 468.793 468.793 468.793 468.793 468.793 468.793
468.793 468.793 468.793 468.793 468.793 468.793 468.793 468.793 468.793 468.793
468.793 468.793 468.793 468.793 468.793 468.793 468.793 468.793 468.793 468.793
468.793 468.793 468.793 468.793 468.793 468.793 468.793 468.793 468.793 468.793
468.793 468.793 468.793 468.793 468.793 468.793 468.793 468.793 468.793 468.793
468.793 468.793 468.793 468.793 468.793 468.793 468.793 468.793 468.793 468.793
468.793 468.793 468.793 468.793 468.793 468.793 468.793 468.793 468.793 468.793
468.793 468.793 468.793 468.793 468.793 468.793 468.793 468.793 468.793 525.065
468.793 468.793 468.793 468.793 468.793 468.793 468.793 468.793 525.065 618.853
468.793 468.793 468.793 468.793 468.793 468.793 468.793 525.065 618.853 712.641
468.793 468.793 468.793 468.793 468.793 468.793 525.065 618.853 712.641 806.428
468.793 468.793 468.793 468.793 468.793 525.065 618.853 712.641 806.428 900.216
468.793 468.793 468.793 468.793 525.065 618.853 712.641 806.428 900.216 937.731
468.793 468.793 468.793 525.065 618.853 712.641 806.428 900.216 937.731 937.731
468.793 468.793 525.065 618.853 712.641 806.428 900.216 937.731 937.731 937.731
468.793 525.065 618.853 712.641 806.428 900.216 937.731 937.731 937.731 937.731
525.065 618.853 712.641 806.428 900.216 937.731 937.731 937.731 937.731 937.731
618.853 712.641 806.428 900.216 937.731 937.731 937.731 937.731 937.731 937.731
712.641 806.428 900.216 937.731 937.731 937.731 937.731 937.731 937.731 937.731
806.428 900.216 937.731 937.731 937.731 937.731 937.731 937.731 937.731 937.731
900.216 937.731 937.731 937.731 937.731 937.731 937.731 937.731 937.731 937.731
937.731 937.731 937.731 937.731 937.731 937.731 937.731 937.731 937.731 937.731
937.731 937.731 937.731 937.731 937.731 937.731 937.731 937.731 937.731 937.731
937.731 937.731 937.731 937.731 937.731 937.731 937.731 937.731 937.731 937.731
937.731 937.731 937.731 937.731 937.731 937.731 937.731 937.731 937.731 937.731
937.731 937.731 937.731 937.731 937.731 937.731 937.731 937.731 937.731 937.731
937.731 937.731 937.731 937.731 937.731 937.731 937.731 937.731 937.731 937.731
937.731 937.731 937.731 937.731 937.731 937.731 937.731 937.731 937.731 937.731
937.731 937.731 937.731 937.731 937.731 937.731 937.731 937.731 937.731 937.731
937.731 937.731 937.731 937.731 937.731 937.731 937.731 937.731 937.731 937.731
937.731 937.731 937.731 937.731 937.731 937.731 937.731 937.731 937.731 937.731
937.731 937.731 937.731 937.731 937.731 937.731 937.731 937.731 937.731 937.731
937.731 937.731 937.731 937.731 937.731 937.731 937.731 937.731 937.731 937.731
937.731 937.731 937.731 937.731 937.731 937.731 937.731 937.731 937.731 937.731
937.731 937.731 937.731 937.731 937.731 937.731 937.731 937.731 937.731 937.731
937.731 937.731 937.731 937.731 937.731 937.731 937.731 937.731 937.731 937.731
937.731 937.731 937.731 937.731 937.731 937.731 937.731 937.731 937.731 937.731
937.731 937.731 937.731 937.731 937.731 937.731 937.731 937.731 937.731 937.731
937.731 937.731 937.731 937.731 937.731 937.731 937.731 937.731 937.731 937.731
937.731 937.731 937.731 937.731 937.731 937.731 937.731 937.731 937.731 937.731
937.731 937.731 937.731 937.731 937.731 937.731 937.731 937.731 937.731 937.731
937.731 937.731 937.731 937.731 937.731 937.731 937.731 937.731 937.731 937.731
937.731 937.731 937.731 937.731 937.731 937.731 937.731 937.731 937.731 878.723
937.731 937.731 937.731 937.731 937.731 937.731 937.731 937.731 878.723 780.375
937.731 937.731 937.731 937.731 937.731 937.731 937.731 878.723 780.375 682.028
937.731 937.731 937.731 937.731 937.731 937.731 878.723 780.375 682.028  583.68
937.731 937.731 937.731 937.731 937.731 878.723 780.375 682.028  583.68 485.333
937.731 937.731 937.731 937.731 878.723 780.375 682.028  583.68 485.333 386.986
937.731 937.731 937.731 878.723 780.375 682.028  583.68 485.333 386.986 288.638
937.731 937.731 878.723 780.375 682.028  583.68 485.333 386.986 288.638 190.291
937.731 878.723 780.375 682.028  583.68 485.333 386.986 288.638 190.291 91.9434
878.723 780.375 682.028  583.68 485.333 386.986 288.638 190.291 91.9434       0
780.375 682.028  583.68 485.333 386.986 288.638 190.291 91.9434       0       0
682.028  583.68 485.333 386.986 288.638 190.291 91.9434       0       0       0
 583.68 485.333 386.986 288.638 190.291 91.9434       0       0       0       0
485.333 386.986 288.638 190.291 91.9434       0       0       0       0       0
423.717 327.418 231.118 134.819 38.5197       0       0       0       0       0
327.418 231.118 134.819 38.5197       0       0       0       0       0       0
231.118 134.819 38.5197       0       0       0       0       0       0       0
134.819 38.5197       0       0       0       0       0       0       0       0
38.5197       0       0       0       0       0       0       0       0       0
0 0 0 0 0 0 0 0 0 0
0 0 0 0 0 0 0 0 0 0
0 0 0 0 0 0 0 0 0 0
0 0 0 0 0 0 0 0 0 0
0 0 0 0 0 0 0 0 0 0
0 0 0 0 0 0 0 0 0 0
0 0 0 0 0 0 0 0 0 0
0 0 0 0 0 0 0 0 0 0
0 0 0 0 0 0 0 0 0 0
0 0 0 0 0 0 0 0 0 0
0 0 0 0 0 0 0 0 0 0
0 0 0 0 0 0 0 0 0 0
0 0 0 0 0 0 0 0 0 0
0 0 0 0 0 0 0 0 0 0
0 0 0 0 0 0 0 0 0 0
0 0 0 0 0 0 0 0 0 0
0 0 0 0 0 0 0 0 0 0
0 0 0 0 0 0 0 0 0 0
0 0 0 0 0 0 0 0 0 0
0 0 0 0 0 0 0 0 0 0
0 0 0 0 0 0 0 0 0 0
      0       0       0       0       0       0       0       0       0 63.1544
      0       0       0       0       0       0       0       0 63.1544 168.412
      0       0       0       0       0       0       0 63.1544 168.412 273.669
      0       0       0       0       0       0 63.1544 168.412 273.669 378.927
      0       0       0       0       0 63.1544 168.412 273.669 378.927 484.184
      0       0       0       0 63.1544 168.412 273.669 378.927 484.184 589.441
      0       0       0 63.1544 168.412 273.669 378.927 484.184 589.441 694.699
      0       0 63.1544 168.412 273.669 378.927 484.184 589.441 694.699 799.956
      0 63.1544 168.412 273.669 378.927 484.184 589.441 694.699 799.956 905.213
63.1544 168.412 273.669 378.927 484.184 589.441 694.699 799.956 905.213 937.731
168.412 273.669 378.927 484.184 589.441 694.699 799.956 905.213 937.731 937.731
273.669 378.927 484.184 589.441 694.699 799.956 905.213 937.731 937.731 937.731
378.927 484.184 589.441 694.699 799.956 905.213 937.731 937.731 937.731 937.731
484.184 589.441 694.699 799.956 905.213 937.731 937.731 937.731 937.731 937.731
514.842 610.953 707.064 803.175 899.287 937.731 937.731 937.731 937.731 937.731
610.953 707.064 803.175 899.287 937.731 937.731 937.731 937.731 937.731 937.731
707.064 803.175 899.287 937.731 937.731 937.731 937.731 937.731 937.731 937.731
803.175 899.287 937.731 937.731 937.731 937.731 937.731 937.731 937.731 937.731
899.287 937.731 937.731 937.731 937.731 937.731 937.731 937.731 937.731 937.731
937.731 937.731 937.731 937.731 937.731 937.731 937.731 937.731 937.731 937.731
937.731 937.731 937.731 937.731 937.731 937.731 937.731 937.731 937.731 937.731
937.731 937.731 937.731 937.731 937.731 937.731 937.731 937.731 937.731 937.731
937.731 937.731 937.731 937.731 937.731 937.731 937.731 937.731 937.731 937.731
937.731 937.731 937.731 937.731 937.731 937.731 937.731 937.731 937.731 937.731
937.731 937.731 937.731 937.731 937.731 937.731 937.731 937.731 937.731 937.731
937.731 937.731 937.731 937.731 937.731 937.731 937.731 937.731 937.731 937.731
937.731 937.731 937.731 937.731 937.731 937.731 937.731 937.731 937.731 937.731
937.731 937.731 937.731 937.731 937.731 937.731 937.731 937.731 937.731 937.731
937.731 937.731 937.731 937.731 937.731 937.731 937.731 937.731 937.731 937.731
937.731 937.731 937.731 937.731 937.731 937.731 937.731 937.731 937.731 937.731
937.731 937.731 937.731 937.731 937.731 937.731 937.731 937.731 937.731 937.731
937.731 937.731 937.731 937.731 937.731 937.731 937.731 937.731 937.731 937.731
937.731 937.731 937.731 937.731 937.731 937.731 937.731 937.731 937.731 937.731
937.731 937.731 937.731 937.731 937.731 937.731 937.731 937.731 937.731 937.731
937.731 937.731 937.731 937.731 937.731 937.731 937.731 937.731 937.731 937.731
937.731 937.731 937.731 937.731 937.731 937.731 937.731 937.731 937.731 937.731
937.731 937.731 937.731 937.731 937.731 937.731 937.731 937.731 937.731 937.731
937.731 937.731 937.731 937.731 937.731 937.731 937.731 937.731 937.731 937.731
937.731 937.731 937.731 937.731 937.731 937.731 937.731 937.731 937.731 937.731
937.731 937.731 937.731 937.731 937.731 937.731 937.731 937.731 937.731 937.731
937.731 937.731 937.731 937.731 937.731 937.731 937.731 937.731 937.731  877.61
937.731 937.731 937.731 937.731 937.731 937.731 937.731 937.731  877.61  777.41
937.731 937.731 937.731 937.731 937.731 937.731 937.731  877.61  777.41 677.209
937.731 937.731 937.731 937.731 937.731 937.731  877.61  777.41 677.209 577.008
937.731 937.731 937.731 937.731 937.731  877.61  777.41 677.209 577.008 476.807
937.731 937.731 937.731 937.731  877.61  777.41 677.209 577.008 476.807 376.606
937.731 937.731 937.731  877.61  777.41 677.209 577.008 476.807 376.606 276.405
937.731 937.731  877.61  777.41 677.209 577.008 476.807 376.606 276.405 176.204
937.731  877.61  777.41 677.209 577.008 476.807 376.606 276.405 176.204 76.0032
 877.61  777.41 677.209 577.008 476.807 376.606 276.405 176.204 76.0032       0
 777.41 677.209 577.008 476.807 376.606 276.405 176.204 76.0032       0       0
677.209 577.008 476.807 376.606 276.405 176.204 76.0032       0       0       0
577.008 476.807 376.606 276.405 176.204 76.0032       0       0       0       0
476.807 376.606 276.405 176.204 76.0032       0       0       0       0       0
422.819 326.724 230.629 134.533 38.4381       0       0       0       0       0
326.724 230.629 134.533 38.4381       0       0       0       0       0       0
230.629 134.533 38.4381       0       0       0       0       0       0       0
134.533 38.4381       0       0       0       0       0       0       0       0
38.4381       0       0       0       0       0       0       0       0       0
0 0 0 0 0 0 0 0 0 0
0 0 0 0 0 0 0 0 0 0
0 0 0 0 0 0 0 0 0 0
0 0 0 0 0 0 0 0 0 0
0 0 0 0 0 0 0 0 0 0
0 0 0 0 0 0 0 0 0 0
0 0 0 0 0 0 0 0 0 0
0 0 0 0 0 0 0 0 0 0
0 0 0 0 0 0 0 0 0 0
0 0 0 0 0 0 0 0 0 0
0 0 0 0 0 0 0 0 0 0
0 0 0 0 0 0 0 0 0 0
0 0 0 0 0 0 0 0 0 0
0 0 0 0 0 0 0 0 0 0
0 0 0 0 0 0 0 0 0 0
0 0 0 0 0 0 0 0 0 0
0 0 0 0 0 0 0 0 0 0
0 0 0 0 0 0 0 0 0 0
0 0 0 0 0 0 0 0 0 0
0 0 0 0 0 0 0 0 0 0
0 0 0 0 0 0 0 0 0 0
      0       0       0       0       0       0       0       0       0 57.6572
      0       0       0       0       0       0       0       0 57.6572 153.752
      0       0       0       0       0       0       0 57.6572 153.752 249.848
      0       0       0       0       0       0 57.6572 153.752 249.848 345.943
      0       0       0       0       0 57.6572 153.752 249.848 345.943 442.038
      0       0       0       0 57.6572 153.752 249.848 345.943 442.038 538.134
      0       0       0 57.6572 153.752 249.848 345.943 442.038 538.134 634.229
      0       0 57.6572 153.752 249.848 345.943 442.038 538.134 634.229 730.324
      0 57.6572 153.752 249.848 345.943 442.038 538.134 634.229 730.324  826.42
57.6572 153.752 249.848 345.943 442.038 538.134 634.229 730.324  826.42 922.515
153.752 249.848 345.943 442.038 538.134 634.229 730.324  826.42 922.515 937.731
249.848 345.943 442.038 538.134 634.229 730.324  826.42 922.515 937.731 937.731
345.943 442.038 538.134 634.229 730.324  826.42 922.515 937.731 937.731 937.731
442.038 538.134 634.229 730.324  826.42 922.515 937.731 937.731 937.731 937.731
512.728  609.32 705.911 802.503 899.094 937.731 937.731 937.731 937.731 937.731
 609.32 705.911 802.503 899.094 937.731 937.731 937.731 937.731 937.731 937.731
705.911 802.503 899.094 937.731 937.731 937.731 937.731 937.731 937.731 937.731
802.503 899.094 937.731 937.731 937.731 937.731 937.731 937.731 937.731 937.731
899.094 937.731 937.731 937.731 937.731 937.731 937.731 937.731 937.731 937.731
937.731 937.731 937.731 937.731 937.731 937.731 937.731 937.731 937.731 937.731
937.731 937.731 937.731 937.731 937.731 937.731 937.731 937.731 937.731 937.731
937.731 937.731 937.731 937.731 937.731 937.731 937.731 937.731 937.731 937.731
937.731 937.731 937.731 937.731 937.731 937.731 937.731 937.731 937.731 937.731
937.731 937.731 937.731 937.731 937.731 937.731 937.731 937.731 937.731 937.731
937.731 937.731 937.731 937.731 937.731 937.731 937.731 937.731 937.731 937.731
937.731 937.731 937.731 937.731 937.731 937.731 937.731 937.731 937.731 937.731
937.731 937.731 937.731 937.731 937.731 937.731 937.731 937.731 937.731 937.731
937.731 937.731 937.731 937.731 937.731 937.731 937.731 937.731 937.731 937.731
937.731 937.731 937.731 937.731 937.731 937.731 937.731 937.731 937.731 937.731
937.731 937.731 937.731 937.731 937.731 937.731 937.731 937.731 937.731 937.731
937.731 937.731 937.731 937.731 937.731 937.731 937.731 937.731 937.731 937.731
937.731 937.731 937.731 937.731 937.731 937.731 937.731 937.731 937.731 937.731
937.731 937.731 937.731 937.731 937.731 937.731 937.731 937.731 937.731 937.731
937.731 937.731 937.731 937.731 937.731 937.731 937.731 937.731 937.731 937.731
937.731 937.731 937.731 937.731 937.731 937.731 937.731 937.731 937.731 937.731
937.731 937.731 937.731 937.731 937.731 937.731 937.731 937.731 937.731 937.731
937.731 937.731 937.731 937.731 937.731 937.731 937.731 937.731 937.731 937.731
937.731 937.731 937.731 937.731 937.731 937.731 937.731 937.731 937.731 937.731
937.731 937.731 937.731 937.731 937.731 937.731 937.731 937.731 937.731 937.731
937.731 937.731 937.731 937.731 937.731 937.731 937.731 937.731 937.731 937.731
937.731 937.731 937.731 937.731 937.731 937.731 937.731 937.731 937.731 879.776
937.731 937.731 937.731 937.731 937.731 937.731 937.731 937.731 879.776 783.185
937.731 937.731 937.731 937.731 937.731 937.731 937.731 879.776 783.185 686.593
937.731 937.731 937.731 937.731 937.731 937.731 879.776 783.185 686.593 590.001
937.731 937.731 937.731 937.731 937.731 879.776 783.185 686.593 590.001  493.41
937.731 937.731 937.731 937.731 879.776 783.185 686.593 590.001  493.41 396.818
937.731 937.731 937.731 879.776 783.185 686.593 590.001  493.41 396.818 300.227
937.731 937.731 879.776 783.185 686.593 590.001  493.41 396.818 300.227 203.635
937.731 879.776 783.185 686.593 590.001  493.41 396.818 300.227 203.635 107.044
879.776 783.185 686.593 590.001  493.41 396.818 300.227 203.635 107.044  10.452
783.185 686.593 590.001  493.41 396.818 300.227 203.635 107.044  10.452       0
686.593 590.001  493.41 396.818 300.227 203.635 107.044  10.452       0       0
590.001  493.41 396.818 300.227 203.635 107.044  10.452       0       0       0
 493.41 396.818 300.227 203.635 107.044  10.452       0       0       0       0
428.381 331.022 233.662 136.303 38.9437       0       0       0       0       0
331.022 233.662 136.303 38.9437       0       0       0       0       0       0
233.662 136.303 38.9437       0       0       0       0       0       0       0
136.303 38.9437       0       0       0       0       0       0       0       0
38.9437       0       0       0       0       0       0       0       0       0
0 0 0 0 0 0 0 0 0 0
0 0 0 0 0 0 0 0 0 0
0 0 0 0 0 0 0 0 0 0
0 0 0 0 0 0 0 0 0 0
0 0 0 0 0 0 0 0 0 0
0 0 0 0 0 0 0 0 0 0
0 0 0 0 0 0 0 0 0 0
0 0 0 0 0 0 0 0 0 0
0 0 0 0 0 0 0 0 0 0
0 0 0 0 0 0 0 0 0 0
0 0 0 0 0 0 0 0 0 0
0 0 0 0 0 0 0 0 0 0
0 0 0 0 0 0 0 0 0 0
0 0 0 0 0 0 0 0 0 0
0 0 0 0 0 0 0 0 0 0
0 0 0 0 0 0 0 0 0 0
0 0 0 0 0 0 0 0 0 0
0 0 0 0 0 0 0 0 0 0
0 0 0 0 0 0 0 0 0 0
0 0 0 0 0 0 0 0 0 0
0 0 0 0 0 0 0 0 0 0
      0       0       0       0       0       0       0       0       0 58.4156
      0       0       0       0       0       0       0       0 58.4156 155.775
      0       0       0       0       0       0       0 58.4156 155.775 253.134
      0       0       0       0       0       0 58.4156 155.775 253.134 350.494
      0       0       0       0       0 58.4156 155.775 253.134 350.494 447.853
      0       0       0       0 58.4156 155.775 253.134 350.494 447.853 545.212
      0       0       0 58.4156 155.775 253.134 350.494 447.853 545.212 642.572
      0       0 58.4156 155.775 253.134 350.494 447.853 545.212 642.572 739.931
      0 58.4156 155.775 253.134 350.494 447.853 545.212 642.572 739.931  837.29
58.4156 155.775 253.134 350.494 447.853 545.212 642.572 739.931  837.29  934.65
155.775 253.134 350.494 447.853 545.212 642.572 739.931  837.29  934.65 937.731
253.134 350.494 447.853 545.212 642.572 739.931  837.29  934.65 937.731 937.731
350.494 447.853 545.212 642.572 739.931  837.29  934.65 937.731 937.731 937.731
447.853 545.212 642.572 739.931  837.29  934.65 937.731 937.731 937.731 937.731
509.305 606.675 704.044 801.414 898.783 937.731 937.731 937.731 937.731 937.731
606.675 704.044 801.414 898.783 937.731 937.731 937.731 937.731 937.731 937.731
704.044 801.414 898.783 937.731 937.731 937.731 937.731 937.731 937.731 937.731
801.414 898.783 937.731 937.731 937.731 937.731 937.731 937.731 937.731 937.731
898.783 937.731 937.731 937.731 937.731 937.731 937.731 937.731 937.731 937.731
937.731 937.731 937.731 937.731 937.731 937.731 937.731 937.731 937.731 937.731
937.731 937.731 937.731 937.731 937.731 937.731 937.731 937.731 937.731 937.731
937.731 937.731 937.731 937.731 937.731 937.731 937.731 937.731 937.731 937.731
937.731 937.731 937.731 937.731 937.731 937.731 937.731 937.731 937.731 937.731
937.731 937.731 937.731 937.731 937.731 937.731 937.731 937.731 937.731 937.731
937.731 937.731 937.731 937.731 937.731 937.731 937.731 937.731 937.731 937.731
937.731 937.731 937.731 937.731 937.731 937.731 937.731 937.731 937.731 937.731
937.731 937.731 937.731 937.731 937.731 937.731 937.731 937.731 937.731 937.731
937.731 937.731 937.731 937.731 937.731 937.731 937.731 937.731 937.731 937.731
937.731 937.731 937.731 937.731 937.731 937.731 937.731 937.731 937.731 937.731
937.731 937.731 937.731 937.731 937.731 937.731 937.731 937.731 937.731 937.731
937.731 937.731 937.731 937.731 937.731 937.731 937.731 937.731 937.731 937.731
937.731 937.731 937.731 937.731 937.731 937.731 937.731 937.731 937.731 937.731
937.731 937.731 937.731 937.731 937.731 937.731 937.731 937.731 937.731 937.731
937.731 937.731 937.731 937.731 937.731 937.731 937.731 937.731 937.731 937.731
937.731 937.731 937.731 937.731 937.731 937.731 937.731 937.731 937.731 937.731
937.731 937.731 937.731 937.731 937.731 937.731 937.731 937.731 937.731 937.731
937.731 937.731 937.731 937.731 937.731 937.731 937.731 937.731 937.731 937.731
937.731 937.731 937.731 937.731 937.731 937.731 937.731 937.731 937.731 937.731
937.731 937.731 937.731 937.731 937.731 937.731 937.731 937.731 937.731 937.731
937.731 937.731 937.731 937.731 937.731 937.731 937.731 937.731 937.731 937.731
937.731 937.731 937.731 937.731 937.731 937.731 937.731 937.731 937.731 879.309
937.731 937.731 937.731 937.731 937.731 937.731 937.731 937.731 879.309  781.94
937.731 937.731 937.731 937.731 937.731 937.731 937.731 879.309  781.94  684.57
937.731 937.731 937.731 937.731 937.731 937.731 879.309  781.94  684.57 587.201
937.731 937.731 937.731 937.731 937.731 879.309  781.94  684.57 587.201 489.832
937.731 937.731 937.731 937.731 879.309  781.94  684.57 587.201 489.832 392.462
937.731 937.731 937.731 879.309  781.94  684.57 587.201 489.832 392.462 295.093
937.731 937.731 879.309  781.94  684.57 587.201 489.832 392.462 295.093 197.723
937.731 879.309  781.94  684.57 587.201 489.832 392.462 295.093 197.723 100.354
879.309  781.94  684.57 587.201 489.832 392.462 295.093 197.723 100.354 2.98424
 781.94  684.57 587.201 489.832 392.462 295.093 197.723 100.354 2.98424       0
 684.57 587.201 489.832 392.462 295.093 197.723 100.354 2.98424       0       0
587.201 489.832 392.462 295.093 197.723 100.354 2.98424       0       0       0
489.832 392.462 295.093 197.723 100.354 2.98424       0       0       0       0
413.214 319.302 225.389 131.477 37.5649       0       0       0       0       0
319.302 225.389 131.477 37.5649       0       0       0       0       0       0
225.389 131.477 37.5649       0       0       0       0       0       0       0
131.477 37.5649       0       0       0       0       0       0       0       0
37.5649       0       0       0       0       0       0       0       0       0
0 0 0 0 0 0 0 0 0 0
0 0 0 0 0 0 0 0 0 0
0 0 0 0 0 0 0 0 0 0
0 0 0 0 0 0 0 0 0 0
0 0 0 0 0 0 0 0 0 0
0 0 0 0 0 0 0 0 0 0
0 0 0 0 0 0 0 0 0 0
0 0 0 0 0 0 0 0 0 0
0 0 0 0 0 0 0 0 0 0
0 0 0 0 0 0 0 0 0 0
0 0 0 0 0 0 0 0 0 0
0 0 0 0 0 0 0 0 0 0
0 0 0 0 0 0 0 0 0 0
0 0 0 0 0 0 0 0 0 0
0 0 0 0 0 0 0 0 0 0
0 0 0 0 0 0 0 0 0 0
0 0 0 0 0 0 0 0 0 0
0 0 0 0 0 0 0 0 0 0
0 0 0 0 0 0 0 0 0 0
0 0 0 0 0 0 0 0 0 0
0 0 0 0 0 0 0 0 0 0
      0       0       0       0       0       0       0       0       0 56.3474
      0       0       0       0       0       0       0       0 56.3474  150.26
      0       0       0       0       0       0       0 56.3474  150.26 244.172
      0       0       0       0       0       0 56.3474  150.26 244.172 338.084
      0       0       0       0       0 56.3474  150.26 244.172 338.084 431.997
      0       0       0       0 56.3474  150.26 244.172 338.084 431.997 467.214
      0       0       0 56.3474  150.26 244.172 338.084 431.997 467.214 467.214
      0       0 56.3474  150.26 244.172 338.084 431.997 467.214 467.214 467.214
      0 56.3474  150.26 244.172 338.084 431.997 467.214 467.214 467.214 467.214
56.3474  150.26 244.172 338.084 431.997 467.214 467.214 467.214 467.214 467.214
 150.26 244.172 338.084 431.997 467.214 467.214 467.214 467.214 467.214 467.214
244.172 338.084 431.997 467.214 467.214 467.214 467.214 467.214 467.214 467.214
338.084 431.997 467.214 467.214 467.214 467.214 467.214 467.214 467.214 467.214
431.997 467.214 467.214 467.214 467.214 467.214 467.214 467.214 467.214 467.214
467.214 480.528 480.528 480.528 480.528 480.528 480.528 480.528 480.528 480.528
467.214 480.557 480.557 480.557 480.557 480.557 480.557 480.557 480.557 480.557
467.214 480.708 480.708 480.708 480.708 480.708 480.708 480.708 480.708 480.708
467.214 480.934 480.934 480.934 480.934 480.934 480.934 480.934 480.934 480.934
467.214  481.42  481.42  481.42  481.42  481.42  481.42  481.42  481.42  481.42
467.214 482.315 482.315 482.315 482.315 482.315 482.315 482.315 482.315 482.315
467.214 483.005 483.005 483.005 483.005 483.005 483.005 483.005 483.005 483.005
467.214 483.609 483.609 483.609 483.609 483.609 483.609 483.609 483.609 483.609
467.214 483.858 483.858 483.858 483.858 483.858 483.858 483.858 483.858 483.858
467.214 484.455 484.455 484.455 484.455 484.455 484.455 484.455 484.455 484.455
467.214 485.503 485.503 485.503 485.503 485.503 485.503 485.503 485.503 485.503
467.214 486.522 486.522 486.522 486.522 486.522 486.522 486.522 486.522 486.522
467.214 487.158 487.158 487.158 487.158 487.158 487.158 487.158 487.158 487.158
467.214 487.383 487.383 487.383 487.383 487.383 487.383 487.383 487.383 487.383
467.214 487.387 487.387 487.387 487.387 487.387 487.387 487.387 487.387 487.387
467.214 487.408 487.408 487.408 487.408 487.408 487.408 487.408 487.408 487.408
467.214 487.587 487.587 487.587 487.587 487.587 487.587 487.587 487.587 487.587
467.214 487.875 487.875 487.875 487.875 487.875 487.875 487.875 487.875 487.875
467.214 488.138 488.138 488.138 488.138 488.138 488.138 488.138 488.138 488.138
467.214 488.262 488.262 488.262 488.262 488.262 488.262 488.262 488.262 488.262
467.214 488.223 488.223 488.223 488.223 488.223 488.223 488.223 488.223 488.223
467.214 488.113 488.113 488.113 488.113 488.113 488.113 488.113 488.113 488.113
467.214 488.026 488.026 488.026 488.026 488.026 488.026 488.026 488.026 488.026
467.214 488.003 488.003 488.003 488.003 488.003 488.003 488.003 488.003 488.003
467.214 487.999 487.999 487.999 487.999 487.999 487.999 487.999 487.999 487.999
467.214 487.969 487.969 487.969 487.969 487.969 487.969 487.969 487.969 487.969
467.214 487.975 487.975 487.975 487.975 487.975 487.975 487.975 487.975 487.975
467.214 487.913 487.913 487.913 487.913 487.913 487.913 487.913 487.913 487.913
467.214 487.919 487.919 487.919 487.919 487.919 487.919 487.919 487.919 487.919
467.214 487.785 487.785 487.785 487.785 487.785 487.785 487.785 487.785 487.785
467.214 487.097 487.097 487.097 487.097 487.097 487.097 487.097 487.097 487.097
467.214 487.072 487.072 487.072 487.072 487.072 487.072 487.072 487.072 486.986
467.214 487.263 487.263 487.263 487.263 487.263 487.263 487.263  487.15 487.263
467.214 487.032 487.032 487.032 487.032 487.032 487.032 487.255 487.032 487.032
467.214 486.555 486.555 486.555 486.555 486.555 486.848 486.555 486.555 486.555
467.214 486.311 486.311 486.311 486.311 486.408 486.311 486.311 486.311 486.311
467.214 486.556 486.556 486.556 486.372 486.556 486.556 486.556 486.556 486.556
467.214 486.776 486.776 486.662 486.776 486.776 486.776 486.776 486.776 486.776
467.214 486.767 486.801 486.767 486.767 486.767 486.767 486.767 486.767 486.767
467.214 486.703 486.536 486.536 486.536 486.536 486.536 486.536 486.536 486.536
467.214 486.703 486.313 486.313 486.313 486.313 486.313 486.313 486.313 486.313
467.214 486.703 486.313 486.313 486.313 486.313 486.313 486.313 486.313 486.313
467.214 486.703 486.313 486.313 486.313 486.313 486.313 486.313 486.313 486.313
467.214 486.703 486.313 486.313 486.313 486.313 486.313 486.313 486.313 486.313
467.214 486.703 486.313 486.313 486.313 486.313 486.313 486.313 486.313 486.313
467.214 486.703 486.313 486.313 486.313 486.313 486.313 486.313 486.313 486.313
467.214 486.703 486.313 486.313 486.313 486.313 486.313 486.313 486.313 486.313
467.214 486.703 486.313 486.313 486.313 486.313 486.313 486.313 486.313 486.313
467.214 486.703 486.313 486.313 486.313 486.313 486.313 486.313 486.313 486.313
467.214 486.703 486.313 486.313 486.313 486.313 486.313 486.313 486.313 486.313
467.214 486.703 486.313 486.313 486.313 486.313 486.313 486.313 486.313 486.313
467.214 486.703 486.313 486.313 486.313 486.313 486.313 486.313 486.313 486.313
467.214 486.703 486.313 486.313 486.313 486.313 486.313 486.313 486.313 486.313
467.214 486.703 486.313 486.313 486.313 486.313 486.313 486.313 486.313 486.313
467.214 486.703 486.313 486.313 486.313 486.313 486.313 486.313 486.313 486.313
467.214 486.703 486.313 486.313 486.313 486.313 486.313 486.313 486.313 486.313
467.214 486.703 486.313 486.313 486.313 486.313 486.313 486.313 486.313 486.313
467.214 486.703 486.313 486.313 486.313 486.313 486.313 486.313 486.313 486.313
467.214 486.703 486.313 486.313 486.313 486.313 486.313 486.313 486.313 486.313
467.214 486.703 486.313 486.313 486.313 486.313 486.313 486.313 486.313 486.313
467.214 486.703 486.313 486.313 486.313 486.313 486.313 486.313 486.313 486.313
467.214 486.703 486.313 486.313 486.313 486.313 486.313 486.313 486.313 486.313
467.214 486.703 486.313 486.313 486.313 486.313 486.313 486.313 486.313 486.313
467.214 486.703 486.313 486.313 486.313 486.313 486.313 486.313 486.313 486.313
467.214 486.703 486.313 486.313 486.313 486.313 486.313 486.313 486.313 486.313
467.214 486.703 486.313 486.313 486.313 486.313 486.313 486.313 486.313 486.313
467.214 486.703 486.313 486.313 486.313 486.313 486.313 486.313 486.313 486.313
467.214 486.703 486.313 486.313 486.313 486.313 486.313 486.313 486.313 486.313
467.214 486.703 486.313 486.313 486.313 486.313 486.313 486.313 486.313 486.313
467.214 486.703 486.313 486.313 486.313 486.313 486.313 486.313 486.313 486.313
467.214 486.703 486.313 486.313 486.313 486.313 486.313 486.313 486.313 486.313
467.214 486.703 486.313 486.313 486.313 486.313 486.313 486.313 486.313 486.313
467.214 486.703 486.313 486.313 486.313 486.313 486.313 486.313 486.313 486.313
467.214 486.703 486.313 486.313 486.313 486.313 486.313 486.313 486.313 486.313
467.214 486.703 486.313 486.313 486.313 486.313 486.313 486.313 486.313 486.313
467.214 486.703 486.313 486.313 486.313 486.313 486.313 486.313 486.313 486.313
467.214 486.703 486.313 486.313 486.313 486.313 486.313 486.313 486.313 486.313
467.214 486.703 486.313 486.313 486.313 486.313 486.313 486.313 486.313 486.313
467.214 486.703 486.313 486.313 486.313 486.313 486.313 486.313 486.313 486.313
467.214 486.703 486.313 486.313 486.313 486.313 486.313 486.313 486.313 486.313
467.214 486.703 486.313 486.313 486.313 486.313 486.313 486.313 486.313 486.313
467.214 486.703 486.313 486.313 486.313 486.313 486.313 486.313 486.313 486.313
467.214 486.703 486.313 486.313 486.313 486.313 486.313 486.313 486.313 486.313
467.214 486.703 486.313 486.313 486.313 486.313 486.313 486.313 486.313 486.313
467.214 486.703 486.313 486.313 486.313 486.313 486.313 486.313 486.313 486.313
467.214 486.703 486.313 486.313 486.313 486.313 486.313 486.313 486.313 486.313
467.214 486.703 486.313 486.313 486.313 486.313 486.313 486.313 486.313 486.313
467.214 486.703 486.313 486.313 486.313 486.313 486.313 486.313 486.313 486.313
467.214 486.703 486.313 486.313 486.313 486.313 486.313 486.313 486.313 486.313
467.214 486.703 486.313 486.313 486.313 486.313 486.313 486.313 486.313 486.313
467.214 486.703 486.313 486.313 486.313 486.313 486.313 486.313 486.313 486.313
467.214 486.703 486.313 486.313 486.313 486.313 486.313 486.313 486.313 486.313
467.214 486.703 486.313 486.313 486.313 486.313 486.313 486.313 486.313 486.313
467.214 486.703 486.313 486.313 486.313 486.313 486.313 486.313 486.313 486.313
467.214 486.703 486.313 486.313 486.313 486.313 486.313 486.313 486.313 486.313
467.214 486.703 486.313 486.313 486.313 486.313 486.313 486.313 486.313 486.313
467.214 486.703 486.313 486.313 486.313 486.313 486.313 486.313 486.313 486.313
467.214 486.703 486.313 486.313 486.313 486.313 486.313 486.313 486.313 486.313
467.214 486.703 486.313 486.313 486.313 486.313 486.313 486.313 486.313 486.313
467.214 486.703 486.313 486.313 486.313 486.313 486.313 486.313 486.313 486.313
467.214 486.703 486.313 486.313 486.313 486.313 486.313 486.313 486.313 486.313
467.214 486.703 486.313 486.313 486.313 486.313 486.313 486.313 486.313 486.313
467.214 486.703 486.313 486.313 486.313 486.313 486.313 486.313 486.313 486.313
467.214 486.703 486.313 486.313 486.313 486.313 486.313 486.313 486.313 486.313
467.214 486.703 486.313 486.313 486.313 486.313 486.313 486.313 486.313 486.313
467.214 486.703 486.313 486.313 486.313 486.313 486.313 486.313 486.313 486.313
467.214 486.703 486.313 486.313 486.313 486.313 486.313 486.313 486.313 486.313
467.214 486.703 486.313 486.313 486.313 486.313 486.313 486.313 486.313 486.313
467.214 486.703 486.313 486.313 486.313 486.313 486.313 486.313 486.313 486.313
467.214 486.703 486.313 486.313 486.313 486.313 486.313 486.313 486.313 486.313
467.214 486.703 486.313 486.313 486.313 486.313 486.313 486.313 486.313 486.313
467.214 486.703 486.313 486.313 486.313 486.313 486.313 486.313 486.313 486.313
467.214 486.703 486.313 486.313 486.313 486.313 486.313 486.313 486.313 486.313
467.214 486.703 486.313 486.313 486.313 486.313 486.313 486.313 486.313 486.313
467.214 486.703 486.313 486.313 486.313 486.313 486.313 486.313 486.313 486.313
467.214 486.703 486.313 486.313 486.313 486.313 486.313 486.313 486.313 486.313
467.214 486.703 486.313 486.313 486.313 486.313 486.313 486.313 486.313 486.313
467.214 486.703 486.313 486.313 486.313 486.313 486.313 486.313 486.313 486.313
467.214 486.703 486.313 486.313 486.313 486.313 486.313 486.313 486.313 486.313
467.214 486.703 486.313 486.313 486.313 486.313 486.313 486.313 486.313 486.313
467.214 486.703 486.313 486.313 486.313 486.313 486.313 486.313 486.313 486.313
467.214 486.703 486.313 486.313 486.313 486.313 486.313 486.313 486.313 486.313
467.214 486.703 486.313 486.313 486.313 486.313 486.313 486.313 486.313 486.313
467.214 486.703 486.313 486.313 486.313 486.313 486.313 486.313 486.313 486.313
467.214 486.703 486.313 486.313 486.313 486.313 486.313 486.313 486.313 486.313
467.214 486.703 486.313 486.313 486.313 486.313 486.313 486.313 486.313 486.313
467.214 486.703 486.313 486.313 486.313 486.313 486.313 486.313 486.313 486.313
467.214 486.703 486.313 486.313 486.313 486.313 486.313 486.313 486.313 486.313
467.214 486.703 486.313 486.313 486.313 486.313 486.313 486.313 486.313 486.313
467.214 486.703 486.313 486.313 486.313 486.313 486.313 486.313 486.313 486.313
467.214 486.703 486.313 486.313 486.313 486.313 486.313 486.313 486.313 486.313
467.214 486.703 486.313 486.313 486.313 486.313 486.313 486.313 486.313 486.313
467.214 486.703 486.313 486.313 486.313 486.313 486.313 486.313 486.313 486.313
467.214 486.703 486.313 486.313 486.313 486.313 486.313 486.313 486.313 486.313
467.214 486.703 486.313 486.313 486.313 486.313 486.313 486.313 486.313 486.313
467.214 486.703 486.313 486.313 486.313 486.313 486.313 486.313 486.313 486.313
467.214 486.703 486.313 486.313 486.313 486.313 486.313 486.313 486.313 486.313
467.214 486.703 486.313 486.313 486.313 486.313 486.313 486.313 486.313 486.313
467.214 486.703 486.313 486.313 486.313 486.313 486.313 486.313 486.313 486.313
467.214 486.703 486.313 486.313 486.313 486.313 486.313 486.313 486.313 486.313
467.214 486.703 486.313 486.313 486.313 486.313 486.313 486.313 486.313 486.313
467.214 486.703 486.313 486.313 486.313 486.313 486.313 486.313 486.313 486.313
467.214 486.703 486.313 486.313 486.313 486.313 486.313 486.313 486.313 486.313
467.214 486.703 486.313 486.313 486.313 486.313 486.313 486.313 486.313 486.313
467.214 486.703 486.313 486.313 486.313 486.313 486.313 486.313 486.313 486.313
467.214 486.703 486.313 486.313 486.313 486.313 486.313 486.313 486.313 486.313
467.214 486.703 486.313 486.313 486.313 486.313 486.313 486.313 486.313 486.313
467.214 486.703 486.313 486.313 486.313 486.313 486.313 486.313 486.313 486.313
467.214 486.703 486.313 486.313 486.313 486.313 486.313 486.313 486.313 486.313
467.214 486.703 486.313 486.313 486.313 486.313 486.313 486.313 486.313 486.313
467.214 486.703 486.313 486.313 486.313 486.313 486.313 486.313 486.313 486.313
467.214 486.703 486.313 486.313 486.313 486.313 486.313 486.313 486.313 486.313
467.214 486.703 486.313 486.313 486.313 486.313 486.313 486.313 486.313 486.313
467.214 486.703 486.313 486.313 486.313 486.313 486.313 486.313 486.313 486.313
467.214 486.703 486.313 486.313 486.313 486.313 486.313 486.313 486.313 486.313
467.214 486.703 486.313 486.313 486.313 486.313 486.313 486.313 486.313 486.313
467.214 486.703 486.313 486.313 486.313 486.313 486.313 486.313 486.313 486.313
467.214 486.703 486.313 486.313 486.313 486.313 486.313 486.313 486.313 486.313
467.214 486.703 486.313 486.313 486.313 486.313 486.313 486.313 486.313 486.313
467.214 486.703 486.313 486.313 486.313 486.313 486.313 486.313 486.313 486.313
467.214 486.703 486.313 486.313 486.313 486.313 486.313 486.313 486.313 486.313
467.214 486.703 486.313 486.313 486.313 486.313 486.313 486.313 486.313 486.313
467.214 486.703 486.313 486.313 486.313 486.313 486.313 486.313 486.313 486.313
467.214 486.703 486.313 486.313 486.313 486.313 486.313 486.313 486.313 486.313
467.214 486.703 486.313 486.313 486.313 486.313 486.313 486.313 486.313 486.313
467.214 486.703 486.313 486.313 486.313 486.313 486.313 486.313 486.313 486.313
467.214 486.703 486.313 486.313 486.313 486.313 486.313 486.313 486.313 486.313
467.214 486.703 486.313 486.313 486.313 486.313 486.313 486.313 486.313 486.313
467.214 486.703 486.313 486.313 486.313 486.313 486.313 486.313 486.313 486.313
467.214 486.703 486.313 486.313 486.313 486.313 486.313 486.313 486.313 486.313
467.214 486.703 486.313 486.313 486.313 486.313 486.313 486.313 486.313 486.313
467.214 486.703 486.313 486.313 486.313 486.313 486.313 486.313 486.313 486.313
467.214 486.703 486.313 486.313 486.313 486.313 486.313 486.313 486.313 486.313
467.214 486.703 486.313 486.313 486.313 486.313 486.313 486.313 486.313 486.313
