1.67379e-07 1.59916e-07 1.52397e-07 1.44599e-07 1.36088e-07 1.26098e-07 1.13477e-07 9.66512e-08  7.3669e-08 4.22695e-08
7.94518e-07  7.4913e-07   7.011e-07 6.48932e-07 5.90833e-07 5.24755e-07 4.48503e-07 3.59846e-07 2.56677e-07 1.37175e-07
9.63319e-07 9.07045e-07 8.47244e-07  7.8214e-07 7.09696e-07 6.27682e-07 5.33808e-07 4.25852e-07 3.01835e-07 1.60196e-07
1.34593e-06 1.26437e-06 1.17712e-06 1.08184e-06 9.76079e-07 8.57316e-07  7.2318e-07 5.71593e-07  4.0097e-07 2.10427e-07
 1.8374e-06 1.72249e-06 1.59883e-06 1.46359e-06 1.31389e-06 1.14706e-06 9.60803e-07 7.53372e-07 5.23829e-07 2.72256e-07
2.33739e-06 2.18716e-06 2.02476e-06 1.84704e-06 1.65102e-06 1.43412e-06 1.19436e-06 9.30538e-07 6.42517e-07  3.3144e-07
2.90147e-06 2.71091e-06 2.50418e-06 2.27791e-06 2.02909e-06 1.75533e-06 1.45507e-06 1.12778e-06 7.74285e-07  3.9695e-07
3.52862e-06 3.29279e-06 3.03629e-06 2.75553e-06 2.44757e-06 2.11029e-06 1.74264e-06 1.34493e-06 9.19047e-07 4.68759e-07
4.21876e-06  3.9328e-06 3.62111e-06 3.27998e-06 2.90658e-06 2.49914e-06 2.05726e-06 1.58215e-06 1.07695e-06 5.46955e-07
4.97245e-06 4.63145e-06 4.25916e-06 3.85178e-06 3.40661e-06 2.92236e-06 2.39933e-06  1.8398e-06 1.24824e-06  6.3168e-07
5.79078e-06 5.38981e-06 4.95145e-06 4.47185e-06 3.94853e-06 3.38071e-06 2.76954e-06 2.11841e-06 1.43332e-06 7.23134e-07
6.67543e-06 6.20946e-06 5.69945e-06 5.14155e-06 4.53357e-06 3.87528e-06 3.16877e-06 2.41869e-06 1.63266e-06 8.21572e-07
7.62864e-06 7.09247e-06 6.50509e-06 5.86265e-06 5.16329e-06 4.40744e-06 3.59816e-06 2.74152e-06 1.84687e-06 9.27304e-07
 8.6532e-06 8.04146e-06 7.37078e-06 6.63734e-06 5.83964e-06 4.97884e-06  4.0591e-06 3.08795e-06 2.07668e-06 1.04069e-06
9.75243e-06 9.05954e-06 8.29938e-06  7.4682e-06 6.56491e-06 5.59145e-06 4.55318e-06 3.45922e-06 2.32291e-06 1.16217e-06
1.09303e-05 1.01503e-05 9.29423e-06 8.35824e-06 7.34175e-06 6.24756e-06 5.08227e-06 3.85676e-06 2.58652e-06  1.2922e-06
1.21912e-05  1.1318e-05 1.03591e-05 9.31091e-06  8.1732e-06 6.94973e-06 5.64848e-06 4.28215e-06  2.8686e-06 1.43133e-06
1.35402e-05 1.25673e-05 1.14984e-05 1.03301e-05 9.06267e-06 7.70087e-06 6.25416e-06 4.73719e-06 3.17033e-06 1.58016e-06
 1.4983e-05 1.39035e-05 1.27169e-05 1.14201e-05 1.00139e-05 8.50422e-06 6.90193e-06 5.22387e-06 3.49306e-06 1.73935e-06
 1.6526e-05 1.53323e-05   1.402e-05 1.25857e-05 1.10312e-05 9.36333e-06 7.59471e-06 5.74438e-06 3.83824e-06 1.90964e-06
1.81759e-05 1.68603e-05 1.54134e-05 1.38323e-05 1.21192e-05 1.02822e-05 8.33567e-06 6.30114e-06 4.20749e-06 2.09181e-06
1.99406e-05 1.84944e-05 1.69037e-05 1.51656e-05 1.32829e-05  1.1265e-05 9.12831e-06 6.89677e-06 4.60256e-06 2.28675e-06
2.18282e-05 2.02426e-05  1.8498e-05 1.65919e-05 1.45278e-05 1.23165e-05 9.97642e-06 7.53416e-06 5.02538e-06 2.49541e-06
2.38479e-05  2.2113e-05  2.0204e-05 1.81182e-05 1.58601e-05 1.34419e-05 1.08842e-05 8.21641e-06 5.47801e-06 2.71882e-06
2.60096e-05  2.4115e-05 2.20299e-05 1.97519e-05 1.72862e-05 1.46467e-05  1.1856e-05 8.94694e-06 5.96273e-06 2.95809e-06
 2.8324e-05 2.62585e-05  2.3985e-05 2.15012e-05 1.88134e-05 1.59368e-05 1.28968e-05 9.72939e-06 6.48196e-06 3.21443e-06
3.08025e-05 2.85541e-05 2.60788e-05 2.33748e-05 2.04491e-05 1.73188e-05 1.40118e-05 1.05677e-05 7.03827e-06 3.48908e-06
3.34576e-05 3.10132e-05 2.83219e-05  2.5382e-05 2.22015e-05 1.87995e-05 1.52065e-05 1.14658e-05 7.63431e-06 3.78332e-06
3.63021e-05 3.36477e-05 3.07251e-05 2.75324e-05  2.4079e-05 2.03858e-05 1.64864e-05  1.2428e-05 8.27274e-06 4.09841e-06
3.93495e-05 3.64701e-05 3.32995e-05 2.98362e-05 2.60903e-05 2.20851e-05 1.78572e-05 1.34584e-05 8.95622e-06 4.43561e-06
4.26133e-05  3.9493e-05 3.60568e-05 3.23033e-05 2.82441e-05 2.39044e-05 1.93246e-05  1.4561e-05 9.68739e-06 4.79618e-06
4.61076e-05 4.27291e-05 3.90083e-05 3.49439e-05 3.05489e-05  2.5851e-05 2.08942e-05 1.57401e-05 1.04689e-05 5.18139e-06
4.98458e-05 4.61909e-05 4.21653e-05 3.77681e-05 3.30135e-05 2.79319e-05 2.25716e-05 1.69995e-05 1.13033e-05  5.5925e-06
5.38412e-05 4.98906e-05 4.55388e-05 4.07853e-05 3.56459e-05 3.01539e-05  2.4362e-05 1.83434e-05 1.21934e-05 6.03079e-06
5.81008e-05 5.38344e-05 4.91344e-05 4.40005e-05 3.84502e-05 3.25203e-05 2.62683e-05 1.97737e-05 1.31403e-05 6.49691e-06
6.25584e-05 5.79602e-05  5.2894e-05 4.73602e-05 4.13784e-05 3.49891e-05 2.82551e-05  2.1263e-05 1.41251e-05 6.98115e-06
6.72842e-05 6.23341e-05 5.68794e-05 5.09214e-05 4.44821e-05 3.76057e-05 3.03608e-05 2.28413e-05 1.51689e-05 7.49444e-06
7.22909e-05 6.69678e-05 6.11016e-05 5.46942e-05 4.77701e-05 4.03778e-05 3.25917e-05 2.45136e-05  1.6275e-05 8.03853e-06
7.75943e-05 7.18763e-05 6.55741e-05 5.86908e-05 5.12534e-05 4.33148e-05 3.49557e-05 2.62861e-05 1.74478e-05 8.61558e-06
8.32134e-05 7.70771e-05 7.03134e-05 6.29261e-05 5.49452e-05 4.64281e-05 3.74621e-05  2.8166e-05  1.8692e-05 9.22815e-06
8.91705e-05 8.25911e-05 7.53384e-05 6.74174e-05 5.88607e-05 4.97309e-05 4.01219e-05 3.01617e-05 2.00136e-05 9.87916e-06
9.54917e-05 8.84426e-05 8.06716e-05 7.21849e-05  6.3018e-05 5.32386e-05 4.29479e-05 3.22829e-05 2.14191e-05  1.0572e-05
0.000102207 9.46595e-05 8.63388e-05 7.72519e-05 6.74378e-05  5.6969e-05 4.59544e-05 3.45409e-05  2.2916e-05 1.13103e-05
0.000109351 0.000101274 9.23695e-05 8.26453e-05 7.21435e-05 6.09423e-05 4.91581e-05 3.69481e-05 2.45128e-05 1.20984e-05
0.000116969 0.000108329 9.88024e-05 8.83998e-05  7.7166e-05 6.51845e-05 5.25801e-05 3.95206e-05   2.622e-05 1.29415e-05
0.000125185 0.000115938 0.000105744 9.46121e-05  8.2591e-05 6.97698e-05 5.62814e-05 4.23052e-05 2.80697e-05 1.38558e-05
0.000133988 0.000124093 0.000113184 0.000101272 8.84079e-05 7.46873e-05 6.02519e-05 4.52931e-05 3.00549e-05 1.48374e-05
0.000143435 0.000132844 0.000121169  0.00010842 9.46524e-05 7.99672e-05 6.45158e-05 4.85025e-05 3.21878e-05 1.58922e-05
0.000153582 0.000142245 0.000129747   0.0001161 0.000101362 8.56411e-05 6.90985e-05 5.19524e-05 3.44809e-05 1.70265e-05
 0.00016449  0.00015235 0.000138969 0.000124357 0.000108576 9.17425e-05 7.40271e-05 5.56631e-05 3.69477e-05 1.82469e-05
0.000176222  0.00016322 0.000148889 0.000133239 0.000116338 9.83071e-05 7.93303e-05 5.96563e-05 3.96025e-05 1.95605e-05
0.000188847 0.000174917 0.000159564 0.000142799 0.000124691 0.000105373 8.50388e-05 6.39549e-05 4.24607e-05 2.09748e-05
0.000202437  0.00018751 0.000171056  0.00015309 0.000133685  0.00011298 9.11851e-05 6.85834e-05 4.55384e-05 2.24978e-05
0.000217071 0.000201068 0.000183431 0.000164172  0.00014337 0.000121172 9.78043e-05 7.35683e-05 4.88531e-05 2.41382e-05
0.000232831 0.000215671 0.000196759 0.000176107   0.0001538 0.000129996 0.000104934 7.89375e-05 5.24236e-05 2.59052e-05
0.000249806 0.000231399 0.000211114 0.000188963 0.000165035   0.0001395 0.000112613 8.47212e-05 5.62697e-05 2.78086e-05
 0.00026809 0.000248341 0.000226577 0.000202811 0.000177138 0.000149738 0.000120886 9.09516e-05 6.04129e-05 2.98592e-05
0.000287787 0.000266592 0.000243234 0.000217729 0.000190175 0.000160768 0.000129798 9.76635e-05 6.48764e-05 3.20682e-05
0.000309005 0.000286252 0.000261179 0.000233799  0.00020422 0.000172649 0.000139398 0.000104894 6.96847e-05 3.44479e-05
0.000331863 0.000307431 0.000280509  0.00025111  0.00021935 0.000185448  0.00014974 0.000112683 7.48644e-05 3.70114e-05
0.000356485 0.000330246 0.000301332 0.000269759 0.000235648 0.000199235  0.00016088 0.000121073 8.04441e-05 3.97729e-05
0.000383008 0.000354821 0.000323762 0.000289846 0.000253203 0.000214087 0.000172881 0.000130111 8.64544e-05 4.27475e-05
0.000411577 0.000381293 0.000347923 0.000311484 0.000272114 0.000230084 0.000185807 0.000139846 9.29282e-05 4.59515e-05
0.000442349 0.000409805 0.000373947 0.000334789 0.000292482 0.000247314 0.000199729 0.000150332 9.99012e-05 4.94024e-05
0.000475492 0.000440515 0.000401976 0.000359891 0.000314419 0.000265872 0.000214724 0.000161625 0.000107411 5.31192e-05
0.000511188  0.00047359 0.000432163 0.000386925 0.000338046 0.000285859 0.000230874 0.000173788   0.0001155 5.71222e-05
0.000549631  0.00050921 0.000464674  0.00041604 0.000363491 0.000307384 0.000248267 0.000186887  0.00012421 6.14333e-05
0.000591031 0.000547571 0.000499686 0.000447395 0.000390893 0.000330565 0.000266997 0.000200993 0.000133591 6.60761e-05
0.000635615  0.00058888 0.000537389  0.00048116 0.000420403 0.000355528 0.000287168 0.000216185 0.000143694 7.10762e-05
0.000683626 0.000633366 0.000577992 0.000517522 0.000452181 0.000382412  0.00030889 0.000232545 0.000154574 7.64613e-05
0.000735329 0.000681273 0.000621716  0.00055668 0.000486404 0.000411363 0.000332284 0.000250165 0.000166292 8.22613e-05
0.000791007 0.000732863 0.000668804  0.00059885 0.000523259 0.000442542 0.000357479 0.000269141 0.000178913 8.85085e-05
0.000850969 0.000788423 0.000719514 0.000644265 0.000562952 0.000476121 0.000384614  0.00028958 0.000192507 9.52376e-05
0.000915548 0.000848261  0.00077413 0.000693178 0.000605702 0.000512289 0.000413841 0.000311596  0.00020715 0.000102486
0.000985109 0.000912716 0.000832961 0.000745868 0.000651753  0.00055125 0.000445327 0.000335313 0.000222925 0.000110296
 0.00106013 0.000982229  0.00089641 0.000802695 0.000701425 0.000593276 0.000479291 0.000360899 0.000239945 0.000118722
 0.00114096  0.00105713 0.000964777 0.000863928 0.000754946  0.00063856 0.000515889 0.000388469 0.000258284 0.000127801
 0.00122806  0.00113784  0.00103844 0.000929908 0.000812617 0.000687355 0.000555324 0.000418175 0.000278045 0.000137584
  0.0013219   0.0012248  0.00111782    0.001001 0.000874757 0.000739931 0.000597814 0.000450184 0.000299336 0.000148125
 0.00142302   0.0013185  0.00120335   0.0010776  0.00094171 0.000796578 0.000643595  0.00048467 0.000322276 0.000159481
 0.00153197  0.00141945  0.00129549  0.00116013  0.00101384 0.000857608 0.000692916 0.000521824 0.000346988 0.000171715
 0.00164933   0.0015282  0.00139476  0.00124903  0.00109155 0.000923355 0.000746049 0.000561847 0.000373609 0.000184893
 0.00177577  0.00164535  0.00150169  0.00134481  0.00117526 0.000994175 0.000803281 0.000604957 0.000402283 0.000199086
 0.00191195  0.00177154  0.00161687  0.00144796  0.00126542  0.00107045 0.000864922 0.000651387 0.000433164 0.000214372
 0.00205862  0.00190745  0.00174091  0.00155905  0.00136252   0.0011526 0.000931303 0.000701387 0.000466418 0.000230833
 0.00221648  0.00205371  0.00187441  0.00167862  0.00146701    0.001241  0.00100274 0.000755192 0.000502202 0.000248545
 0.00238644   0.0022112  0.00201815  0.00180734  0.00157952  0.00133618  0.00107965 0.000813122 0.000540731 0.000267617
 0.00256943  0.00238075  0.00217291  0.00194594  0.00170065  0.00143866  0.00116246 0.000875496 0.000582218 0.000288155
 0.00276644   0.0025633  0.00233952  0.00209516  0.00183107  0.00154899  0.00125162 0.000942659 0.000626891  0.00031027
 0.00297852  0.00275981  0.00251889  0.00225579  0.00197146  0.00166777   0.0013476  0.00101496 0.000674973 0.000334062
 0.00319114  0.00295594  0.00269681  0.00241382  0.00210796  0.00178126  0.00143682  0.00107893 0.000713138 0.000346359
 0.00337456   0.0031228   0.0028453  0.00254209  0.00221427  0.00186401  0.00149464  0.00111079 0.000718434 0.000338068
 0.00349141  0.00322481  0.00293049   0.0026085     0.00226  0.00188733   0.0014941  0.00108528 0.000680355 0.000308651
 0.00349736  0.00322027  0.00291334  0.00257661  0.00221135  0.00182005  0.00140662 0.000989469 0.000596829 0.000257465
 0.00334163  0.00306198  0.00275019  0.00240632  0.00203173  0.00162913  0.00121576 0.000818689 0.000465532 0.000183752
 0.00298309  0.00271305  0.00240841  0.00206924  0.00169701  0.00130769 0.000927094 0.000581585 0.000297375 2.71051e-20
 0.00239074  0.00214699    0.001866  0.00154787  0.00120721 0.000868497 0.000556717 0.000296745 5.42101e-20 3.00927e-36
 0.00153829  0.00134205  0.00110573 0.000842485 0.000575327  0.00032779 0.000123288 5.42101e-20 6.01853e-36 3.34096e-52
 0.000408258  0.000284984    0.0001316 -3.04837e-05 -0.000179317  -0.00029307  2.71051e-20  6.01853e-36  6.68191e-52  3.70921e-68
 -0.00101978  -0.00102685  -0.00104608  -0.00105725  -0.00104024 -5.42101e-20  3.00927e-36  6.68191e-52  7.41841e-68  4.11805e-84
 -0.00246454  -0.00234049  -0.00221086  -0.00205675  -2.1684e-19 -6.01853e-36  3.34096e-52  7.41841e-68  8.23609e-84 4.57195e-100
 -0.00364059  -0.00340301  -0.00314195 -4.33681e-19 -2.40741e-35 -6.68191e-52  3.70921e-68  8.23609e-84  9.1439e-100 5.07588e-116
 -0.00449333  -0.00416538 -4.33681e-19 -4.81482e-35 -2.67276e-51 -7.41841e-68  4.11805e-84  9.1439e-100 1.01518e-115 5.63536e-132
 -0.00496973 -8.67362e-19 -4.81482e-35 -5.34553e-51 -2.96736e-67 -8.23609e-84 4.57195e-100 1.01518e-115 1.12707e-131 6.25651e-148
-8.67362e-19 -9.62965e-35 -5.34553e-51 -5.93473e-67 -3.29444e-83 -9.1439e-100 5.07588e-116 1.12707e-131  1.2513e-147 6.94612e-164
 -9.62965e-35  -1.06911e-50  -5.93473e-67  -6.58887e-83  -3.65756e-99 -1.01518e-115  5.63536e-132   1.2513e-147  1.38922e-163  7.71174e-180
 -1.06911e-50  -1.18695e-66  -6.58887e-83  -7.31512e-99 -4.06071e-115 -1.12707e-131  6.25651e-148  1.38922e-163  1.54235e-179  8.56176e-196
 -1.18695e-66  -1.31777e-82  -7.31512e-99 -8.12141e-115 -4.50829e-131  -1.2513e-147  6.94612e-164  1.54235e-179  1.71235e-195  9.50546e-212
 -1.31777e-82  -1.46302e-98 -8.12141e-115 -9.01658e-131 -5.00521e-147 -1.38922e-163  7.71174e-180  1.71235e-195  1.90109e-211  1.05532e-227
 -1.46302e-98 -1.62428e-114 -9.01658e-131 -1.00104e-146  -5.5569e-163 -1.54235e-179  8.56176e-196  1.90109e-211  2.11064e-227  1.17164e-243
-1.62428e-114 -1.80332e-130 -1.00104e-146 -1.11138e-162 -6.16939e-179 -1.71235e-195  9.50546e-212  2.11064e-227  2.34328e-243  1.30078e-259
-1.80332e-130 -2.00208e-146 -1.11138e-162 -1.23388e-178  -6.8494e-195 -1.90109e-211  1.05532e-227  2.34328e-243  2.60156e-259  1.44416e-275
-2.00208e-146 -2.22276e-162 -1.23388e-178 -1.36988e-194 -7.60437e-211 -2.11064e-227  1.17164e-243  2.60156e-259  2.88831e-275  1.60333e-291
-2.22276e-162 -2.46776e-178 -1.36988e-194 -1.52087e-210 -8.44254e-227 -2.34328e-243  1.30078e-259  2.88831e-275  3.20667e-291  1.78006e-307
-2.46776e-178 -2.73976e-194 -1.52087e-210 -1.68851e-226 -9.37311e-243 -2.60156e-259  1.44416e-275  3.20667e-291  3.56012e-307  1.97626e-323
-2.73976e-194 -3.04175e-210 -1.68851e-226 -1.87462e-242 -1.04062e-258 -2.88831e-275  1.60333e-291  3.56012e-307  3.95253e-323             0
-3.04175e-210 -3.37702e-226 -1.87462e-242 -2.08125e-258 -1.15532e-274 -3.20667e-291  1.78006e-307  3.95253e-323             0             0
-3.37702e-226 -3.74924e-242 -2.08125e-258 -2.31065e-274 -1.28267e-290 -3.56012e-307  1.97626e-323             0             0             0
-3.74924e-242 -4.16249e-258 -2.31065e-274 -2.56534e-290 -1.42405e-306 -3.95253e-323             0             0             0             0
-4.16249e-258  -4.6213e-274 -2.56534e-290 -2.84809e-306 -1.58101e-322             0             0             0             0             0
 -4.6213e-274 -5.13067e-290 -2.84809e-306 -3.16202e-322             0             0             0             0             0             0
-5.13067e-290 -5.69619e-306 -3.16202e-322             0             0             0             0             0             0             0
-5.69619e-306 -6.32404e-322             0             0             0             0             0             0             0             0
-6.32404e-322             0             0             0             0             0             0             0             0             0
0 0 0 0 0 0 0 0 0 0
           0            0            0            0            0            0            0            0            0 -0.000744371
           0            0            0            0            0            0            0            0  -0.00156879 -0.000754917
           0            0            0            0            0            0            0  -0.00243664  -0.00157171 -0.000745505
           0            0            0            0            0            0  -0.00330222  -0.00240709  -0.00153167 -0.000715574
           0            0            0            0            0   -0.0041067  -0.00320552  -0.00230639  -0.00144646 -0.000664435
           0            0            0            0  -0.00477392  -0.00389495  -0.00300199  -0.00212951  -0.00131357 -0.000591244
           0            0            0  -0.00520644  -0.00438286  -0.00353106   -0.0026827    -0.001871  -0.00113022 -0.000495036
           0            0  -0.00528294  -0.00455344   -0.0037836  -0.00300204  -0.00223899  -0.00152569 -0.000893822 -0.000374966
           0  -0.00485861  -0.00426774  -0.00362677  -0.00296108  -0.00229767  -0.00166456  -0.00109025 -0.000603109 -0.000230868
 -0.00375219  -0.00335144  -0.00289362  -0.00240064  -0.00189602  -0.00140431 -0.000950558 -0.000559741 -0.000256185 -6.30007e-05
 -0.00191864  -0.00166228  -0.00136463  -0.00104613 -0.000728297 -0.000433087 -0.000182386  2.57789e-06  0.000101813  9.86421e-05
-0.000146101 -3.19281e-05  0.000107867  0.000254174  0.000387415  0.000488109  0.000537445  0.000517858  0.000415117  0.000238623
  0.0015321  0.00150785  0.00149356  0.00147136  0.00142351  0.00133293   0.0011838 0.000963654 0.000683679 0.000357301
  0.0030755   0.0029191  0.00275691  0.00257224  0.00234908  0.00207267  0.00173165   0.0013383  0.00090717 0.000454892
 0.00471494  0.00442335  0.00411007  0.00375949  0.00335725  0.00289092  0.00236421  0.00179259  0.00119407 0.000589012
0.00597151 0.00556368   0.005118 0.00461986 0.00405655 0.00343152 0.00276003 0.00205985 0.00135117 0.00065637
 0.00696578  0.00645855  0.00589699  0.00526742  0.00457238  0.00382618  0.00304572  0.00225025  0.00146135 0.000702683
 0.00763892  0.00705511  0.00640006  0.00567464  0.00489157   0.0040661  0.00321595  0.00236109  0.00152366 0.000727896
 0.00793407  0.00730315  0.00659718  0.00582651  0.00500409   0.0041453  0.00326782  0.00239155  0.00153848 0.000732641
 0.00778467  0.00715782  0.00646014  0.00570147  0.00489413  0.00405277  0.00319427  0.00233766  0.00150403 0.000716465
 0.00743405  0.00683695  0.00617254  0.00544998  0.00468075  0.00387859  0.00305934  0.00224096  0.00144337 0.000688462
 0.00712546  0.00655472  0.00591984  0.00522931  0.00449385  0.00372634  0.00294172  0.00215694  0.00139089 0.000664358
 0.0068569 0.00630932  0.0057004 0.00503801 0.00433218 0.00359502 0.00284061 0.00208503 0.00134621 0.00064398
 0.00662682  0.00609932  0.00551294  0.00487497  0.00419481  0.00348385  0.00275543   0.0020248  0.00130907 0.000627209
 0.00643387   0.0059235  0.00535636  0.00473923  0.00408093  0.00339219  0.00268567   0.0019759  0.00127926 0.000613945
 0.00627691  0.00578081  0.00522974  0.00463001  0.00398987   0.0033195  0.00263092  0.00193805  0.00125659 0.000604111
 0.00615502  0.00567041  0.00513233  0.00454664  0.00392109  0.00326533  0.00259086  0.00191101  0.00124093 0.000597646
 0.00606747  0.00559164  0.00506355  0.00448862  0.00387417  0.00322937  0.00256524  0.00189461  0.00123219 0.000594509
 0.00601371  0.00554402  0.00502296   0.0044556  0.00384882  0.00321139  0.00255389  0.00188876   0.0012303 0.000594679
  0.0059934  0.00552723  0.00501032  0.00444735  0.00384487  0.00321126  0.00255674  0.00189341  0.00123525 0.000598152
 0.00600647  0.00554122  0.00502557  0.00446387  0.00386234  0.00322901  0.00257383   0.0019086  0.00124707 0.000604957
 0.00605288  0.00558597  0.00506872  0.00450517  0.00390123  0.00326468   0.0026052  0.00193438  0.00126581 0.000615114
 0.00613285  0.00566169  0.00513996  0.00457143  0.00396174  0.00331844  0.00265099  0.00197087  0.00129156 0.000628678
 0.00624676  0.00576874  0.00523965  0.00466299  0.00404418  0.00339056  0.00271146  0.00201826  0.00132445 0.000645716
0.00639521 0.00590769  0.0053683 0.00478033 0.00414897 0.00348141  0.0027869  0.0020768 0.00136466 0.00066632
 0.00657897  0.00607924  0.00552659  0.00492405  0.00427665  0.00359147  0.00287771  0.00214679  0.00141239 0.000690598
 0.00679899  0.00628431  0.00571534  0.00509491   0.0044279  0.00372132  0.00298439  0.00222861   0.0014679 0.000718681
 0.00705646  0.00652399  0.00593557  0.00529382  0.00460353  0.00387166  0.00310749   0.0023227   0.0015315 0.000750724
 0.00735275  0.00679956  0.00618844  0.00552186  0.00480448   0.0040433  0.00324769  0.00242957  0.00160352 0.000786896
 0.00768941  0.00711246  0.00647529   0.0057802  0.00503181  0.00423712  0.00340571  0.00254977  0.00168433 0.000827367
 0.00805017   0.0074466  0.00678019  0.00605309  0.00526988  0.00443765  0.00356617  0.00266803  0.00175877 0.000857096
  0.0084016  0.00776951  0.00707162  0.00630994  0.00548903   0.0046161   0.0037012  0.00275733  0.00180069 0.000865757
 0.00870162  0.00804108  0.00731142  0.00651451  0.00565493  0.00474005  0.00378023  0.00278902  0.00179827 0.000852831
 0.00890027  0.00821433  0.00745556  0.00662574  0.00572944  0.00477426  0.00377096  0.00274862  0.00174934 0.000817692
 0.00894034  0.00823607  0.00745487   0.0065984   0.0056713  0.00468144  0.00365497   0.0026311  0.00165148 0.000759573
 0.00875788  0.00804744  0.00725554  0.00638377  0.00543686  0.00443793  0.00342309  0.00243094  0.00150189 0.000677538
 0.00828316  0.00758489  0.00680021  0.00593063  0.00499598  0.00402914  0.00306547  0.00214214  0.00129752 0.000570522
 0.0074432 0.00678265 0.00603028 0.00520249  0.0043287 0.00344082 0.00257261 0.00175901 0.00103551 0.00043759
 0.00616719  0.00557783  0.00490568  0.00417647  0.00341847  0.00266174  0.00193758  0.00127788 0.000714474 0.000278551
 0.00439421  0.00393362  0.00340813  0.00284205  0.00226154  0.00169399   0.0011674 0.000709767 0.000348433 5.00829e-06
  0.00241802   0.00211526   0.00176497   0.00138987   0.00101388   0.00066152  0.000357288  0.000125037 -6.27415e-06  3.82452e-16
  0.00053925  0.000390215  0.000210924  2.25853e-05 -0.000153002  -0.00029407 -0.000379514  -1.7658e-05 -1.70642e-17  2.67564e-16
 -0.00120137  -0.00120309  -0.00121782  -0.00122576   -0.0012071  -0.00114276 -4.24361e-05 -5.32998e-16    1.206e-16  2.67564e-16
 -0.00275591   -0.0026201  -0.00247998  -0.00231704  -0.00211342 -7.94598e-05   -1.364e-15   1.1834e-16    1.206e-16  2.67564e-16
 -0.00494017  -0.00463857  -0.00431519  -0.00395269  -0.00353508 -8.33182e-16 -2.34291e-16   1.1834e-16    1.206e-16  2.67564e-16
   -0.006322  -0.00589262  -0.00542371  -0.00489906 -4.33681e-19 -4.87311e-16 -2.34291e-16   1.1834e-16    1.206e-16  2.67564e-16
 -0.00741598  -0.00687733  -0.00628105 -8.67362e-19 -4.81482e-35 -4.87311e-16 -2.34291e-16   1.1834e-16    1.206e-16  2.67564e-16
 -0.00815785  -0.00753496            0 -9.62965e-35 -5.34553e-51 -4.87311e-16 -2.34291e-16   1.1834e-16    1.206e-16  2.67564e-16
  -0.0084855 -8.67362e-19            0 -1.06911e-50 -5.93473e-67 -4.87311e-16 -2.34291e-16   1.1834e-16    1.206e-16  2.67564e-16
-1.73472e-18 -9.62965e-35            0 -1.18695e-66 -6.58887e-83 -4.87311e-16 -2.34291e-16   1.1834e-16    1.206e-16  2.67564e-16
-1.92593e-34 -1.06911e-50            0 -1.31777e-82 -7.31512e-99 -4.87311e-16 -2.34291e-16   1.1834e-16    1.206e-16  2.67564e-16
 -2.13821e-50  -1.18695e-66             0  -1.46302e-98 -8.12141e-115  -4.87311e-16  -2.34291e-16    1.1834e-16     1.206e-16   2.67564e-16
 -2.37389e-66  -1.31777e-82             0 -1.62428e-114 -9.01658e-131  -4.87311e-16  -2.34291e-16    1.1834e-16     1.206e-16   2.67564e-16
 -2.63555e-82  -1.46302e-98             0 -1.80332e-130 -1.00104e-146  -4.87311e-16  -2.34291e-16    1.1834e-16     1.206e-16   2.67564e-16
 -2.92605e-98 -1.62428e-114             0 -2.00208e-146 -1.11138e-162  -4.87311e-16  -2.34291e-16    1.1834e-16     1.206e-16   2.67564e-16
-3.24857e-114 -1.80332e-130             0 -2.22276e-162 -1.23388e-178  -4.87311e-16  -2.34291e-16    1.1834e-16     1.206e-16   2.67564e-16
-3.60663e-130 -2.00208e-146             0 -2.46776e-178 -1.36988e-194  -4.87311e-16  -2.34291e-16    1.1834e-16     1.206e-16   2.67564e-16
-4.00417e-146 -2.22276e-162             0 -2.73976e-194 -1.52087e-210  -4.87311e-16  -2.34291e-16    1.1834e-16     1.206e-16   2.67564e-16
-4.44552e-162 -2.46776e-178             0 -3.04175e-210 -1.68851e-226  -4.87311e-16  -2.34291e-16    1.1834e-16     1.206e-16   2.67564e-16
-4.93552e-178 -2.73976e-194             0 -3.37702e-226 -1.87462e-242  -4.87311e-16  -2.34291e-16    1.1834e-16     1.206e-16   2.67564e-16
-5.47952e-194 -3.04175e-210             0 -3.74924e-242 -2.08125e-258  -4.87311e-16  -2.34291e-16    1.1834e-16     1.206e-16   2.67564e-16
-6.08349e-210 -3.37702e-226             0 -4.16249e-258 -2.31065e-274  -4.87311e-16  -2.34291e-16    1.1834e-16     1.206e-16   2.67564e-16
-6.75403e-226 -3.74924e-242             0  -4.6213e-274 -2.56534e-290  -4.87311e-16  -2.34291e-16    1.1834e-16     1.206e-16   2.67564e-16
-7.49848e-242 -4.16249e-258             0 -5.13067e-290 -2.84809e-306  -4.87311e-16  -2.34291e-16    1.1834e-16     1.206e-16   2.67564e-16
-8.32499e-258  -4.6213e-274             0 -5.69619e-306 -3.16202e-322  -4.87311e-16  -2.34291e-16    1.1834e-16     1.206e-16   2.67564e-16
 -9.2426e-274 -5.13067e-290             0 -6.32404e-322             0  -4.87311e-16  -2.34291e-16    1.1834e-16     1.206e-16   2.67564e-16
-1.02613e-289 -5.69619e-306             0             0             0  -4.87311e-16  -2.34291e-16    1.1834e-16     1.206e-16   2.67564e-16
-1.13924e-305 -6.32404e-322             0             0             0  -4.87311e-16  -2.34291e-16    1.1834e-16     1.206e-16   2.67564e-16
-1.26481e-321             0             0             0             0  -4.87311e-16  -2.34291e-16    1.1834e-16     1.206e-16   2.67564e-16
           0            0            0            0            0 -4.87311e-16 -2.34291e-16   1.1834e-16    1.206e-16  2.67564e-16
           0            0            0            0            0 -4.87311e-16 -2.34291e-16   1.1834e-16    1.206e-16 -0.000899282
           0            0            0            0            0 -4.87311e-16 -2.34291e-16   1.1834e-16  -0.00188897 -0.000908182
           0            0            0            0            0 -4.87311e-16 -2.34291e-16  -0.00292533  -0.00188621 -0.000894601
           0            0            0            0            0 -4.87311e-16  -0.00395494  -0.00288291  -0.00183502 -0.000857885
           0            0            0            0            0  -0.00490989   -0.0038337  -0.00276016  -0.00173285 -0.000797235
           0            0            0            0  -0.00570295  -0.00465571  -0.00359172  -0.00255133  -0.00157681 -0.000711673
          0           0           0 -0.00622293 -0.00524305 -0.00422933 -0.00321874 -0.00225016  -0.0013637 -0.00060009
          0           0 -0.00633171 -0.00546363 -0.00454724 -0.00361589 -0.00270486  -0.0018507 -0.00109055 -0.00046151
           0  -0.00586457  -0.00515919  -0.00439392  -0.00359827  -0.00280367  -0.00204285  -0.00134915  -0.00075589 -0.000295734
 -0.00462086  -0.00413675  -0.00358452  -0.00298956  -0.00237921  -0.00178209  -0.00122748 -0.000744662 -0.000362287 -0.000107695
 -0.00252878  -0.00221014   -0.0018415  -0.00144659  -0.00105038 -0.000678519 -0.000356634 -0.000109695  3.86445e-05  7.29804e-05
-0.000516655 -0.000360364 -0.000172078  2.60581e-05  0.000211265  0.000360782   0.00045252  0.000465726  0.000387912  0.000228705
 0.00137631  0.00137532  0.00138836  0.00139473  0.00137375  0.00130545  0.00117118 0.000960593 0.000685474 0.000359894
 0.00310296   0.0029528  0.00279862  0.00262108  0.00240151  0.00212261   0.0017754  0.00137302 0.000930967 0.000466799
0.00509172 0.00478173 0.00444951 0.00407695 0.00364733 0.00314601 0.00257665 0.00195628  0.0013047 0.00064432
 0.00653027  0.00608721  0.00560342  0.00506197  0.00444802  0.00376507  0.00302998   0.0022624  0.00148464 0.000721472
 0.00766831   0.0071115   0.0064951  0.00580329  0.00503862  0.00421698  0.00335712  0.00248043   0.0016108 0.000774488
 0.00843882  0.00779438  0.00707104  0.00626956  0.00540412  0.00449171  0.00355204   0.0026073  0.00168209 0.000803308
 0.00877701  0.00807865  0.00729701  0.00644369  0.00553312  0.00458247  0.00361141  0.00264209  0.00169895 0.000808653
 0.00860703  0.00791321  0.00714089   0.0063011  0.00540759   0.0044767  0.00352722  0.00258029  0.00165935 0.000790007
 0.00820628  0.00754636  0.00681196  0.00601332  0.00516327  0.00427709  0.00337244  0.00246923  0.00158958 0.000757735
 0.00785196   0.0072222  0.00652157  0.00575957  0.00494817   0.0041017  0.00323676  0.00237216  0.00152882 0.000729759
 0.00754178  0.00693865  0.00626785   0.0055382  0.00476088  0.00394935  0.00311926  0.00228841  0.00147665 0.000705879
 0.00727396  0.00669407  0.00604933  0.00534792  0.00460031  0.00381916  0.00301927  0.00221749  0.00143275 0.000685956
 0.00704692  0.00648701  0.00586471  0.00518762  0.00446553  0.00371038  0.00293618    0.002159  0.00139688 0.000669872
 0.00685934  0.00631627  0.00571292  0.00505635  0.00435573  0.00362235  0.00286953  0.00211258  0.00136881 0.000657532
 0.00671012  0.00618085  0.00559308  0.00495334  0.00427028  0.00355457   0.0028189  0.00207795  0.00134839 0.000648863
0.00659835 0.00607993 0.00550445 0.00487798 0.00420865 0.00350661 0.00278399 0.00205492 0.00133549 0.00064381
 0.00652336  0.00601289  0.00544649   0.0048298  0.00417048  0.00347819   0.0027646  0.00204332  0.00133002 0.000642339
0.00648468 0.00597933 0.00541885 0.00480849 0.00415551 0.00346912 0.00276057 0.00204309 0.00133194 0.00064444
 0.00648214  0.00597908  0.00542141  0.00481399  0.00416369  0.00347938  0.00277193  0.00205425  0.00134129 0.000650131
 0.00651561  0.00601205  0.00545407  0.00484621  0.00419499  0.00350896  0.00279868   0.0020768  0.00135808 0.000659428
 0.00658521  0.00607836  0.00551698  0.00490531  0.00424955  0.00355799  0.00284094  0.00211087  0.00138239 0.000672377
  0.0066913  0.00617833  0.00561045  0.00499157  0.00432765  0.00362671  0.00289892  0.00215661  0.00141435 0.000689046
 0.00683439  0.00631248  0.00573495  0.00510544  0.00442967  0.00371549  0.00297293  0.00221427  0.00145413 0.000709521
 0.00701524   0.0064815  0.00589112  0.00524749  0.00455614  0.00382477  0.00306334  0.00228415  0.00150193 0.000733909
 0.00723478  0.00668626  0.00607978  0.00541849  0.00470774  0.00395515  0.00317065  0.00236663    0.001558 0.000762344
 0.00749418  0.00692787  0.00630194  0.00561934  0.00488528   0.0041073  0.00329541  0.00246213  0.00162266 0.000794979
 0.00779483  0.00720759  0.00655877   0.0058511  0.00508969  0.00428206  0.00343831  0.00257119  0.00169625 0.000831989
 0.00813828   0.0075269  0.00685162    0.006115  0.00532204  0.00448033  0.00360008  0.00269435  0.00177914 0.000873547
0.00850756   0.007869 0.00716387 0.00639456 0.00556604 0.00468594 0.00376469  0.0028157 0.00185551 0.00090397
 0.00886776  0.00819999  0.00746262  0.00665789  0.00579073  0.00486888  0.00390304  0.00290707  0.00189813 0.000912492
   0.009175  0.00847803  0.00770806  0.00686717   0.0059603  0.00499533  0.00398329  0.00293857  0.00189464 0.000898571
0.00937717 0.00865414 0.00785429 0.00697959 0.00603498 0.00502855 0.00397173  0.0028951 0.00184279 0.00086155
  0.0094146  0.00867283  0.00785001  0.00694799  0.00597175  0.00492966  0.00384918  0.00277142  0.00174004 0.000800629
 0.00922062  0.00847274  0.00763915  0.00672156  0.00572509  0.00467397  0.00360604  0.00256176  0.00158348 0.000714829
 0.00872251  0.00798761  0.00716185  0.00624691  0.00526357  0.00424628  0.00323206  0.00225986  0.00136992 0.000603038
 0.0078442 0.00714885 0.00635705 0.00548596 0.00456638 0.00363171 0.00271731 0.00185979 0.00109638 0.00046428
 0.00651183  0.00589091  0.00518295  0.00441488  0.00361625  0.00281855  0.00205457  0.00135772 0.000761399 0.000298356
  0.0046405  0.00415433  0.00359979  0.00300232  0.00238928  0.00178935  0.00123188 0.000746203 0.000361047 0.000103834
    0.002525     0.002205   0.00183476   0.00143804   0.00103987  0.000665927    0.0003419  9.28217e-05 -5.75868e-05  1.35525e-20
 0.000471426  0.000315325  0.000127004 -7.13592e-05 -0.000256951 -0.000406965  -0.00049926 -0.000513025 -6.77626e-21  1.50463e-36
 -0.00148415  -0.00148013  -0.00149035  -0.00149409  -0.00147064  -0.00139997   -0.0012634            0 -7.52316e-37  1.67048e-52
 -0.00329727  -0.00313954  -0.00297799  -0.00279326  -0.00256665  -0.00228082  -2.1684e-19            0 -8.35239e-53   1.8546e-68
 -0.00506999  -0.00476175  -0.00443147  -0.00406103  -0.00363368 -4.33681e-19 -2.40741e-35            0 -9.27302e-69  2.05902e-84
 -0.00650954  -0.00606815  -0.00558622  -0.00504681 -4.33681e-19 -4.81482e-35 -2.67276e-51            0 -1.02951e-84 2.28597e-100
  -0.00764861   -0.00709339   -0.00647877             0  -4.81482e-35  -5.34553e-51  -2.96736e-67             0 -1.14299e-100  2.53794e-116
  -0.00842018   -0.00777726  -8.67362e-19             0  -5.34553e-51  -5.93473e-67  -3.29444e-83             0 -1.26897e-116  2.81768e-132
  -0.00875951  -8.67362e-19  -9.62965e-35             0  -5.93473e-67  -6.58887e-83  -3.65756e-99             0 -1.40884e-132  3.12825e-148
 -1.73472e-18  -9.62965e-35  -1.06911e-50             0  -6.58887e-83  -7.31512e-99 -4.06071e-115             0 -1.56413e-148  3.47306e-164
 -1.92593e-34  -1.06911e-50  -1.18695e-66             0  -7.31512e-99 -8.12141e-115 -4.50829e-131             0 -1.73653e-164  3.85587e-180
 -2.13821e-50  -1.18695e-66  -1.31777e-82             0 -8.12141e-115 -9.01658e-131 -5.00521e-147             0 -1.92794e-180  4.28088e-196
 -2.37389e-66  -1.31777e-82  -1.46302e-98             0 -9.01658e-131 -1.00104e-146  -5.5569e-163             0 -2.14044e-196  4.75273e-212
 -2.63555e-82  -1.46302e-98 -1.62428e-114             0 -1.00104e-146 -1.11138e-162 -6.16939e-179             0 -2.37636e-212  5.27659e-228
 -2.92605e-98 -1.62428e-114 -1.80332e-130             0 -1.11138e-162 -1.23388e-178  -6.8494e-195             0 -2.63829e-228  5.85819e-244
-3.24857e-114 -1.80332e-130 -2.00208e-146             0 -1.23388e-178 -1.36988e-194 -7.60437e-211             0  -2.9291e-244   6.5039e-260
-3.60663e-130 -2.00208e-146 -2.22276e-162             0 -1.36988e-194 -1.52087e-210 -8.44254e-227             0 -3.25195e-260  7.22078e-276
-4.00417e-146 -2.22276e-162 -2.46776e-178             0 -1.52087e-210 -1.68851e-226 -9.37311e-243             0 -3.61039e-276  8.01667e-292
-4.44552e-162 -2.46776e-178 -2.73976e-194             0 -1.68851e-226 -1.87462e-242 -1.04062e-258             0 -4.00834e-292   8.9003e-308
-4.93552e-178 -2.73976e-194 -3.04175e-210             0 -1.87462e-242 -2.08125e-258 -1.15532e-274             0 -4.45015e-308  9.88131e-324
-5.47952e-194 -3.04175e-210 -3.37702e-226             0 -2.08125e-258 -2.31065e-274 -1.28267e-290             0 -4.94066e-324             0
-6.08349e-210 -3.37702e-226 -3.74924e-242             0 -2.31065e-274 -2.56534e-290 -1.42405e-306             0             0             0
-6.75403e-226 -3.74924e-242 -4.16249e-258             0 -2.56534e-290 -2.84809e-306 -1.58101e-322             0             0             0
-7.49848e-242 -4.16249e-258  -4.6213e-274             0 -2.84809e-306 -3.16202e-322             0             0             0             0
-8.32499e-258  -4.6213e-274 -5.13067e-290             0 -3.16202e-322             0             0             0             0             0
 -9.2426e-274 -5.13067e-290 -5.69619e-306             0             0             0             0             0             0             0
-1.02613e-289 -5.69619e-306 -6.32404e-322             0             0             0             0             0             0             0
-1.13924e-305 -6.32404e-322             0             0             0             0             0             0             0             0
-1.26481e-321             0             0             0             0             0             0             0             0             0
0 0 0 0 0 0 0 0 0 0
           0            0            0            0            0            0            0            0            0 -0.000904048
           0            0            0            0            0            0            0            0  -0.00189835 -0.000912603
           0            0            0            0            0            0            0  -0.00293898  -0.00189491 -0.000898702
           0            0            0            0            0            0  -0.00397238  -0.00289557  -0.00184309 -0.000861692
           0            0            0            0            0  -0.00493055  -0.00384988  -0.00277192  -0.00174035 -0.000800767
           0            0            0            0  -0.00572622  -0.00467488  -0.00360673  -0.00256224  -0.00158377 -0.000714952
           0            0            0  -0.00624819  -0.00526465  -0.00424713  -0.00323268  -0.00226028  -0.00137015 -0.000603133
           0            0  -0.00635838  -0.00548708  -0.00456729  -0.00363241   -0.0027178   -0.0018601  -0.00109654 -0.000464335
           0  -0.00589208  -0.00518395   -0.0044157  -0.00361689  -0.00281901  -0.00205486  -0.00135787 -0.000761456 -0.000298357
 -0.00464122  -0.00415494  -0.00360029  -0.00300269  -0.00238952  -0.00178947   -0.0012319 -0.000746158 -0.000360971  -0.00010377
 -0.00252654  -0.00220646  -0.00183614  -0.00143933  -0.00104108 -0.000667076 -0.000343008 -9.39182e-05  5.64647e-05  8.64179e-05
 -0.00047581  -0.00031959 -0.000131147  6.73356e-05  0.000253035  0.000403137  0.000495496  0.000509292  0.000425732  0.000251824
 0.00147443  0.00147071  0.00148123  0.00148525  0.00146207  0.00139164  0.00125528  0.00103634 0.000743997 0.000392865
 0.00327936  0.00312229  0.00296139   0.0027773   0.0025513  0.00226606  0.00190629  0.00148256   0.0010109 0.000509794
0.00507256 0.00476415 0.00443369 0.00406304 0.00363545 0.00313622 0.00256899 0.00195072 0.00130115 0.00064265
 0.00651254  0.00607094  0.00558877  0.00504909  0.00443702  0.00375601  0.00302288  0.00225725  0.00148136 0.000719925
 0.00765191  0.00709645  0.00648155  0.00579138  0.00502844   0.0042086  0.00335055  0.00247566  0.00160776 0.000773056
 0.00842365  0.00778046  0.00705851  0.00625854   0.0053947  0.00448396  0.00354596  0.00260288  0.00167928 0.000801983
 0.00876298  0.00806577  0.00728542  0.00643349  0.00552441  0.00457529  0.00360579  0.00263801  0.00169635 0.000807427
 0.00859406   0.0079013  0.00713017  0.00629167  0.00539953  0.00447006  0.00352202  0.00257651  0.00165694 0.000788872
 0.00819427  0.00753533  0.00680203  0.00600459   0.0051558  0.00427094  0.00336762  0.00246573  0.00158735 0.000756684
 0.00784083  0.00721199  0.00651238  0.00575149  0.00494126    0.004096   0.0032323  0.00236892  0.00152676 0.000728785
 0.00753148   0.0069292  0.00625934  0.00553071  0.00475448  0.00394408  0.00311513  0.00228541  0.00147473 0.000704977
0.00726441  0.0066853 0.00604144 0.00534098 0.00459438 0.00381428 0.00301544 0.00221471 0.00143098 0.00068512
 0.00703808  0.00647889   0.0058574  0.00518119  0.00446003  0.00370585  0.00293264  0.00215642  0.00139523 0.000669097
 0.00685115  0.00630875  0.00570615  0.00505039  0.00435064  0.00361816  0.00286624  0.00211019  0.00136729 0.000656814
 0.00670252  0.00617388   0.0055868  0.00494782  0.00426556  0.00355068  0.00281585  0.00207574  0.00134698 0.000648197
 0.00659131  0.00607347  0.00549863  0.00487287  0.00420428  0.00350301  0.00278117  0.00205287  0.00133418 0.000643193
 0.00651684  0.00600692  0.00544111  0.00482506  0.00416643  0.00347486  0.00276198  0.00204142  0.00132881 0.000641767
 0.00647865  0.00597379  0.00541387  0.00480411  0.00415176  0.00346603  0.00275815  0.00204133  0.00133082 0.000643908
 0.00647655  0.00597395  0.00541679  0.00480992  0.00416021  0.00347651  0.00276968  0.00205261  0.00134024 0.000649635
 0.00651042  0.00600729  0.00544978  0.00484243  0.00419176  0.00350629  0.00279659  0.00207528   0.0013571 0.000658963
 0.00658039  0.00607392  0.00551299  0.00490179  0.00424654  0.00355549  0.00283898  0.00210943  0.00138147 0.000671938
 0.00668678  0.00617419  0.00560671  0.00498827  0.00432481  0.00362436  0.00289707  0.00215525  0.00141348 0.000688626
 0.00683012  0.00630856   0.0057314   0.0051023  0.00442697  0.00371325  0.00297115  0.00221297  0.00145328 0.000709111
0.00701106 0.00647765 0.00588763  0.0052444 0.00455347 0.00382254 0.00306157 0.00228284 0.00150106 0.00073349
 0.00723058  0.00668239  0.00607627  0.00541537  0.00470503  0.00395287  0.00316883  0.00236527  0.00155711 0.000761904
 0.00748986  0.00692387   0.0062983  0.00561609  0.00488245  0.00410492   0.0032935   0.0024607  0.00162171 0.000794508
 0.00779025  0.00720336  0.00655491  0.00584765  0.00508667  0.00427951  0.00343625  0.00256964  0.00169522 0.000831475
 0.00813335  0.00752233  0.00684744  0.00611125  0.00531877  0.00447755  0.00359783  0.00269265    0.001778 0.000872978
 0.00850224  0.00786406  0.00715935  0.00639051  0.00556249  0.00468292  0.00376224  0.00281385  0.00185427 0.000903349
 0.00886196   0.0081946  0.00745769  0.00665346  0.00578684  0.00486558  0.00390036  0.00290503  0.00189676 0.000911809
 0.00916863  0.00847211  0.00770264  0.00686231  0.00595603   0.0049917  0.00398034  0.00293633  0.00189313 0.000897819
0.00937014 0.00864761 0.00784832 0.00697422 0.00603027 0.00502454 0.00396847 0.00289262 0.00184113 0.00086072
 0.00940684  0.00866562  0.00784341  0.00694206  0.00596654  0.00492523  0.00384558  0.00276868  0.00173821 0.000799712
 0.00921204  0.00846477  0.00763185    0.006715  0.00571933  0.00466907  0.00360206  0.00255873  0.00158145 0.000713816
 0.00871302  0.00797879  0.00715379  0.00623966  0.00525721  0.00424087  0.00322766  0.00225652  0.00136768 0.000601921
 0.00783371  0.00713912  0.00634815  0.00547796  0.00455936  0.00362574  0.00271245  0.00185611  0.00109391 0.000463049
 0.00650028  0.00588019  0.00517314  0.00440607  0.00360851  0.00281198  0.00204922  0.00135366 0.000758684 0.000297001
 0.00462779  0.00414253    0.003589  0.00299262  0.00238077  0.00178212    0.001226 0.000741748 0.000358064 0.000102346
  0.00251492   0.00219585   0.00182666   0.00143108   0.00103415  0.000661556  0.000338961  9.13874e-05 -5.74651e-05  1.35525e-20
 0.000468963  0.000313644  0.000126215 -7.11425e-05 -0.000255616 -0.000404404 -0.000495378 -0.000507743 -6.77626e-21  1.50463e-36
 -0.00147293  -0.00146861  -0.00147841   -0.0014816  -0.00145748  -0.00138602  -0.00124855  -1.0842e-19 -7.52316e-37  1.67048e-52
 -0.00326538  -0.00310829  -0.00294724  -0.00276287  -0.00253649  -0.00225076  -2.1684e-19 -1.20371e-35 -8.35239e-53   1.8546e-68
 -0.00509063  -0.00478089  -0.00444897  -0.00407673  -0.00364742 -4.33681e-19 -2.40741e-35 -1.33638e-51 -9.27302e-69  2.05902e-84
 -0.00653208  -0.00608905  -0.00560532  -0.00506393 -4.33681e-19 -4.81482e-35 -2.67276e-51 -1.48368e-67 -1.02951e-84 2.28597e-100
  -0.00767318   -0.00711618   -0.00649959  -8.67362e-19  -4.81482e-35  -5.34553e-51  -2.96736e-67  -1.64722e-83 -1.14299e-100  2.53794e-116
  -0.00844698   -0.00780211  -8.67362e-19  -9.62965e-35  -5.34553e-51  -5.93473e-67  -3.29444e-83  -1.82878e-99 -1.26897e-116  2.81768e-132
  -0.00878871  -1.73472e-18  -9.62965e-35  -1.06911e-50  -5.93473e-67  -6.58887e-83  -3.65756e-99 -2.03035e-115 -1.40884e-132  3.12825e-148
 -1.73472e-18  -1.92593e-34  -1.06911e-50  -1.18695e-66  -6.58887e-83  -7.31512e-99 -4.06071e-115 -2.25415e-131 -1.56413e-148  3.47306e-164
 -1.92593e-34  -2.13821e-50  -1.18695e-66  -1.31777e-82  -7.31512e-99 -8.12141e-115 -4.50829e-131  -2.5026e-147 -1.73653e-164  3.85587e-180
 -2.13821e-50  -2.37389e-66  -1.31777e-82  -1.46302e-98 -8.12141e-115 -9.01658e-131 -5.00521e-147 -2.77845e-163 -1.92794e-180  4.28088e-196
 -2.37389e-66  -2.63555e-82  -1.46302e-98 -1.62428e-114 -9.01658e-131 -1.00104e-146  -5.5569e-163  -3.0847e-179 -2.14044e-196  4.75273e-212
 -2.63555e-82  -2.92605e-98 -1.62428e-114 -1.80332e-130 -1.00104e-146 -1.11138e-162 -6.16939e-179  -3.4247e-195 -2.37636e-212  5.27659e-228
 -2.92605e-98 -3.24857e-114 -1.80332e-130 -2.00208e-146 -1.11138e-162 -1.23388e-178  -6.8494e-195 -3.80218e-211 -2.63829e-228  5.85819e-244
-3.24857e-114 -3.60663e-130 -2.00208e-146 -2.22276e-162 -1.23388e-178 -1.36988e-194 -7.60437e-211 -4.22127e-227  -2.9291e-244   6.5039e-260
-3.60663e-130 -4.00417e-146 -2.22276e-162 -2.46776e-178 -1.36988e-194 -1.52087e-210 -8.44254e-227 -4.68655e-243 -3.25195e-260  7.22078e-276
-4.00417e-146 -4.44552e-162 -2.46776e-178 -2.73976e-194 -1.52087e-210 -1.68851e-226 -9.37311e-243 -5.20312e-259 -3.61039e-276  8.01667e-292
-4.44552e-162 -4.93552e-178 -2.73976e-194 -3.04175e-210 -1.68851e-226 -1.87462e-242 -1.04062e-258 -5.77662e-275 -4.00834e-292   8.9003e-308
-4.93552e-178 -5.47952e-194 -3.04175e-210 -3.37702e-226 -1.87462e-242 -2.08125e-258 -1.15532e-274 -6.41334e-291 -4.45015e-308  9.88131e-324
-5.47952e-194 -6.08349e-210 -3.37702e-226 -3.74924e-242 -2.08125e-258 -2.31065e-274 -1.28267e-290 -7.12024e-307 -4.94066e-324             0
-6.08349e-210 -6.75403e-226 -3.74924e-242 -4.16249e-258 -2.31065e-274 -2.56534e-290 -1.42405e-306 -7.90505e-323             0             0
-6.75403e-226 -7.49848e-242 -4.16249e-258  -4.6213e-274 -2.56534e-290 -2.84809e-306 -1.58101e-322             0             0             0
-7.49848e-242 -8.32499e-258  -4.6213e-274 -5.13067e-290 -2.84809e-306 -3.16202e-322             0             0             0             0
-8.32499e-258  -9.2426e-274 -5.13067e-290 -5.69619e-306 -3.16202e-322             0             0             0             0             0
 -9.2426e-274 -1.02613e-289 -5.69619e-306 -6.32404e-322             0             0             0             0             0             0
-1.02613e-289 -1.13924e-305 -6.32404e-322             0             0             0             0             0             0             0
-1.13924e-305 -1.26481e-321             0             0             0             0             0             0             0             0
-1.26481e-321             0             0             0             0             0             0             0             0             0
0 0 0 0 0 0 0 0 0 0
           0            0            0            0            0            0            0            0            0 -0.000920776
          0           0           0           0           0           0           0           0 -0.00193464 -0.00093052
           0            0            0            0            0            0            0  -0.00299756  -0.00193379 -0.000917898
           0            0            0            0            0            0  -0.00405584  -0.00295833  -0.00188475 -0.000882261
           0            0            0            0            0  -0.00504139  -0.00393932  -0.00283917  -0.00178499 -0.000822815
           0            0            0            0  -0.00586678  -0.00479367  -0.00370259  -0.00263433  -0.00163163 -0.000738592
           0            0            0  -0.00642076  -0.00541533  -0.00437447  -0.00333545  -0.00233758  -0.00142147 -0.000628486
           0            0  -0.00656511  -0.00567211  -0.00472887  -0.00376897  -0.00282802    -0.001943  -0.00115159 -0.000491532
           0  -0.00613512  -0.00540568  -0.00461415   -0.0037902  -0.00296549   -0.0021731  -0.00144681  -0.00082052 -0.000327542
 -0.00492269  -0.00441567  -0.00383816  -0.00321559  -0.00257546  -0.00194664  -0.00135877 -0.000841601 -0.000424359 -0.000135095
 -0.00283098   -0.0024886  -0.00209372   -0.0016701  -0.00124288 -0.000837963 -0.000481347 -0.000198493 -1.36671e-05  5.07435e-05
-0.000807945 -0.000627645 -0.000412685 -0.000185265  3.16776e-05  0.000215112  0.000342561  0.000392758  0.000346332  0.000211582
 0.00110912   0.0011316  0.00117092  0.00120635  0.00121705  0.00118275  0.00108441 0.000904903 0.000654781 0.000347822
 0.00287468  0.00274633  0.00261698   0.0024672  0.00227819  0.00203234    0.001714  0.00133522 0.000911288 0.000459704
 0.00467114  0.00439227  0.00409437  0.00375928   0.0033701  0.00291188  0.00238784  0.00181439  0.00121058 0.000597869
 0.00608127  0.00567141  0.00522422  0.00472273  0.00415192  0.00351496  0.00282823  0.00211075  0.00138402 0.000671797
 0.00718848  0.00666712   0.0060898  0.00544066  0.00472205  0.00394953  0.00314135  0.00231821  0.00150313 0.000721323
 0.00792558  0.00731903  0.00663746  0.00588158  0.00506538   0.0042055  0.00332109  0.00243363  0.00156681 0.000746365
 0.00822759  0.00756976  0.00683281  0.00602827  0.00517039  0.00427594  0.00336404  0.00245604  0.00157542 0.000747626
 0.00801846  0.00736804  0.00664355    0.005856  0.00501891  0.00414821  0.00326208  0.00238085  0.00152691 0.000724565
  0.0075754  0.00696198  0.00627883  0.00553616  0.00474655  0.00392487  0.00308811  0.00225533  0.00144752 0.000687527
 0.00717538  0.00659548  0.00594979  0.00524778  0.00450117  0.00372384  0.00293171  0.00214265  0.00137637 0.000654405
 0.00681586   0.0062662  0.00565432  0.00498901  0.00428119  0.00354383  0.00279185  0.00204204  0.00131298 0.000624972
 0.00649478  0.00597226  0.00539074  0.00475837  0.00408533  0.00338378  0.00266772  0.00195294  0.00125699 0.000599057
 0.00621027  0.00571194   0.0051575  0.00455451  0.00391248  0.00324279   0.0025586  0.00187483  0.00120806 0.000576511
  0.0059607  0.00548376  0.00495328  0.00437628  0.00376163  0.00312002  0.00246386  0.00180725  0.00116592 0.000557202
 0.00574461  0.00528639  0.00477688  0.00422262   0.0036319  0.00301477  0.00238296  0.00174982  0.00113032 0.000541018
 0.00556076  0.00511867  0.00462728  0.00409265  0.00352254  0.00292643  0.00231541  0.00170219  0.00110106 0.000527864
 0.00540807  0.00497963   0.0045036  0.00398559   0.0034329  0.00285446  0.00226081  0.00166408  0.00107795 0.000517661
 0.00528562  0.00486844  0.00440511  0.00390083  0.00336246  0.00279845  0.00221885  0.00163527  0.00106086 0.000510347
 0.00519269  0.00478443   0.0043312  0.00383784  0.00331078  0.00275806  0.00218927  0.00161558  0.00104969 0.000505877
 0.00512871   0.0047271  0.00428144  0.00379623  0.00327754  0.00273303  0.00217188  0.00160488  0.00104436 0.000504221
 0.00509327  0.00469606   0.0042555  0.00377574  0.00326254  0.00272319  0.00216656   0.0016031  0.00104482 0.000505365
 0.00508612  0.00469111  0.00425319  0.00377622  0.00326564  0.00272847  0.00217327  0.00161021  0.00105109 0.000509311
 0.00510717  0.00471217  0.00427446  0.00379763  0.00328684  0.00274886  0.00219201  0.00162624  0.00106317 0.000516074
 0.00515649  0.00475931  0.00431938  0.00384004  0.00332623  0.00278446  0.00222287  0.00165126  0.00108112 0.000525689
  0.0052343  0.00483275  0.00438817  0.00390368  0.00338399  0.00283543  0.00226601   0.0016854  0.00110505 0.000538207
   0.005341  0.00493286  0.00448117  0.00398885  0.00346042  0.00290205  0.00232164  0.00172883  0.00113507 0.000553696
 0.00547714  0.00506015  0.00459887    0.004096  0.00355591  0.00298466  0.00239007   0.0017818  0.00117135 0.000572239
 0.00564341  0.00521527  0.00474186  0.00422568  0.00367096  0.00308368  0.00247164  0.00184455  0.00121406 0.000593906
 0.00582193  0.00538061  0.00489278  0.00436076  0.00378868  0.00318245  0.00254992  0.00190087  0.00124718 0.000602918
  0.0059767  0.00552125  0.00501779  0.00446849  0.00387737  0.00325034  0.00259529   0.0019222  0.00124321 0.000588371
  0.0060627   0.0055943  0.00507612   0.0045102  0.00390047  0.00325287   0.0025754  0.00187825  0.00118953 0.000549596
 0.00602661  0.00554963  0.00502084  0.00444213   0.0038174  0.00315262  0.00245596   0.0017535   0.0010836 0.000485802
 0.00580746  0.00533057  0.00479955  0.00421616  0.00358428  0.00290998  0.00221723   0.0015423 0.000922634 0.000396067
  0.0053567  0.00489365  0.00437385  0.00379897  0.00317288  0.00251737  0.00186653  0.00125562 0.000720303 0.000295817
 0.00463735  0.00420728  0.00371754  0.00316971  0.00258331  0.00199012  0.00142313 0.000915724 0.000500875 0.000194159
  0.0036182   0.0032456  0.00281012  0.00232885  0.00183117  0.00134769 0.000909386 0.000546856 0.000273297 9.07633e-05
  0.00227853   0.00199301    0.0016566   0.00129614   0.00093969  0.000615703  0.000352247  0.000160015  3.85749e-05 -1.38007e-05
 0.000594243  0.000446581  0.000269471  8.82608e-05 -7.12883e-05 -0.000183793 -0.000241225  -0.00024666 -0.000204443 -0.000120057
 -0.00115992  -0.00115179  -0.00115199  -0.00113685  -0.00108311 -0.000984865 -0.000847341 -0.000677049 -0.000481658 -1.35525e-20
 -0.00266169  -0.00251663  -0.00235868  -0.00216578  -0.00193325  -0.00166756  -0.00137647  -0.00106893  -1.0842e-19 -1.50463e-36
 -0.00386233  -0.00360382  -0.00331102  -0.00297956  -0.00261622  -0.00222913  -0.00182758  -2.1684e-19 -1.20371e-35 -1.67048e-52
 -0.00471178  -0.00436878  -0.00398594  -0.00356943  -0.00312678  -0.00266673  -2.1684e-19 -2.40741e-35 -1.33638e-51  -1.8546e-68
 -0.00510583  -0.00473257  -0.00432263  -0.00388203  -0.00341799 -4.33681e-19 -2.40741e-35 -2.67276e-51 -1.48368e-67 -2.05902e-84
  -0.00542573   -0.00503905   -0.00461836   -0.00416923  -4.33681e-19  -4.81482e-35  -2.67276e-51  -2.96736e-67  -1.64722e-83 -2.28597e-100
  -0.00591126   -0.00549605    -0.0050493             0  -4.81482e-35  -5.34553e-51  -2.96736e-67  -3.29444e-83  -1.82878e-99 -2.53794e-116
  -0.00656836   -0.00610747  -8.67362e-19             0  -5.34553e-51  -5.93473e-67  -3.29444e-83  -3.65756e-99 -2.03035e-115 -2.81768e-132
  -0.00739912  -8.67362e-19  -9.62965e-35             0  -5.93473e-67  -6.58887e-83  -3.65756e-99 -4.06071e-115 -2.25415e-131 -3.12825e-148
  -0.00725787  -9.62965e-35  -1.06911e-50             0  -6.58887e-83  -7.31512e-99 -4.06071e-115 -4.50829e-131  -2.5026e-147 -3.47306e-164
  -0.00712805  -1.06911e-50  -1.18695e-66             0  -7.31512e-99 -8.12141e-115 -4.50829e-131 -5.00521e-147 -2.77845e-163 -3.85587e-180
  -0.00700783  -1.18695e-66  -1.31777e-82             0 -8.12141e-115 -9.01658e-131 -5.00521e-147  -5.5569e-163  -3.0847e-179 -4.28088e-196
  -0.00689945  -1.31777e-82  -1.46302e-98             0 -9.01658e-131 -1.00104e-146  -5.5569e-163 -6.16939e-179  -3.4247e-195 -4.75273e-212
  -0.00679497  -1.46302e-98 -1.62428e-114             0 -1.00104e-146 -1.11138e-162 -6.16939e-179  -6.8494e-195 -3.80218e-211 -5.27659e-228
  -0.00669261 -1.62428e-114 -1.80332e-130             0 -1.11138e-162 -1.23388e-178  -6.8494e-195 -7.60437e-211 -4.22127e-227 -5.85819e-244
  -0.00659695 -1.80332e-130 -2.00208e-146             0 -1.23388e-178 -1.36988e-194 -7.60437e-211 -8.44254e-227 -4.68655e-243  -6.5039e-260
  -0.00651143 -2.00208e-146 -2.22276e-162             0 -1.36988e-194 -1.52087e-210 -8.44254e-227 -9.37311e-243 -5.20312e-259 -7.22078e-276
  -0.00643605 -2.22276e-162 -2.46776e-178             0 -1.52087e-210 -1.68851e-226 -9.37311e-243 -1.04062e-258 -5.77662e-275 -8.01667e-292
  -0.00636839 -2.46776e-178 -2.73976e-194             0 -1.68851e-226 -1.87462e-242 -1.04062e-258 -1.15532e-274 -6.41334e-291  -8.9003e-308
  -0.00630545 -2.73976e-194 -3.04175e-210             0 -1.87462e-242 -2.08125e-258 -1.15532e-274 -1.28267e-290 -7.12024e-307 -9.88131e-324
  -0.00624528 -3.04175e-210 -3.37702e-226             0 -2.08125e-258 -2.31065e-274 -1.28267e-290 -1.42405e-306 -7.90505e-323             0
  -0.00618809 -3.37702e-226 -3.74924e-242             0 -2.31065e-274 -2.56534e-290 -1.42405e-306 -1.58101e-322             0             0
  -0.00613505 -3.74924e-242 -4.16249e-258             0 -2.56534e-290 -2.84809e-306 -1.58101e-322             0             0             0
  -0.00608723 -4.16249e-258  -4.6213e-274             0 -2.84809e-306 -3.16202e-322             0             0             0             0
  -0.00604464  -4.6213e-274 -5.13067e-290             0 -3.16202e-322             0             0             0             0             0
  -0.00600601 -5.13067e-290 -5.69619e-306             0             0             0             0             0             0             0
     -0.00597 -5.69619e-306 -6.32404e-322             0             0             0             0             0             0             0
  -0.00593595 -6.32404e-322             0             0             0             0             0             0             0             0
-0.00590415           0           0           0           0           0           0           0           0           0
-0.00587498           0           0           0           0           0           0           0           0           0
 -0.00577515            0            0            0            0            0            0            0            0 -0.000577231
 -0.00558368            0            0            0            0            0            0            0  -0.00111463 -0.000512492
 -0.00527926            0            0            0            0            0            0  -0.00157727 -0.000977616 -0.000446508
  -0.0048467            0            0            0            0            0  -0.00192663  -0.00135628 -0.000836065  -0.00037946
 -0.00427414            0            0            0            0  -0.00212096  -0.00160603  -0.00112555   -0.0006904 -0.000311535
 -0.00353781            0            0            0  -0.00210658  -0.00167434  -0.00126342 -0.000882119 -0.000538798 -0.000241916
 -0.00263303            0            0  -0.00183225   -0.0015091  -0.00119678 -0.000900988 -0.000627507 -0.000382208 -0.000171035
 -0.00155544            0   -0.0012424  -0.00105417 -0.000868897 -0.000689694 -0.000519782 -0.000362452 -0.000221076 -9.90908e-05
-0.000296655  -0.00027222 -0.000244988  -0.00021542 -0.000184074 -0.000151593   -0.0001187 -8.61942e-05 -5.49441e-05 -2.58821e-05
-0.000274984 -0.000252328 -0.000227081  -0.00019967 -0.000170612 -0.000140502 -0.000110013 -7.98835e-05 -5.09197e-05 -2.39854e-05
-0.000179759 -0.000160015 -0.000137868 -0.000113718 -8.80408e-05 -6.13906e-05 -3.43896e-05 -7.72421e-06  1.78596e-05  4.15608e-05
1.16843e-05 2.48548e-05 4.02514e-05 5.75055e-05 7.61733e-05 9.57422e-05 0.000115635 0.000135215 0.000153792 0.000108124
0.000319691 0.000320092 0.000322557 0.000326744  0.00033224 0.000338571   0.0003452 0.000351539 0.000294447 0.000175812
0.000762376 0.000741268 0.000722073 0.000704473 0.000688088 0.000672475 0.000657138    0.000579 0.000440044 0.000244732
0.000768254 0.000746671 0.000726947 0.000708773 0.000691779 0.000675536  0.00065956  0.00058078 0.000441195 0.000245282
0.000768254 0.000746671 0.000726947 0.000708773 0.000691779 0.000675536  0.00065956  0.00058078 0.000441195 0.000245282
0.000768254 0.000746671 0.000726947 0.000708773 0.000691779 0.000675536  0.00065956  0.00058078 0.000441195 0.000245282
0.000768254 0.000746671 0.000726947 0.000708773 0.000691779 0.000675536  0.00065956  0.00058078 0.000441195 0.000245282
0.000768254 0.000746671 0.000726947 0.000708773 0.000691779 0.000675536  0.00065956  0.00058078 0.000441195 0.000245282
0.000768254 0.000746671 0.000726947 0.000708773 0.000691779 0.000675536  0.00065956  0.00058078 0.000441195 0.000245282
0.000768254 0.000746671 0.000726947 0.000708773 0.000691779 0.000675536  0.00065956  0.00058078 0.000441195 0.000245282
0.000768254 0.000746671 0.000726947 0.000708773 0.000691779 0.000675536  0.00065956  0.00058078 0.000441195 0.000245282
0.000768254 0.000746671 0.000726947 0.000708773 0.000691779 0.000675536  0.00065956  0.00058078 0.000441195 0.000245282
0.000768254 0.000746671 0.000726947 0.000708773 0.000691779 0.000675536  0.00065956  0.00058078 0.000441195 0.000245282
0.000768254 0.000746671 0.000726947 0.000708773 0.000691779 0.000675536  0.00065956  0.00058078 0.000441195 0.000245282
0.000768254 0.000746671 0.000726947 0.000708773 0.000691779 0.000675536  0.00065956  0.00058078 0.000441195 0.000245282
0.000768254 0.000746671 0.000726947 0.000708773 0.000691779 0.000675536  0.00065956  0.00058078 0.000441195 0.000245282
0.000768254 0.000746671 0.000726947 0.000708773 0.000691779 0.000675536  0.00065956  0.00058078 0.000441195 0.000245282
0.000768254 0.000746671 0.000726947 0.000708773 0.000691779 0.000675536  0.00065956  0.00058078 0.000441195 0.000245282
0.000768254 0.000746671 0.000726947 0.000708773 0.000691779 0.000675536  0.00065956  0.00058078 0.000441195 0.000245282
0.000768254 0.000746671 0.000726947 0.000708773 0.000691779 0.000675536  0.00065956  0.00058078 0.000441195 0.000245282
0.000768254 0.000746671 0.000726947 0.000708773 0.000691779 0.000675536  0.00065956  0.00058078 0.000441195 0.000245282
0.000768254 0.000746671 0.000726947 0.000708773 0.000691779 0.000675536  0.00065956  0.00058078 0.000441195 0.000245282
0.000768254 0.000746671 0.000726947 0.000708773 0.000691779 0.000675536  0.00065956  0.00058078 0.000441195 0.000245282
0.000768254 0.000746671 0.000726947 0.000708773 0.000691779 0.000675536  0.00065956  0.00058078 0.000441195 0.000245282
0.000768254 0.000746671 0.000726947 0.000708773 0.000691779 0.000675536  0.00065956  0.00058078 0.000441195 0.000245282
0.000768254 0.000746671 0.000726947 0.000708773 0.000691779 0.000675536  0.00065956  0.00058078 0.000441195 0.000245282
0.000768254 0.000746671 0.000726947 0.000708773 0.000691779 0.000675536  0.00065956  0.00058078 0.000441195 0.000245282
0.000768254 0.000746671 0.000726947 0.000708773 0.000691779 0.000675536  0.00065956  0.00058078 0.000441195 0.000245282
0.000768254 0.000746671 0.000726947 0.000708773 0.000691779 0.000675536  0.00065956  0.00058078 0.000441195 0.000245282
0.000768254 0.000746671 0.000726947 0.000708773 0.000691779 0.000675536  0.00065956  0.00058078 0.000441195 0.000245282
0.000768254 0.000746671 0.000726947 0.000708773 0.000691779 0.000675536  0.00065956  0.00058078 0.000441195 0.000245282
0.000768254 0.000746671 0.000726947 0.000708773 0.000691779 0.000675536  0.00065956  0.00058078 0.000441195 0.000245282
0.000768254 0.000746671 0.000726947 0.000708773 0.000691779 0.000675536  0.00065956  0.00058078 0.000441195 0.000245282
0.000768254 0.000746671 0.000726947 0.000708773 0.000691779 0.000675536  0.00065956  0.00058078 0.000441195 0.000245282
0.000768254 0.000746671 0.000726947 0.000708773 0.000691779 0.000675536  0.00065956  0.00058078 0.000441195 0.000245282
0.000768254 0.000746671 0.000726947 0.000708773 0.000691779 0.000675536  0.00065956  0.00058078 0.000441195 0.000245282
0.000768254 0.000746671 0.000726947 0.000708773 0.000691779 0.000675536  0.00065956  0.00058078 0.000441195 0.000245282
0.000768254 0.000746671 0.000726947 0.000708773 0.000691779 0.000675536  0.00065956  0.00058078 0.000441195 0.000245282
0.000768254 0.000746671 0.000726947 0.000708773 0.000691779 0.000675536  0.00065956  0.00058078 0.000441195 0.000245282
0.000768254 0.000746671 0.000726947 0.000708773 0.000691779 0.000675536  0.00065956  0.00058078 0.000441195 0.000245282
0.000768254 0.000746671 0.000726947 0.000708773 0.000691779 0.000675536  0.00065956  0.00058078 0.000441195 0.000245282
0.000768254 0.000746671 0.000726947 0.000708773 0.000691779 0.000675536  0.00065956  0.00058078 0.000441195 0.000245282
0.000768254 0.000746671 0.000726947 0.000708773 0.000691779 0.000675536  0.00065956  0.00058078 0.000441195 0.000245282
0.000768254 0.000746671 0.000726947 0.000708773 0.000691779 0.000675536  0.00065956  0.00058078 0.000441195 0.000245282
0.000768254 0.000746671 0.000726947 0.000708773 0.000691779 0.000675536  0.00065956  0.00058078 0.000441195 0.000245282
0.000768254 0.000746671 0.000726947 0.000708773 0.000691779 0.000675536  0.00065956  0.00058078 0.000441195 0.000245282
0.000768254 0.000746671 0.000726947 0.000708773 0.000691779 0.000675536  0.00065956  0.00058078 0.000441195 0.000245282
0.000768254 0.000746671 0.000726947 0.000708773 0.000691779 0.000675536  0.00065956  0.00058078 0.000441195 0.000245282
0.000768254 0.000746671 0.000726947 0.000708773 0.000691779 0.000675536  0.00065956  0.00058078 0.000441195 0.000245282
0.000768254 0.000746671 0.000726947 0.000708773 0.000691779 0.000675536  0.00065956  0.00058078 0.000441195 0.000245282
0.000768254 0.000746671 0.000726947 0.000708773 0.000691779 0.000675536  0.00065956  0.00058078 0.000441195 0.000245282
0.000768254 0.000746671 0.000726947 0.000708773 0.000691779 0.000675536  0.00065956  0.00058078 0.000441195 0.000245282
0.000768254 0.000746671 0.000726947 0.000708773 0.000691779 0.000675536  0.00065956  0.00058078 0.000441195 0.000245282
0.000768254 0.000746671 0.000726947 0.000708773 0.000691779 0.000675536  0.00065956  0.00058078 0.000441195 0.000245282
0.000768254 0.000746671 0.000726947 0.000708773 0.000691779 0.000675536  0.00065956  0.00058078 0.000441195 0.000245282
0.000768254 0.000746671 0.000726947 0.000708773 0.000691779 0.000675536  0.00065956  0.00058078 0.000441195 0.000245282
0.000768254 0.000746671 0.000726947 0.000708773 0.000691779 0.000675536  0.00065956  0.00058078 0.000441195 0.000245282
0.000768254 0.000746671 0.000726947 0.000708773 0.000691779 0.000675536  0.00065956  0.00058078 0.000441195 0.000245282
0.000768254 0.000746671 0.000726947 0.000708773 0.000691779 0.000675536  0.00065956  0.00058078 0.000441195 0.000245282
0.000768254 0.000746671 0.000726947 0.000708773 0.000691779 0.000675536  0.00065956  0.00058078 0.000441195 0.000245282
0.000768254 0.000746671 0.000726947 0.000708773 0.000691779 0.000675536  0.00065956  0.00058078 0.000441195 0.000245282
0.000768254 0.000746671 0.000726947 0.000708773 0.000691779 0.000675536  0.00065956  0.00058078 0.000441195 0.000245282
0.000768254 0.000746671 0.000726947 0.000708773 0.000691779 0.000675536  0.00065956  0.00058078 0.000441195 0.000245282
0.000768254 0.000746671 0.000726947 0.000708773 0.000691779 0.000675536  0.00065956  0.00058078 0.000441195 0.000245282
0.000768254 0.000746671 0.000726947 0.000708773 0.000691779 0.000675536  0.00065956  0.00058078 0.000441195 0.000245282
0.000768254 0.000746671 0.000726947 0.000708773 0.000691779 0.000675536  0.00065956  0.00058078 0.000441195 0.000245282
0.000768254 0.000746671 0.000726947 0.000708773 0.000691779 0.000675536  0.00065956  0.00058078 0.000441195 0.000245282
0.000768254 0.000746671 0.000726947 0.000708773 0.000691779 0.000675536  0.00065956  0.00058078 0.000441195 0.000245282
0.000768254 0.000746671 0.000726947 0.000708773 0.000691779 0.000675536  0.00065956  0.00058078 0.000441195 0.000245282
0.000768254 0.000746671 0.000726947 0.000708773 0.000691779 0.000675536  0.00065956  0.00058078 0.000441195 0.000245282
0.000768254 0.000746671 0.000726947 0.000708773 0.000691779 0.000675536  0.00065956  0.00058078 0.000441195 0.000245282
0.000768254 0.000746671 0.000726947 0.000708773 0.000691779 0.000675536  0.00065956  0.00058078 0.000441195 0.000245282
0.000768254 0.000746671 0.000726947 0.000708773 0.000691779 0.000675536  0.00065956  0.00058078 0.000441195 0.000245282
0.000768254 0.000746671 0.000726947 0.000708773 0.000691779 0.000675536  0.00065956  0.00058078 0.000441195 0.000245282
0.000768254 0.000746671 0.000726947 0.000708773 0.000691779 0.000675536  0.00065956  0.00058078 0.000441195 0.000245282
0.000768254 0.000746671 0.000726947 0.000708773 0.000691779 0.000675536  0.00065956  0.00058078 0.000441195 0.000245282
0.000768254 0.000746671 0.000726947 0.000708773 0.000691779 0.000675536  0.00065956  0.00058078 0.000441195 0.000245282
0.000768254 0.000746671 0.000726947 0.000708773 0.000691779 0.000675536  0.00065956  0.00058078 0.000441195 0.000245282
0.000768254 0.000746671 0.000726947 0.000708773 0.000691779 0.000675536  0.00065956  0.00058078 0.000441195 0.000245282
0.000768254 0.000746671 0.000726947 0.000708773 0.000691779 0.000675536  0.00065956  0.00058078 0.000441195 0.000245282
0.000768254 0.000746671 0.000726947 0.000708773 0.000691779 0.000675536  0.00065956  0.00058078 0.000441195 0.000245282
0.000768254 0.000746671 0.000726947 0.000708773 0.000691779 0.000675536  0.00065956  0.00058078 0.000441195 0.000245282
0.000768254 0.000746671 0.000726947 0.000708773 0.000691779 0.000675536  0.00065956  0.00058078 0.000441195 0.000245282
0.000768254 0.000746671 0.000726947 0.000708773 0.000691779 0.000675536  0.00065956  0.00058078 0.000441195 0.000245282
0.000768254 0.000746671 0.000726947 0.000708773 0.000691779 0.000675536  0.00065956  0.00058078 0.000441195 0.000245282
0.000768254 0.000746671 0.000726947 0.000708773 0.000691779 0.000675536  0.00065956  0.00058078 0.000441195 0.000245282
0.000768254 0.000746671 0.000726947 0.000708773 0.000691779 0.000675536  0.00065956  0.00058078 0.000441195 0.000245282
0.000768254 0.000746671 0.000726947 0.000708773 0.000691779 0.000675536  0.00065956  0.00058078 0.000441195 0.000245282
0.000768254 0.000746671 0.000726947 0.000708773 0.000691779 0.000675536  0.00065956  0.00058078 0.000441195 0.000245282
0.000768254 0.000746671 0.000726947 0.000708773 0.000691779 0.000675536  0.00065956  0.00058078 0.000441195 0.000245282
0.000768254 0.000746671 0.000726947 0.000708773 0.000691779 0.000675536  0.00065956  0.00058078 0.000441195 0.000245282
0.000768254 0.000746671 0.000726947 0.000708773 0.000691779 0.000675536  0.00065956  0.00058078 0.000441195 0.000245282
0.000768254 0.000746671 0.000726947 0.000708773 0.000691779 0.000675536  0.00065956  0.00058078 0.000441195 0.000245282
0.000768254 0.000746671 0.000726947 0.000708773 0.000691779 0.000675536  0.00065956  0.00058078 0.000441195 0.000245282
0.000768254 0.000746671 0.000726947 0.000708773 0.000691779 0.000675536  0.00065956  0.00058078 0.000441195 0.000245282
0.000768254 0.000746671 0.000726947 0.000708773 0.000691779 0.000675536  0.00065956  0.00058078 0.000441195 0.000245282
0.000768254 0.000746671 0.000726947 0.000708773 0.000691779 0.000675536  0.00065956  0.00058078 0.000441195 0.000245282
0.000768254 0.000746671 0.000726947 0.000708773 0.000691779 0.000675536  0.00065956  0.00058078 0.000441195 0.000245282
0.000768254 0.000746671 0.000726947 0.000708773 0.000691779 0.000675536  0.00065956  0.00058078 0.000441195 0.000245282
0.000768254 0.000746671 0.000726947 0.000708773 0.000691779 0.000675536  0.00065956  0.00058078 0.000441195 0.000245282
0.000768254 0.000746671 0.000726947 0.000708773 0.000691779 0.000675536  0.00065956  0.00058078 0.000441195 0.000245282
0.000768254 0.000746671 0.000726947 0.000708773 0.000691779 0.000675536  0.00065956  0.00058078 0.000441195 0.000245282
0.000768254 0.000746671 0.000726947 0.000708773 0.000691779 0.000675536  0.00065956  0.00058078 0.000441195 0.000245282
0.000768254 0.000746671 0.000726947 0.000708773 0.000691779 0.000675536  0.00065956  0.00058078 0.000441195 0.000245282
0.000768254 0.000746671 0.000726947 0.000708773 0.000691779 0.000675536  0.00065956  0.00058078 0.000441195 0.000245282
0.000768254 0.000746671 0.000726947 0.000708773 0.000691779 0.000675536  0.00065956  0.00058078 0.000441195 0.000245282
0.000768254 0.000746671 0.000726947 0.000708773 0.000691779 0.000675536  0.00065956  0.00058078 0.000441195 0.000245282
0.000768254 0.000746671 0.000726947 0.000708773 0.000691779 0.000675536  0.00065956  0.00058078 0.000441195 0.000245282
0.000768254 0.000746671 0.000726947 0.000708773 0.000691779 0.000675536  0.00065956  0.00058078 0.000441195 0.000245282
0.000768254 0.000746671 0.000726947 0.000708773 0.000691779 0.000675536  0.00065956  0.00058078 0.000441195 0.000245282
0.000768254 0.000746671 0.000726947 0.000708773 0.000691779 0.000675536  0.00065956  0.00058078 0.000441195 0.000245282
0.000768254 0.000746671 0.000726947 0.000708773 0.000691779 0.000675536  0.00065956  0.00058078 0.000441195 0.000245282
0.000768254 0.000746671 0.000726947 0.000708773 0.000691779 0.000675536  0.00065956  0.00058078 0.000441195 0.000245282
0.000768254 0.000746671 0.000726947 0.000708773 0.000691779 0.000675536  0.00065956  0.00058078 0.000441195 0.000245282
0.000768254 0.000746671 0.000726947 0.000708773 0.000691779 0.000675536  0.00065956  0.00058078 0.000441195 0.000245282
0.000768254 0.000746671 0.000726947 0.000708773 0.000691779 0.000675536  0.00065956  0.00058078 0.000441195 0.000245282
0.000768254 0.000746671 0.000726947 0.000708773 0.000691779 0.000675536  0.00065956  0.00058078 0.000441195 0.000245282
0.000768254 0.000746671 0.000726947 0.000708773 0.000691779 0.000675536  0.00065956  0.00058078 0.000441195 0.000245282
0.000768254 0.000746671 0.000726947 0.000708773 0.000691779 0.000675536  0.00065956  0.00058078 0.000441195 0.000245282
0.000768254 0.000746671 0.000726947 0.000708773 0.000691779 0.000675536  0.00065956  0.00058078 0.000441195 0.000245282
0.000768254 0.000746671 0.000726947 0.000708773 0.000691779 0.000675536  0.00065956  0.00058078 0.000441195 0.000245282
0.000768254 0.000746671 0.000726947 0.000708773 0.000691779 0.000675536  0.00065956  0.00058078 0.000441195 0.000245282
0.000768254 0.000746671 0.000726947 0.000708773 0.000691779 0.000675536  0.00065956  0.00058078 0.000441195 0.000245282
0.000768254 0.000746671 0.000726947 0.000708773 0.000691779 0.000675536  0.00065956  0.00058078 0.000441195 0.000245282
0.000768254 0.000746671 0.000726947 0.000708773 0.000691779 0.000675536  0.00065956  0.00058078 0.000441195 0.000245282
0.000768254 0.000746671 0.000726947 0.000708773 0.000691779 0.000675536  0.00065956  0.00058078 0.000441195 0.000245282
0.000768254 0.000746671 0.000726947 0.000708773 0.000691779 0.000675536  0.00065956  0.00058078 0.000441195 0.000245282
0.000768254 0.000746671 0.000726947 0.000708773 0.000691779 0.000675536  0.00065956  0.00058078 0.000441195 0.000245282
0.000768254 0.000746671 0.000726947 0.000708773 0.000691779 0.000675536  0.00065956  0.00058078 0.000441195 0.000245282
0.000768254 0.000746671 0.000726947 0.000708773 0.000691779 0.000675536  0.00065956  0.00058078 0.000441195 0.000245282
0.000768254 0.000746671 0.000726947 0.000708773 0.000691779 0.000675536  0.00065956  0.00058078 0.000441195 0.000245282
0.000768254 0.000746671 0.000726947 0.000708773 0.000691779 0.000675536  0.00065956  0.00058078 0.000441195 0.000245282
0.000768254 0.000746671 0.000726947 0.000708773 0.000691779 0.000675536  0.00065956  0.00058078 0.000441195 0.000245282
0.000768254 0.000746671 0.000726947 0.000708773 0.000691779 0.000675536  0.00065956  0.00058078 0.000441195 0.000245282
0.000768254 0.000746671 0.000726947 0.000708773 0.000691779 0.000675536  0.00065956  0.00058078 0.000441195 0.000245282
0.000768254 0.000746671 0.000726947 0.000708773 0.000691779 0.000675536  0.00065956  0.00058078 0.000441195 0.000245282
0.000768254 0.000746671 0.000726947 0.000708773 0.000691779 0.000675536  0.00065956  0.00058078 0.000441195 0.000245282
