 -1.4607e-07 -2.64386e-07 -3.57871e-07 -4.29446e-07 -4.82031e-07 -5.18549e-07  -5.4192e-07 -5.55067e-07  -5.6091e-07 -5.62371e-07
-1.46046e-07 -2.64343e-07 -3.57813e-07 -4.29376e-07 -4.81952e-07 -5.18464e-07 -5.41832e-07 -5.54976e-07 -5.60818e-07 -5.62279e-07
-1.46046e-07 -2.64343e-07 -3.57813e-07 -4.29375e-07 -4.81952e-07 -5.18464e-07 -5.41832e-07 -5.54976e-07 -5.60818e-07 -5.62279e-07
-1.46047e-07 -2.64345e-07 -3.57815e-07 -4.29378e-07 -4.81955e-07 -5.18467e-07 -5.41835e-07 -5.54979e-07 -5.60822e-07 -5.62282e-07
-1.46049e-07  -2.6435e-07 -3.57821e-07 -4.29386e-07 -4.81964e-07 -5.18477e-07 -5.41845e-07  -5.5499e-07 -5.60832e-07 -5.62293e-07
 -1.4536e-07 -2.63101e-07 -3.56131e-07 -4.27358e-07 -4.79688e-07 -5.16028e-07 -5.39286e-07 -5.52369e-07 -5.58183e-07 -5.59637e-07
-1.44261e-07 -2.61113e-07  -3.5344e-07 -4.24129e-07 -4.76063e-07 -5.12129e-07 -5.35211e-07 -5.48195e-07 -5.53966e-07 -5.55408e-07
-1.42767e-07 -2.58408e-07 -3.49779e-07 -4.19735e-07 -4.71131e-07 -5.06823e-07 -5.29666e-07 -5.42516e-07 -5.48227e-07 -5.49655e-07
-1.40866e-07 -2.54968e-07 -3.45122e-07 -4.14147e-07 -4.64859e-07 -5.00076e-07 -5.22615e-07 -5.35293e-07 -5.40928e-07 -5.42337e-07
-1.38678e-07 -2.51008e-07 -3.39762e-07 -4.07714e-07 -4.57639e-07 -4.92309e-07 -5.14498e-07 -5.26979e-07 -5.32527e-07 -5.33914e-07
-1.36319e-07 -2.46737e-07 -3.33981e-07 -4.00777e-07 -4.49852e-07 -4.83932e-07 -5.05744e-07 -5.18013e-07 -5.23466e-07 -5.24829e-07
-1.33843e-07 -2.42255e-07 -3.27915e-07 -3.93498e-07 -4.41682e-07 -4.75143e-07 -4.96558e-07 -5.08604e-07 -5.13958e-07 -5.15297e-07
-1.31243e-07  -2.3755e-07 -3.21546e-07 -3.85855e-07 -4.33103e-07 -4.65914e-07 -4.86913e-07 -4.98726e-07 -5.03976e-07 -5.05288e-07
-1.28485e-07 -2.32558e-07 -3.14789e-07 -3.77747e-07 -4.24002e-07 -4.56124e-07 -4.76682e-07 -4.88246e-07 -4.93386e-07 -4.94671e-07
-1.25545e-07 -2.27236e-07 -3.07585e-07 -3.69102e-07 -4.14298e-07 -4.45685e-07 -4.65773e-07 -4.77072e-07 -4.82094e-07  -4.8335e-07
-1.22419e-07 -2.21579e-07 -2.99927e-07 -3.59913e-07 -4.03984e-07  -4.3459e-07 -4.54177e-07 -4.65195e-07 -4.70093e-07 -4.71317e-07
-1.19123e-07 -2.15612e-07 -2.91851e-07 -3.50222e-07 -3.93107e-07 -4.22888e-07 -4.41949e-07  -4.5267e-07 -4.57435e-07 -4.58627e-07
-1.15673e-07 -2.09369e-07   -2.834e-07  -3.4008e-07 -3.81723e-07 -4.10642e-07 -4.29151e-07 -4.39562e-07 -4.44189e-07 -4.45346e-07
 -1.1208e-07 -2.02865e-07 -2.74596e-07 -3.29516e-07 -3.69865e-07 -3.97886e-07  -4.1582e-07 -4.25907e-07 -4.30391e-07 -4.31512e-07
-1.08345e-07 -1.96106e-07 -2.65447e-07 -3.18537e-07 -3.57542e-07 -3.84629e-07 -4.01965e-07 -4.11717e-07 -4.16052e-07 -4.17135e-07
-1.04471e-07 -1.89093e-07 -2.55955e-07 -3.07147e-07 -3.44757e-07 -3.70876e-07 -3.87592e-07 -3.96995e-07 -4.01175e-07  -4.0222e-07
-1.00459e-07 -1.81832e-07 -2.46127e-07 -2.95353e-07 -3.31519e-07 -3.56635e-07 -3.72709e-07 -3.81752e-07 -3.85771e-07 -3.86776e-07
-9.63159e-08 -1.74332e-07 -2.35975e-07 -2.83171e-07 -3.17846e-07 -3.41926e-07 -3.57337e-07 -3.66007e-07  -3.6986e-07 -3.70824e-07
-9.20468e-08 -1.66605e-07 -2.25516e-07  -2.7062e-07 -3.03758e-07 -3.26771e-07   -3.415e-07 -3.49785e-07 -3.53468e-07 -3.54389e-07
-8.76591e-08 -1.58663e-07 -2.14766e-07  -2.5772e-07 -2.89279e-07 -3.11195e-07 -3.25222e-07 -3.33113e-07  -3.3662e-07 -3.37497e-07
-8.31595e-08 -1.50519e-07 -2.03742e-07 -2.44492e-07 -2.74431e-07 -2.95222e-07  -3.0853e-07 -3.16015e-07 -3.19343e-07 -3.20175e-07
-7.85548e-08 -1.42185e-07 -1.92461e-07 -2.30954e-07 -2.59236e-07 -2.78877e-07 -2.91447e-07 -2.98519e-07 -3.01662e-07 -3.02448e-07
 -7.3853e-08 -1.33675e-07 -1.80942e-07 -2.17132e-07 -2.43721e-07 -2.62186e-07 -2.74005e-07 -2.80654e-07 -2.83609e-07 -2.84348e-07
-6.90639e-08 -1.25007e-07 -1.69209e-07 -2.03052e-07 -2.27918e-07 -2.45186e-07 -2.56239e-07 -2.62457e-07 -2.65221e-07 -2.65912e-07
-6.41988e-08 -1.16201e-07  -1.5729e-07 -1.88749e-07 -2.11864e-07 -2.27916e-07 -2.38191e-07 -2.43971e-07 -2.46541e-07 -2.47184e-07
-5.92705e-08 -1.07281e-07 -1.45216e-07 -1.74261e-07 -1.95602e-07 -2.10423e-07 -2.19909e-07 -2.25246e-07 -2.27619e-07 -2.28213e-07
-5.42937e-08 -9.82729e-08 -1.33023e-07  -1.5963e-07 -1.79179e-07 -1.92757e-07 -2.01447e-07 -2.06337e-07 -2.08511e-07 -2.09055e-07
-4.92843e-08  -8.9206e-08 -1.20751e-07 -1.44903e-07  -1.6265e-07 -1.74975e-07 -1.82865e-07 -1.87304e-07 -1.89278e-07 -1.89773e-07
-4.42599e-08 -8.01122e-08 -1.08442e-07 -1.30133e-07 -1.46071e-07 -1.57141e-07 -1.64228e-07 -1.68215e-07 -1.69989e-07 -1.70433e-07
-3.92401e-08 -7.10266e-08 -9.61438e-08 -1.15376e-07 -1.29508e-07 -1.39324e-07 -1.45608e-07 -1.49144e-07 -1.50717e-07 -1.51112e-07
-3.42464e-08 -6.19883e-08 -8.39101e-08 -1.00696e-07 -1.13031e-07 -1.21599e-07 -1.27085e-07 -1.30173e-07 -1.31547e-07 -1.31891e-07
-2.93025e-08   -5.304e-08 -7.17982e-08 -8.61626e-08 -9.67186e-08 -1.04052e-07 -1.08747e-07 -1.11391e-07 -1.12568e-07 -1.12863e-07
-2.44338e-08  -4.4228e-08 -5.98709e-08 -7.18505e-08 -8.06547e-08 -8.67716e-08 -9.06892e-08 -9.28954e-08 -9.38781e-08 -9.41255e-08
-1.96681e-08 -3.56026e-08 -4.81961e-08 -5.78415e-08 -6.49312e-08 -6.98579e-08 -7.30141e-08 -7.47923e-08 -7.55852e-08 -7.57854e-08
-1.50355e-08 -2.72181e-08 -3.68477e-08 -4.42243e-08 -4.96475e-08 -5.34174e-08 -5.58337e-08 -5.71962e-08 -5.78046e-08 -5.79589e-08
-1.05708e-08 -1.91375e-08 -2.59107e-08 -3.11007e-08 -3.49182e-08 -3.75734e-08 -3.92768e-08 -4.02388e-08 -4.06696e-08 -4.07798e-08
-6.26121e-09 -1.13377e-08 -1.53538e-08 -1.84336e-08 -2.07012e-08 -2.22808e-08 -2.32963e-08 -2.38719e-08 -2.41315e-08 -2.41992e-08
-2.15014e-09 -3.89739e-09  -5.2836e-09  -6.3506e-09 -7.14015e-09 -7.69393e-09 -8.05361e-09 -8.26085e-09 -8.35729e-09 -8.38461e-09
1.71227e-09 3.09281e-09 4.17714e-09 5.00086e-09 5.59963e-09 6.00919e-09  6.2653e-09 6.40375e-09 6.46034e-09 6.47081e-09
5.27203e-09 9.53508e-09 1.28961e-08 1.54619e-08 1.73397e-08 1.86366e-08 1.94598e-08 1.99164e-08 2.01137e-08 2.01588e-08
8.47393e-09 1.53295e-08 2.07378e-08 2.48701e-08 2.78978e-08 2.99921e-08 3.13246e-08 3.20668e-08 3.23902e-08 3.24662e-08
1.12661e-08 2.03821e-08 2.75752e-08 3.30728e-08 3.71023e-08 3.98912e-08 4.16671e-08 4.26576e-08 4.30904e-08 4.31931e-08
1.36011e-08 2.46071e-08 3.32922e-08 3.99306e-08 4.47969e-08 4.81655e-08 5.03111e-08 5.15083e-08 5.20319e-08 5.21565e-08
1.54494e-08 2.79509e-08 3.78161e-08 4.53564e-08 5.08837e-08 5.47097e-08 5.71465e-08 5.85061e-08 5.91006e-08 5.92419e-08
1.67987e-08 3.03913e-08 4.11167e-08 4.93138e-08 5.53217e-08 5.94797e-08 6.21272e-08 6.36037e-08 6.42486e-08 6.44015e-08
1.77312e-08 3.20772e-08 4.33956e-08 5.20446e-08 5.83823e-08 6.27673e-08  6.5558e-08 6.71131e-08 6.77913e-08 6.79512e-08
1.84362e-08 3.33507e-08 4.51159e-08 5.41045e-08 6.06892e-08 6.52432e-08 6.81398e-08 6.97522e-08 7.04539e-08 7.06183e-08
 1.8918e-08 3.42199e-08 4.62884e-08 5.55062e-08 6.22566e-08 6.69228e-08 6.98884e-08 7.15371e-08 7.22527e-08 7.24188e-08
1.91487e-08 3.46343e-08 4.68446e-08 5.61677e-08  6.2992e-08 6.77063e-08 7.06995e-08 7.23609e-08 7.30794e-08 7.32443e-08
1.91712e-08 3.46712e-08 4.68891e-08 5.62142e-08 6.30361e-08 6.77449e-08  7.0731e-08 7.23849e-08 7.30971e-08 7.32582e-08
1.91448e-08 3.46191e-08 4.68123e-08 5.61139e-08 6.29142e-08 6.76036e-08  7.0573e-08 7.22136e-08 7.29164e-08 7.30725e-08
1.91097e-08 3.45506e-08 4.67122e-08 5.59845e-08 6.27581e-08 6.74239e-08 7.03733e-08  7.1998e-08 7.26897e-08   7.284e-08
1.90675e-08 3.44684e-08 4.65924e-08   5.583e-08 6.25721e-08 6.72102e-08 7.01362e-08 7.17424e-08 7.24212e-08 7.25648e-08
1.90225e-08 3.43802e-08 4.64632e-08 5.56625e-08 6.23695e-08 6.69765e-08  6.9876e-08 7.14612e-08 7.21251e-08  7.2261e-08
1.89859e-08 3.43062e-08 4.63518e-08 5.55143e-08 6.21864e-08 6.67612e-08 6.96325e-08 7.11947e-08 7.18422e-08 7.19692e-08
1.89535e-08 3.42385e-08  4.6247e-08 5.53719e-08  6.2007e-08  6.6547e-08 6.93873e-08 7.09238e-08 7.15525e-08 7.16694e-08
1.89207e-08 3.41687e-08 4.61374e-08  5.5221e-08  6.1815e-08  6.6316e-08 6.91211e-08 7.06282e-08 7.12354e-08 7.13406e-08
1.88842e-08 3.40906e-08  4.6014e-08 5.50505e-08 6.15976e-08 6.60536e-08 6.88182e-08 7.02914e-08 7.08738e-08 7.09655e-08
1.88338e-08 3.39854e-08 4.58512e-08 5.48292e-08 6.13189e-08 6.57209e-08 6.84373e-08 6.98705e-08 7.04238e-08 7.04997e-08
1.86502e-08 3.36368e-08 4.53557e-08 5.42045e-08 6.05826e-08 6.48908e-08 6.75312e-08 6.89069e-08 6.94214e-08 6.94779e-08
1.82998e-08 3.29838e-08 4.44444e-08 5.30762e-08 5.92755e-08 6.34405e-08 6.59709e-08 6.72676e-08 6.77317e-08 6.77642e-08
1.77426e-08 3.19536e-08 4.30183e-08 5.13245e-08 5.72622e-08 6.12236e-08 6.36024e-08 6.47938e-08 6.51935e-08 6.51967e-08
1.70137e-08 3.06091e-08 4.11617e-08 4.90499e-08 5.46545e-08 5.83591e-08 6.05489e-08 6.16109e-08 6.19327e-08 6.19011e-08
1.61987e-08 2.91048e-08 3.90829e-08 4.65012e-08 5.17307e-08 5.51451e-08 5.71207e-08 5.80354e-08 5.82679e-08 5.81964e-08
1.53385e-08 2.75139e-08 3.68803e-08 4.37954e-08 4.86203e-08 5.17195e-08 5.34603e-08 5.42119e-08 5.43445e-08 5.42275e-08
1.44668e-08  2.5897e-08 3.46346e-08 4.10279e-08 4.54291e-08 4.81945e-08 4.96832e-08  5.0257e-08 5.02787e-08 5.01102e-08
1.35355e-08 2.41661e-08 3.22255e-08 3.80528e-08 4.19914e-08 4.43895e-08 4.55988e-08 4.59737e-08 4.58699e-08 4.56425e-08
 1.2432e-08 2.21162e-08 2.93742e-08 3.45337e-08 3.79276e-08  3.9894e-08 4.07754e-08 4.09174e-08 4.06674e-08 4.03714e-08
1.13852e-08 2.01606e-08 2.66383e-08 3.11375e-08 3.39835e-08 3.55076e-08  3.6046e-08 3.59391e-08 3.55286e-08 3.51555e-08
1.03621e-08 1.82382e-08 2.39332e-08 2.77603e-08 3.00396e-08 3.10984e-08 3.12697e-08 3.08911e-08 3.03022e-08 2.98415e-08
9.37189e-09 1.63638e-08 2.12766e-08   2.442e-08 2.61123e-08 2.66801e-08 2.64565e-08 2.57802e-08 2.49919e-08 2.44314e-08
8.47709e-09 1.46491e-08 1.88168e-08 2.12915e-08 2.23944e-08  2.2456e-08  2.1815e-08  2.0816e-08 1.98066e-08 1.91327e-08
7.66143e-09 1.30624e-08 1.65081e-08  1.8316e-08  1.8815e-08  1.8345e-08 1.72552e-08 1.59019e-08 1.46448e-08 1.38418e-08
6.84873e-09 1.14634e-08  1.4157e-08 1.52567e-08 1.51033e-08 1.40499e-08 1.24609e-08 1.07086e-08 9.16945e-09 8.21791e-09
5.97125e-09 9.72664e-09 1.15895e-08 1.18998e-08 1.10129e-08 9.29911e-09 7.14131e-09   4.932e-09 3.06833e-09 1.94512e-09
 4.99078e-09  7.77968e-09  8.70282e-09  8.11559e-09  6.39136e-09   3.9208e-09  1.10923e-09 -1.62684e-09 -3.86549e-09 -5.18744e-09
 3.89068e-09  5.58862e-09  5.44552e-09  3.83542e-09  1.15331e-09 -2.18577e-09 -5.74972e-09 -9.09343e-09 -1.17655e-08 -1.33176e-08
  2.6597e-09  3.12872e-09   1.7777e-09 -9.96737e-10 -4.77366e-09 -9.10882e-09 -1.35382e-08 -1.75826e-08 -2.07555e-08  -2.2574e-08
 1.27944e-09  3.61544e-10 -2.36006e-09 -6.46161e-09 -1.14911e-08 -1.69696e-08  -2.2395e-08 -2.72476e-08 -3.09995e-08 -3.31265e-08
 -2.7878e-10 -2.77063e-09  -7.0544e-09 -1.26741e-08 -1.91408e-08 -2.59343e-08 -3.25077e-08 -3.82938e-08 -4.27152e-08 -4.51995e-08
-2.05352e-09  -6.3441e-09 -1.24181e-08 -1.97814e-08  -2.7902e-08 -3.62112e-08 -4.41097e-08 -5.09742e-08   -5.617e-08  -5.9068e-08
-4.09446e-09 -1.04568e-08 -1.85955e-08 -2.79719e-08 -3.80037e-08 -4.80658e-08 -5.74976e-08 -6.56108e-08 -7.17039e-08 -7.50815e-08
-6.46028e-09 -1.52241e-08  -2.5756e-08  -3.7466e-08  -4.9713e-08 -6.18069e-08 -7.30161e-08  -8.2577e-08 -8.97108e-08  -9.3645e-08
-9.21768e-09 -2.07774e-08 -3.40928e-08 -4.85149e-08  -6.3335e-08 -7.77879e-08 -9.10601e-08 -1.02301e-07 -1.10643e-07 -1.15223e-07
-1.24418e-08 -2.72647e-08 -4.38243e-08 -6.14034e-08 -7.92158e-08 -9.64102e-08 -1.12079e-07 -1.25272e-07 -1.35015e-07  -1.4034e-07
-1.60739e-08 -3.45582e-08 -5.47418e-08 -7.58289e-08 -9.69446e-08 -1.17138e-07 -1.35394e-07 -1.50642e-07 -1.61782e-07 -1.67728e-07
-1.98725e-08 -4.21582e-08  -6.6069e-08 -9.07195e-08 -1.15133e-07 -1.38243e-07 -1.58906e-07 -1.75908e-07 -1.88002e-07 -1.94224e-07
-2.34287e-08 -4.92297e-08  -7.6528e-08 -1.04337e-07 -1.31562e-07 -1.57004e-07  -1.7936e-07  -1.9725e-07 -2.09522e-07 -2.15578e-07
-2.61273e-08 -5.45266e-08 -8.42267e-08 -1.14128e-07    -1.43e-07 -1.69482e-07 -1.92091e-07 -2.09521e-07 -2.20965e-07 -2.26311e-07
-2.71085e-08 -5.63139e-08  -8.6542e-08 -1.16565e-07 -1.44997e-07 -1.70293e-07 -1.91038e-07 -2.06265e-07 -2.15639e-07 -2.19629e-07
-2.53546e-08 -5.25677e-08 -8.04541e-08 -1.07644e-07 -1.32581e-07   -1.538e-07 -1.70233e-07 -1.81388e-07 -1.87517e-07 -1.86482e-07
 -1.9832e-08 -4.12319e-08 -6.29008e-08 -8.33307e-08 -1.01076e-07 -1.15047e-07 -1.24677e-07 -1.30082e-07 -1.28711e-07 -1.28511e-07
 -9.3681e-09 -1.99875e-08 -3.04699e-08 -3.94708e-08 -4.59707e-08 -4.94302e-08 -4.99318e-08 -4.94397e-08 -4.98908e-08 -5.04645e-08
7.42408e-09 1.38441e-08  2.0413e-08 2.79763e-08 3.69333e-08 4.71155e-08 4.48915e-08 4.23892e-08 4.02374e-08 3.89526e-08
3.21079e-08  6.2995e-08 9.32064e-08 1.22862e-07 1.51557e-07 1.44017e-07 1.37388e-07 1.32058e-07 1.28317e-07 1.26376e-07
 6.0514e-08  1.1902e-07 1.75274e-07 2.28548e-07  2.1319e-07 2.00196e-07 1.89739e-07  1.8191e-07 1.76735e-07 1.74186e-07
8.67317e-08 1.70263e-07 2.49537e-07 2.25394e-07 2.04928e-07 1.88156e-07 1.75026e-07 1.65437e-07 1.59241e-07 1.56255e-07
1.08485e-07 2.12241e-07 1.79477e-07 1.51371e-07 1.27849e-07 1.08784e-07 9.40038e-08 8.33038e-08 7.64486e-08 7.31722e-08
 1.23216e-07  8.34271e-08  4.87414e-08  1.90718e-08 -5.71899e-09 -2.57965e-08  -4.1358e-08 -5.26236e-08 -5.98413e-08 -6.32898e-08
-4.33348e-08 -8.18321e-08 -1.15542e-07 -1.44537e-07 -1.68911e-07 -1.88781e-07 -2.04285e-07 -2.15585e-07 -2.22872e-07 -2.26375e-07
-3.95324e-08 -7.48524e-08 -1.05969e-07 -1.32905e-07 -1.55703e-07 -1.74419e-07 -1.89131e-07 -1.99934e-07 -2.06955e-07 -2.10357e-07
-3.56459e-08  -6.7756e-08 -9.62871e-08 -1.21205e-07 -1.42487e-07 -1.60123e-07 -1.74117e-07 -1.84494e-07 -1.91304e-07 -1.94638e-07
 -3.2848e-08 -6.26637e-08 -8.93651e-08 -1.12874e-07 -1.33118e-07 -1.50035e-07 -1.63571e-07 -1.73694e-07 -1.80393e-07   -1.837e-07
-3.13391e-08 -5.99371e-08 -8.56916e-08 -1.08498e-07 -1.28255e-07 -1.44862e-07 -1.58232e-07  -1.6829e-07 -1.74987e-07 -1.78311e-07
 -3.0944e-08 -5.92596e-08 -8.48381e-08 -1.07564e-07  -1.2732e-07 -1.43988e-07 -1.57455e-07 -1.67624e-07 -1.74419e-07 -1.77805e-07
-3.12102e-08 -5.98126e-08 -8.56982e-08 -1.08746e-07 -1.28829e-07 -1.45815e-07 -1.59576e-07 -1.69994e-07 -1.76974e-07 -1.80461e-07
 -3.1476e-08 -6.04001e-08 -8.66553e-08 -1.10108e-07 -1.30612e-07 -1.48015e-07 -1.62164e-07 -1.72915e-07 -1.80144e-07 -1.83768e-07
-3.19613e-08 -6.14225e-08 -8.82548e-08 -1.12308e-07 -1.33414e-07 -1.51396e-07 -1.66072e-07 -1.77265e-07  -1.8482e-07 -1.88622e-07
-3.28206e-08 -6.31625e-08 -9.08841e-08 -1.15817e-07 -1.37772e-07 -1.56542e-07 -1.71917e-07 -1.83685e-07 -1.91657e-07 -1.95684e-07
-3.39646e-08 -6.54624e-08 -9.43361e-08 -1.20395e-07 -1.43423e-07 -1.63184e-07 -1.79427e-07 -1.91906e-07 -2.00391e-07 -2.04692e-07
-3.51887e-08 -6.79575e-08 -9.81247e-08 -1.25469e-07 -1.49738e-07 -1.70654e-07  -1.8792e-07 -2.01242e-07 -2.10337e-07 -2.14966e-07
-3.64792e-08 -7.06288e-08 -1.02233e-07  -1.3103e-07 -1.56719e-07  -1.7897e-07 -1.97429e-07 -2.11738e-07 -2.21552e-07  -2.2657e-07
-3.79036e-08 -7.36059e-08 -1.06847e-07 -1.37314e-07 -1.64648e-07 -1.88453e-07 -2.08306e-07 -2.23773e-07 -2.34434e-07 -2.39911e-07
-3.95866e-08 -7.71232e-08 -1.12297e-07 -1.44735e-07 -1.74008e-07 -1.99644e-07 -2.21138e-07 -2.37968e-07 -2.49624e-07 -2.55641e-07
-4.15284e-08 -8.11913e-08 -1.18613e-07 -1.53346e-07 -1.84882e-07 -2.12657e-07 -2.36069e-07 -2.54493e-07 -2.67314e-07 -2.73962e-07
-4.37727e-08 -8.59016e-08 -1.25936e-07 -1.63341e-07 -1.97513e-07 -2.27782e-07 -2.53431e-07 -2.73715e-07 -2.87896e-07 -2.95281e-07
-4.63902e-08 -9.13961e-08 -1.34478e-07 -1.75001e-07 -2.12248e-07 -2.45426e-07 -2.73683e-07 -2.96137e-07 -3.11903e-07 -3.20147e-07
-4.92258e-08 -9.74106e-08 -1.43907e-07 -1.87957e-07 -2.28709e-07  -2.6522e-07 -2.96481e-07 -3.21441e-07 -3.39045e-07 -3.48289e-07
-5.27057e-08 -1.04736e-07  -1.5532e-07 -2.03563e-07 -2.48457e-07 -2.88891e-07 -3.23675e-07 -3.51567e-07 -3.71316e-07 -3.81724e-07
 -5.7099e-08 -1.13881e-07 -1.69441e-07 -2.22727e-07  -2.7256e-07  -3.1764e-07 -3.56575e-07 -3.87906e-07 -4.10163e-07 -4.21923e-07
-6.30289e-08 -1.25962e-07 -1.87753e-07 -2.47194e-07 -3.02922e-07  -3.5344e-07 -3.97138e-07 -4.32326e-07 -4.57288e-07 -4.51535e-07
-7.03324e-08 -1.40629e-07   -2.097e-07  -2.7617e-07 -3.38488e-07  -3.9494e-07 -4.43681e-07  -4.8276e-07 -4.70372e-07 -4.66325e-07
 -7.8122e-08 -1.56193e-07 -2.32866e-07 -3.06576e-07 -3.75557e-07 -4.37851e-07 -4.91332e-07 -4.71698e-07 -4.63011e-07 -4.60859e-07
-8.57607e-08 -1.71386e-07 -2.55349e-07 -3.35875e-07 -4.10949e-07 -4.78323e-07 -4.51179e-07 -4.37487e-07 -4.32806e-07 -4.32562e-07
-9.25228e-08 -1.84734e-07 -2.74909e-07 -3.61034e-07 -4.40804e-07  -4.0638e-07 -3.87639e-07 -3.80216e-07  -3.7947e-07 -3.80962e-07
-9.73543e-08 -1.94117e-07 -2.88347e-07 -3.77753e-07  -3.3695e-07 -3.13556e-07 -3.03416e-07 -3.01961e-07 -3.04665e-07  -3.0752e-07
-9.87653e-08 -1.96565e-07  -2.9121e-07 -2.45747e-07 -2.18654e-07 -2.06117e-07 -2.03813e-07 -2.07312e-07 -2.12529e-07 -2.16176e-07
-9.47759e-08 -1.88151e-07 -1.40656e-07 -1.11421e-07  -9.7136e-08 -9.38982e-08 -9.75873e-08 -1.04269e-07 -1.10616e-07 -1.14292e-07
-8.32736e-08 -3.77407e-08 -8.89492e-09  5.91338e-09  9.95175e-09  6.79965e-09 -2.60724e-11 -7.43865e-09 -1.31417e-08 -1.59337e-08
3.76595e-08 6.22975e-08 7.56712e-08 8.01589e-08 7.84963e-08 7.34581e-08 6.75376e-08 6.26326e-08 5.97769e-08 6.73896e-08
1.70609e-08 2.72543e-08 3.19511e-08 3.28603e-08 3.17838e-08 3.03483e-08 2.97476e-08 3.05175e-08 3.43462e-08 3.31098e-08
5.59463e-09 9.85905e-09 1.35522e-08 1.75259e-08 2.25082e-08 2.88917e-08 3.65505e-08 7.34002e-08 6.81018e-08 6.52404e-08
 4.1118e-09 1.13525e-08 2.17084e-08 3.50549e-08 5.09757e-08 6.86215e-08 1.61314e-07 1.48863e-07  1.4061e-07 1.36572e-07
1.39156e-08 3.37157e-08 5.85473e-08 8.72872e-08 1.18411e-07 2.87957e-07 2.65585e-07 2.49417e-07 2.39148e-07 2.34309e-07
2.30396e-08 5.37316e-08 9.04353e-08 1.31182e-07 1.73609e-07 1.31004e-07 9.79809e-08  7.4191e-08 5.90843e-08  5.1951e-08
4.07588e-08 9.00236e-08 1.45234e-07 2.03468e-07 1.43638e-07 9.56803e-08 5.90374e-08 3.29739e-08 1.66146e-08  8.9743e-09
 6.06209e-08  1.29472e-07  2.03144e-07  1.25192e-07  6.10806e-08  1.01254e-08 -2.85224e-08 -5.58323e-08 -7.28707e-08 -8.07818e-08
 8.10373e-08  1.68806e-07  7.38964e-08 -5.86443e-09 -7.11967e-08 -1.22959e-07 -1.62123e-07 -1.89745e-07 -2.06951e-07 -2.14929e-07
 9.91233e-08 -9.09367e-09 -1.01866e-07 -1.79819e-07 -2.43718e-07 -2.94414e-07 -3.32847e-07 -3.60018e-07 -3.76987e-07 -3.84876e-07
-1.14756e-07 -2.15063e-07 -3.01373e-07 -3.74229e-07 -4.34259e-07  -4.8216e-07 -5.18697e-07 -5.44695e-07 -5.61042e-07 -5.68694e-07
-1.02843e-07 -1.93088e-07 -2.71077e-07 -3.37221e-07 -3.92001e-07 -4.35958e-07 -4.69688e-07 -4.93844e-07 -5.09137e-07 -5.16348e-07
-9.15664e-08 -1.72351e-07 -2.42572e-07 -3.02502e-07 -3.52471e-07 -3.92857e-07 -4.24085e-07 -4.46631e-07 -4.61028e-07 -4.67879e-07
-8.24023e-08 -1.55512e-07 -2.19448e-07 -2.74368e-07 -3.20475e-07 -3.58011e-07 -3.87258e-07 -4.08543e-07 -4.22249e-07 -4.28829e-07
-7.59761e-08 -1.43699e-07 -2.03222e-07  -2.5463e-07 -2.98037e-07 -3.33588e-07 -3.61463e-07 -3.81883e-07 -3.95121e-07 -4.01519e-07
-7.10813e-08 -1.34723e-07 -1.90929e-07 -2.39723e-07 -2.81147e-07 -3.15269e-07 -3.42182e-07 -3.62016e-07 -3.74954e-07 -3.81246e-07
 -6.7072e-08 -1.27412e-07 -1.80979e-07 -2.27735e-07 -2.67658e-07 -3.00738e-07  -3.2699e-07 -3.46458e-07 -3.59236e-07 -3.65491e-07
-6.38847e-08 -1.21652e-07 -1.73212e-07 -2.18475e-07 -2.57353e-07 -2.89764e-07 -3.15644e-07 -3.34958e-07 -3.47716e-07 -3.54001e-07
-6.15714e-08 -1.17534e-07 -1.67758e-07 -2.12098e-07 -2.50407e-07 -2.82536e-07 -3.08348e-07 -3.27728e-07 -3.40608e-07 -3.46991e-07
-6.02709e-08 -1.15313e-07  -1.6496e-07 -2.09021e-07 -2.47295e-07  -2.7957e-07 -3.05643e-07 -3.25328e-07 -3.38483e-07 -3.45038e-07
-6.00013e-08 -1.15024e-07 -1.64872e-07 -2.09314e-07 -2.48101e-07 -2.80967e-07 -3.07645e-07 -3.27884e-07 -3.41475e-07 -3.48279e-07
-6.06132e-08 -1.16402e-07 -1.67141e-07 -2.12564e-07 -2.52373e-07 -2.86251e-07 -3.13869e-07 -3.34913e-07 -3.49104e-07  -3.5624e-07
-6.17687e-08  -1.1884e-07 -1.70956e-07 -2.17806e-07 -2.59044e-07 -2.94288e-07 -3.23145e-07 -3.45228e-07 -3.60184e-07 -3.67736e-07
-6.32574e-08 -1.21965e-07 -1.75822e-07 -2.24464e-07  -2.6748e-07 -3.04417e-07 -3.34802e-07  -3.5816e-07 -3.74051e-07 -3.82112e-07
-6.51342e-08 -1.25886e-07 -1.81901e-07 -2.32748e-07 -2.77941e-07  -3.1694e-07 -3.49176e-07 -3.74076e-07 -3.91096e-07 -3.99768e-07
-6.73202e-08 -1.30472e-07 -1.89031e-07 -2.42488e-07  -2.9026e-07 -3.31704e-07 -3.66139e-07 -3.92871e-07 -4.11231e-07  -4.2063e-07
-6.98457e-08 -1.35791e-07 -1.97327e-07 -2.53844e-07 -3.04648e-07 -3.48971e-07 -3.85996e-07 -4.14887e-07 -4.34829e-07 -4.45087e-07
-7.24942e-08 -1.41468e-07 -2.06303e-07 -2.66266e-07 -3.20523e-07 -3.68153e-07 -4.08174e-07 -4.39575e-07 -4.61363e-07 -4.72628e-07
-7.50379e-08  -1.4711e-07 -2.15457e-07 -2.79187e-07 -3.37291e-07 -3.88657e-07 -4.32098e-07 -4.66389e-07 -4.90319e-07 -5.02758e-07
-7.81773e-08 -1.54007e-07 -2.26568e-07 -2.94784e-07 -3.57445e-07 -4.13219e-07 -4.60684e-07 -4.98368e-07 -5.24806e-07 -5.38619e-07
-8.30211e-08 -1.64193e-07 -2.42426e-07 -3.16455e-07 -3.84857e-07 -4.46067e-07 -4.98414e-07 -5.40163e-07 -5.69573e-07 -5.84993e-07
-8.99186e-08 -1.78281e-07 -2.63832e-07 -3.45112e-07 -4.20479e-07  -4.8813e-07 -5.46129e-07 -5.92459e-07 -6.25087e-07 -6.21526e-07
-9.81472e-08 -1.94898e-07 -2.88818e-07  -3.7824e-07 -4.61285e-07 -5.35885e-07 -5.99811e-07 -6.50726e-07 -6.42946e-07 -6.41536e-07
-1.06896e-07 -2.12475e-07 -3.15103e-07 -4.12879e-07 -5.03659e-07 -5.85066e-07  -6.5453e-07 -6.42005e-07 -6.38776e-07 -6.39649e-07
-1.15605e-07 -2.29858e-07 -3.40905e-07 -4.46585e-07  -5.4445e-07 -6.31769e-07  -6.1422e-07 -6.08843e-07 -6.10346e-07 -6.13431e-07
-1.23503e-07 -2.45458e-07 -3.63775e-07 -4.76005e-07 -5.79349e-07 -5.56954e-07 -5.49331e-07 -5.51231e-07 -5.57209e-07 -5.62213e-07
-1.29126e-07 -2.56375e-07 -3.79393e-07 -4.95399e-07 -4.68863e-07 -4.59173e-07 -4.61291e-07 -4.69804e-07 -4.79483e-07  -4.8587e-07
-1.30547e-07  -2.5879e-07 -3.82071e-07  -3.5264e-07 -3.41335e-07 -3.43496e-07 -3.53952e-07 -3.67524e-07 -3.79577e-07 -3.86569e-07
-1.25451e-07   -2.481e-07 -2.17682e-07  -2.0553e-07 -2.07555e-07 -2.19054e-07 -2.35157e-07 -2.51332e-07 -2.63894e-07 -2.70486e-07
-1.11214e-07 -8.26531e-08 -7.09486e-08 -7.27771e-08 -8.41522e-08 -1.00798e-07 -1.18608e-07 -1.34096e-07 -1.44837e-07 -1.49844e-07
 2.30471e-08  3.27367e-08  3.13611e-08  2.18952e-08  7.67228e-09 -8.00492e-09 -2.22575e-08 -3.30152e-08 -3.93481e-08 -2.64894e-08
 6.34718e-09  5.78499e-09  1.32356e-10 -8.44391e-09  -1.7728e-08  -2.5785e-08 -3.12752e-08 -3.37337e-08 -1.94385e-08  -2.0103e-08
 1.69137e-11 -1.22113e-09 -2.62828e-09 -3.05887e-09 -1.57191e-09  2.30925e-09  8.37098e-09  4.44876e-08  4.07558e-08  3.87507e-08
4.16844e-09  1.1504e-08 2.21736e-08 3.61645e-08 5.30652e-08 7.18891e-08 1.57848e-07 1.48431e-07 1.42332e-07 1.39421e-07
1.90508e-08 4.39074e-08 7.37324e-08 1.07322e-07 1.42948e-07 3.04753e-07 2.87359e-07 2.75112e-07 2.67539e-07 2.64068e-07
3.32033e-08 7.38196e-08 1.20157e-07 1.70133e-07 2.21196e-07  1.7266e-07 1.34834e-07 1.07428e-07 8.99194e-08 8.15971e-08
5.18372e-08 1.12564e-07 1.79341e-07 2.48898e-07  1.7998e-07 1.24551e-07 8.20448e-08 5.16884e-08 3.25489e-08 2.35649e-08
 7.43482e-08   1.5744e-07    2.454e-07  1.55091e-07  8.06246e-08  2.12672e-08 -2.39008e-08 -5.59367e-08 -7.60083e-08 -8.53731e-08
 9.68762e-08  2.00982e-07  9.03646e-08 -2.78965e-09 -7.92742e-08 -1.40038e-07 -1.86158e-07 -2.18804e-07 -2.39224e-07 -2.48737e-07
 1.15929e-07 -1.11104e-08 -1.20202e-07  -2.1205e-07 -2.87513e-07 -3.47547e-07 -3.93201e-07 -4.25593e-07 -4.45908e-07 -4.55397e-07
-1.35549e-07 -2.54218e-07 -3.56519e-07 -4.43067e-07 -5.14562e-07 -5.71784e-07 -6.15581e-07  -6.4687e-07 -6.66631e-07  -6.7593e-07
-1.21999e-07 -2.29293e-07 -3.22257e-07 -4.01338e-07  -4.6706e-07 -5.20003e-07 -5.60811e-07 -5.90183e-07 -6.08884e-07 -6.17758e-07
-1.09708e-07 -2.06757e-07 -2.91377e-07 -3.63855e-07 -4.24531e-07 -4.73794e-07 -5.12083e-07 -5.39885e-07 -5.57751e-07 -5.66313e-07
 -9.9759e-08 -1.88561e-07 -2.66513e-07 -3.33763e-07 -3.90494e-07 -4.36928e-07 -4.73324e-07 -4.99986e-07 -5.17278e-07 -5.25644e-07
-9.33537e-08 -1.76876e-07 -2.50599e-07 -3.14576e-07 -3.68888e-07 -4.13635e-07  -4.4895e-07 -4.75005e-07 -4.92025e-07  -5.0032e-07
-8.92297e-08 -1.69414e-07 -2.40534e-07 -3.02574e-07 -3.55532e-07 -3.99417e-07  -4.3426e-07 -4.60124e-07 -4.77126e-07 -4.85465e-07
-8.67116e-08 -1.64954e-07 -2.34665e-07 -2.95772e-07 -3.48203e-07 -3.91886e-07 -4.26761e-07 -4.52795e-07 -4.70007e-07 -4.78496e-07
-8.56529e-08 -1.63232e-07 -2.32639e-07 -2.93753e-07 -3.46439e-07  -3.9055e-07 -4.25947e-07 -4.52507e-07 -4.70158e-07 -4.78909e-07
-8.60185e-08 -1.64188e-07 -2.34382e-07 -2.96436e-07 -3.50159e-07 -3.95338e-07 -4.31755e-07 -4.59208e-07 -4.77535e-07 -4.86664e-07
-8.73709e-08 -1.67037e-07 -2.38841e-07 -3.02571e-07 -3.57976e-07 -4.04771e-07  -4.4266e-07  -4.7135e-07  -4.9059e-07 -5.00217e-07
-8.95927e-08 -1.71576e-07 -2.45753e-07 -3.11859e-07 -3.69574e-07 -4.18536e-07 -4.58354e-07 -4.88641e-07 -5.09042e-07 -5.19296e-07
-9.26196e-08   -1.777e-07 -2.54994e-07 -3.24174e-07 -3.84841e-07 -4.36538e-07 -4.78771e-07  -5.1104e-07 -5.32874e-07 -5.43897e-07
-9.63926e-08 -1.85315e-07 -2.66459e-07 -3.39417e-07 -4.03693e-07 -4.58722e-07 -5.03886e-07 -5.38553e-07 -5.62117e-07 -5.74067e-07
-1.01263e-07 -1.95075e-07 -2.81057e-07 -3.58709e-07  -4.2743e-07 -4.86527e-07 -5.35246e-07 -5.72804e-07 -5.98444e-07   -6.115e-07
-1.07166e-07 -2.06883e-07 -2.98686e-07 -3.81969e-07 -4.56003e-07 -5.19951e-07 -5.72898e-07 -6.13889e-07 -6.41987e-07 -6.56354e-07
-1.13421e-07 -2.19531e-07 -3.17749e-07 -4.07326e-07 -4.87368e-07 -5.56853e-07 -6.14665e-07 -6.59631e-07 -6.90594e-07 -7.06494e-07
-1.19862e-07 -2.32751e-07 -3.37923e-07 -4.34445e-07 -5.21212e-07 -5.96967e-07 -6.60338e-07 -7.09882e-07 -7.44165e-07 -7.61854e-07
-1.27103e-07 -2.47683e-07 -3.60805e-07 -4.65307e-07 -5.59833e-07 -6.42845e-07 -7.12666e-07 -7.67534e-07 -8.05684e-07  -8.2546e-07
-1.36221e-07  -2.6632e-07 -3.89146e-07 -5.03289e-07 -6.07109e-07 -6.98752e-07 -7.76203e-07  -8.3734e-07 -8.80028e-07 -9.02244e-07
-1.47694e-07 -2.89572e-07 -4.24249e-07 -5.50039e-07 -6.64989e-07 -7.66898e-07  -8.5337e-07 -9.21885e-07 -9.69893e-07 -9.94958e-07
 -1.6156e-07 -3.17565e-07 -4.66362e-07 -6.05956e-07  -7.3404e-07 -8.48019e-07  -9.4507e-07 -1.02221e-06 -1.07643e-06 -1.10481e-06
-1.77668e-07 -3.49991e-07 -5.15016e-07 -6.70392e-07  -8.1341e-07 -9.41025e-07 -1.04992e-06 -1.13659e-06 -1.19746e-06 -1.18695e-06
-1.95424e-07 -3.85654e-07 -5.68391e-07 -7.40876e-07 -8.99936e-07 -1.04201e-06  -1.1632e-06 -1.25937e-06 -1.23765e-06  -1.2313e-06
-2.14174e-07 -4.23177e-07 -6.24316e-07 -8.14372e-07 -9.89644e-07 -1.14596e-06 -1.27876e-06 -1.24556e-06 -1.23275e-06 -1.23094e-06
-2.32568e-07 -4.59841e-07 -6.78682e-07 -8.85352e-07 -1.07554e-06 -1.24436e-06 -1.20002e-06 -1.18098e-06 -1.17771e-06 -1.18043e-06
-2.49032e-07  -4.9242e-07  -7.2654e-07 -9.47065e-07 -1.14897e-06 -1.09473e-06 -1.07021e-06 -1.06595e-06 -1.07194e-06 -1.07875e-06
-2.61101e-07 -5.15957e-07 -7.60403e-07 -9.89435e-07  -9.2782e-07 -8.99293e-07 -8.94811e-07 -9.04443e-07 -9.18443e-07   -9.284e-07
-2.65188e-07 -5.23306e-07  -7.6958e-07 -7.04573e-07 -6.74393e-07 -6.70738e-07 -6.84168e-07 -7.05065e-07 -7.24718e-07 -7.36399e-07
-2.56933e-07 -5.05768e-07 -4.43358e-07 -4.15086e-07 -4.13798e-07 -4.30988e-07 -4.57691e-07 -4.85451e-07 -5.07326e-07 -5.18847e-07
-2.31025e-07 -1.79587e-07 -1.58337e-07 -1.61648e-07 -1.82467e-07 -2.13039e-07 -2.45806e-07  -2.7429e-07 -2.93972e-07 -3.03056e-07
 2.96834e-08  3.75847e-08  2.72635e-08  3.73669e-09 -2.71536e-08 -5.94995e-08 -8.81017e-08 -1.09234e-07 -1.21318e-07 -1.01748e-07
-1.07302e-08 -2.98562e-08  -5.4675e-08  -8.1685e-08 -1.07174e-07  -1.2787e-07  -1.4157e-07 -1.47709e-07 -1.33831e-07 -1.35493e-07
-2.90892e-08 -5.48203e-08 -7.58418e-08 -9.05783e-08 -9.77564e-08  -9.6927e-08 -8.89297e-08 -5.64153e-08 -6.54911e-08 -7.02016e-08
-2.50322e-08 -3.73825e-08 -3.74211e-08 -2.57815e-08 -3.80266e-09  2.61015e-08  1.23802e-07   1.0116e-07  8.67274e-08  7.99809e-08
-1.12949e-09  1.68895e-08  5.17061e-08  1.00316e-07   1.5873e-07  3.50702e-07  3.08772e-07  2.79559e-07  2.61776e-07  2.53803e-07
1.33281e-07 2.66511e-07 3.98153e-07 5.25942e-07 6.46698e-07 5.85085e-07  5.3681e-07 5.01715e-07  4.7924e-07  4.6853e-07
1.63014e-07 3.29786e-07 4.96584e-07 6.58823e-07 5.69861e-07 4.98534e-07 4.44099e-07 4.05454e-07 3.81242e-07 3.69941e-07
1.93868e-07 3.93425e-07 5.92817e-07  4.7391e-07 3.76737e-07 3.00115e-07 2.42528e-07  2.0223e-07 1.77331e-07 1.65871e-07
 2.25165e-07  4.55254e-07  3.07926e-07  1.85347e-07  8.61187e-08   8.5412e-09 -4.93091e-08  -8.9491e-08 -1.14137e-07 -1.25397e-07
 2.50506e-07  8.10145e-08 -6.25939e-08 -1.81631e-07 -2.77718e-07 -3.52673e-07 -4.08474e-07 -4.47178e-07 -4.70888e-07 -4.81706e-07
-1.78691e-07 -3.33058e-07 -4.64079e-07 -5.72974e-07 -6.61167e-07 -7.30238e-07 -7.81887e-07 -8.17886e-07 -8.40054e-07 -8.50223e-07
-1.56105e-07 -2.91268e-07 -4.06291e-07 -5.02181e-07 -5.80111e-07 -6.41391e-07 -6.87424e-07 -7.19678e-07 -7.39658e-07 -7.48885e-07
-1.36879e-07 -2.55741e-07 -3.57231e-07 -4.42164e-07 -5.11494e-07 -5.66285e-07 -6.07677e-07 -6.36866e-07 -6.55077e-07 -6.63555e-07
-1.21517e-07 -2.27371e-07 -3.18085e-07 -3.94319e-07 -4.56847e-07 -5.06532e-07 -5.44297e-07 -5.71111e-07 -5.87967e-07  -5.9588e-07
-1.05586e-07  -1.9812e-07 -2.77954e-07 -3.45545e-07 -4.01444e-07 -4.46267e-07 -4.80683e-07 -5.05389e-07  -5.2111e-07 -5.28587e-07
-8.97228e-08 -1.69135e-07 -2.38377e-07 -2.97676e-07 -3.47326e-07 -3.87673e-07 -4.19099e-07 -4.42008e-07 -4.56825e-07 -4.63996e-07
-7.78154e-08 -1.47442e-07 -2.08859e-07 -2.62108e-07 -3.07277e-07 -3.44492e-07 -3.73898e-07  -3.9566e-07 -4.09955e-07 -4.16984e-07
-7.16837e-08 -1.36334e-07 -1.93851e-07 -2.44177e-07 -2.87283e-07 -3.23159e-07 -3.51805e-07 -3.73231e-07 -3.87457e-07 -3.94526e-07
-6.99764e-08 -1.33363e-07 -1.90042e-07 -2.39913e-07 -2.82888e-07 -3.18884e-07 -3.47816e-07 -3.69601e-07 -3.84159e-07 -3.91439e-07
-7.18632e-08  -1.3703e-07 -1.95404e-07 -2.46887e-07 -2.91376e-07 -3.28755e-07 -3.58899e-07 -3.81671e-07  -3.9694e-07 -4.04597e-07
 -7.4985e-08  -1.4307e-07 -2.04174e-07 -2.58195e-07 -3.05009e-07 -3.44465e-07 -3.76388e-07 -4.00583e-07 -4.16856e-07 -4.25042e-07
-7.76754e-08 -1.48475e-07 -2.12293e-07 -2.68985e-07 -3.18364e-07 -3.60202e-07 -3.94232e-07  -4.2016e-07 -4.37689e-07 -4.46548e-07
-8.02906e-08   -1.539e-07 -2.20667e-07 -2.80364e-07  -3.3271e-07  -3.7736e-07 -4.13919e-07 -4.41954e-07 -4.61025e-07 -4.70721e-07
-8.25997e-08 -1.58944e-07 -2.28771e-07 -2.91734e-07 -3.47408e-07 -3.95289e-07 -4.34807e-07 -4.65343e-07 -4.86266e-07 -4.96976e-07
-8.56132e-08 -1.65454e-07 -2.39135e-07 -3.06164e-07 -3.65946e-07 -4.17787e-07 -4.60912e-07 -4.94485e-07 -5.17648e-07 -5.29582e-07
 -9.0565e-08 -1.75685e-07 -2.54847e-07 -3.27404e-07 -3.92583e-07 -4.49493e-07 -4.97139e-07 -5.34453e-07  -5.6034e-07 -5.73745e-07
-9.77101e-08 -1.90128e-07 -2.76609e-07 -3.56347e-07 -4.28385e-07 -4.91617e-07 -5.44819e-07 -5.86675e-07 -6.15835e-07 -6.30993e-07
-1.07093e-07 -2.08896e-07 -3.04624e-07   -3.933e-07 -4.73764e-07 -5.44684e-07 -6.04581e-07 -6.51869e-07 -6.84918e-07 -7.02147e-07
-1.18873e-07 -2.32314e-07 -3.39389e-07  -4.3893e-07 -5.29558e-07 -6.09687e-07 -6.77555e-07 -7.31279e-07 -7.68917e-07 -7.88583e-07
-1.33034e-07 -2.60402e-07 -3.80995e-07 -4.93433e-07 -5.96085e-07 -6.87075e-07 -7.64324e-07 -8.25605e-07 -8.68623e-07 -8.91139e-07
-1.49523e-07 -2.93113e-07 -4.29459e-07 -5.56929e-07 -6.73596e-07 -7.77246e-07 -8.65432e-07 -9.35525e-07 -9.84814e-07 -1.01065e-06
-1.68498e-07 -3.30713e-07 -4.85094e-07 -6.29719e-07 -7.62316e-07 -8.80286e-07 -9.80747e-07  -1.0606e-06 -1.11665e-06 -1.10379e-06
-1.88993e-07 -3.71337e-07 -5.45189e-07 -7.08278e-07 -8.57927e-07 -9.91071e-07 -1.10431e-06 -1.19398e-06  -1.1679e-06 -1.15895e-06
-2.09865e-07 -4.12728e-07 -6.06398e-07 -7.88182e-07 -9.54916e-07 -1.10297e-06 -1.22831e-06 -1.18946e-06 -1.17199e-06 -1.16747e-06
-2.30054e-07 -4.52705e-07 -6.65351e-07 -8.64807e-07 -1.04733e-06 -1.20861e-06 -1.15825e-06 -1.13332e-06 -1.12529e-06  -1.1253e-06
-2.47752e-07 -4.87629e-07 -7.16554e-07  -9.3077e-07 -1.12583e-06 -1.06614e-06 -1.03541e-06 -1.02527e-06 -1.02662e-06 -1.03082e-06
-2.60318e-07  -5.1223e-07 -7.52116e-07 -9.75535e-07 -9.09611e-07 -8.75328e-07 -8.64673e-07 -8.68648e-07  -8.7831e-07 -8.85883e-07
-2.67654e-07 -5.25697e-07 -7.69942e-07 -7.05209e-07 -6.72552e-07 -6.64757e-07 -6.73388e-07 -6.89727e-07 -7.05821e-07 -7.15531e-07
-2.67378e-07 -5.22923e-07 -4.73585e-07 -4.52876e-07 -4.54942e-07 -4.72516e-07  -4.9778e-07 -5.23309e-07 -5.43045e-07 -5.53234e-07
-2.50096e-07 -2.30873e-07 -2.33011e-07   -2.524e-07 -2.83452e-07 -3.19796e-07 -3.55161e-07 -3.84231e-07 -4.03506e-07 -4.12044e-07
-2.34366e-08 -5.70201e-08 -9.88087e-08 -1.45352e-07 -1.92307e-07 -2.35175e-07 -2.70062e-07 -2.94424e-07 -3.07725e-07 -3.11956e-07
-6.77268e-08 -1.32295e-07  -1.9251e-07 -2.46316e-07 -2.91366e-07  -3.2566e-07  -3.4816e-07 -3.59351e-07 -3.61673e-07 -3.64141e-07
-8.39025e-08 -1.54037e-07 -2.10324e-07 -2.52385e-07 -2.80057e-07 -2.93907e-07 -2.95688e-07 -2.88692e-07  -3.0057e-07 -3.06536e-07
-7.30946e-08 -1.24936e-07 -1.56849e-07 -1.70338e-07 -1.67523e-07  -1.5151e-07 -1.26657e-07 -1.54917e-07 -1.72869e-07 -1.81232e-07
-4.17119e-08 -5.74249e-08 -5.01415e-08  -2.3431e-08  1.82402e-08  6.93258e-08  1.84278e-08 -1.72752e-08 -3.91676e-08 -4.90568e-08
7.56988e-08 1.62629e-07  2.5792e-07 3.57987e-07 4.58377e-07 3.86307e-07 3.31019e-07 2.91669e-07 2.67018e-07 2.55545e-07
1.14715e-07 2.42154e-07 3.77587e-07 5.15468e-07 4.15337e-07 3.35989e-07 2.76162e-07 2.34235e-07 2.08335e-07 1.96436e-07
1.54867e-07  3.2218e-07 4.95428e-07 3.65796e-07  2.6052e-07 1.78059e-07 1.16526e-07 7.38093e-08 4.76525e-08 3.57363e-08
 1.96625e-07  4.02666e-07  2.46656e-07  1.17237e-07  1.28039e-08 -6.85585e-08 -1.28997e-07 -1.70793e-07 -1.96303e-07 -2.07891e-07
  2.3303e-07  5.84524e-08 -8.93478e-08 -2.11748e-07 -3.10449e-07 -3.87356e-07 -4.44535e-07 -4.84141e-07 -5.08367e-07 -5.19402e-07
-1.78753e-07 -3.33328e-07 -4.64647e-07 -5.73891e-07  -6.6245e-07 -7.31881e-07 -7.83859e-07  -8.2014e-07 -8.42522e-07 -8.52812e-07
-1.52013e-07 -2.83975e-07 -3.96564e-07 -4.90671e-07 -5.67367e-07  -6.2786e-07 -6.73457e-07 -7.05532e-07 -7.25494e-07 -7.34764e-07
-1.28363e-07 -2.40403e-07 -3.36563e-07 -4.17465e-07 -4.83877e-07 -5.36683e-07 -5.76845e-07 -6.05382e-07 -6.23342e-07 -6.31788e-07
-1.08731e-07 -2.04271e-07 -2.86866e-07 -3.56906e-07 -4.14901e-07 -4.61454e-07 -4.97232e-07 -5.22946e-07 -5.39332e-07 -5.47143e-07
-9.20011e-08 -1.73548e-07 -2.44705e-07 -3.05652e-07 -3.56664e-07 -3.98089e-07 -4.30325e-07 -4.53805e-07 -4.68982e-07 -4.76327e-07
-7.26897e-08 -1.38297e-07 -1.96615e-07 -2.47528e-07 -2.90993e-07 -3.27021e-07 -3.55661e-07 -3.76987e-07 -3.91087e-07 -3.98071e-07
-5.69164e-08 -1.09587e-07 -1.57571e-07 -2.00495e-07 -2.38038e-07 -2.69917e-07 -2.95873e-07 -3.15663e-07 -3.29057e-07 -3.35843e-07
-4.44167e-08 -8.69352e-08 -1.26914e-07 -1.63758e-07 -1.96903e-07 -2.25809e-07 -2.49946e-07 -2.68793e-07 -2.81837e-07 -2.88585e-07
-3.41544e-08 -6.84655e-08 -1.02105e-07 -1.34269e-07 -1.64169e-07  -1.9102e-07 -2.14041e-07 -2.32446e-07 -2.45458e-07 -2.52319e-07
-2.69375e-08 -5.56422e-08 -8.51292e-08 -1.14417e-07 -1.42522e-07 -1.68451e-07 -1.91197e-07 -2.09746e-07 -2.23085e-07 -2.30222e-07
-2.37132e-08 -5.01845e-08 -7.83215e-08 -1.07015e-07 -1.35135e-07 -1.61527e-07 -1.85012e-07 -2.04392e-07 -2.18466e-07 -2.26059e-07
-2.25791e-08 -4.86577e-08  -7.7046e-08 -1.06516e-07 -1.35803e-07 -1.63599e-07 -1.88558e-07 -2.09309e-07 -2.24472e-07 -2.32693e-07
-2.11669e-08 -4.67863e-08 -7.55318e-08 -1.06018e-07 -1.36803e-07 -1.66385e-07 -1.93212e-07 -2.15693e-07 -2.32226e-07 -2.41236e-07
 -1.8561e-08 -4.29274e-08  -7.1577e-08 -1.02906e-07 -1.35235e-07 -1.66804e-07 -1.95789e-07 -2.20316e-07 -2.38495e-07 -2.48465e-07
-1.57205e-08  -3.8836e-08 -6.75848e-08   -1.001e-07 -1.34417e-07  -1.6847e-07 -2.00113e-07 -2.27139e-07 -2.47317e-07 -2.58448e-07
-1.46284e-08 -3.81236e-08 -6.84772e-08 -1.03549e-07 -1.41077e-07 -1.78678e-07 -2.13865e-07  -2.4408e-07 -2.66734e-07 -2.79272e-07
-1.68353e-08 -4.36247e-08 -7.81314e-08 -1.17958e-07 -1.60558e-07 -2.03238e-07 -2.43185e-07 -2.77491e-07 -3.03215e-07 -3.17454e-07
-2.23683e-08 -5.54208e-08 -9.67054e-08 -1.43578e-07 -1.93212e-07 -2.42612e-07 -2.88631e-07 -3.28017e-07 -3.57473e-07 -3.73743e-07
-3.13108e-08 -7.37018e-08 -1.24513e-07 -1.80857e-07  -2.3963e-07 -2.97524e-07 -3.51057e-07  -3.9662e-07 -4.30549e-07 -4.49226e-07
-4.31558e-08 -9.75955e-08 -1.60441e-07 -2.28544e-07 -2.98504e-07 -3.66678e-07 -4.29218e-07 -4.82128e-07 -5.21343e-07 -5.42847e-07
-5.75851e-08 -1.26579e-07 -2.03859e-07 -2.85983e-07 -3.69215e-07 -4.49533e-07  -5.2268e-07 -5.84216e-07 -6.29619e-07 -6.54417e-07
-7.49015e-08 -1.61177e-07  -2.5543e-07 -3.53896e-07 -4.52462e-07 -5.46686e-07 -6.31844e-07 -7.02996e-07 -7.55091e-07 -7.40575e-07
-9.40166e-08 -1.99302e-07 -3.12144e-07 -4.28399e-07 -5.43521e-07 -6.52574e-07  -7.5029e-07 -8.31128e-07 -7.97944e-07   -7.873e-07
-1.14337e-07 -2.39696e-07 -3.72003e-07 -5.06683e-07 -6.38691e-07  -7.6252e-07 -8.72248e-07 -8.17012e-07 -7.92368e-07 -7.86126e-07
-1.37304e-07   -2.847e-07 -4.37759e-07 -5.91471e-07 -7.40264e-07 -8.78006e-07  -7.9914e-07 -7.58288e-07  -7.4328e-07 -7.41609e-07
-1.61825e-07 -3.31971e-07 -5.05671e-07 -6.77477e-07 -8.41259e-07 -7.40165e-07 -6.83064e-07 -6.58177e-07 -6.53058e-07 -6.55695e-07
-1.86183e-07 -3.77909e-07 -5.70105e-07 -7.56874e-07 -6.39558e-07 -5.69699e-07 -5.36367e-07  -5.2766e-07 -5.31742e-07 -5.37959e-07
-2.05471e-07 -4.12996e-07 -6.17176e-07 -4.93933e-07  -4.1839e-07  -3.8089e-07 -3.70567e-07 -3.76285e-07 -3.87685e-07 -3.96237e-07
 -2.1048e-07 -4.19769e-07 -3.00515e-07 -2.26354e-07 -1.89203e-07 -1.79571e-07 -1.87433e-07 -2.03169e-07 -2.18543e-07  -2.2763e-07
-1.92937e-07 -8.45926e-08  -1.6353e-08  1.81282e-08    2.667e-08  1.78558e-08  1.60112e-10 -1.89126e-08 -3.36855e-08 -4.10517e-08
9.00918e-08 1.48485e-07 1.79419e-07 1.88631e-07 1.82739e-07 1.68502e-07 1.52064e-07 1.38206e-07  1.2969e-07 1.26742e-07
 4.9772e-08  8.0496e-08 9.57183e-08 9.98372e-08 9.75277e-08 9.31062e-08 8.99137e-08 8.97601e-08 9.24932e-08 9.05536e-08
3.62378e-08 6.36285e-08 8.46318e-08 1.01994e-07 1.18232e-07 1.35123e-07 1.53246e-07 1.71636e-07  1.6211e-07 1.56753e-07
5.04927e-08 9.90464e-08 1.46761e-07 1.94542e-07 2.42667e-07 2.90421e-07 3.35823e-07 3.13145e-07 2.97743e-07 2.90064e-07
8.77033e-08 1.77158e-07  2.6788e-07 3.58804e-07 4.47958e-07 5.32279e-07 4.91886e-07 4.62213e-07 4.43102e-07 4.33979e-07
9.63894e-08  2.0021e-07 3.09121e-07  4.2005e-07 5.28984e-07 4.60791e-07  4.0805e-07 3.70222e-07 3.46342e-07 3.35142e-07
1.53168e-07 3.12773e-07 4.74733e-07 6.34099e-07 5.40317e-07 4.65381e-07 4.08401e-07 3.68112e-07 3.42985e-07 3.31317e-07
2.13058e-07 4.29258e-07 6.42889e-07 5.24327e-07 4.27157e-07 3.50312e-07 2.92374e-07 2.51687e-07 2.26445e-07 2.14771e-07
 2.68256e-07  5.34557e-07   3.9522e-07  2.78537e-07  1.83439e-07  1.08543e-07  5.22325e-08  1.27522e-08 -1.17306e-08 -2.30625e-08
  3.1027e-07  1.57833e-07  2.75072e-08 -8.15324e-08 -1.70432e-07 -2.40545e-07 -2.93389e-07 -3.30565e-07  -3.5372e-07 -3.64493e-07
-1.51648e-07 -2.84283e-07  -3.9828e-07 -4.94273e-07 -5.73107e-07 -6.35794e-07 -6.83466e-07 -7.17335e-07 -7.38652e-07 -7.48683e-07
-1.25236e-07  -2.3552e-07  -3.3099e-07    -4.12e-07 -4.79082e-07 -5.32906e-07 -5.74242e-07 -6.03927e-07 -6.22833e-07 -6.31844e-07
-1.02338e-07 -1.93305e-07 -2.72823e-07  -3.4099e-07 -3.98051e-07 -4.44369e-07 -4.80384e-07 -5.06593e-07 -5.23524e-07 -5.31716e-07
-8.07686e-08 -1.53666e-07 -2.18375e-07 -2.74726e-07 -3.22667e-07 -3.62242e-07 -3.93557e-07 -4.16764e-07  -4.3204e-07 -4.39576e-07
-6.08872e-08 -1.17236e-07 -1.68486e-07 -2.14194e-07 -2.54013e-07 -2.87666e-07 -3.14931e-07 -3.35617e-07 -3.49554e-07 -3.56589e-07
-4.43536e-08 -8.70108e-08 -1.27197e-07 -1.64228e-07 -1.97495e-07 -2.26442e-07 -2.50551e-07 -2.69328e-07 -2.82296e-07 -2.88998e-07
-3.12035e-08 -6.30469e-08 -9.45748e-08 -1.24899e-07 -1.53185e-07 -1.78634e-07 -2.00475e-07 -2.17949e-07 -2.30313e-07 -2.36842e-07
-2.07294e-08 -4.40602e-08 -6.88772e-08 -9.41104e-08 -1.18724e-07 -1.41703e-07 -1.62045e-07 -1.78755e-07 -1.90848e-07 -1.97358e-07
-1.21413e-08 -2.86194e-08 -4.81661e-08  -6.9537e-08 -9.15037e-08 -1.12843e-07 -1.32333e-07  -1.4875e-07 -1.60877e-07 -1.67515e-07
-4.85411e-09 -1.56676e-08 -3.10145e-08 -4.94722e-08 -6.96162e-08  -9.0012e-08 -1.09214e-07 -1.25765e-07 -1.38213e-07 -1.45125e-07
 1.61227e-09 -4.34067e-09 -1.62606e-08 -3.25324e-08 -5.15215e-08 -7.15673e-08 -9.09853e-08 -1.08073e-07 -1.21124e-07 -1.28458e-07
 7.06729e-09  5.00816e-09 -4.39542e-09 -1.93241e-08 -3.79208e-08 -5.82862e-08  -7.8484e-08 -9.65503e-08 -1.10514e-07 -1.18432e-07
  1.1509e-08  1.23645e-08  4.54517e-09 -9.91164e-09 -2.89117e-08 -5.03017e-08 -7.18773e-08 -9.13966e-08 -1.06606e-07  -1.1528e-07
 1.44271e-08    1.679e-08  9.26933e-09 -5.87338e-09 -2.62994e-08 -4.95926e-08 -7.32706e-08 -9.48026e-08 -1.11641e-07  -1.2127e-07
 1.55182e-08  1.77172e-08  8.98164e-09 -8.19899e-09 -3.12361e-08 -5.74435e-08 -8.40526e-08 -1.08234e-07 -1.27135e-07 -1.37938e-07
 1.51561e-08  1.58001e-08  4.53406e-09 -1.59088e-08 -4.26723e-08 -7.27806e-08 -1.03157e-07 -1.30649e-07 -1.52078e-07 -1.64299e-07
 1.01446e-08  5.22679e-09 -1.19796e-08 -3.85406e-08 -7.13731e-08 -1.07249e-07 -1.42818e-07 -1.74642e-07 -1.99243e-07 -2.13187e-07
 8.32967e-10 -1.34035e-08 -3.97963e-08 -7.52407e-08 -1.16452e-07 -1.59974e-07 -2.02204e-07 -2.39432e-07 -2.67904e-07 -2.83911e-07
-1.10761e-08 -3.70472e-08  -7.4853e-08 -1.21205e-07 -1.72602e-07 -2.25338e-07 -2.75535e-07 -3.19188e-07 -3.52238e-07 -3.70672e-07
-2.48049e-08 -6.43418e-08 -1.15371e-07 -1.74385e-07 -2.37622e-07 -3.01082e-07 -3.60561e-07 -4.11707e-07   -4.501e-07  -4.7137e-07
-4.11216e-08  -9.6731e-08 -1.63383e-07 -2.37316e-07 -3.14474e-07 -3.90518e-07 -4.60874e-07 -5.20788e-07 -5.65423e-07 -5.89994e-07
-5.98464e-08 -1.33865e-07 -2.18371e-07 -3.09306e-07  -4.0227e-07 -4.92535e-07 -5.75092e-07 -6.44717e-07 -6.96076e-07 -6.81575e-07
-8.07889e-08 -1.75284e-07  -2.7952e-07 -3.89103e-07 -4.99239e-07 -6.04746e-07 -7.00108e-07 -7.79544e-07 -7.45982e-07  -7.3538e-07
-1.03453e-07 -2.19902e-07 -3.45069e-07 -4.74182e-07 -6.01995e-07 -7.22807e-07 -8.30502e-07   -7.744e-07 -7.49544e-07 -7.43371e-07
-1.26463e-07  -2.6496e-07 -4.10866e-07 -5.58975e-07 -7.03524e-07  -8.3819e-07 -7.57411e-07 -7.15661e-07 -7.00401e-07 -6.98771e-07
-1.50346e-07 -3.11049e-07 -4.77136e-07 -6.42959e-07 -8.02185e-07  -6.9743e-07 -6.38154e-07 -6.12184e-07 -6.06696e-07 -6.09318e-07
-1.71113e-07 -3.50453e-07 -5.32674e-07 -7.11614e-07  -5.8612e-07 -5.10729e-07 -4.73972e-07 -4.63429e-07 -4.66764e-07  -4.7284e-07
-1.85516e-07 -3.76656e-07 -5.67658e-07 -4.28224e-07 -3.40898e-07 -2.95292e-07 -2.79831e-07 -2.82689e-07 -2.92835e-07 -3.01082e-07
-1.90875e-07  -3.8401e-07 -2.43855e-07 -1.53754e-07 -1.04916e-07 -8.71609e-08 -8.97966e-08 -1.02551e-07 -1.16556e-07 -1.25265e-07
-1.78969e-07 -5.32135e-08  2.87861e-08  7.38479e-08  9.02436e-08  8.69889e-08  7.29714e-08  5.60911e-08  4.24067e-08  3.53987e-08
1.00644e-07 1.67672e-07 2.05563e-07 2.20275e-07 2.18625e-07 2.07553e-07 1.93365e-07 1.80988e-07 1.73323e-07 1.70731e-07
5.12039e-08 8.33112e-08 9.98905e-08 1.05342e-07 1.04323e-07 1.01112e-07 9.89972e-08  9.9726e-08 1.03078e-07 1.01034e-07
3.19226e-08 5.61634e-08 7.50526e-08 9.11868e-08 1.06914e-07 1.23826e-07 1.42304e-07  1.6118e-07 1.51418e-07 1.46008e-07
 3.9722e-08 7.99896e-08 1.21609e-07 1.65173e-07 2.10629e-07 2.56917e-07 3.01706e-07 2.78423e-07 2.62808e-07 2.55114e-07
6.83787e-08 1.42668e-07 2.21889e-07 3.04466e-07 3.87898e-07 4.68589e-07 4.26617e-07 3.96172e-07 3.76809e-07 3.67687e-07
5.90931e-08 1.32734e-07 2.17822e-07 3.10521e-07 4.06064e-07 3.32509e-07 2.76214e-07 2.36272e-07 2.11353e-07  1.9982e-07
1.09168e-07 2.33137e-07 3.66937e-07 5.04728e-07 4.02114e-07 3.20898e-07  2.5976e-07 2.17004e-07 1.90669e-07 1.78617e-07
1.64627e-07 3.41584e-07 5.24188e-07 3.92628e-07 2.85739e-07 2.01982e-07 1.39467e-07 9.60646e-08 6.94942e-08 5.73975e-08
 2.18943e-07  4.45281e-07  2.88803e-07  1.58807e-07   5.3743e-08 -2.82485e-08 -8.92642e-08 -1.31542e-07 -1.57399e-07  -1.6917e-07
 2.62496e-07  8.91008e-08 -5.79911e-08 -1.80068e-07 -2.78739e-07 -3.55822e-07 -4.13299e-07 -4.53239e-07 -4.77759e-07 -4.88973e-07
-1.76368e-07 -3.29238e-07 -4.59433e-07 -5.68033e-07 -6.56327e-07 -7.25772e-07 -7.77945e-07 -8.14505e-07 -8.37158e-07 -8.47624e-07
-1.48142e-07  -2.7719e-07 -3.87694e-07 -4.80417e-07 -5.56299e-07  -6.1642e-07  -6.6196e-07 -6.94168e-07 -7.14332e-07 -7.23758e-07
-1.23881e-07 -2.32508e-07 -3.26183e-07 -4.05389e-07 -4.70753e-07 -5.23018e-07  -5.6301e-07 -5.91612e-07  -6.0974e-07  -6.1833e-07
-1.04707e-07 -1.97199e-07 -2.77592e-07 -3.46146e-07 -4.03241e-07 -4.49351e-07 -4.85015e-07 -5.10821e-07 -5.27382e-07 -5.35335e-07
 -9.0354e-08 -1.70771e-07 -2.41235e-07 -3.01844e-07 -3.52793e-07  -3.9435e-07 -4.26835e-07 -4.50604e-07 -4.66039e-07 -4.73542e-07
-7.99321e-08 -1.51602e-07 -2.14903e-07 -2.69817e-07 -3.16399e-07  -3.5476e-07  -3.8505e-07 -4.07446e-07 -4.22146e-07 -4.29369e-07
-7.18805e-08  -1.3686e-07 -1.94754e-07 -2.45442e-07 -2.88859e-07 -3.24978e-07 -3.53795e-07  -3.7533e-07 -3.89616e-07  -3.9671e-07
-6.56853e-08  -1.2561e-07 -1.79517e-07 -2.27191e-07 -2.68454e-07 -3.03147e-07 -3.31128e-07 -3.52263e-07 -3.66432e-07 -3.73541e-07
 -6.0695e-08 -1.16672e-07 -1.67594e-07 -2.13146e-07  -2.5303e-07 -2.86955e-07 -3.14631e-07 -3.35772e-07   -3.501e-07 -3.57362e-07
-5.63351e-08 -1.09008e-07 -1.57583e-07 -2.01629e-07 -2.40712e-07 -2.74391e-07 -3.02215e-07 -3.23724e-07 -3.38468e-07 -3.46021e-07
-5.33273e-08 -1.03928e-07 -1.51265e-07 -1.94788e-07 -2.33924e-07 -2.68078e-07 -2.96632e-07 -3.18954e-07 -3.34414e-07 -3.42408e-07
-5.22675e-08 -1.02518e-07 -1.50123e-07 -1.94418e-07 -2.34698e-07 -2.70222e-07 -3.00213e-07 -3.23868e-07 -3.40384e-07 -3.48989e-07
-5.28987e-08 -1.04325e-07 -1.53558e-07 -1.99821e-07 -2.42278e-07 -2.80039e-07 -3.12164e-07  -3.3768e-07 -3.55608e-07 -3.64999e-07
 -5.5197e-08 -1.09319e-07 -1.61552e-07 -2.11003e-07 -2.56702e-07 -2.97604e-07 -3.32602e-07 -3.60545e-07 -3.80268e-07 -3.90641e-07
-5.90537e-08 -1.17322e-07  -1.7389e-07  -2.2774e-07 -2.77758e-07 -3.22735e-07 -3.61382e-07 -3.92354e-07 -4.14287e-07 -4.25857e-07
 -6.4652e-08 -1.28686e-07 -1.91081e-07 -2.50687e-07 -3.06233e-07 -3.56331e-07 -3.99496e-07 -4.34175e-07 -4.58787e-07 -4.71794e-07
-7.18895e-08 -1.43254e-07 -2.12952e-07 -2.79683e-07 -3.42003e-07 -3.98323e-07  -4.4694e-07 -4.86062e-07  -5.1387e-07 -5.28585e-07
-7.99351e-08 -1.59553e-07 -2.37555e-07 -3.12453e-07 -3.82583e-07 -4.46115e-07 -5.01075e-07 -5.45388e-07 -5.76938e-07  -5.9366e-07
-8.94553e-08 -1.78826e-07 -2.66628e-07 -3.51152e-07 -4.30478e-07  -5.0249e-07 -5.64903e-07 -6.15308e-07 -6.51251e-07 -6.70326e-07
-1.01369e-07 -2.02782e-07 -3.02549e-07 -3.98714e-07 -4.89077e-07 -5.71201e-07 -6.42451e-07 -7.00051e-07  -7.4116e-07 -7.62995e-07
-1.15907e-07  -2.3189e-07 -3.46029e-07 -4.56092e-07 -5.59561e-07 -6.53641e-07 -7.35305e-07 -8.01355e-07 -8.48516e-07 -8.73566e-07
 -1.3306e-07 -2.66107e-07 -3.96964e-07 -5.23087e-07 -6.41598e-07 -7.49295e-07 -8.42706e-07 -9.18148e-07 -9.71835e-07 -9.58793e-07
-1.52024e-07 -3.03864e-07  -4.5304e-07  -5.9665e-07 -7.31397e-07 -8.53608e-07 -9.59285e-07 -1.04417e-06  -1.0163e-06 -1.00703e-06
-1.71576e-07 -3.42761e-07 -5.10719e-07 -6.72122e-07 -8.23186e-07 -9.59674e-07 -1.07695e-06 -1.03319e-06 -1.01361e-06 -1.00862e-06
-1.90173e-07 -3.79739e-07 -5.65441e-07 -7.43455e-07 -9.09412e-07 -1.05839e-06 -9.98331e-07  -9.6793e-07  -9.5745e-07 -9.56827e-07
-2.08638e-07  -4.1592e-07  -6.1816e-07 -8.11002e-07 -9.89426e-07 -9.14696e-07 -8.74225e-07 -8.58459e-07 -8.57189e-07  -8.6064e-07
-2.31323e-07 -4.58695e-07 -6.78119e-07 -8.84792e-07 -8.04497e-07 -7.59987e-07 -7.42518e-07 -7.42396e-07 -7.50003e-07 -7.56893e-07
-2.47603e-07   -4.882e-07 -7.17438e-07 -6.42229e-07 -6.01499e-07 -5.87688e-07 -5.92053e-07   -6.056e-07 -6.20111e-07 -6.29178e-07
 -2.4694e-07 -4.84568e-07 -4.21772e-07 -3.90257e-07 -3.83833e-07 -3.94938e-07 -4.15502e-07 -4.37867e-07 -4.55751e-07 -4.65158e-07
-2.24364e-07 -1.80738e-07  -1.6297e-07 -1.66427e-07 -1.85045e-07 -2.12024e-07 -2.40694e-07 -2.65359e-07 -2.82133e-07  -2.8966e-07
 1.92529e-08  2.09786e-08  7.90876e-09 -1.57713e-08 -4.50333e-08 -7.47374e-08 -1.00373e-07 -1.18787e-07  -1.2882e-07 -1.31792e-07
-1.37537e-08 -3.36992e-08 -5.76828e-08 -8.27409e-08 -1.05668e-07 -1.23641e-07 -1.34818e-07 -1.38874e-07 -1.37407e-07 -1.40365e-07
-2.52747e-08 -4.68699e-08 -6.37101e-08 -7.44716e-08 -7.80893e-08  -7.4254e-08  -6.3851e-08 -4.92823e-08 -6.15662e-08 -6.79473e-08
-2.17356e-08 -3.08251e-08 -2.77971e-08 -1.34054e-08  1.09436e-08  4.28465e-08  7.86514e-08  5.02405e-08  3.18306e-08  2.30538e-08
-2.23451e-09  1.52189e-08  4.98689e-08  9.86203e-08  1.57457e-07  2.21282e-07  1.70146e-07  1.33896e-07  1.11384e-07  1.01053e-07
3.10614e-08 8.44426e-08 1.55953e-07 2.40615e-07 3.32494e-07  2.4939e-07 1.86397e-07 1.42144e-07 1.14833e-07 1.02349e-07
 9.1097e-08 2.03125e-07 3.30126e-07 4.65242e-07 3.50891e-07 2.60877e-07   1.935e-07  1.4668e-07 1.18056e-07 1.05077e-07
1.61088e-07 3.38093e-07  5.2355e-07 3.79763e-07 2.63192e-07 1.72056e-07 1.04209e-07 5.72565e-08 2.86335e-08 1.56765e-08
 2.31132e-07  4.70462e-07  3.03268e-07  1.64337e-07  5.20246e-08 -3.56393e-08 -1.00871e-07 -1.46046e-07  -1.7364e-07 -1.86172e-07
 2.90199e-07   1.0983e-07 -4.35003e-08 -1.71038e-07 -2.74361e-07 -3.55263e-07 -4.15719e-07 -4.57809e-07 -4.83686e-07  -4.9553e-07
-1.78127e-07 -3.33099e-07 -4.65594e-07  -5.7655e-07 -6.67123e-07 -7.38648e-07 -7.92598e-07 -8.30548e-07 -8.54143e-07 -8.65078e-07
-1.45875e-07 -2.73624e-07 -3.83596e-07 -4.76363e-07 -5.52681e-07 -6.13461e-07 -6.59732e-07 -6.92612e-07 -7.13287e-07 -7.22989e-07
-1.18529e-07 -2.23193e-07 -3.14067e-07 -3.91413e-07 -4.55648e-07 -5.07321e-07 -5.47086e-07 -5.75673e-07 -5.93875e-07 -6.02534e-07
-9.41636e-08 -1.78301e-07 -2.52232e-07  -3.1593e-07 -3.69502e-07 -4.13169e-07 -4.47238e-07 -4.72087e-07 -4.88154e-07 -4.95921e-07
-7.21267e-08 -1.37749e-07 -1.96441e-07 -2.47905e-07 -2.91958e-07  -3.2851e-07 -3.57549e-07 -3.79123e-07 -3.93337e-07 -4.00342e-07
-5.25328e-08 -1.01728e-07 -1.46933e-07 -1.87602e-07 -2.23284e-07 -2.53606e-07 -2.78264e-07 -2.97007e-07 -3.09634e-07 -3.15995e-07
-3.63485e-08 -7.19757e-08 -1.06044e-07 -1.37802e-07 -1.66579e-07 -1.91768e-07  -2.1282e-07 -2.29237e-07 -2.40564e-07 -2.46399e-07
 -2.2767e-08 -4.70212e-08 -7.17677e-08 -9.60824e-08 -1.19105e-07 -1.40031e-07 -1.58102e-07 -1.72605e-07 -1.82872e-07 -1.88283e-07
-1.03344e-08 -2.42244e-08 -4.05203e-08 -5.81282e-08 -7.60055e-08 -9.31539e-08 -1.08616e-07 -1.21473e-07 -1.30848e-07 -1.35916e-07
 1.49205e-09 -2.59622e-09 -1.09536e-08 -2.23113e-08 -3.54405e-08 -4.91473e-08 -6.22717e-08 -7.36881e-08 -8.23109e-08 -8.71054e-08
 1.33104e-08  1.89509e-08  1.84111e-08  1.31504e-08  4.59849e-09 -5.84147e-09 -1.67938e-08 -2.69131e-08 -3.48917e-08 -3.94734e-08
2.49539e-08 4.01187e-08 4.71747e-08 4.77831e-08 4.35851e-08 3.62027e-08 2.72368e-08 1.82619e-08 1.08165e-08 6.38754e-09
3.60443e-08 6.02247e-08 7.44161e-08 8.04846e-08 8.02847e-08 7.56597e-08 6.84371e-08  6.0422e-08 5.33855e-08 4.90466e-08
4.67245e-08 7.95284e-08 1.00487e-07 1.11677e-07 1.15172e-07  1.1304e-07  1.0734e-07 1.00112e-07 9.33655e-08 8.90547e-08
5.69131e-08 9.78821e-08 1.25187e-07 1.41119e-07 1.47971e-07 1.48044e-07 1.43629e-07 1.37006e-07 1.30424e-07 1.26077e-07
6.25186e-08 1.07878e-07 1.38486e-07 1.56768e-07 1.65164e-07 1.66122e-07 1.62093e-07 1.55517e-07 1.48804e-07 1.44313e-07
6.35697e-08 1.09566e-07 1.40445e-07 1.58693e-07 1.66815e-07 1.67337e-07 1.62788e-07 1.55693e-07  1.4855e-07 1.43803e-07
6.17834e-08 1.06048e-07 1.35257e-07 1.51915e-07 1.58553e-07  1.5773e-07 1.52015e-07 1.43977e-07 1.36161e-07 1.31057e-07
5.93187e-08 1.01225e-07 1.28195e-07  1.4275e-07 1.47451e-07 1.44894e-07 1.37693e-07 1.28466e-07 1.19807e-07 1.14258e-07
5.64066e-08 9.55094e-08 1.19801e-07 1.31834e-07 1.34206e-07 1.29561e-07 1.20567e-07 1.09902e-07 1.00223e-07 9.41367e-08
 5.2323e-08 8.75794e-08 1.08276e-07 1.16988e-07 1.16351e-07 1.09052e-07  9.7812e-08  8.5369e-08 7.44464e-08  6.7713e-08
4.70134e-08 7.73646e-08 9.35662e-08 9.82128e-08 9.39696e-08  8.3564e-08 6.97678e-08 5.53788e-08 4.31882e-08 6.38967e-08
4.09395e-08 6.57655e-08 7.69941e-08 7.72367e-08 6.91878e-08 5.56167e-08 3.93516e-08 2.32606e-08 6.78404e-08 8.55464e-08
3.32906e-08 5.14009e-08  5.6824e-08 5.21625e-08  4.0117e-08 2.34807e-08 5.12619e-09 7.35978e-08 1.10251e-07 1.23542e-07
 2.38002e-08  3.39014e-08  3.27305e-08  2.28401e-08  6.90148e-09 -1.22957e-08  7.56975e-08  1.28678e-07  1.54292e-07   1.6183e-07
 1.51675e-08  1.82985e-08  1.17494e-08 -1.97559e-09 -2.02245e-08  7.80487e-08  1.40127e-07  1.72816e-07  1.84576e-07  1.85145e-07
 9.01231e-09  7.66086e-09 -1.75385e-09 -1.67535e-08  7.78923e-08  1.37425e-07   1.6779e-07  1.76597e-07  1.72743e-07  1.66035e-07
 6.36904e-09  3.99621e-09 -4.85348e-09  6.72586e-08  1.07903e-07  1.22153e-07  1.16728e-07  9.96457e-08  7.98434e-08  6.60422e-08
 8.62266e-09  9.95984e-09  3.52957e-08  3.55937e-08   1.5047e-08 -2.05399e-08 -6.40766e-08  -1.0754e-07 -1.43101e-07 -1.63823e-07
 1.74312e-08 -3.33198e-08 -9.98294e-08 -1.78762e-07 -2.65238e-07  -3.5312e-07 -4.35339e-07 -5.05001e-07 -5.56072e-07 -5.83534e-07
-1.60417e-07 -3.24527e-07 -4.89816e-07 -6.52319e-07 -8.06868e-07 -9.47374e-07 -1.06791e-06 -1.16336e-06  -1.2296e-06 -1.26361e-06
-2.67974e-07 -5.26313e-07 -7.71767e-07 -9.99924e-07 -1.20545e-06 -1.38313e-06 -1.52852e-06 -1.63808e-06 -1.70932e-06   -0.0984138
 -3.3825e-07 -6.56444e-07 -9.50654e-07 -1.21599e-06 -1.44761e-06  -1.6414e-06 -1.79403e-06 -1.90316e-06    -0.098414    -0.196826
-3.69228e-07 -7.11117e-07 -1.02106e-06 -1.29438e-06 -1.52704e-06 -1.71568e-06 -1.85781e-06    -0.098414    -0.196826    -0.295238
-3.56434e-07 -6.82116e-07 -9.72445e-07 -1.22324e-06 -1.43091e-06 -1.59258e-06   -0.0984138    -0.196826    -0.295238     -0.39365
6.29412e-08 2.26336e-07 3.83625e-07 5.34882e-07 6.80124e-07  -0.0956265   -0.191254   -0.286881   -0.382508   -0.478135
1.53864e-07   4.061e-07 6.46796e-07 8.75911e-07  -0.0956202   -0.191241   -0.286862   -0.382483   -0.478105   -0.573726
2.65292e-07 6.25149e-07 9.66267e-07  -0.0955885   -0.191178   -0.286767   -0.382357   -0.477946   -0.573536   -0.669125
 3.9894e-07 8.86535e-07  -0.0955412   -0.191083   -0.286625   -0.382168    -0.47771   -0.573252   -0.668794   -0.764336
5.57281e-07    -0.09544   -0.190881   -0.286321   -0.381762   -0.477202   -0.572643   -0.668084   -0.763524   -0.858965
5.62814e-07  -0.0952527   -0.190506   -0.285759   -0.381013   -0.476266   -0.571519   -0.666773   -0.762026   -0.857279
5.67314e-07  -0.0951085   -0.190217   -0.285327   -0.380436   -0.475545   -0.570654   -0.665763   -0.760872   -0.855981
5.68239e-07  -0.0949821   -0.189965   -0.284948    -0.37993   -0.474913   -0.569896   -0.664879   -0.759861   -0.854844
5.67281e-07  -0.0949301   -0.189861   -0.284791   -0.379722   -0.474653   -0.569583   -0.664514   -0.759445   -0.854376
5.67791e-07  -0.0948051   -0.189611   -0.284416   -0.379222   -0.474028   -0.568834   -0.663639   -0.758445   -0.853251
5.70534e-07  -0.0945859   -0.189172   -0.283759   -0.378346   -0.472932   -0.567519   -0.662105   -0.756692   -0.851279
5.75584e-07  -0.0943728   -0.188746    -0.28312   -0.377493   -0.471867    -0.56624   -0.660613   -0.754987   -0.849361
5.82426e-07  -0.0942398    -0.18848   -0.282721   -0.376961   -0.471201   -0.565442   -0.659682   -0.753923   -0.848163
5.89946e-07  -0.0941927   -0.188386   -0.282579   -0.376773   -0.470966   -0.565159   -0.659353   -0.753546    -0.84774
5.96688e-07  -0.0941918   -0.188384   -0.282577   -0.376769   -0.470962   -0.565154   -0.659347   -0.753539   -0.847732
6.01321e-07  -0.0941875   -0.188376   -0.282564   -0.376752    -0.47094   -0.565128   -0.659316   -0.753505   -0.847693
6.03118e-07  -0.0941499   -0.188301   -0.282451   -0.376602   -0.470752   -0.564903   -0.659054   -0.753204   -0.847355
6.03008e-07  -0.0940897    -0.18818    -0.28227   -0.376361   -0.470451   -0.564542   -0.658632   -0.752723   -0.846813
6.01715e-07  -0.0940346    -0.18807   -0.282105    -0.37614   -0.470176   -0.564211   -0.658246   -0.752282   -0.846317
5.99915e-07  -0.0940087   -0.188018   -0.282027   -0.376037   -0.470046   -0.564055   -0.658065   -0.752074   -0.846084
5.98231e-07   -0.094017   -0.188035   -0.282052    -0.37607   -0.470087   -0.564105   -0.658123    -0.75214   -0.846158
5.96941e-07    -0.09404   -0.188081   -0.282121   -0.376162   -0.470203   -0.564243   -0.658284   -0.752325   -0.846366
5.95835e-07  -0.0940581   -0.188117   -0.282176   -0.376234   -0.470293   -0.564352   -0.658411    -0.75247   -0.846529
5.95562e-07   -0.094063   -0.188127    -0.28219   -0.376254   -0.470317   -0.564381   -0.658445   -0.752509   -0.846572
5.96514e-07  -0.0940637   -0.188128   -0.282192   -0.376257   -0.470321   -0.564386    -0.65845   -0.752514   -0.846579
5.9907e-07 -0.0940701  -0.188141  -0.282212  -0.376282  -0.470353  -0.564424  -0.658495  -0.752566  -0.846637
5.98781e-07  -0.0940689   -0.188138   -0.282208   -0.376277   -0.470347   -0.564416   -0.658486   -0.752556   -0.752555
5.93986e-07  -0.0940817   -0.188164   -0.282246   -0.376329   -0.470411   -0.564494   -0.658576   -0.658576   -0.658576
5.8286e-07 -0.0940806  -0.188162  -0.282243  -0.376324  -0.470405  -0.564487  -0.564487  -0.564486  -0.564486
5.64389e-07  -0.0941087   -0.188218   -0.282327   -0.376437   -0.470546   -0.470546   -0.470546   -0.470546   -0.470546
5.36682e-07  -0.0942527   -0.188506   -0.282759   -0.377012   -0.377012   -0.377012   -0.377012   -0.377012   -0.377012
4.97715e-07  -0.0942579   -0.188516   -0.282775   -0.282775   -0.282774   -0.282774   -0.282774   -0.282774   -0.282774
4.48085e-07  -0.0942179   -0.188436   -0.188436   -0.188436   -0.188436   -0.188436   -0.188436   -0.188436   -0.188436
3.86559e-07  -0.0942664  -0.0942664  -0.0942665  -0.0942666  -0.0942667  -0.0942668  -0.0942669  -0.0942669  -0.0942669
 3.12761e-07  9.79602e-09 -2.75739e-07  -5.3862e-07 -7.73827e-07 -9.76744e-07 -1.14338e-06 -1.27046e-06 -1.35576e-06 -1.39825e-06
 3.15579e-07  1.46711e-08 -2.69252e-07 -5.30911e-07 -7.65234e-07 -9.67532e-07 -1.13377e-06 -1.26064e-06 -1.34586e-06 -1.38834e-06
 3.28637e-07  4.07534e-08 -2.30817e-07 -4.80742e-07 -7.03863e-07 -8.95512e-07 -1.05153e-06 -1.16859e-06 -1.24433e-06    -0.101768
 3.55114e-07  9.36621e-08 -1.52672e-07 -3.78474e-07  -5.7862e-07 -7.48302e-07 -8.83337e-07 -9.80337e-07    -0.101814    -0.203626
 3.98088e-07  1.79969e-07 -2.54529e-08 -2.12317e-07   -3.756e-07 -5.10467e-07 -6.12681e-07    -0.101811    -0.203622    -0.305433
 4.60579e-07  3.05427e-07  1.60122e-07  2.94427e-08  -8.1317e-08 -1.67261e-07    -0.101763    -0.203525    -0.305288     -0.40705
 4.61251e-07  3.07711e-07  1.64551e-07  3.56976e-08 -7.35541e-08 -1.58304e-07    -0.101716    -0.203432    -0.305147    -0.406863
 4.61251e-07  3.07711e-07  1.64551e-07  3.56976e-08 -7.35541e-08 -1.58304e-07    -0.101716    -0.203432    -0.305147    -0.406863
 4.61251e-07  3.07711e-07  1.64551e-07  3.56976e-08 -7.35541e-08 -1.58304e-07    -0.101716    -0.203432    -0.305147    -0.406863
 4.61251e-07  3.07711e-07  1.64551e-07  3.56976e-08 -7.35541e-08 -1.58304e-07    -0.101716    -0.203432    -0.305147    -0.406863
 4.61251e-07  3.07711e-07  1.64551e-07  3.56976e-08 -7.35541e-08 -1.58304e-07    -0.101716    -0.203432    -0.305147    -0.406863
 4.61251e-07  3.07711e-07  1.64551e-07  3.56976e-08 -7.35541e-08 -1.58304e-07    -0.101716    -0.203432    -0.305147    -0.406863
 4.61251e-07  3.07711e-07  1.64551e-07  3.56976e-08 -7.35541e-08 -1.58304e-07    -0.101716    -0.203432    -0.305147    -0.406863
 4.61251e-07  3.07711e-07  1.64551e-07  3.56976e-08 -7.35541e-08 -1.58304e-07    -0.101716    -0.203432    -0.305147    -0.406863
 4.61251e-07  3.07711e-07  1.64551e-07  3.56976e-08 -7.35541e-08 -1.58304e-07    -0.101716    -0.203432    -0.305147    -0.406863
 4.61251e-07  3.07711e-07  1.64551e-07  3.56976e-08 -7.35541e-08 -1.58304e-07    -0.101716    -0.203432    -0.305147    -0.406863
 4.61251e-07  3.07711e-07  1.64551e-07  3.56976e-08 -7.35541e-08 -1.58304e-07    -0.101716    -0.203432    -0.305147    -0.406863
 4.61251e-07  3.07711e-07  1.64551e-07  3.56976e-08 -7.35541e-08 -1.58304e-07    -0.101716    -0.203432    -0.305147    -0.406863
 4.61251e-07  3.07711e-07  1.64551e-07  3.56976e-08 -7.35541e-08 -1.58304e-07    -0.101716    -0.203432    -0.305147    -0.406863
 4.61251e-07  3.07711e-07  1.64551e-07  3.56976e-08 -7.35541e-08 -1.58304e-07    -0.101716    -0.203432    -0.305147    -0.406863
 4.61251e-07  3.07711e-07  1.64551e-07  3.56976e-08 -7.35541e-08 -1.58304e-07    -0.101716    -0.203432    -0.305147    -0.406863
 4.61251e-07  3.07711e-07  1.64551e-07  3.56976e-08 -7.35541e-08 -1.58304e-07    -0.101716    -0.203432    -0.305147    -0.406863
 4.61251e-07  3.07711e-07  1.64551e-07  3.56976e-08 -7.35541e-08 -1.58304e-07    -0.101716    -0.203432    -0.305147    -0.406863
 4.61251e-07  3.07711e-07  1.64551e-07  3.56976e-08 -7.35541e-08 -1.58304e-07    -0.101716    -0.203432    -0.305147    -0.406863
 4.61251e-07  3.07711e-07  1.64551e-07  3.56976e-08 -7.35541e-08 -1.58304e-07    -0.101716    -0.203432    -0.305147    -0.406863
 4.61251e-07  3.07711e-07  1.64551e-07  3.56976e-08 -7.35541e-08 -1.58304e-07    -0.101716    -0.203432    -0.305147    -0.406863
 4.61251e-07  3.07711e-07  1.64551e-07  3.56976e-08 -7.35541e-08 -1.58304e-07    -0.101716    -0.203432    -0.305147    -0.406863
 4.61251e-07  3.07711e-07  1.64551e-07  3.56976e-08 -7.35541e-08 -1.58304e-07    -0.101716    -0.203432    -0.305147    -0.406863
 4.61251e-07  3.07711e-07  1.64551e-07  3.56976e-08 -7.35541e-08 -1.58304e-07    -0.101716    -0.203432    -0.305147    -0.406863
 4.61251e-07  3.07711e-07  1.64551e-07  3.56976e-08 -7.35541e-08 -1.58304e-07    -0.101716    -0.203432    -0.305147    -0.406863
 4.61251e-07  3.07711e-07  1.64551e-07  3.56976e-08 -7.35541e-08 -1.58304e-07    -0.101716    -0.203432    -0.305147    -0.406863
 4.61251e-07  3.07711e-07  1.64551e-07  3.56976e-08 -7.35541e-08 -1.58304e-07    -0.101716    -0.203432    -0.305147    -0.406863
 4.61251e-07  3.07711e-07  1.64551e-07  3.56976e-08 -7.35541e-08 -1.58304e-07    -0.101716    -0.203432    -0.305147    -0.406863
 4.61251e-07  3.07711e-07  1.64551e-07  3.56976e-08 -7.35541e-08 -1.58304e-07    -0.101716    -0.203432    -0.305147    -0.406863
 4.61251e-07  3.07711e-07  1.64551e-07  3.56976e-08 -7.35541e-08 -1.58304e-07    -0.101716    -0.203432    -0.305147    -0.406863
 4.61251e-07  3.07711e-07  1.64551e-07  3.56976e-08 -7.35541e-08 -1.58304e-07    -0.101716    -0.203432    -0.305147    -0.406863
 4.61251e-07  3.07711e-07  1.64551e-07  3.56976e-08 -7.35541e-08 -1.58304e-07    -0.101716    -0.203432    -0.305147    -0.406863
 4.61251e-07  3.07711e-07  1.64551e-07  3.56976e-08 -7.35541e-08 -1.58304e-07    -0.101716    -0.203432    -0.305147    -0.406863
 4.61251e-07  3.07711e-07  1.64551e-07  3.56976e-08 -7.35541e-08 -1.58304e-07    -0.101716    -0.203432    -0.305147    -0.406863
 4.61251e-07  3.07711e-07  1.64551e-07  3.56976e-08 -7.35541e-08 -1.58304e-07    -0.101716    -0.203432    -0.305147    -0.406863
 4.61251e-07  3.07711e-07  1.64551e-07  3.56976e-08 -7.35541e-08 -1.58304e-07    -0.101716    -0.203432    -0.305147    -0.406863
 4.61251e-07  3.07711e-07  1.64551e-07  3.56976e-08 -7.35541e-08 -1.58304e-07    -0.101716    -0.203432    -0.305147    -0.406863
 4.61251e-07  3.07711e-07  1.64551e-07  3.56976e-08 -7.35541e-08 -1.58304e-07    -0.101716    -0.203432    -0.305147    -0.406863
 4.61251e-07  3.07711e-07  1.64551e-07  3.56976e-08 -7.35541e-08 -1.58304e-07    -0.101716    -0.203432    -0.305147    -0.406863
 4.61251e-07  3.07711e-07  1.64551e-07  3.56976e-08 -7.35541e-08 -1.58304e-07    -0.101716    -0.203432    -0.305147    -0.406863
 4.61251e-07  3.07711e-07  1.64551e-07  3.56976e-08 -7.35541e-08 -1.58304e-07    -0.101716    -0.203432    -0.305147    -0.406863
 4.61251e-07  3.07711e-07  1.64551e-07  3.56976e-08 -7.35541e-08 -1.58304e-07    -0.101716    -0.203432    -0.305147    -0.406863
 4.61251e-07  3.07711e-07  1.64551e-07  3.56976e-08 -7.35541e-08 -1.58304e-07    -0.101716    -0.203432    -0.305147    -0.406863
 4.61251e-07  3.07711e-07  1.64551e-07  3.56976e-08 -7.35541e-08 -1.58304e-07    -0.101716    -0.203432    -0.305147    -0.406863
 4.61251e-07  3.07711e-07  1.64551e-07  3.56976e-08 -7.35541e-08 -1.58304e-07    -0.101716    -0.203432    -0.305147    -0.406863
 4.61251e-07  3.07711e-07  1.64551e-07  3.56976e-08 -7.35541e-08 -1.58304e-07    -0.101716    -0.203432    -0.305147    -0.406863
 4.61251e-07  3.07711e-07  1.64551e-07  3.56976e-08 -7.35541e-08 -1.58304e-07    -0.101716    -0.203432    -0.305147    -0.406863
 4.61251e-07  3.07711e-07  1.64551e-07  3.56976e-08 -7.35541e-08 -1.58304e-07    -0.101716    -0.203432    -0.305147    -0.406863
 4.61251e-07  3.07711e-07  1.64551e-07  3.56976e-08 -7.35541e-08 -1.58304e-07    -0.101716    -0.203432    -0.305147    -0.406863
 4.61251e-07  3.07711e-07  1.64551e-07  3.56976e-08 -7.35541e-08 -1.58304e-07    -0.101716    -0.203432    -0.305147    -0.406863
 4.61251e-07  3.07711e-07  1.64551e-07  3.56976e-08 -7.35541e-08 -1.58304e-07    -0.101716    -0.203432    -0.305147    -0.406863
 4.61251e-07  3.07711e-07  1.64551e-07  3.56976e-08 -7.35541e-08 -1.58304e-07    -0.101716    -0.203432    -0.305147    -0.406863
 4.61251e-07  3.07711e-07  1.64551e-07  3.56976e-08 -7.35541e-08 -1.58304e-07    -0.101716    -0.203432    -0.305147    -0.406863
 4.61251e-07  3.07711e-07  1.64551e-07  3.56976e-08 -7.35541e-08 -1.58304e-07    -0.101716    -0.203432    -0.305147    -0.406863
 4.61251e-07  3.07711e-07  1.64551e-07  3.56976e-08 -7.35541e-08 -1.58304e-07    -0.101716    -0.203432    -0.305147    -0.406863
 4.61251e-07  3.07711e-07  1.64551e-07  3.56976e-08 -7.35541e-08 -1.58304e-07    -0.101716    -0.203432    -0.305147    -0.406863
 4.61251e-07  3.07711e-07  1.64551e-07  3.56976e-08 -7.35541e-08 -1.58304e-07    -0.101716    -0.203432    -0.305147    -0.406863
 4.61251e-07  3.07711e-07  1.64551e-07  3.56976e-08 -7.35541e-08 -1.58304e-07    -0.101716    -0.203432    -0.305147    -0.406863
 4.61251e-07  3.07711e-07  1.64551e-07  3.56976e-08 -7.35541e-08 -1.58304e-07    -0.101716    -0.203432    -0.305147    -0.406863
 4.61251e-07  3.07711e-07  1.64551e-07  3.56976e-08 -7.35541e-08 -1.58304e-07    -0.101716    -0.203432    -0.305147    -0.406863
 4.61251e-07  3.07711e-07  1.64551e-07  3.56976e-08 -7.35541e-08 -1.58304e-07    -0.101716    -0.203432    -0.305147    -0.406863
 4.61251e-07  3.07711e-07  1.64551e-07  3.56976e-08 -7.35541e-08 -1.58304e-07    -0.101716    -0.203432    -0.305147    -0.406863
 4.61251e-07  3.07711e-07  1.64551e-07  3.56976e-08 -7.35541e-08 -1.58304e-07    -0.101716    -0.203432    -0.305147    -0.406863
 4.61251e-07  3.07711e-07  1.64551e-07  3.56976e-08 -7.35541e-08 -1.58304e-07    -0.101716    -0.203432    -0.305147    -0.406863
 4.61251e-07  3.07711e-07  1.64551e-07  3.56976e-08 -7.35541e-08 -1.58304e-07    -0.101716    -0.203432    -0.305147    -0.406863
 4.61251e-07  3.07711e-07  1.64551e-07  3.56976e-08 -7.35541e-08 -1.58304e-07    -0.101716    -0.203432    -0.305147    -0.406863
 4.61251e-07  3.07711e-07  1.64551e-07  3.56976e-08 -7.35541e-08 -1.58304e-07    -0.101716    -0.203432    -0.305147    -0.406863
 4.61251e-07  3.07711e-07  1.64551e-07  3.56976e-08 -7.35541e-08 -1.58304e-07    -0.101716    -0.203432    -0.305147    -0.406863
 4.61251e-07  3.07711e-07  1.64551e-07  3.56976e-08 -7.35541e-08 -1.58304e-07    -0.101716    -0.203432    -0.305147    -0.406863
 4.61251e-07  3.07711e-07  1.64551e-07  3.56976e-08 -7.35541e-08 -1.58304e-07    -0.101716    -0.203432    -0.305147    -0.406863
 4.61251e-07  3.07711e-07  1.64551e-07  3.56976e-08 -7.35541e-08 -1.58304e-07    -0.101716    -0.203432    -0.305147    -0.406863
 4.61251e-07  3.07711e-07  1.64551e-07  3.56976e-08 -7.35541e-08 -1.58304e-07    -0.101716    -0.203432    -0.305147    -0.406863
 4.61251e-07  3.07711e-07  1.64551e-07  3.56976e-08 -7.35541e-08 -1.58304e-07    -0.101716    -0.203432    -0.305147    -0.406863
 4.61251e-07  3.07711e-07  1.64551e-07  3.56976e-08 -7.35541e-08 -1.58304e-07    -0.101716    -0.203432    -0.305147    -0.406863
 4.61251e-07  3.07711e-07  1.64551e-07  3.56976e-08 -7.35541e-08 -1.58304e-07    -0.101716    -0.203432    -0.305147    -0.406863
 4.61251e-07  3.07711e-07  1.64551e-07  3.56976e-08 -7.35541e-08 -1.58304e-07    -0.101716    -0.203432    -0.305147    -0.406863
 4.61251e-07  3.07711e-07  1.64551e-07  3.56976e-08 -7.35541e-08 -1.58304e-07    -0.101716    -0.203432    -0.305147    -0.406863
 4.61251e-07  3.07711e-07  1.64551e-07  3.56976e-08 -7.35541e-08 -1.58304e-07    -0.101716    -0.203432    -0.305147    -0.406863
 4.61251e-07  3.07711e-07  1.64551e-07  3.56976e-08 -7.35541e-08 -1.58304e-07    -0.101716    -0.203432    -0.305147    -0.406863
 4.61251e-07  3.07711e-07  1.64551e-07  3.56976e-08 -7.35541e-08 -1.58304e-07    -0.101716    -0.203432    -0.305147    -0.406863
 4.61251e-07  3.07711e-07  1.64551e-07  3.56976e-08 -7.35541e-08 -1.58304e-07    -0.101716    -0.203432    -0.305147    -0.406863
 4.61251e-07  3.07711e-07  1.64551e-07  3.56976e-08 -7.35541e-08 -1.58304e-07    -0.101716    -0.203432    -0.305147    -0.406863
 4.61251e-07  3.07711e-07  1.64551e-07  3.56976e-08 -7.35541e-08 -1.58304e-07    -0.101716    -0.203432    -0.305147    -0.406863
 4.61251e-07  3.07711e-07  1.64551e-07  3.56976e-08 -7.35541e-08 -1.58304e-07    -0.101716    -0.203432    -0.305147    -0.406863
 4.61251e-07  3.07711e-07  1.64551e-07  3.56976e-08 -7.35541e-08 -1.58304e-07    -0.101716    -0.203432    -0.305147    -0.406863
 4.61251e-07  3.07711e-07  1.64551e-07  3.56976e-08 -7.35541e-08 -1.58304e-07    -0.101716    -0.203432    -0.305147    -0.406863
 4.61251e-07  3.07711e-07  1.64551e-07  3.56976e-08 -7.35541e-08 -1.58304e-07    -0.101716    -0.203432    -0.305147    -0.406863
 4.61251e-07  3.07711e-07  1.64551e-07  3.56976e-08 -7.35541e-08 -1.58304e-07    -0.101716    -0.203432    -0.305147    -0.406863
 4.61251e-07  3.07711e-07  1.64551e-07  3.56976e-08 -7.35541e-08 -1.58304e-07    -0.101716    -0.203432    -0.305147    -0.406863
 4.61251e-07  3.07711e-07  1.64551e-07  3.56976e-08 -7.35541e-08 -1.58304e-07    -0.101716    -0.203432    -0.305147    -0.406863
 4.61251e-07  3.07711e-07  1.64551e-07  3.56976e-08 -7.35541e-08 -1.58304e-07    -0.101716    -0.203432    -0.305147    -0.406863
 4.61251e-07  3.07711e-07  1.64551e-07  3.56976e-08 -7.35541e-08 -1.58304e-07    -0.101716    -0.203432    -0.305147    -0.406863
 4.61251e-07  3.07711e-07  1.64551e-07  3.56976e-08 -7.35541e-08 -1.58304e-07    -0.101716    -0.203432    -0.305147    -0.406863
 4.61251e-07  3.07711e-07  1.64551e-07  3.56976e-08 -7.35541e-08 -1.58304e-07    -0.101716    -0.203432    -0.305147    -0.406863
 4.61251e-07  3.07711e-07  1.64551e-07  3.56976e-08 -7.35541e-08 -1.58304e-07    -0.101716    -0.203432    -0.305147    -0.406863
 4.61251e-07  3.07711e-07  1.64551e-07  3.56976e-08 -7.35541e-08 -1.58304e-07    -0.101716    -0.203432    -0.305147    -0.406863
 4.61251e-07  3.07711e-07  1.64551e-07  3.56976e-08 -7.35541e-08 -1.58304e-07    -0.101716    -0.203432    -0.305147    -0.406863
 4.61251e-07  3.07711e-07  1.64551e-07  3.56976e-08 -7.35541e-08 -1.58304e-07    -0.101716    -0.203432    -0.305147    -0.406863
 4.61251e-07  3.07711e-07  1.64551e-07  3.56976e-08 -7.35541e-08 -1.58304e-07    -0.101716    -0.203432    -0.305147    -0.406863
 4.61251e-07  3.07711e-07  1.64551e-07  3.56976e-08 -7.35541e-08 -1.58304e-07    -0.101716    -0.203432    -0.305147    -0.406863
 4.61251e-07  3.07711e-07  1.64551e-07  3.56976e-08 -7.35541e-08 -1.58304e-07    -0.101716    -0.203432    -0.305147    -0.406863
 4.61251e-07  3.07711e-07  1.64551e-07  3.56976e-08 -7.35541e-08 -1.58304e-07    -0.101716    -0.203432    -0.305147    -0.406863
 4.61251e-07  3.07711e-07  1.64551e-07  3.56976e-08 -7.35541e-08 -1.58304e-07    -0.101716    -0.203432    -0.305147    -0.406863
 4.61251e-07  3.07711e-07  1.64551e-07  3.56976e-08 -7.35541e-08 -1.58304e-07    -0.101716    -0.203432    -0.305147    -0.406863
 4.61251e-07  3.07711e-07  1.64551e-07  3.56976e-08 -7.35541e-08 -1.58304e-07    -0.101716    -0.203432    -0.305147    -0.406863
 4.61251e-07  3.07711e-07  1.64551e-07  3.56976e-08 -7.35541e-08 -1.58304e-07    -0.101716    -0.203432    -0.305147    -0.406863
 4.61251e-07  3.07711e-07  1.64551e-07  3.56976e-08 -7.35541e-08 -1.58304e-07    -0.101716    -0.203432    -0.305147    -0.406863
 4.61251e-07  3.07711e-07  1.64551e-07  3.56976e-08 -7.35541e-08 -1.58304e-07    -0.101716    -0.203432    -0.305147    -0.406863
 4.61251e-07  3.07711e-07  1.64551e-07  3.56976e-08 -7.35541e-08 -1.58304e-07    -0.101716    -0.203432    -0.305147    -0.406863
 4.61251e-07  3.07711e-07  1.64551e-07  3.56976e-08 -7.35541e-08 -1.58304e-07    -0.101716    -0.203432    -0.305147    -0.406863
 4.61251e-07  3.07711e-07  1.64551e-07  3.56976e-08 -7.35541e-08 -1.58304e-07    -0.101716    -0.203432    -0.305147    -0.406863
 4.61251e-07  3.07711e-07  1.64551e-07  3.56976e-08 -7.35541e-08 -1.58304e-07    -0.101716    -0.203432    -0.305147    -0.406863
 4.61251e-07  3.07711e-07  1.64551e-07  3.56976e-08 -7.35541e-08 -1.58304e-07    -0.101716    -0.203432    -0.305147    -0.406863
 4.61251e-07  3.07711e-07  1.64551e-07  3.56976e-08 -7.35541e-08 -1.58304e-07    -0.101716    -0.203432    -0.305147    -0.406863
 4.61251e-07  3.07711e-07  1.64551e-07  3.56976e-08 -7.35541e-08 -1.58304e-07    -0.101716    -0.203432    -0.305147    -0.406863
 4.61251e-07  3.07711e-07  1.64551e-07  3.56976e-08 -7.35541e-08 -1.58304e-07    -0.101716    -0.203432    -0.305147    -0.406863
 4.61251e-07  3.07711e-07  1.64551e-07  3.56976e-08 -7.35541e-08 -1.58304e-07    -0.101716    -0.203432    -0.305147    -0.406863
 4.61251e-07  3.07711e-07  1.64551e-07  3.56976e-08 -7.35541e-08 -1.58304e-07    -0.101716    -0.203432    -0.305147    -0.406863
 4.61251e-07  3.07711e-07  1.64551e-07  3.56976e-08 -7.35541e-08 -1.58304e-07    -0.101716    -0.203432    -0.305147    -0.406863
 4.61251e-07  3.07711e-07  1.64551e-07  3.56976e-08 -7.35541e-08 -1.58304e-07    -0.101716    -0.203432    -0.305147    -0.406863
 4.61251e-07  3.07711e-07  1.64551e-07  3.56976e-08 -7.35541e-08 -1.58304e-07    -0.101716    -0.203432    -0.305147    -0.406863
 4.61251e-07  3.07711e-07  1.64551e-07  3.56976e-08 -7.35541e-08 -1.58304e-07    -0.101716    -0.203432    -0.305147    -0.406863
 4.61251e-07  3.07711e-07  1.64551e-07  3.56976e-08 -7.35541e-08 -1.58304e-07    -0.101716    -0.203432    -0.305147    -0.406863
 4.61251e-07  3.07711e-07  1.64551e-07  3.56976e-08 -7.35541e-08 -1.58304e-07    -0.101716    -0.203432    -0.305147    -0.406863
 4.61251e-07  3.07711e-07  1.64551e-07  3.56976e-08 -7.35541e-08 -1.58304e-07    -0.101716    -0.203432    -0.305147    -0.406863
 4.61251e-07  3.07711e-07  1.64551e-07  3.56976e-08 -7.35541e-08 -1.58304e-07    -0.101716    -0.203432    -0.305147    -0.406863
 4.61251e-07  3.07711e-07  1.64551e-07  3.56976e-08 -7.35541e-08 -1.58304e-07    -0.101716    -0.203432    -0.305147    -0.406863
 4.61251e-07  3.07711e-07  1.64551e-07  3.56976e-08 -7.35541e-08 -1.58304e-07    -0.101716    -0.203432    -0.305147    -0.406863
 4.61251e-07  3.07711e-07  1.64551e-07  3.56976e-08 -7.35541e-08 -1.58304e-07    -0.101716    -0.203432    -0.305147    -0.406863
 4.61251e-07  3.07711e-07  1.64551e-07  3.56976e-08 -7.35541e-08 -1.58304e-07    -0.101716    -0.203432    -0.305147    -0.406863
 4.61251e-07  3.07711e-07  1.64551e-07  3.56976e-08 -7.35541e-08 -1.58304e-07    -0.101716    -0.203432    -0.305147    -0.406863
 4.61251e-07  3.07711e-07  1.64551e-07  3.56976e-08 -7.35541e-08 -1.58304e-07    -0.101716    -0.203432    -0.305147    -0.406863
 4.61251e-07  3.07711e-07  1.64551e-07  3.56976e-08 -7.35541e-08 -1.58304e-07    -0.101716    -0.203432    -0.305147    -0.406863
 4.61251e-07  3.07711e-07  1.64551e-07  3.56976e-08 -7.35541e-08 -1.58304e-07    -0.101716    -0.203432    -0.305147    -0.406863
 4.61251e-07  3.07711e-07  1.64551e-07  3.56976e-08 -7.35541e-08 -1.58304e-07    -0.101716    -0.203432    -0.305147    -0.406863
