-6.08651e-10 -2.41213e-09 -5.31938e-09 -9.12327e-09 -1.34365e-08 -1.76223e-08 -2.07406e-08 -2.15127e-08 -1.83043e-08 -9.11674e-09
-1.54189e-10 -2.40263e-10   6.3234e-10  3.63819e-09  1.02579e-08  2.22914e-08   4.1863e-08  7.14236e-08  1.13751e-07  1.71953e-07
3.20642e-11 5.97124e-10  2.7838e-09  7.9819e-09 1.78927e-08 3.45356e-08 6.02492e-08  9.7692e-08 1.49842e-07 2.19999e-07
5.19032e-10 2.74511e-09 8.18131e-09 1.86502e-08 3.62877e-08 6.35399e-08 1.03159e-07 1.58202e-07 2.32031e-07 3.28317e-07
1.24649e-09 5.88791e-09 1.58955e-08 3.35634e-08 6.14926e-08  1.0258e-07 1.60014e-07  2.3727e-07 3.38117e-07 4.66619e-07
2.15508e-09 9.70404e-09 2.49735e-08 5.05984e-08  8.9509e-08 1.44924e-07 2.20347e-07 3.19572e-07 4.46682e-07 6.06068e-07
3.24621e-09 1.42442e-08 3.56658e-08 7.04801e-08 1.21943e-07 1.93595e-07 2.89259e-07 4.13049e-07 5.69376e-07 7.62962e-07
4.51337e-09 1.94841e-08 4.79219e-08  9.3126e-08 1.58678e-07 2.48439e-07  3.6656e-07 5.17482e-07 7.05953e-07 9.37042e-07
5.95213e-09 2.54076e-08 6.17103e-08 1.18489e-07 1.99651e-07  3.0939e-07 4.52185e-07 6.32818e-07 8.56387e-07 1.12833e-06
7.55978e-09 3.20057e-08  7.7015e-08 1.46548e-07 2.44846e-07 3.76437e-07 5.46145e-07 7.59105e-07 1.02078e-06 1.33699e-06
9.33528e-09 3.92757e-08 9.38347e-08  1.7731e-07 2.94283e-07  4.4963e-07 6.48532e-07 8.96492e-07 1.19936e-06 1.56336e-06
1.12792e-08 4.72214e-08 1.12182e-07 2.10804e-07 3.48022e-07 5.29073e-07  7.5951e-07 1.04523e-06 1.39248e-06 1.80793e-06
1.33936e-08  5.5853e-08 1.32084e-07 2.47086e-07 4.06162e-07 6.14924e-07 8.79321e-07 1.20566e-06 1.60062e-06 2.07132e-06
1.56822e-08 6.51864e-08  1.5358e-07 2.86236e-07 4.68837e-07 7.07397e-07 1.00828e-06 1.37822e-06 1.82438e-06 2.35434e-06
1.81502e-08 7.52438e-08 1.76725e-07 3.28356e-07 5.36223e-07 8.06759e-07 1.14677e-06 1.56346e-06 2.06447e-06 2.65791e-06
2.08042e-08 8.60533e-08 2.01587e-07 3.73574e-07 6.08529e-07 9.13331e-07 1.29525e-06   1.762e-06 2.32174e-06 2.98314e-06
2.36523e-08  9.7649e-08 2.28244e-07 4.22041e-07 6.86004e-07 1.02749e-06 1.45427e-06 1.97458e-06 2.59716e-06 3.33128e-06
2.67041e-08 1.10071e-07 2.56793e-07 4.73932e-07 7.68936e-07 1.14967e-06 1.62443e-06 2.20204e-06 2.89183e-06 3.70373e-06
2.99709e-08 1.23365e-07 2.87341e-07 5.29448e-07 8.57649e-07 1.28035e-06 1.80643e-06 2.44531e-06 3.20699e-06 4.10207e-06
3.34652e-08 1.37584e-07  3.2001e-07 5.88814e-07 9.52509e-07 1.42008e-06 2.00103e-06 2.70544e-06 3.54399e-06 4.52806e-06
3.72015e-08 1.52786e-07 3.54937e-07 6.52282e-07 1.05392e-06 1.56947e-06  2.2091e-06 2.98357e-06 3.90435e-06 4.98361e-06
4.11955e-08 1.69037e-07 3.92273e-07  7.2013e-07 1.16234e-06 1.72919e-06 2.43156e-06 3.28099e-06 4.28973e-06 5.47085e-06
4.54649e-08 1.86409e-07 4.32187e-07 7.92666e-07 1.27826e-06 1.89997e-06 2.66946e-06 3.59907e-06 4.70195e-06 5.99209e-06
5.00291e-08 2.04981e-07 4.74861e-07 8.70226e-07 1.40222e-06 2.08262e-06 2.92392e-06 3.93934e-06 5.14298e-06 6.54984e-06
5.49093e-08 2.24841e-07 5.20498e-07 9.53178e-07 1.53481e-06 2.27802e-06 3.19617e-06 4.30345e-06 5.61498e-06 7.14684e-06
6.01288e-08 2.46083e-07 5.69316e-07 1.04192e-06 1.67668e-06 2.48711e-06 3.48754e-06  4.6932e-06 6.12028e-06 7.78605e-06
6.57127e-08  2.6881e-07 6.21553e-07  1.1369e-06 1.82853e-06 2.71094e-06  3.7995e-06 5.11053e-06 6.66142e-06 8.47068e-06
7.16885e-08 2.93134e-07 6.77468e-07 1.23857e-06  1.9911e-06 2.95062e-06 4.13359e-06 5.55754e-06 7.24111e-06 9.20412e-06
 7.8086e-08 3.19178e-07 7.37342e-07 1.34745e-06 2.16524e-06 3.20737e-06 4.49153e-06 6.03649e-06 7.86223e-06  9.9899e-06
8.49373e-08 3.47071e-07 8.01477e-07  1.4641e-06 2.35181e-06 3.48249e-06 4.87511e-06 6.54976e-06 8.52776e-06 1.08317e-05
9.22773e-08 3.76957e-07 8.70201e-07 1.58911e-06 2.55178e-06 3.77739e-06 5.28623e-06 7.09978e-06 9.24077e-06 1.17332e-05
1.00144e-07  4.0899e-07 9.43868e-07 1.72312e-06 2.76616e-06  4.0935e-06 5.72682e-06 7.68903e-06 1.00043e-05 1.26982e-05
1.08577e-07 4.43334e-07 1.02286e-06 1.86681e-06 2.99597e-06 4.43226e-06 6.19878e-06 8.31993e-06 1.08214e-05 1.37303e-05
1.17622e-07 4.80166e-07 1.10756e-06 2.02084e-06 3.24222e-06 4.79504e-06 6.70393e-06  8.9948e-06 1.16949e-05 1.48331e-05
1.27312e-07 5.19616e-07 1.19823e-06 2.18563e-06 3.50547e-06 5.18263e-06 7.24325e-06 9.71486e-06 1.26264e-05 1.60085e-05
1.37635e-07 5.61561e-07 1.29441e-06 2.36002e-06  3.7834e-06 5.59089e-06 7.81013e-06 1.04702e-05 1.36018e-05 1.72372e-05
 1.4861e-07 6.06133e-07 1.39656e-06 2.54513e-06 4.07831e-06 6.02394e-06 8.41127e-06 1.12711e-05 1.46358e-05 1.85397e-05
1.60255e-07 6.53408e-07 1.50487e-06 2.74133e-06 4.39081e-06 6.48275e-06  9.0481e-06 1.21194e-05 1.57311e-05 1.99196e-05
1.72594e-07 7.03489e-07 1.61958e-06 2.94911e-06 4.72171e-06 6.96854e-06 9.72238e-06 1.30178e-05 1.68912e-05 2.13814e-05
1.85657e-07 7.56505e-07   1.741e-06 3.16903e-06 5.07196e-06 7.48278e-06 1.04362e-05  1.3969e-05 1.81199e-05 2.29304e-05
1.99481e-07  8.1261e-07  1.8695e-06 3.40179e-06 5.44269e-06 8.02719e-06 1.11922e-05 1.49767e-05 1.94222e-05 2.45729e-05
2.14111e-07 8.71985e-07 2.00551e-06 3.64817e-06 5.83522e-06 8.60379e-06 1.19932e-05  1.6045e-05 2.08036e-05 2.63162e-05
2.29595e-07 9.34839e-07  2.1495e-06 3.90911e-06 6.25109e-06 9.21498e-06 1.28427e-05 1.71788e-05 2.22706e-05 2.81689e-05
2.45991e-07 1.00141e-06 2.30206e-06 4.18569e-06 6.69215e-06 9.86361e-06 1.37449e-05 1.83836e-05 2.38307e-05 3.01407e-05
2.63375e-07 1.07201e-06 2.46397e-06 4.47944e-06 7.16092e-06 1.05535e-05 1.47052e-05 1.96671e-05 2.54939e-05 3.22441e-05
2.81883e-07 1.14728e-06 2.63686e-06 4.79361e-06 7.66313e-06 1.12938e-05 1.57373e-05 2.10485e-05 2.72864e-05  3.4514e-05
3.01627e-07 1.22763e-06 2.82151e-06 5.12938e-06 8.20018e-06  1.2086e-05 1.68422e-05 2.25281e-05 2.92071e-05 3.69472e-05
3.22734e-07 1.31356e-06 3.01911e-06 5.48888e-06 8.77546e-06 1.29348e-05 1.80267e-05  2.4115e-05 3.12679e-05 3.95586e-05
3.45338e-07 1.40562e-06 3.23089e-06 5.87434e-06 9.39253e-06 1.38457e-05 1.92982e-05 2.58188e-05  3.3481e-05  4.2364e-05
3.69579e-07 1.50437e-06 3.45815e-06 6.28811e-06 1.00551e-05 1.48241e-05 2.06642e-05 2.76497e-05 3.58599e-05 4.53799e-05
3.95605e-07 1.61042e-06 3.70227e-06 6.73268e-06 1.07672e-05 1.58757e-05 2.21329e-05 2.96186e-05 3.84184e-05 4.86241e-05
4.23571e-07  1.7244e-06 3.96469e-06 7.21068e-06  1.1533e-05 1.70068e-05 2.37128e-05 3.17369e-05 4.11714e-05 5.21154e-05
4.53644e-07 1.84698e-06 4.24695e-06  7.7249e-06 1.23569e-05  1.8224e-05 2.54131e-05 3.40169e-05 4.41349e-05 5.58739e-05
4.85998e-07 1.97887e-06 4.55071e-06 8.27834e-06 1.32437e-05 1.95343e-05 2.72436e-05 3.64716e-05 4.73257e-05  5.9921e-05
 5.2082e-07 2.12084e-06 4.87769e-06 8.87416e-06 1.41985e-05 2.09451e-05 2.92146e-05 3.91151e-05  5.0762e-05 6.42796e-05
5.58311e-07  2.2737e-06 5.22978e-06 9.51575e-06 1.52268e-05 2.24645e-05 3.13374e-05 4.19621e-05 5.44631e-05 6.89743e-05
5.98683e-07 2.43831e-06 5.60896e-06 1.02067e-05 1.63342e-05 2.41009e-05 3.36239e-05 4.50288e-05 5.84498e-05 7.40313e-05
6.42165e-07  2.6156e-06 6.01736e-06  1.0951e-05 1.75271e-05 2.58636e-05 3.60869e-05 4.83322e-05 6.27443e-05 7.94788e-05
6.89001e-07 2.80657e-06 6.45729e-06 1.17528e-05 1.88121e-05 2.77625e-05 3.87401e-05 5.18907e-05 6.73705e-05 8.53472e-05
7.39453e-07 3.01229e-06 6.93119e-06 1.26164e-05 2.01963e-05  2.9808e-05 4.15983e-05 5.57241e-05 7.23541e-05 9.16688e-05
  7.938e-07  3.2339e-06 7.44168e-06 1.35467e-05 2.16874e-05 3.20115e-05 4.46771e-05 5.98536e-05 7.77225e-05 9.84786e-05
8.52345e-07 3.47261e-06  7.9916e-06 1.45489e-05 2.32936e-05 3.43851e-05 4.79936e-05 6.43018e-05 8.35052e-05 0.000105814
9.15409e-07 3.72976e-06 8.58396e-06 1.56284e-05 2.50239e-05 3.69418e-05 5.15661e-05 6.90932e-05 8.97342e-05 0.000113715
9.83341e-07 4.00675e-06 9.22203e-06 1.67913e-05 2.68875e-05 3.96958e-05  5.5414e-05 7.42541e-05 9.64434e-05 0.000122226
1.05651e-06  4.3051e-06 9.90931e-06 1.80437e-05 2.88949e-05 4.26621e-05 5.95585e-05 7.98128e-05  0.00010367 0.000131392
1.13532e-06 4.62646e-06 1.06495e-05 1.93927e-05 3.10569e-05 4.58568e-05 6.40223e-05 8.57995e-05 0.000111452 0.000141264
1.22021e-06 4.97256e-06 1.14468e-05 2.08456e-05 3.33854e-05 4.92975e-05 6.88297e-05  9.2247e-05 0.000119834 0.000151896
1.31163e-06  5.3453e-06 1.23054e-05 2.24102e-05 3.58929e-05 5.30029e-05 7.40068e-05 9.91904e-05  0.00012886 0.000163345
1.41008e-06 5.74671e-06   1.323e-05 2.40952e-05 3.85933e-05 5.69931e-05 7.95818e-05 0.000106668  0.00013858 0.000175675
1.51609e-06 6.17897e-06 1.42257e-05 2.59096e-05 4.15012e-05 6.12898e-05 8.55852e-05 0.000114719 0.000149048 0.000188953
1.63026e-06 6.64444e-06 1.52979e-05 2.78634e-05 4.46324e-05 6.59166e-05 9.20497e-05 0.000123389 0.000160319 0.000203252
1.75319e-06 7.14566e-06 1.64524e-05 2.99671e-05 4.80039e-05 7.08985e-05 9.90106e-05 0.000132726 0.000172457  0.00021865
1.88556e-06 7.68533e-06 1.76954e-05 3.22323e-05 5.16342e-05  7.6263e-05 0.000106506 0.000142779 0.000185529 0.000235233
2.02807e-06 8.26639e-06 1.90338e-05 3.46713e-05 5.55432e-05 8.20394e-05 0.000114578 0.000153606 0.000199606 0.000253093
2.18153e-06 8.89206e-06 2.04751e-05 3.72977e-05 5.97528e-05 8.82605e-05 0.000123271 0.000165268 0.000214769 0.000272332
2.34682e-06  9.5661e-06 2.20279e-05 4.01281e-05   6.429e-05 9.49667e-05 0.000132644 0.000177842 0.000231121 0.000293081
 2.5249e-06 1.02923e-05 2.37009e-05 4.31776e-05 6.91785e-05 0.000102192 0.000142743 0.000191391  0.00024874 0.000315438
2.71676e-06 1.10747e-05 2.55036e-05 4.64633e-05 7.44459e-05 0.000109978 0.000153624  0.00020599 0.000267725 0.000339528
2.92349e-06 1.19177e-05 2.74459e-05 5.00038e-05 8.01216e-05 0.000118367 0.000165349 0.000221721 0.000288182 0.000365486
3.14624e-06 1.28261e-05 2.95388e-05 5.38187e-05 8.62373e-05 0.000127407 0.000177983  0.00023867 0.000310224 0.000393454
3.38626e-06 1.38049e-05  3.1794e-05 5.79292e-05 9.28268e-05 0.000137147 0.000191596 0.000256933 0.000333972 0.000423586
3.64488e-06 1.48595e-05 3.42238e-05 6.23582e-05 9.99267e-05 0.000147641 0.000206262 0.000276608 0.000359556 0.000456048
3.92353e-06 1.59958e-05 3.68418e-05 6.71299e-05 0.000107576 0.000158946 0.000222062 0.000297804 0.000387117 0.000491017
4.22375e-06 1.72201e-05 3.96622e-05 7.22707e-05 0.000115816 0.000171125 0.000239082 0.000320636 0.000416804 0.000528682
4.54717e-06 1.85389e-05 4.27005e-05 7.78082e-05 0.000124693 0.000184243 0.000257414 0.000345226 0.000448777 0.000569245
 4.8955e-06 1.99592e-05 4.59723e-05 8.37707e-05 0.000134249 0.000198366 0.000277147 0.000371694 0.000483189   0.0006129
5.27061e-06 2.14887e-05 4.94954e-05 9.01909e-05 0.000144539 0.000213571 0.000298394 0.000400192 0.000520239 0.000659903
5.67451e-06 2.31355e-05 5.32886e-05 9.71033e-05 0.000155617 0.000229942 0.000321267 0.000430872 0.000560127 0.000710508
6.10936e-06 2.49084e-05 5.73723e-05 0.000104545 0.000167544 0.000247565 0.000345891   0.0004639  0.00060307 0.000764992
 6.5775e-06  2.6817e-05 6.17684e-05 0.000112556 0.000180382 0.000266536 0.000372399 0.000499457 0.000649305 0.000823647
7.08165e-06 2.88724e-05 6.65026e-05 0.000121182 0.000194207 0.000286965 0.000400947 0.000537754 0.000699094  0.00088278
7.62496e-06 3.10874e-05 7.16041e-05 0.000130478 0.000209105 0.000308982 0.000431715 0.000579021 0.000748714 0.000932014
8.21092e-06 3.34761e-05 7.71056e-05 0.000140503 0.000225173 0.000332728 0.000464892 0.000619486 0.000787732 0.000958215
8.84332e-06 3.60542e-05 8.30434e-05 0.000151323 0.000242515 0.000358349 0.000496653 0.000648656 0.000802947 0.000948089
9.52633e-06 3.88385e-05 8.94562e-05 0.000163008 0.000261232 0.000381962 0.000516436 0.000653247 0.000780964 0.000888082
1.02642e-05  4.1846e-05 9.63803e-05 0.000175612 0.000277382 0.000392932 0.000510864 0.000619751 0.000708093 0.000768274
1.10611e-05 4.50918e-05 0.000103841 0.000185157 0.000280285 0.000377831 0.000466373 0.000534414 0.000574344 0.000585079
1.19209e-05 4.85873e-05 0.000107851 0.000180965 0.000256541 0.000323161 0.000369333  0.00038745 0.000376432 0.000337711
1.28474e-05 4.83446e-05 9.77609e-05 0.000149724 0.000192834 0.000215614  0.00021047 0.000176329 0.000114636 2.66758e-05
 9.83343e-06  3.36602e-05  6.01337e-05  7.78817e-05  7.54553e-05  4.52801e-05  -1.3695e-05 -0.000100005 -0.000212346 -0.000349582
 4.16327e-06  1.09623e-05  8.98632e-06 -1.32544e-05 -6.33797e-05 -0.000142483  -0.00024913 -0.000382047 -0.000540118 -0.000722392
-1.52648e-06 -1.18433e-05 -4.24786e-05   -0.0001011 -0.000188846 -0.000304318 -0.000446272 -0.000613623 -0.000805441  -0.00102095
-7.26754e-06 -3.48793e-05 -9.05503e-05 -0.000175469 -0.000288277 -0.000427769 -0.000592895 -0.000782754 -0.000996597  -0.00123382
-1.30915e-05 -5.43013e-05 -0.000124877 -0.000223517  -0.00034907 -0.000500537 -0.000677064 -0.000877941   -0.0011026  -0.00135061
-1.50542e-05 -5.95589e-05 -0.000132278  -0.00023213 -0.000358184 -0.000509649 -0.000685873 -0.000886338  -0.00111066  -0.00135857
-1.43962e-05 -5.70077e-05 -0.000126756 -0.000222712 -0.000344087 -0.000490233 -0.000660634 -0.000854904  -0.00107279  -0.00131415
-1.38192e-05 -5.47771e-05 -0.000121947 -0.000214546 -0.000331927 -0.000473578 -0.000639117 -0.000828289  -0.00104097  -0.00127715
-1.33197e-05 -5.28537e-05 -0.000117822 -0.000207583 -0.000321626 -0.000459575 -0.000621178 -0.000806309  -0.00101497  -0.00124728
-1.28949e-05 -5.12265e-05 -0.000114357 -0.000201781 -0.000313126 -0.000448143 -0.000606711 -0.000788835 -0.000994641  -0.00122439
-1.25422e-05 -4.98857e-05 -0.000111531 -0.000197107 -0.000306373 -0.000439212  -0.00059563  -0.00077576 -0.000979859  -0.00120831
-1.22596e-05 -4.88235e-05 -0.000109327 -0.000193533 -0.000301329 -0.000432728 -0.000587867 -0.000767005 -0.000970531  -0.00119896
-1.20453e-05 -4.80335e-05 -0.000107733 -0.000191036 -0.000297963 -0.000428653 -0.000583373 -0.000762514 -0.000966596  -0.00119627
-1.18981e-05 -4.75107e-05 -0.000106737 -0.000189602 -0.000296251 -0.000426958 -0.000582118 -0.000762255 -0.000968025  -0.00120022
 -1.1817e-05 -4.72518e-05 -0.000106334 -0.000189219 -0.000296183  -0.00042763 -0.000584089 -0.000766221 -0.000974817  -0.00121081
-1.18015e-05  -4.7255e-05 -0.000106521 -0.000189885 -0.000297756 -0.000430671 -0.000589295 -0.000774428 -0.000987005  -0.00122811
-1.18513e-05 -4.75201e-05 -0.000107299 -0.000191604  -0.00030098   -0.0004361  -0.00059777  -0.00078693  -0.00100467  -0.00125222
-1.19669e-05 -4.80484e-05  -0.00010867 -0.000194383 -0.000305869 -0.000443941 -0.000609549 -0.000803783  -0.00102788  -0.00128325
-1.21486e-05 -4.88423e-05 -0.000110642 -0.000198237 -0.000312448 -0.000454235 -0.000624695 -0.000825075  -0.00105677  -0.00132136
-1.23974e-05 -4.99061e-05 -0.000113225 -0.000203184 -0.000320752 -0.000467035 -0.000643287 -0.000850917  -0.00109149  -0.00136676
-1.27147e-05 -5.12453e-05 -0.000116432 -0.000209253 -0.000330824 -0.000482409 -0.000665425 -0.000881448  -0.00113223  -0.00141968
-1.31021e-05 -5.28669e-05 -0.000120281 -0.000216474 -0.000342718  -0.00050044 -0.000691225  -0.00091683  -0.00117919  -0.00148042
-1.35616e-05 -5.47795e-05 -0.000124793 -0.000224886 -0.000356497 -0.000521222 -0.000720826 -0.000957251  -0.00123263  -0.00154929
-1.40957e-05 -5.69933e-05  -0.00012999 -0.000234534 -0.000372235 -0.000544867 -0.000754385  -0.00100293  -0.00129284  -0.00162667
-1.47072e-05 -5.95201e-05   -0.0001359 -0.000245469 -0.000390015 -0.000571502 -0.000792081  -0.00105411  -0.00136014  -0.00171298
-1.53994e-05 -6.23735e-05 -0.000142556  -0.00025775 -0.000409932 -0.000601267 -0.000834118  -0.00111106   -0.0014349  -0.00180867
-1.61761e-05 -6.55687e-05 -0.000149993 -0.000271442 -0.000432093 -0.000634323 -0.000880718  -0.00117409   -0.0015175  -0.00191001
-1.70416e-05 -6.91238e-05 -0.000158253 -0.000286623 -0.000456624 -0.000670859 -0.000932154  -0.00124357  -0.00160418  -0.00200631
-1.80008e-05 -7.30589e-05 -0.000167383  -0.00030338 -0.000483667 -0.000711087 -0.000988712  -0.00131563  -0.00168415  -0.00208397
-1.90592e-05 -7.73966e-05 -0.000177435  -0.00032181 -0.000513378 -0.000755229  -0.00104646  -0.00137938  -0.00174371   -0.0021293
-2.02228e-05 -8.21617e-05 -0.000188468 -0.000342017 -0.000545913 -0.000799264  -0.00109439  -0.00142103  -0.00176903  -0.00212832
-2.14983e-05 -8.73811e-05  -0.00020054 -0.000364098 -0.000577172 -0.000832097  -0.00111862   -0.0014266  -0.00174599  -0.00206674
-2.28927e-05 -9.30816e-05 -0.000213705 -0.000383893 -0.000595993 -0.000839765  -0.00110509  -0.00138191  -0.00166021  -0.00192992
-2.44133e-05 -9.92881e-05 -0.000223772 -0.000390228 -0.000588431 -0.000808277  -0.00103973  -0.00127278  -0.00149737  -0.00170335
-2.60676e-05 -0.000101799 -0.000219588  -0.00036924 -0.000540678 -0.000723894 -0.000908897  -0.00108566  -0.00124405  -0.00137379
-2.36303e-05 -8.94052e-05 -0.000187166 -0.000306876 -0.000438567 -0.000572287 -0.000698037  -0.00080572 -0.000885082 -0.000926115
 -1.8522e-05 -6.90312e-05  -0.00014146 -0.000225808  -0.00031209 -0.000390281 -0.000450258 -0.000481741 -0.000474705 -0.000425867
-1.34733e-05 -4.88677e-05 -9.61509e-05 -0.000145304 -0.000186269 -0.000208892 -0.000202868 -0.000158146 -7.14221e-05  5.43312e-05
-8.45549e-06 -2.87998e-05 -5.09801e-05 -6.49027e-05 -6.03797e-05  -2.7074e-05  4.50951e-05  0.000159461  0.000313074  0.000503241
-3.43995e-06 -8.71305e-06 -5.68989e-06  1.58549e-05  6.62945e-05  0.000155744  0.000287572  0.000458862  0.000666941  0.000909394
1.59915e-06  1.1496e-05 3.99528e-05 9.73817e-05  0.00019439  0.00033764 0.000527052 0.000759979  0.00103403  0.00134707
6.69393e-06 3.19558e-05 8.62359e-05 0.000180181 0.000320503 0.000507163 0.000737549   0.0010093  0.00132029  0.00166866
1.18721e-05 5.27758e-05 0.000133397 0.000260495 0.000434081 0.000651576 0.000910652  0.00120922  0.00154543  0.00191767
1.71625e-05 7.40666e-05 0.000177522  0.00032759 0.000521735 0.000757666  0.00103333  0.00134692  0.00169682  0.00208168
2.25939e-05 9.17991e-05 0.000207739 0.000367936 0.000570155 0.000812399   0.0010929  0.00141009  0.00176265  0.00214944
2.40457e-05 9.49139e-05 0.000210195 0.000367725 0.000565578 0.000802048  0.00107564  0.00138507  0.00172925  0.00210727
2.27765e-05 8.99654e-05 0.000199406 0.000349173 0.000537562 0.000763085  0.00102445  0.00132058  0.00165056  0.00201368
2.16358e-05 8.55244e-05 0.000189743 0.000332591 0.000512581 0.000728431 0.000979052  0.00126355   0.0015812  0.00193147
 2.0617e-05  8.1565e-05 0.000181147  0.00031788 0.000490484 0.000697873 0.000939153  0.00121361  0.00152072  0.00186011
1.97141e-05 7.80644e-05 0.000173571 0.000304957 0.000471142 0.000671235 0.000904528  0.00117049  0.00146877  0.00179919
1.89221e-05 7.50024e-05 0.000166969 0.000293746 0.000454445 0.000648364 0.000874976  0.00113393  0.00142505  0.00174834
1.82363e-05 7.23615e-05 0.000161304 0.000284182 0.000440296 0.000629125 0.000850324  0.00110372  0.00138931  0.00170728
1.76528e-05 7.01259e-05 0.000156542 0.000276209  0.00042861 0.000613405 0.000830427  0.00107968  0.00136134  0.00167575
 1.7168e-05 6.82827e-05 0.000152656 0.000269779 0.000419318  0.00060111 0.000815165  0.00106166  0.00134095  0.00165356
1.67792e-05 6.68209e-05 0.000149622 0.000264856 0.000412366 0.000592168 0.000804447  0.00104956  0.00132804  0.00164059
1.64839e-05 6.57317e-05 0.000147422 0.000261408 0.000407711 0.000586523 0.000798208   0.0010433  0.00132251  0.00163674
1.62806e-05 6.50089e-05 0.000146044 0.000259417 0.000405327 0.000584145 0.000796414  0.00104285  0.00132435    0.001642
1.61679e-05 6.46478e-05 0.000145478 0.000258868 0.000405196 0.000585014 0.000799045  0.00104819  0.00133355  0.00165638
 1.6145e-05  6.4646e-05 0.000145721 0.000259757 0.000407315 0.000589128 0.000806109  0.00105935  0.00135013  0.00167994
1.62118e-05 6.50029e-05 0.000146771 0.000262086 0.000411692 0.000596508 0.000817638  0.00107637   0.0013742   0.0017128
1.63684e-05 6.57201e-05 0.000148635 0.000265867 0.000418347 0.000607188  0.00083369  0.00109935  0.00140586  0.00175513
1.66157e-05 6.68009e-05 0.000151321 0.000271118 0.000427315 0.000621224 0.000854348  0.00112839  0.00144528  0.00180714
1.69548e-05 6.82509e-05 0.000154842 0.000277865 0.000438642 0.000638687 0.000879718  0.00116366  0.00149267  0.00186912
1.73875e-05 7.00775e-05 0.000159218 0.000286145 0.000452387  0.00065967 0.000909935  0.00120534  0.00154827  0.00194138
 1.7916e-05 7.22904e-05 0.000164472 0.000296001 0.000468622 0.000684284 0.000945157  0.00125365   0.0016124  0.00202433
1.85432e-05  7.4901e-05 0.000170629 0.000307485 0.000487432 0.000712656 0.000985571  0.00130884  0.00168538  0.00211839
1.92723e-05 7.79233e-05 0.000177724 0.000320656 0.000508917 0.000744938  0.00103139  0.00137121   0.0017676  0.00221943
2.01076e-05 8.13744e-05 0.000185797  0.00033559   0.0005332 0.000781316  0.00108289  0.00144112   0.0018549   0.0023157
2.10536e-05 8.52737e-05 0.000194892 0.000352373 0.000560422 0.000822002  0.00114034  0.00151432  0.00193542   0.0023923
2.21158e-05 8.96436e-05 0.000205064 0.000371102 0.000590739 0.000867219  0.00119943  0.00157886  0.00199418  0.00243418
2.33003e-05 9.45094e-05  0.00021637 0.000391883  0.00062431 0.000912553  0.00124811  0.00161965    0.002016  0.00242606
2.46139e-05 9.98984e-05 0.000228871 0.000414815  0.00065664 0.000945857  0.00127116  0.00162137  0.00198542  0.00235225
2.60639e-05 0.000105838 0.000242622  0.00043534 0.000675516 0.000951854   0.0012532   0.0015685   0.0018867  0.00219674
2.76576e-05 0.000112355 0.000253034 0.000441236 0.000665683 0.000915241  0.00117886  0.00144551  0.00170415  0.00194362
2.94031e-05 0.000114849  0.00024791 0.000417343 0.000612042 0.000820986  0.00103318  0.00123759  0.00142309  0.00157838
2.66769e-05 0.000101063 0.000211955 0.000348292 0.000499095 0.000653409  0.00080024 0.000928489  0.00102689  0.00108924
2.10408e-05 7.85881e-05 0.000161547 0.000258903 0.000359668 0.000452814 0.000527216 0.000571584  0.00057969 0.000552685
 1.5474e-05 5.63595e-05 0.000111608 0.000170193 0.000221054 0.000253029 0.000254802 0.000220116 0.000150099 4.79618e-05
 9.94482e-06  3.42505e-05   6.1854e-05  8.16547e-05  8.24554e-05  5.29028e-05 -1.32894e-05 -0.000115026 -0.000249122 -0.000412666
 4.42168e-06  1.21349e-05  1.20003e-05 -7.21967e-06 -5.69179e-05 -0.000143418 -0.000265663 -0.000420503 -0.000605048 -0.000816688
-1.11604e-06 -1.00708e-05 -3.81439e-05 -9.67723e-05   -0.0001976 -0.000347958 -0.000547798 -0.000794262  -0.00108477  -0.00141699
-6.71673e-06 -3.25585e-05 -8.90039e-05 -0.000187741 -0.000336153 -0.000534241 -0.000779182  -0.00106842  -0.00139967   -0.0017709
-1.24052e-05 -5.54266e-05 -0.000140794 -0.000275945 -0.000460936  -0.00069298  -0.00096956  -0.00128842  -0.00164755   -0.0020452
-1.82131e-05 -7.87968e-05 -0.000189244 -0.000349667 -0.000557326 -0.000809746  -0.00110471  -0.00144024  -0.00181462  -0.00222634
-2.41724e-05 -9.82734e-05 -0.000222483 -0.000394126 -0.000610787 -0.000870304  -0.00117076  -0.00151047  -0.00188799  -0.00230206
-2.57872e-05 -0.000101779 -0.000225375 -0.000394236  -0.00060628  -0.00085966  -0.00115276  -0.00148418  -0.00185272  -0.00225741
-2.44177e-05 -9.64388e-05 -0.000213729 -0.000374205 -0.000576023 -0.000817568  -0.00109744  -0.00141446  -0.00176763  -0.00215617
-2.31859e-05 -9.16421e-05 -0.000203289 -0.000356285 -0.000549018 -0.000780093  -0.00104833  -0.00135273  -0.00169253  -0.00206712
-2.20847e-05 -8.73614e-05 -0.000193993  -0.00034037 -0.000525101 -0.000747005   -0.0010051  -0.00129861  -0.00162694  -0.00198968
-2.11078e-05 -8.35724e-05 -0.000185788 -0.000326369 -0.000504136 -0.000718115 -0.000967525  -0.00125178  -0.00157048   -0.0019234
-2.02495e-05  -8.0253e-05 -0.000178628 -0.000314201 -0.000486001 -0.000693254 -0.000935375  -0.00121197  -0.00152282  -0.00186791
-1.95049e-05  -7.7384e-05 -0.000172469 -0.000303795 -0.000470591 -0.000672278 -0.000908464  -0.00117894  -0.00148369  -0.00182286
-1.88697e-05 -7.49489e-05 -0.000167277  -0.00029509 -0.000457814 -0.000655063 -0.000886635  -0.00115251  -0.00145285    -0.001788
-1.83402e-05 -7.29331e-05 -0.000163021 -0.000288035 -0.000447597 -0.000641509 -0.000869757  -0.00113251  -0.00143011  -0.00176311
-1.79132e-05 -7.13249e-05 -0.000159675 -0.000282589 -0.000439877 -0.000631533 -0.000857728  -0.00111882  -0.00141535  -0.00174805
-1.75861e-05 -7.01147e-05 -0.000157219 -0.000278717 -0.000434609 -0.000625074 -0.000850477  -0.00111136  -0.00140846  -0.00174271
-1.73571e-05 -6.92953e-05  -0.00015564 -0.000276399 -0.000431762 -0.000622099 -0.000847963  -0.00111009  -0.00140942  -0.00174707
-1.72248e-05 -6.88616e-05 -0.000154927 -0.000275619 -0.000431316 -0.000622581 -0.000850161  -0.00111499  -0.00141821  -0.00176114
-1.71882e-05 -6.88106e-05 -0.000155074 -0.000276369 -0.000433265 -0.000626519 -0.000857076  -0.00112607  -0.00143486  -0.00178497
 -1.7247e-05 -6.91414e-05 -0.000156082 -0.000278651 -0.000437614 -0.000633927 -0.000868737  -0.00114339  -0.00145945  -0.00181868
-1.74014e-05 -6.98554e-05 -0.000157954 -0.000282476 -0.000444387 -0.000644844 -0.000885205  -0.00116703  -0.00149211  -0.00186243
-1.76521e-05 -7.09561e-05 -0.000160701 -0.000287864 -0.000453616 -0.000659325 -0.000906564  -0.00119712  -0.00153301  -0.00191647
-1.80005e-05 -7.24489e-05 -0.000164335 -0.000294842  -0.00046535 -0.000677444 -0.000932924  -0.00123381  -0.00158236  -0.00198108
-1.84482e-05 -7.43414e-05 -0.000168875 -0.000303445 -0.000479648 -0.000699296 -0.000964423  -0.00127729  -0.00164043  -0.00205659
-1.89976e-05 -7.66435e-05 -0.000174346 -0.000313718 -0.000496586 -0.000724995  -0.00100123   -0.0013278  -0.00170751  -0.00214342
-1.96515e-05 -7.93674e-05 -0.000180776 -0.000325717 -0.000516253 -0.000754678  -0.00104353   -0.0013856  -0.00178398  -0.00224201
-2.04136e-05 -8.25277e-05 -0.000188199 -0.000339504 -0.000538754 -0.000788502  -0.00109156  -0.00145101  -0.00187023  -0.00234803
-2.12881e-05 -8.61423e-05 -0.000196657 -0.000355159 -0.000564219 -0.000826664  -0.00114559  -0.00152439  -0.00196189  -0.00244911
-2.22798e-05 -9.02311e-05 -0.000206198 -0.000372769 -0.000592791 -0.000869381  -0.00120594  -0.00160129  -0.00204648  -0.00252959
-2.33944e-05 -9.48179e-05 -0.000216877 -0.000392438 -0.000624637 -0.000916889  -0.00126803  -0.00166913  -0.00210826  -0.00257365
-2.46384e-05 -9.99288e-05 -0.000228756 -0.000414276 -0.000659923 -0.000964551  -0.00131923  -0.00171204  -0.00213126  -0.00256521
-2.60188e-05 -0.000105593 -0.000241897 -0.000438386 -0.000693927 -0.000999599  -0.00134351  -0.00171394  -0.00209923  -0.00248779
-2.75432e-05 -0.000111839 -0.000256358 -0.000459984 -0.000713812  -0.00100597  -0.00132474  -0.00165849  -0.00199563  -0.00232454
-2.92195e-05 -0.000118693 -0.000267322 -0.000466223 -0.000703543 -0.000967578  -0.00124672  -0.00152938  -0.00180396  -0.00205875
 -3.1056e-05  -0.00012133 -0.000261974 -0.000441169 -0.000647244 -0.000868619  -0.00109374  -0.00131103  -0.00150879  -0.00167516
-2.82015e-05 -0.000106872 -0.000224236 -0.000368667 -0.000528631 -0.000692619 -0.000849084 -0.000986372  -0.00109266  -0.00115782
-2.22768e-05 -8.32474e-05 -0.000171251 -0.000274716 -0.000382098 -0.000481815 -0.000562185 -0.000611354 -0.000619185 -0.000583302
-1.64262e-05 -5.98866e-05 -0.000118772   -0.0001815 -0.000236452 -0.000271909 -0.000275989 -0.000238525 -0.000157117 -3.51695e-05
-1.06164e-05 -3.66567e-05 -6.64991e-05 -8.84845e-05 -9.08554e-05 -6.16923e-05  9.20333e-06  0.000124265  0.000280116  0.000473666
 -4.8143e-06 -1.34254e-05 -1.41337e-05  4.86125e-06  5.55201e-05   0.00014808  0.000285013   0.00046298  0.000678913  0.000930036
9.92747e-07 9.85102e-06 3.84031e-05 9.86401e-05 0.000202768 0.000358455 0.000565617 0.000821219  0.00112251  0.00146703
6.86711e-06 3.34363e-05 9.17419e-05 0.000194036  0.00034804 0.000553721 0.000808081   0.0011084  0.00145224  0.00183742
1.28322e-05 5.74151e-05 0.000146044 0.000286498 0.000478797 0.000719985  0.00100738  0.00133857  0.00171142  0.00212402
1.89212e-05 8.19152e-05 0.000196817 0.000363706 0.000579673 0.000842081  0.00114856    0.001497  0.00188555  0.00231258
2.51675e-05 0.000102311  0.00023158 0.000410133 0.000635396 0.000905061  0.00121707  0.00156962  0.00196112  0.00239022
2.68411e-05  0.00010591  0.00023444 0.000409942 0.000630186 0.000893192  0.00119721  0.00154074  0.00192246  0.00234128
2.53869e-05 0.000100236 0.000222058 0.000388627 0.000597962 0.000848322  0.00113819  0.00146626  0.00183145  0.00223287
2.40759e-05 9.51274e-05  0.00021093 0.000369506 0.000569116 0.000808245   0.0010856  0.00140008  0.00175081  0.00213709
2.29004e-05  9.0554e-05 0.000200987 0.000352463 0.000543469 0.000772711   0.0010391  0.00134176  0.00167999  0.00205331
2.18532e-05  8.6488e-05 0.000192171 0.000337394 0.000520866 0.000741505 0.000998429  0.00129095  0.00161859  0.00198103
 2.0929e-05 8.29088e-05 0.000184436 0.000324223 0.000501192 0.000714465 0.000963363   0.0012474  0.00156627  0.00191986
2.01224e-05 7.97951e-05 0.000177736 0.000312871 0.000484328 0.000691431 0.000933695  0.00121083  0.00152271  0.00186944
1.94283e-05 7.71274e-05 0.000172029 0.000303266 0.000470169 0.000672257  0.00090924  0.00118101  0.00148766  0.00182944
1.88429e-05 7.48915e-05 0.000167285 0.000295358 0.000458639 0.000656841 0.000889865   0.0011578  0.00146091  0.00179966
 1.8363e-05 7.30744e-05 0.000163476 0.000289101  0.00044967 0.000645091 0.000875456  0.00114104  0.00144231  0.00177991
1.79858e-05 7.16657e-05  0.00016058 0.000284457 0.000443211 0.000636941 0.000865929  0.00113064  0.00143174  0.00177008
 1.7709e-05 7.06572e-05 0.000158581 0.000281402 0.000439227 0.000632345 0.000861234  0.00112656  0.00142917  0.00177012
1.75311e-05 7.00429e-05 0.000157466 0.000279914 0.000437688  0.00063127 0.000861332  0.00112874  0.00143454     0.00178
1.74507e-05 6.98184e-05 0.000157227 0.000279984 0.000438583 0.000633704 0.000866217  0.00113719  0.00144788  0.00179977
1.74674e-05  6.9982e-05 0.000157861 0.000281608 0.000441913 0.000639654 0.000875905  0.00115194  0.00146924   0.0018295
 1.7581e-05 7.05337e-05 0.000159371 0.000284794 0.000447691 0.000649146 0.000890443  0.00117307  0.00149873  0.00186936
 1.7792e-05  7.1476e-05 0.000161763 0.000289555 0.000455946 0.000662229 0.000909904  0.00120068   0.0015365  0.00191954
1.81014e-05 7.28136e-05  0.00016505 0.000295916 0.000466719 0.000678969 0.000934388  0.00123492  0.00158275  0.00198031
1.85108e-05 7.45533e-05 0.000169247  0.00030391 0.000480067 0.000699452 0.000964022  0.00127597  0.00163772  0.00205199
1.90222e-05 7.67038e-05 0.000174377 0.000313578 0.000496058 0.000723785  0.00099896  0.00132403   0.0017017  0.00213496
1.96383e-05 7.92764e-05 0.000180466  0.00032497 0.000514775 0.000752094  0.00103939  0.00137937  0.00177503  0.00222965
2.03625e-05 8.22847e-05 0.000187546 0.000338146 0.000536316 0.000784529  0.00108552  0.00144228   0.0018581  0.00233178
2.11987e-05 8.57458e-05 0.000195657 0.000353181 0.000560807  0.00082128  0.00113762  0.00151311  0.00194658  0.00242919
2.21517e-05 8.96792e-05 0.000204847 0.000370162 0.000588389 0.000862558  0.00119598  0.00158748  0.00202822  0.00250646
 2.3227e-05 9.41077e-05 0.000215167 0.000389188 0.000619221 0.000908592  0.00125613  0.00165303  0.00208753  0.00254804
2.44307e-05 9.90566e-05 0.000226678 0.000410365 0.000653465 0.000954819  0.00130562  0.00169414  0.00210879   0.0025381
2.57697e-05 0.000104554  0.00023944 0.000433795 0.000686475 0.000988686  0.00132871  0.00169498  0.00207603  0.00246043
2.72523e-05 0.000110631 0.000253517 0.000454784  0.00070565 0.000994415  0.00130953  0.00163953    0.001973  0.00229849
2.88849e-05 0.000117309 0.000264162 0.000460683 0.000695188 0.000956145  0.00123211  0.00151168   0.0017834  0.00203575
3.06753e-05 0.000119842 0.000258772 0.000435818 0.000639476 0.000858335  0.00108101  0.00129609  0.00149206  0.00165724
2.78551e-05 0.000105572 0.000221543 0.000364311 0.000522509 0.000684797 0.000839797 0.000976027  0.00108183  0.00114534
2.20155e-05 8.22869e-05 0.000169322 0.000271717 0.000378096 0.000477048 0.000557061  0.00060646 0.000613344 0.000572196
1.62497e-05 5.92652e-05 0.000117606 0.000179858 0.000234574 0.000270208 0.000275053 0.000237182 0.000151053 1.87375e-05
  1.0525e-05   3.6376e-05  6.61005e-05  8.82107e-05   9.1122e-05  6.30911e-05 -7.84097e-06 -0.000127249  -0.00029309 -0.000502348
 4.80883e-06  1.34888e-05  1.45118e-05 -3.74909e-06  -5.3078e-05 -0.000145472 -0.000286547 -0.000474293 -0.000705721 -0.000978126
-9.06981e-07 -9.43802e-06 -3.72801e-05 -9.62797e-05 -0.000198494 -0.000351507 -0.000555262 -0.000806802  -0.00110345   -0.0014428
-6.71214e-06 -3.27447e-05 -8.99867e-05 -0.000190541 -0.000342043 -0.000544488 -0.000794953  -0.00109079  -0.00142963  -0.00180935
-1.26061e-05 -5.64367e-05 -0.000143638   -0.0002819 -0.000471273 -0.000708873 -0.000992091  -0.00131858  -0.00168627  -0.00209332
-1.86216e-05 -8.06404e-05 -0.000193804 -0.000358219 -0.000571049 -0.000829729  -0.00113195  -0.00147568  -0.00185911  -0.00228067
-2.47917e-05 -0.000100796  -0.00022819 -0.000404203 -0.000626331 -0.000892332  -0.00120021  -0.00154821  -0.00193482  -0.00235873
-2.64541e-05 -0.000104399 -0.000231139 -0.000404252 -0.000621575 -0.000881186   -0.0011814  -0.00152075    -0.001898  -0.00231209
-2.50371e-05 -9.88715e-05 -0.000219082 -0.000383506 -0.000590226 -0.000837556  -0.00112403  -0.00144842  -0.00180966  -0.00220693
-2.37612e-05 -9.39017e-05 -0.000208261 -0.000364923 -0.000562207 -0.000798654  -0.00107302  -0.00138426  -0.00173155  -0.00211424
-2.26192e-05 -8.94607e-05 -0.000198612 -0.000348394 -0.000537352 -0.000764244  -0.00102804  -0.00132789  -0.00166317  -0.00203344
 -2.1604e-05 -8.55213e-05 -0.000190077 -0.000333818 -0.000515509 -0.000734117 -0.000988812  -0.00127896  -0.00160411  -0.00196402
-2.07102e-05  -8.2062e-05 -0.000182608 -0.000321115 -0.000496556 -0.000708105  -0.00095513  -0.00123719  -0.00155403  -0.00190559
-1.99326e-05 -7.90635e-05 -0.000176164 -0.000310213 -0.000480388 -0.000686063   -0.0009268  -0.00120235  -0.00151266  -0.00185783
-1.92667e-05 -7.65075e-05 -0.000170706 -0.000301046 -0.000466907 -0.000667855 -0.000903649  -0.00117423  -0.00147973  -0.00182045
-1.87082e-05 -7.43782e-05   -0.0001662 -0.000293558 -0.000456027 -0.000653369 -0.000885532  -0.00115265  -0.00145503   -0.0017932
-1.82544e-05 -7.26649e-05 -0.000162623 -0.000287709 -0.000447694  -0.00064253 -0.000872356  -0.00113749  -0.00143846  -0.00177594
-1.79026e-05 -7.13574e-05 -0.000159953 -0.000283466 -0.000441858 -0.000635273 -0.000864041  -0.00112868  -0.00142989  -0.00176858
-1.76507e-05 -7.04482e-05 -0.000158176 -0.000280805 -0.000438487 -0.000631559 -0.000860546  -0.00112616   -0.0014293  -0.00177107
-1.74974e-05 -6.99319e-05 -0.000157281 -0.000279708 -0.000437558 -0.000631363  -0.00086184   -0.0011299  -0.00143665  -0.00178341
-1.74415e-05 -6.98053e-05 -0.000157263 -0.000280169 -0.000439064 -0.000634677 -0.000867926  -0.00113992  -0.00145199  -0.00180565
-1.74827e-05 -7.00669e-05 -0.000158118 -0.000282186 -0.000443009 -0.000641516 -0.000878828  -0.00115627  -0.00147538  -0.00183791
 -1.7621e-05 -7.07174e-05  -0.00015985 -0.000285768  -0.00044941 -0.000651909 -0.000894599  -0.00117902  -0.00150694  -0.00188033
-1.78568e-05 -7.17596e-05 -0.000162468 -0.000290932 -0.000458297 -0.000665907 -0.000915314  -0.00120829  -0.00154682  -0.00193314
-1.81915e-05 -7.31984e-05 -0.000165983 -0.000297703 -0.000469714 -0.000683581 -0.000941081  -0.00124422  -0.00159523  -0.00199661
-1.86265e-05 -7.50412e-05 -0.000170414 -0.000306115 -0.000483721 -0.000705022 -0.000972032    -0.001287  -0.00165243  -0.00207107
-1.91642e-05 -7.72974e-05 -0.000175783 -0.000316213  -0.00050039 -0.000730341  -0.00100833  -0.00133686  -0.00171871  -0.00215692
-1.98073e-05 -7.99785e-05 -0.000182119 -0.000328047 -0.000519806  -0.00075967  -0.00105016  -0.00139406  -0.00179443  -0.00225461
-2.05592e-05 -8.30989e-05 -0.000189454 -0.000341682 -0.000542073 -0.000793164  -0.00109775  -0.00145891  -0.00187998  -0.00235979
-2.14242e-05 -8.66764e-05  -0.00019783 -0.000357194  -0.00056732  -0.00083102  -0.00115138  -0.00153177  -0.00197099  -0.00246009
-2.24073e-05 -9.07312e-05 -0.000207297 -0.000374674 -0.000595693 -0.000873456  -0.00121134  -0.00160818    -0.002055  -0.00253987
 -2.3514e-05 -9.52867e-05 -0.000217907 -0.000394223 -0.000627356 -0.000920706   -0.0012731  -0.00167558  -0.00211623  -0.00258328
-2.47508e-05  -0.00010037 -0.000229723 -0.000415953 -0.000662477 -0.000968133  -0.00132398   -0.0017181  -0.00213875  -0.00257426
-2.61254e-05 -0.000106011 -0.000242815 -0.000439976 -0.000696341  -0.00100298    -0.001348  -0.00171965  -0.00210631  -0.00249635
-2.76442e-05 -0.000112234 -0.000257227 -0.000461481 -0.000716075  -0.00100914  -0.00132894  -0.00166385  -0.00200228   -0.0023326
-2.93148e-05 -0.000119066 -0.000268131 -0.000467605 -0.000705632 -0.000970507  -0.00125062  -0.00153438  -0.00181018   -0.0020663
-3.11456e-05 -0.000121667 -0.000262697 -0.000442412 -0.000649139 -0.000871295  -0.00109733  -0.00131564  -0.00151456  -0.00168221
-2.82698e-05 -0.000107145 -0.000224847  -0.00036975 -0.000530315 -0.000695033 -0.000852352 -0.000990617    -0.001098  -0.00116244
-2.23442e-05 -8.35166e-05 -0.000171855 -0.000275786 -0.000383763 -0.000484202 -0.000565418 -0.000615556 -0.000622537  -0.00058117
-1.64934e-05 -6.01549e-05 -0.000119374 -0.000182567 -0.000238113 -0.000274291 -0.000279216 -0.000240782 -0.000153772 -2.07148e-05
-1.06841e-05 -3.69272e-05 -6.71061e-05 -8.95604e-05 -9.25306e-05 -6.40949e-05  7.88735e-06  0.000128666   0.00029574  0.000506025
-4.88342e-06 -1.37015e-05 -1.47534e-05  3.76282e-06  5.38101e-05  0.000147568  0.000290328  0.000479629  0.000712408  0.000985892
9.24917e-07 9.58591e-06 3.78241e-05 9.76441e-05 0.000201266 0.000356376 0.000562903 0.000817813  0.00111836  0.00146208
6.80477e-06 3.31933e-05 9.12133e-05  0.00019313 0.000346687 0.000551864 0.000805664  0.00110537  0.00144855  0.00183303
1.27754e-05 5.71943e-05 0.000145566 0.000285691 0.000477607 0.000718359  0.00100527  0.00133592  0.00170819  0.00212018
  1.887e-05 8.17172e-05 0.000196401 0.000363021 0.000578667 0.000840706  0.00114677  0.00149475   0.0018828  0.00230928
2.51224e-05  0.00010215 0.000231254 0.000409592 0.000634594 0.000903952  0.00121561  0.00156777  0.00195884  0.00238747
2.68167e-05 0.000105813 0.000234223 0.000409558 0.000629591 0.000892344  0.00119607  0.00153926  0.00192062  0.00233904
2.53637e-05 0.000100144 0.000221853 0.000388265 0.000597403 0.000847525  0.00113712  0.00146488  0.00182973  0.00223077
2.40539e-05 9.50401e-05 0.000210735 0.000369164 0.000568588 0.000807495  0.00108459  0.00139878  0.00174919  0.00213512
2.28798e-05 9.04722e-05 0.000200805 0.000352143 0.000542976  0.00077201  0.00103816  0.00134055  0.00167848  0.00205148
2.18342e-05 8.64126e-05 0.000192003   0.0003371 0.000520412  0.00074086 0.000997563  0.00128984   0.0016172  0.00197934
2.09113e-05 8.28385e-05 0.000184279 0.000323948 0.000500769 0.000713865 0.000962557  0.00124636  0.00156497  0.00191829
2.01058e-05 7.97295e-05  0.00017759 0.000312615 0.000483934 0.000690873 0.000932947  0.00120986  0.00152151  0.00186798
1.94133e-05 7.70679e-05 0.000171897 0.000303035 0.000469812  0.00067175  0.00090856  0.00118014  0.00148657  0.00182811
1.88295e-05 7.48381e-05 0.000167166  0.00029515 0.000458317 0.000656384 0.000889252  0.00115701  0.00145992  0.00179846
1.83511e-05 7.30269e-05  0.00016337 0.000288915 0.000449384 0.000644684 0.000874908  0.00114033  0.00144142  0.00177883
1.79752e-05 7.16236e-05 0.000160486 0.000284292 0.000442957 0.000636579 0.000865441  0.00113001  0.00143096  0.00176912
1.76997e-05   7.062e-05 0.000158498 0.000281256 0.000439001 0.000632024 0.000860801    0.001126  0.00142846  0.00176926
1.75228e-05 7.00101e-05 0.000157393 0.000279786 0.000437489 0.000630986 0.000860948  0.00112824  0.00143391  0.00177923
1.74435e-05 6.97896e-05 0.000157163 0.000279871 0.000438408 0.000633453 0.000865876  0.00113674  0.00144732  0.00179907
1.74611e-05  6.9957e-05 0.000157806  0.00028151  0.00044176 0.000639434 0.000875605  0.00115155  0.00146874  0.00182887
1.75757e-05 7.05128e-05 0.000159324  0.00028471 0.000447561 0.000648957 0.000890182  0.00117272  0.00149828  0.00186879
1.77877e-05 7.14589e-05 0.000161724 0.000289485 0.000455833 0.000662062 0.000909669  0.00120036  0.00153608  0.00191899
 1.8098e-05 7.27997e-05 0.000165017 0.000295856  0.00046662 0.000678817 0.000934168  0.00123462  0.00158234  0.00197976
 1.8508e-05 7.45416e-05 0.000169219 0.000303856 0.000479974 0.000699305 0.000963804  0.00127566  0.00163729  0.00205141
1.90198e-05 7.66934e-05  0.00017435 0.000313525 0.000495964 0.000723634  0.00099873   0.0013237  0.00170123  0.00213432
1.96362e-05 7.92664e-05 0.000180439 0.000324915 0.000514675 0.000751929  0.00103913    0.001379   0.0017745  0.00222893
2.03603e-05 8.22743e-05 0.000187518 0.000338086 0.000536207 0.000784347  0.00108523  0.00144186   0.0018575  0.00233097
2.11962e-05 8.57339e-05 0.000195625 0.000353113 0.000560681 0.000821071  0.00113729  0.00151263   0.0019459  0.00242826
2.21486e-05 8.96648e-05 0.000204808  0.00037008  0.00058824 0.000862313   0.0011956  0.00158692  0.00202744  0.00250539
2.32232e-05 9.40899e-05  0.00021512  0.00038909 0.000619044 0.000908303  0.00125569  0.00165237  0.00208661   0.0025468
2.44259e-05 9.90344e-05  0.00022662 0.000410247 0.000653254 0.000954473  0.00130509  0.00169336  0.00210772  0.00253666
2.57636e-05 0.000104526 0.000239369 0.000433652 0.000686218 0.000988261  0.00132806  0.00169405  0.00207476  0.00245874
2.72442e-05 0.000110595 0.000253426 0.000454598 0.000705314 0.000993873  0.00130872   0.0016384  0.00197147  0.00229648
 2.8875e-05 0.000117265 0.000264045 0.000460437 0.000694758 0.000955471  0.00123113  0.00151032   0.0017816  0.00203341
3.06633e-05 0.000119778 0.000258601 0.000435483 0.000638918  0.00085749  0.00107981  0.00129446  0.00148992  0.00165449
2.78267e-05 0.000105458 0.000221287 0.000363853 0.000521787 0.000683742 0.000838334 0.000974075   0.0010793  0.00114214
2.19867e-05 8.21711e-05 0.000169059 0.000271244 0.000377345 0.000475945 0.000555525 0.000604402 0.000610667 0.000569792
1.62201e-05 5.91455e-05 0.000117333 0.000179364 0.000233785 0.000269043 0.000273424 0.000234991 0.000149193 1.90907e-05
 1.04941e-05  3.62506e-05   6.5813e-05  8.76877e-05  9.02834e-05  6.18486e-05 -9.58451e-06 -0.000128602 -0.000292171 -0.000497288
 4.77629e-06  1.33565e-05  1.42069e-05 -4.30574e-06 -5.39738e-05 -0.000146803 -0.000287422 -0.000472834 -0.000700059 -0.000966405
-9.78342e-07 -9.71858e-06  -3.7899e-05 -9.73591e-05 -0.000200152 -0.000353868  -0.00055847 -0.000811008  -0.00110882  -0.00144951
-6.77735e-06 -3.30016e-05 -9.05552e-05 -0.000191536  -0.00034359 -0.000546731 -0.000798045   -0.0010949  -0.00143492  -0.00181603
-1.26661e-05 -5.66739e-05 -0.000144164 -0.000282841 -0.000472773 -0.000711087 -0.000995184  -0.00132273  -0.00169167  -0.00210017
-1.86776e-05 -8.08621e-05 -0.000194316 -0.000359167 -0.000572589 -0.000832026  -0.00113519  -0.00148005  -0.00186481  -0.00228794
-2.48448e-05 -0.000101026 -0.000228743 -0.000405235  -0.00062801 -0.000894837  -0.00120374  -0.00155297  -0.00194103  -0.00236664
-2.65244e-05 -0.000104685 -0.000231797 -0.000405451 -0.000623493  -0.00088402  -0.00118536  -0.00152606   -0.0019049  -0.00232085
-2.51124e-05 -9.91784e-05 -0.000219789 -0.000384794  -0.00059229 -0.000840607   -0.0011283  -0.00145414  -0.00181711  -0.00221638
-2.38421e-05 -9.42316e-05 -0.000209021  -0.00036631 -0.000564431 -0.000801943  -0.00107762  -0.00139044  -0.00173959  -0.00212445
-2.27059e-05 -8.98146e-05 -0.000199428 -0.000349884 -0.000539744 -0.000767784  -0.00103299  -0.00133455  -0.00167184  -0.00204444
-2.16975e-05  -8.5903e-05 -0.000190958 -0.000335427 -0.000518091 -0.000737939 -0.000994162  -0.00128615  -0.00161347   -0.0019759
-2.08112e-05 -8.24745e-05  -0.00018356 -0.000322853 -0.000499348 -0.000712238 -0.000960914  -0.00124496  -0.00156415  -0.00191844
-2.00417e-05 -7.95092e-05 -0.000177193 -0.000312092 -0.000483405 -0.000690529 -0.000933052  -0.00121075  -0.00152359  -0.00187172
-1.93848e-05   -7.699e-05  -0.00017182  -0.00030308 -0.000470172 -0.000672688 -0.000910412  -0.00118331  -0.00149155  -0.00183546
-1.88365e-05  -7.4902e-05 -0.000167408 -0.000295764 -0.000459567 -0.000658608  -0.00089286  -0.00116248  -0.00146783  -0.00180944
-1.83936e-05  -7.3233e-05 -0.000163933   -0.0002901  -0.00045153 -0.000648203 -0.000880288  -0.00114814   -0.0014523   -0.0017935
-1.80534e-05 -7.19728e-05 -0.000161372 -0.000286055 -0.000446009  -0.00064141 -0.000872618  -0.00114018  -0.00144484  -0.00178753
-1.78139e-05 -7.11137e-05  -0.00015971 -0.000283601 -0.000442969 -0.000638183 -0.000869798  -0.00113856  -0.00144541  -0.00179149
-1.76734e-05   -7.065e-05 -0.000158936 -0.000282723 -0.000442389 -0.000638498 -0.000871803  -0.00114325  -0.00145399  -0.00180537
-1.76311e-05 -7.05785e-05 -0.000159043 -0.000283413  -0.00044426 -0.000642349 -0.000878633  -0.00115427  -0.00147061  -0.00182923
-1.76865e-05 -7.08979e-05 -0.000160031  -0.00028567 -0.000448589 -0.000649751 -0.000890319  -0.00117166  -0.00149535  -0.00186319
-1.78398e-05 -7.16092e-05 -0.000161903 -0.000289506 -0.000455394 -0.000660739 -0.000906916  -0.00119551  -0.00152833  -0.00190741
-1.80915e-05 -7.27158e-05 -0.000164669 -0.000294938 -0.000464708 -0.000675366 -0.000928508  -0.00122595  -0.00156973  -0.00196213
 -1.8443e-05  -7.4223e-05 -0.000168341 -0.000301993  -0.00047658 -0.000693709 -0.000955204  -0.00126312  -0.00161975  -0.00202763
-1.88959e-05 -7.61385e-05 -0.000172938 -0.000310708  -0.00049107  -0.00071586 -0.000987144  -0.00130722  -0.00167865  -0.00210426
-1.94526e-05 -7.84719e-05 -0.000178485 -0.000321128 -0.000508252 -0.000741936  -0.00102449  -0.00135849  -0.00174676  -0.00219242
-2.01159e-05 -8.12355e-05 -0.000185009 -0.000333306 -0.000528217 -0.000772073  -0.00106745   -0.0014172  -0.00182444  -0.00229258
-2.08895e-05  -8.4444e-05 -0.000192547 -0.000347309 -0.000551074 -0.000806437  -0.00111626  -0.00148367   -0.0019121  -0.00240043
-2.17777e-05 -8.81157e-05  -0.00020114 -0.000363215 -0.000576951 -0.000845223  -0.00117118  -0.00155827  -0.00200537   -0.0025036
-2.27854e-05 -9.22712e-05 -0.000210838 -0.000381117 -0.000605999 -0.000888656  -0.00123254  -0.00163655   -0.0020918  -0.00258645
-2.39186e-05 -9.69344e-05 -0.000221697 -0.000401117 -0.000638386 -0.000936975  -0.00129579  -0.00170596  -0.00215565  -0.00263318
-2.51846e-05 -0.000102136 -0.000233786 -0.000423344 -0.000674303 -0.000985578  -0.00134831  -0.00175068  -0.00218103  -0.00262779
-2.65901e-05 -0.000107903 -0.000247166 -0.000447894 -0.000709014  -0.00102168  -0.00137409   -0.0017546  -0.00215165  -0.00255375
-2.81419e-05 -0.000114261 -0.000261889 -0.000469969  -0.00072967   -0.0010292  -0.00135694  -0.00170134  -0.00205092  -0.00239418
 -2.9848e-05 -0.000121238 -0.000273133 -0.000476721 -0.000720232 -0.000992053  -0.00128067  -0.00157461  -0.00186237  -0.00213238
-3.17165e-05 -0.000124002 -0.000268079 -0.000452214 -0.000664827 -0.000894436   -0.0011296  -0.00135883  -0.00157058  -0.00175312
-2.88911e-05 -0.000109673 -0.000230654 -0.000380304 -0.000547186 -0.000719899  -0.00088701  -0.00103699  -0.00115814  -0.00123856
-2.30075e-05 -8.62158e-05 -0.000178058 -0.000287064 -0.000401796  -0.00051079 -0.000602487 -0.000665168   -0.0006869 -0.000663277
-1.72019e-05 -6.30391e-05 -0.000126005 -0.000194626   -0.0002574 -0.000302737 -0.000318887 -0.000293891 -0.000223317 -0.000110489
-1.14416e-05 -4.00113e-05 -7.41981e-05 -0.000102462 -0.000113172 -9.45452e-05 -3.45894e-05  7.11585e-05  0.000219402   0.00040687
 -5.6937e-06 -1.70011e-05 -2.23427e-05 -1.00465e-05  3.17106e-05  0.000114958    0.0002442  0.000416172  0.000627629    0.0008756
5.91644e-08 6.05796e-06 2.97029e-05 8.28544e-05 0.000177578 0.000321388 0.000514032 0.000752294  0.00103323  0.00135416
5.87555e-06 2.94064e-05 8.24947e-05 0.000177251 0.000321241 0.000514261  0.00075313  0.00103493  0.00135702  0.00171699
1.17777e-05  5.3128e-05 0.000136203 0.000268624  0.00045024 0.000677908  0.00094875  0.00126014  0.00160972  0.00199534
1.77984e-05 7.73488e-05 0.000186327 0.000344639 0.000549189 0.000797141  0.00108591  0.00141316  0.00177679  0.00217491
2.39705e-05 9.74373e-05 0.000220375 0.000389752 0.000602795  0.00085698  0.00115002  0.00147986  0.00184465  0.00224275
2.55587e-05 0.000100689 0.000222434 0.000388101 0.000595245 0.000841653  0.00112533  0.00144449  0.00179755  0.00218311
2.40126e-05   9.464e-05 0.000209189 0.000365213   0.0005605 0.000793055  0.00106109  0.00136303  0.00169746  0.00206316
2.26023e-05 8.91265e-05 0.000197127 0.000344392 0.000528927  0.00074895  0.00100287  0.00128929  0.00160699  0.00195492
2.13198e-05 8.41169e-05  0.00018618 0.000325516 0.000500343 0.000709074  0.00095031  0.00122283  0.00152559  0.00185771
2.01577e-05 7.95823e-05 0.000176283 0.000308478 0.000474583 0.000673199  0.00090311  0.00116327   0.0014528  0.00177098
1.91093e-05 7.54962e-05  0.00016738 0.000293178 0.000451495 0.000641115 0.000860994  0.00111025  0.00138818   0.0016942
1.81684e-05 7.18351e-05 0.000159419 0.000279528 0.000430947 0.000612637 0.000823719  0.00106348  0.00133136  0.00162694
1.73299e-05 6.85785e-05 0.000152356  0.00026745 0.000412824 0.000587604 0.000791075  0.00102268  0.00128202  0.00156882
 1.6589e-05  6.5708e-05 0.000146149 0.000256877 0.000397022 0.000565873 0.000762875 0.000987626  0.00123987  0.00151951
1.59413e-05 6.32068e-05 0.000140764 0.000247747 0.000383449 0.000547318 0.000738955  0.00095811  0.00120468  0.00147871
1.53832e-05 6.10606e-05  0.00013617 0.000240007 0.000372027 0.000531832 0.000719175 0.000933959  0.00117623  0.00144618
1.49114e-05 5.92568e-05 0.000132338 0.000233612 0.000362687 0.000519321 0.000703419  0.00091503  0.00115435  0.00142173
1.45231e-05 5.77848e-05 0.000129247 0.000228523 0.000355375 0.000509713  0.00069159 0.000901209  0.00113892  0.00140521
1.42161e-05 5.66359e-05 0.000126878  0.00022471 0.000350047 0.000502948 0.000683619 0.000892411  0.00112983  0.00139652
1.39885e-05 5.58033e-05 0.000125218 0.000222152 0.000346671 0.000498986 0.000679455 0.000888582  0.00112702  0.00139559
1.38388e-05 5.52816e-05 0.000124254 0.000220829 0.000345223 0.000497798 0.000679066 0.000889686  0.00113047   0.0014024
1.37661e-05 5.50668e-05 0.000123981 0.000220731 0.000345688 0.000499369 0.000682438 0.000895717  0.00114018  0.00141698
1.37696e-05 5.51571e-05 0.000124393 0.000221855 0.000348067 0.000503701 0.000689583 0.000906697  0.00115619  0.00143938
1.38493e-05 5.55525e-05 0.000125494 0.000224205 0.000352367 0.000510813 0.000700533 0.000922678  0.00117857  0.00146971
1.40055e-05 5.62546e-05 0.000127287 0.000227792 0.000358611 0.000520741 0.000715343 0.000943743  0.00120745  0.00150815
1.42389e-05 5.72666e-05 0.000129781 0.000232632 0.000366827 0.000533533 0.000734086 0.000969999  0.00124297  0.00155488
1.45508e-05 5.85942e-05  0.00013299 0.000238754 0.000377063 0.000549262 0.000756873   0.0010016  0.00128533   0.0016053
1.49431e-05 6.02453e-05 0.000136933 0.000246192  0.00038938 0.000568025 0.000783841  0.00103873  0.00132991  0.00164674
1.54182e-05 6.22302e-05 0.000141634 0.000254995 0.000403856 0.000589939  0.00081515  0.00107672    0.001364  0.00166324
 1.5979e-05 6.45612e-05 0.000147124 0.000265219 0.000420582 0.000615131 0.000846098  0.00110283  0.00137158  0.00163863
1.66292e-05 6.72533e-05 0.000153436 0.000276925 0.000439648 0.000638844 0.000863859  0.00110096  0.00133642  0.00155649
1.73725e-05 7.03219e-05 0.000160605 0.000290163 0.000456236 0.000648178  0.00085226  0.00105477  0.00124197  0.00140503
1.82129e-05  7.3781e-05 0.000168653 0.000300077 0.000457409  0.00062693 0.000794936 0.000947687  0.00107637   0.0011801
1.91544e-05 7.76416e-05 0.000172719  0.00029375 0.000427025 0.000558851 0.000675494 0.000768152 0.000835939 0.000880848
 2.0201e-05 7.70496e-05 0.000159936 0.000255173 0.000349089 0.000427973 0.000483042 0.000513426 0.000521133 0.000508034
1.64841e-05 5.90965e-05 0.000114183  0.00016811 0.000207199 0.000222702 0.000213779 0.000182464 0.000130652 6.00934e-05
  9.6509e-06  3.17695e-05   5.2678e-05  5.86538e-05  4.09036e-05 -1.45422e-06 -6.64218e-05 -0.000152138 -0.000256878 -0.000394912
 2.82181e-06  4.42393e-06 -8.95878e-06 -4.61647e-05 -0.000108119 -0.000192865 -0.000298578 -0.000423566 -0.000582055 -0.000788739
-4.04141e-06 -2.30879e-05 -6.60233e-05 -0.000133821  -0.00022457 -0.000336489 -0.000467926  -0.00063307 -0.000846567  -0.00110776
-1.09763e-05  -4.5894e-05 -0.000105787  -0.00018881 -0.000293244 -0.000417494 -0.000575711 -0.000782485  -0.00103718  -0.00133922
-1.29682e-05 -5.06708e-05 -0.000111054 -0.000192475 -0.000293417 -0.000427549 -0.000608949    -0.000837  -0.00111113  -0.00143081
-1.20382e-05 -4.70187e-05 -0.000103018 -0.000178514 -0.000287181 -0.000443105 -0.000645666 -0.000894291  -0.00118845  -0.00152766
-1.11721e-05 -4.36182e-05 -9.55369e-05 -0.000180604 -0.000312905 -0.000491822 -0.000716781 -0.000987252  -0.00130275  -0.00166281
-1.03645e-05 -4.04489e-05 -0.000103652 -0.000214061 -0.000371056 -0.000574063 -0.000822553  -0.00111604  -0.00145406  -0.00183621
-9.61086e-06 -5.25719e-05 -0.000142689 -0.000279342 -0.000461958 -0.000690007    -0.000963  -0.00128048  -0.00164204  -0.00204728
-8.92967e-06 -5.01731e-05 -0.000137886 -0.000271491 -0.000450457 -0.000674292 -0.000942542  -0.00125479  -0.00161064  -0.00200974
-8.29755e-06 -4.79508e-05 -0.000133443 -0.000264239 -0.000439845 -0.000659805 -0.000923698  -0.00123113  -0.00158175  -0.00197522
-7.71104e-06  -4.5889e-05 -0.000129321 -0.000257511 -0.000430001 -0.000646368 -0.000906221   -0.0012092  -0.00155497  -0.00194322
 -7.1668e-06 -4.39851e-05 -0.000125534 -0.000251353 -0.000421018 -0.000634138  -0.00089035  -0.00118932  -0.00153074  -0.00191432
-6.66201e-06 -4.22037e-05 -0.000121959 -0.000245502 -0.000412439 -0.000622406 -0.000875067  -0.00117011  -0.00150726  -0.00188624
-6.19392e-06 -4.05319e-05 -0.000118564 -0.000239896 -0.000404161 -0.000611022 -0.000860168  -0.00115131  -0.00148419  -0.00185855
-5.75983e-06 -3.89782e-05 -0.000115403 -0.000234667 -0.000396431 -0.000600383 -0.000846234  -0.00113372  -0.00146259  -0.00183261
-5.35717e-06 -3.75478e-05 -0.000112514 -0.000229915 -0.000389436 -0.000590789 -0.000833704  -0.00111794  -0.00144326  -0.00180945
-4.98362e-06 -3.62346e-05 -0.000109889 -0.000225631  -0.00038317 -0.000582237 -0.000822585  -0.00110398  -0.00142622  -0.00178911
-4.63709e-06 -3.50249e-05 -0.000107488 -0.000221734 -0.000377493 -0.000574517 -0.000812576  -0.00109146  -0.00141097  -0.00177093
-4.31565e-06 -3.39031e-05 -0.000105262 -0.000218121 -0.000372232 -0.000567363 -0.000803303  -0.00107986  -0.00139684   -0.0017541
 -4.0175e-06 -3.28575e-05 -0.000103177 -0.000214725  -0.00036727 -0.000560599 -0.000794516  -0.00106884  -0.00138341  -0.00173806
-3.74093e-06 -3.18837e-05 -0.000101227 -0.000211539 -0.000362606 -0.000554228 -0.000786226  -0.00105843  -0.00137069  -0.00172286
-3.48433e-06 -3.09812e-05 -9.94223e-05 -0.000208592 -0.000358292  -0.00054834 -0.000778567  -0.00104882  -0.00135895  -0.00170884
-3.24622e-06  -3.0149e-05 -9.77686e-05 -0.000205905 -0.000354375  -0.00054301 -0.000771653  -0.00104016   -0.0013484  -0.00169626
-3.02521e-06 -2.93831e-05 -9.62596e-05  -0.00020347 -0.000350844 -0.000538226 -0.000765471  -0.00103245  -0.00133903  -0.00168512
-2.82007e-06 -2.86753e-05 -9.48714e-05 -0.000201237 -0.000347616 -0.000533862 -0.000759844  -0.00102544  -0.00133053  -0.00167503
-2.62967e-06 -2.80177e-05 -9.35804e-05  -0.00019916  -0.00034461 -0.000529797 -0.000754599   -0.0010189   -0.0013226  -0.00166561
-2.45293e-06 -2.74047e-05 -9.23719e-05 -0.000197208 -0.000341778 -0.000525959 -0.000749638  -0.00101271  -0.00131508  -0.00165666
-2.28886e-06 -2.68345e-05 -9.12454e-05 -0.000195386 -0.000339131 -0.000522368 -0.000744991   -0.0010069  -0.00130802  -0.00164826
-2.13653e-06 -2.63058e-05 -9.02022e-05   -0.0001937 -0.000336684  -0.00051905 -0.000740699  -0.00100154  -0.00130151  -0.00164051
-1.99655e-06 -2.58175e-05 -8.92338e-05 -0.000192129 -0.000334397 -0.000515941  -0.00073667 -0.000996504  -0.00129537  -0.00161432
-1.86856e-06 -2.53726e-05 -8.83542e-05 -0.000190706  -0.00033233 -0.000513136 -0.000733042 -0.000991972  -0.00127098   -0.0015511
-1.75213e-06  -2.4964e-05 -8.75393e-05 -0.000189379 -0.000330391 -0.000510493  -0.00072961 -0.000968794  -0.00120908  -0.00145034
-1.64685e-06 -2.45991e-05 -8.68206e-05 -0.000188219 -0.000328711  -0.00050822 -0.000707794 -0.000908458  -0.00111009  -0.00131259
-1.55236e-06 -2.42937e-05 -8.62641e-05 -0.000187378 -0.000327559 -0.000487829 -0.000649184 -0.000811504 -0.000974679   -0.0011386
-1.46905e-06 -2.39987e-05 -8.56704e-05 -0.000186406 -0.000307229 -0.000429138 -0.000552012 -0.000675737 -0.000800209  -0.00092533
-1.39645e-06 -2.37305e-05 -8.51088e-05 -0.000166568  -0.00024912  -0.00033264 -0.000417014 -0.000502134 -0.000587902 -0.000674226
-1.33448e-06 -2.35154e-05  -6.5793e-05 -0.000109174 -0.000153533 -0.000198751 -0.000244721  -0.00029134 -0.000338517 -0.000386164
 -1.2827e-06 -4.44223e-06 -8.72294e-06 -1.39955e-05   -2.014e-05 -2.70449e-05 -3.46071e-05 -4.27308e-05 -5.13269e-05 -6.03132e-05
-1.21212e-06 -4.16419e-06  -8.1096e-06 -1.29282e-05 -1.85086e-05 -2.47473e-05 -3.15485e-05  -3.8823e-05 -4.64883e-05  -5.4468e-05
 -1.1484e-06 -3.91225e-06 -7.55232e-06  -1.1957e-05 -1.70228e-05 -2.26535e-05 -2.87601e-05 -3.52599e-05 -4.20764e-05 -2.98709e-05
-1.09157e-06 -3.68604e-06  -7.0494e-06 -1.10779e-05 -1.56755e-05 -2.07527e-05  -2.6227e-05 -3.20214e-05 -1.88088e-05  3.27198e-05
-1.04163e-06 -3.48567e-06 -6.60104e-06 -1.02914e-05 -1.44674e-05 -1.90461e-05 -2.39504e-05 -9.85409e-06  4.25512e-05  0.000133302
-9.98602e-07 -3.31077e-06 -6.20697e-06 -9.59812e-06 -1.34009e-05 -1.75379e-05 -2.67256e-06  5.05133e-05  0.000142056  0.000271992
-9.80252e-07 -3.23811e-06 -6.04689e-06 -9.32075e-06 -1.29787e-05 -1.69455e-05 -1.88234e-06  5.15317e-05  0.000143332  0.000273554
-9.80252e-07 -3.23811e-06 -6.04689e-06 -9.32075e-06 -1.29787e-05 -1.69455e-05 -1.88234e-06  5.15317e-05  0.000143332  0.000273554
-9.80252e-07 -3.23811e-06 -6.04689e-06 -9.32075e-06 -1.29787e-05 -1.69455e-05 -1.88234e-06  5.15317e-05  0.000143332  0.000273554
-9.80252e-07 -3.23811e-06 -6.04689e-06 -9.32075e-06 -1.29787e-05 -1.69455e-05 -1.88234e-06  5.15317e-05  0.000143332  0.000273554
-9.80252e-07 -3.23811e-06 -6.04689e-06 -9.32075e-06 -1.29787e-05 -1.69455e-05 -1.88234e-06  5.15317e-05  0.000143332  0.000273554
-9.80252e-07 -3.23811e-06 -6.04689e-06 -9.32075e-06 -1.29787e-05 -1.69455e-05 -1.88234e-06  5.15317e-05  0.000143332  0.000273554
-9.80252e-07 -3.23811e-06 -6.04689e-06 -9.32075e-06 -1.29787e-05 -1.69455e-05 -1.88234e-06  5.15317e-05  0.000143332  0.000273554
-9.80252e-07 -3.23811e-06 -6.04689e-06 -9.32075e-06 -1.29787e-05 -1.69455e-05 -1.88234e-06  5.15317e-05  0.000143332  0.000273554
-9.80252e-07 -3.23811e-06 -6.04689e-06 -9.32075e-06 -1.29787e-05 -1.69455e-05 -1.88234e-06  5.15317e-05  0.000143332  0.000273554
-9.80252e-07 -3.23811e-06 -6.04689e-06 -9.32075e-06 -1.29787e-05 -1.69455e-05 -1.88234e-06  5.15317e-05  0.000143332  0.000273554
-9.80252e-07 -3.23811e-06 -6.04689e-06 -9.32075e-06 -1.29787e-05 -1.69455e-05 -1.88234e-06  5.15317e-05  0.000143332  0.000273554
-9.80252e-07 -3.23811e-06 -6.04689e-06 -9.32075e-06 -1.29787e-05 -1.69455e-05 -1.88234e-06  5.15317e-05  0.000143332  0.000273554
-9.80252e-07 -3.23811e-06 -6.04689e-06 -9.32075e-06 -1.29787e-05 -1.69455e-05 -1.88234e-06  5.15317e-05  0.000143332  0.000273554
-9.80252e-07 -3.23811e-06 -6.04689e-06 -9.32075e-06 -1.29787e-05 -1.69455e-05 -1.88234e-06  5.15317e-05  0.000143332  0.000273554
-9.80252e-07 -3.23811e-06 -6.04689e-06 -9.32075e-06 -1.29787e-05 -1.69455e-05 -1.88234e-06  5.15317e-05  0.000143332  0.000273554
-9.80252e-07 -3.23811e-06 -6.04689e-06 -9.32075e-06 -1.29787e-05 -1.69455e-05 -1.88234e-06  5.15317e-05  0.000143332  0.000273554
-9.80252e-07 -3.23811e-06 -6.04689e-06 -9.32075e-06 -1.29787e-05 -1.69455e-05 -1.88234e-06  5.15317e-05  0.000143332  0.000273554
-9.80252e-07 -3.23811e-06 -6.04689e-06 -9.32075e-06 -1.29787e-05 -1.69455e-05 -1.88234e-06  5.15317e-05  0.000143332  0.000273554
-9.80252e-07 -3.23811e-06 -6.04689e-06 -9.32075e-06 -1.29787e-05 -1.69455e-05 -1.88234e-06  5.15317e-05  0.000143332  0.000273554
-9.80252e-07 -3.23811e-06 -6.04689e-06 -9.32075e-06 -1.29787e-05 -1.69455e-05 -1.88234e-06  5.15317e-05  0.000143332  0.000273554
-9.80252e-07 -3.23811e-06 -6.04689e-06 -9.32075e-06 -1.29787e-05 -1.69455e-05 -1.88234e-06  5.15317e-05  0.000143332  0.000273554
-9.80252e-07 -3.23811e-06 -6.04689e-06 -9.32075e-06 -1.29787e-05 -1.69455e-05 -1.88234e-06  5.15317e-05  0.000143332  0.000273554
-9.80252e-07 -3.23811e-06 -6.04689e-06 -9.32075e-06 -1.29787e-05 -1.69455e-05 -1.88234e-06  5.15317e-05  0.000143332  0.000273554
-9.80252e-07 -3.23811e-06 -6.04689e-06 -9.32075e-06 -1.29787e-05 -1.69455e-05 -1.88234e-06  5.15317e-05  0.000143332  0.000273554
-9.80252e-07 -3.23811e-06 -6.04689e-06 -9.32075e-06 -1.29787e-05 -1.69455e-05 -1.88234e-06  5.15317e-05  0.000143332  0.000273554
-9.80252e-07 -3.23811e-06 -6.04689e-06 -9.32075e-06 -1.29787e-05 -1.69455e-05 -1.88234e-06  5.15317e-05  0.000143332  0.000273554
-9.80252e-07 -3.23811e-06 -6.04689e-06 -9.32075e-06 -1.29787e-05 -1.69455e-05 -1.88234e-06  5.15317e-05  0.000143332  0.000273554
-9.80252e-07 -3.23811e-06 -6.04689e-06 -9.32075e-06 -1.29787e-05 -1.69455e-05 -1.88234e-06  5.15317e-05  0.000143332  0.000273554
-9.80252e-07 -3.23811e-06 -6.04689e-06 -9.32075e-06 -1.29787e-05 -1.69455e-05 -1.88234e-06  5.15317e-05  0.000143332  0.000273554
-9.80252e-07 -3.23811e-06 -6.04689e-06 -9.32075e-06 -1.29787e-05 -1.69455e-05 -1.88234e-06  5.15317e-05  0.000143332  0.000273554
-9.80252e-07 -3.23811e-06 -6.04689e-06 -9.32075e-06 -1.29787e-05 -1.69455e-05 -1.88234e-06  5.15317e-05  0.000143332  0.000273554
-9.80252e-07 -3.23811e-06 -6.04689e-06 -9.32075e-06 -1.29787e-05 -1.69455e-05 -1.88234e-06  5.15317e-05  0.000143332  0.000273554
-9.80252e-07 -3.23811e-06 -6.04689e-06 -9.32075e-06 -1.29787e-05 -1.69455e-05 -1.88234e-06  5.15317e-05  0.000143332  0.000273554
-9.80252e-07 -3.23811e-06 -6.04689e-06 -9.32075e-06 -1.29787e-05 -1.69455e-05 -1.88234e-06  5.15317e-05  0.000143332  0.000273554
-9.80252e-07 -3.23811e-06 -6.04689e-06 -9.32075e-06 -1.29787e-05 -1.69455e-05 -1.88234e-06  5.15317e-05  0.000143332  0.000273554
-9.80252e-07 -3.23811e-06 -6.04689e-06 -9.32075e-06 -1.29787e-05 -1.69455e-05 -1.88234e-06  5.15317e-05  0.000143332  0.000273554
-9.80252e-07 -3.23811e-06 -6.04689e-06 -9.32075e-06 -1.29787e-05 -1.69455e-05 -1.88234e-06  5.15317e-05  0.000143332  0.000273554
-9.80252e-07 -3.23811e-06 -6.04689e-06 -9.32075e-06 -1.29787e-05 -1.69455e-05 -1.88234e-06  5.15317e-05  0.000143332  0.000273554
-9.80252e-07 -3.23811e-06 -6.04689e-06 -9.32075e-06 -1.29787e-05 -1.69455e-05 -1.88234e-06  5.15317e-05  0.000143332  0.000273554
-9.80252e-07 -3.23811e-06 -6.04689e-06 -9.32075e-06 -1.29787e-05 -1.69455e-05 -1.88234e-06  5.15317e-05  0.000143332  0.000273554
-9.80252e-07 -3.23811e-06 -6.04689e-06 -9.32075e-06 -1.29787e-05 -1.69455e-05 -1.88234e-06  5.15317e-05  0.000143332  0.000273554
-9.80252e-07 -3.23811e-06 -6.04689e-06 -9.32075e-06 -1.29787e-05 -1.69455e-05 -1.88234e-06  5.15317e-05  0.000143332  0.000273554
-9.80252e-07 -3.23811e-06 -6.04689e-06 -9.32075e-06 -1.29787e-05 -1.69455e-05 -1.88234e-06  5.15317e-05  0.000143332  0.000273554
-9.80252e-07 -3.23811e-06 -6.04689e-06 -9.32075e-06 -1.29787e-05 -1.69455e-05 -1.88234e-06  5.15317e-05  0.000143332  0.000273554
-9.80252e-07 -3.23811e-06 -6.04689e-06 -9.32075e-06 -1.29787e-05 -1.69455e-05 -1.88234e-06  5.15317e-05  0.000143332  0.000273554
-9.80252e-07 -3.23811e-06 -6.04689e-06 -9.32075e-06 -1.29787e-05 -1.69455e-05 -1.88234e-06  5.15317e-05  0.000143332  0.000273554
-9.80252e-07 -3.23811e-06 -6.04689e-06 -9.32075e-06 -1.29787e-05 -1.69455e-05 -1.88234e-06  5.15317e-05  0.000143332  0.000273554
-9.80252e-07 -3.23811e-06 -6.04689e-06 -9.32075e-06 -1.29787e-05 -1.69455e-05 -1.88234e-06  5.15317e-05  0.000143332  0.000273554
-9.80252e-07 -3.23811e-06 -6.04689e-06 -9.32075e-06 -1.29787e-05 -1.69455e-05 -1.88234e-06  5.15317e-05  0.000143332  0.000273554
-9.80252e-07 -3.23811e-06 -6.04689e-06 -9.32075e-06 -1.29787e-05 -1.69455e-05 -1.88234e-06  5.15317e-05  0.000143332  0.000273554
-9.80252e-07 -3.23811e-06 -6.04689e-06 -9.32075e-06 -1.29787e-05 -1.69455e-05 -1.88234e-06  5.15317e-05  0.000143332  0.000273554
-9.80252e-07 -3.23811e-06 -6.04689e-06 -9.32075e-06 -1.29787e-05 -1.69455e-05 -1.88234e-06  5.15317e-05  0.000143332  0.000273554
-9.80252e-07 -3.23811e-06 -6.04689e-06 -9.32075e-06 -1.29787e-05 -1.69455e-05 -1.88234e-06  5.15317e-05  0.000143332  0.000273554
-9.80252e-07 -3.23811e-06 -6.04689e-06 -9.32075e-06 -1.29787e-05 -1.69455e-05 -1.88234e-06  5.15317e-05  0.000143332  0.000273554
-9.80252e-07 -3.23811e-06 -6.04689e-06 -9.32075e-06 -1.29787e-05 -1.69455e-05 -1.88234e-06  5.15317e-05  0.000143332  0.000273554
-9.80252e-07 -3.23811e-06 -6.04689e-06 -9.32075e-06 -1.29787e-05 -1.69455e-05 -1.88234e-06  5.15317e-05  0.000143332  0.000273554
-9.80252e-07 -3.23811e-06 -6.04689e-06 -9.32075e-06 -1.29787e-05 -1.69455e-05 -1.88234e-06  5.15317e-05  0.000143332  0.000273554
-9.80252e-07 -3.23811e-06 -6.04689e-06 -9.32075e-06 -1.29787e-05 -1.69455e-05 -1.88234e-06  5.15317e-05  0.000143332  0.000273554
-9.80252e-07 -3.23811e-06 -6.04689e-06 -9.32075e-06 -1.29787e-05 -1.69455e-05 -1.88234e-06  5.15317e-05  0.000143332  0.000273554
-9.80252e-07 -3.23811e-06 -6.04689e-06 -9.32075e-06 -1.29787e-05 -1.69455e-05 -1.88234e-06  5.15317e-05  0.000143332  0.000273554
-9.80252e-07 -3.23811e-06 -6.04689e-06 -9.32075e-06 -1.29787e-05 -1.69455e-05 -1.88234e-06  5.15317e-05  0.000143332  0.000273554
-9.80252e-07 -3.23811e-06 -6.04689e-06 -9.32075e-06 -1.29787e-05 -1.69455e-05 -1.88234e-06  5.15317e-05  0.000143332  0.000273554
-9.80252e-07 -3.23811e-06 -6.04689e-06 -9.32075e-06 -1.29787e-05 -1.69455e-05 -1.88234e-06  5.15317e-05  0.000143332  0.000273554
-9.80252e-07 -3.23811e-06 -6.04689e-06 -9.32075e-06 -1.29787e-05 -1.69455e-05 -1.88234e-06  5.15317e-05  0.000143332  0.000273554
-9.80252e-07 -3.23811e-06 -6.04689e-06 -9.32075e-06 -1.29787e-05 -1.69455e-05 -1.88234e-06  5.15317e-05  0.000143332  0.000273554
-9.80252e-07 -3.23811e-06 -6.04689e-06 -9.32075e-06 -1.29787e-05 -1.69455e-05 -1.88234e-06  5.15317e-05  0.000143332  0.000273554
-9.80252e-07 -3.23811e-06 -6.04689e-06 -9.32075e-06 -1.29787e-05 -1.69455e-05 -1.88234e-06  5.15317e-05  0.000143332  0.000273554
-9.80252e-07 -3.23811e-06 -6.04689e-06 -9.32075e-06 -1.29787e-05 -1.69455e-05 -1.88234e-06  5.15317e-05  0.000143332  0.000273554
-9.80252e-07 -3.23811e-06 -6.04689e-06 -9.32075e-06 -1.29787e-05 -1.69455e-05 -1.88234e-06  5.15317e-05  0.000143332  0.000273554
-9.80252e-07 -3.23811e-06 -6.04689e-06 -9.32075e-06 -1.29787e-05 -1.69455e-05 -1.88234e-06  5.15317e-05  0.000143332  0.000273554
-9.80252e-07 -3.23811e-06 -6.04689e-06 -9.32075e-06 -1.29787e-05 -1.69455e-05 -1.88234e-06  5.15317e-05  0.000143332  0.000273554
-9.80252e-07 -3.23811e-06 -6.04689e-06 -9.32075e-06 -1.29787e-05 -1.69455e-05 -1.88234e-06  5.15317e-05  0.000143332  0.000273554
-9.80252e-07 -3.23811e-06 -6.04689e-06 -9.32075e-06 -1.29787e-05 -1.69455e-05 -1.88234e-06  5.15317e-05  0.000143332  0.000273554
-9.80252e-07 -3.23811e-06 -6.04689e-06 -9.32075e-06 -1.29787e-05 -1.69455e-05 -1.88234e-06  5.15317e-05  0.000143332  0.000273554
-9.80252e-07 -3.23811e-06 -6.04689e-06 -9.32075e-06 -1.29787e-05 -1.69455e-05 -1.88234e-06  5.15317e-05  0.000143332  0.000273554
-9.80252e-07 -3.23811e-06 -6.04689e-06 -9.32075e-06 -1.29787e-05 -1.69455e-05 -1.88234e-06  5.15317e-05  0.000143332  0.000273554
-9.80252e-07 -3.23811e-06 -6.04689e-06 -9.32075e-06 -1.29787e-05 -1.69455e-05 -1.88234e-06  5.15317e-05  0.000143332  0.000273554
-9.80252e-07 -3.23811e-06 -6.04689e-06 -9.32075e-06 -1.29787e-05 -1.69455e-05 -1.88234e-06  5.15317e-05  0.000143332  0.000273554
-9.80252e-07 -3.23811e-06 -6.04689e-06 -9.32075e-06 -1.29787e-05 -1.69455e-05 -1.88234e-06  5.15317e-05  0.000143332  0.000273554
-9.80252e-07 -3.23811e-06 -6.04689e-06 -9.32075e-06 -1.29787e-05 -1.69455e-05 -1.88234e-06  5.15317e-05  0.000143332  0.000273554
-9.80252e-07 -3.23811e-06 -6.04689e-06 -9.32075e-06 -1.29787e-05 -1.69455e-05 -1.88234e-06  5.15317e-05  0.000143332  0.000273554
-9.80252e-07 -3.23811e-06 -6.04689e-06 -9.32075e-06 -1.29787e-05 -1.69455e-05 -1.88234e-06  5.15317e-05  0.000143332  0.000273554
-9.80252e-07 -3.23811e-06 -6.04689e-06 -9.32075e-06 -1.29787e-05 -1.69455e-05 -1.88234e-06  5.15317e-05  0.000143332  0.000273554
-9.80252e-07 -3.23811e-06 -6.04689e-06 -9.32075e-06 -1.29787e-05 -1.69455e-05 -1.88234e-06  5.15317e-05  0.000143332  0.000273554
-9.80252e-07 -3.23811e-06 -6.04689e-06 -9.32075e-06 -1.29787e-05 -1.69455e-05 -1.88234e-06  5.15317e-05  0.000143332  0.000273554
-9.80252e-07 -3.23811e-06 -6.04689e-06 -9.32075e-06 -1.29787e-05 -1.69455e-05 -1.88234e-06  5.15317e-05  0.000143332  0.000273554
-9.80252e-07 -3.23811e-06 -6.04689e-06 -9.32075e-06 -1.29787e-05 -1.69455e-05 -1.88234e-06  5.15317e-05  0.000143332  0.000273554
-9.80252e-07 -3.23811e-06 -6.04689e-06 -9.32075e-06 -1.29787e-05 -1.69455e-05 -1.88234e-06  5.15317e-05  0.000143332  0.000273554
-9.80252e-07 -3.23811e-06 -6.04689e-06 -9.32075e-06 -1.29787e-05 -1.69455e-05 -1.88234e-06  5.15317e-05  0.000143332  0.000273554
-9.80252e-07 -3.23811e-06 -6.04689e-06 -9.32075e-06 -1.29787e-05 -1.69455e-05 -1.88234e-06  5.15317e-05  0.000143332  0.000273554
-9.80252e-07 -3.23811e-06 -6.04689e-06 -9.32075e-06 -1.29787e-05 -1.69455e-05 -1.88234e-06  5.15317e-05  0.000143332  0.000273554
-9.80252e-07 -3.23811e-06 -6.04689e-06 -9.32075e-06 -1.29787e-05 -1.69455e-05 -1.88234e-06  5.15317e-05  0.000143332  0.000273554
-9.80252e-07 -3.23811e-06 -6.04689e-06 -9.32075e-06 -1.29787e-05 -1.69455e-05 -1.88234e-06  5.15317e-05  0.000143332  0.000273554
-9.80252e-07 -3.23811e-06 -6.04689e-06 -9.32075e-06 -1.29787e-05 -1.69455e-05 -1.88234e-06  5.15317e-05  0.000143332  0.000273554
-9.80252e-07 -3.23811e-06 -6.04689e-06 -9.32075e-06 -1.29787e-05 -1.69455e-05 -1.88234e-06  5.15317e-05  0.000143332  0.000273554
-9.80252e-07 -3.23811e-06 -6.04689e-06 -9.32075e-06 -1.29787e-05 -1.69455e-05 -1.88234e-06  5.15317e-05  0.000143332  0.000273554
-9.80252e-07 -3.23811e-06 -6.04689e-06 -9.32075e-06 -1.29787e-05 -1.69455e-05 -1.88234e-06  5.15317e-05  0.000143332  0.000273554
-9.80252e-07 -3.23811e-06 -6.04689e-06 -9.32075e-06 -1.29787e-05 -1.69455e-05 -1.88234e-06  5.15317e-05  0.000143332  0.000273554
-9.80252e-07 -3.23811e-06 -6.04689e-06 -9.32075e-06 -1.29787e-05 -1.69455e-05 -1.88234e-06  5.15317e-05  0.000143332  0.000273554
-9.80252e-07 -3.23811e-06 -6.04689e-06 -9.32075e-06 -1.29787e-05 -1.69455e-05 -1.88234e-06  5.15317e-05  0.000143332  0.000273554
-9.80252e-07 -3.23811e-06 -6.04689e-06 -9.32075e-06 -1.29787e-05 -1.69455e-05 -1.88234e-06  5.15317e-05  0.000143332  0.000273554
-9.80252e-07 -3.23811e-06 -6.04689e-06 -9.32075e-06 -1.29787e-05 -1.69455e-05 -1.88234e-06  5.15317e-05  0.000143332  0.000273554
-9.80252e-07 -3.23811e-06 -6.04689e-06 -9.32075e-06 -1.29787e-05 -1.69455e-05 -1.88234e-06  5.15317e-05  0.000143332  0.000273554
-9.80252e-07 -3.23811e-06 -6.04689e-06 -9.32075e-06 -1.29787e-05 -1.69455e-05 -1.88234e-06  5.15317e-05  0.000143332  0.000273554
-9.80252e-07 -3.23811e-06 -6.04689e-06 -9.32075e-06 -1.29787e-05 -1.69455e-05 -1.88234e-06  5.15317e-05  0.000143332  0.000273554
-9.80252e-07 -3.23811e-06 -6.04689e-06 -9.32075e-06 -1.29787e-05 -1.69455e-05 -1.88234e-06  5.15317e-05  0.000143332  0.000273554
-9.80252e-07 -3.23811e-06 -6.04689e-06 -9.32075e-06 -1.29787e-05 -1.69455e-05 -1.88234e-06  5.15317e-05  0.000143332  0.000273554
-9.80252e-07 -3.23811e-06 -6.04689e-06 -9.32075e-06 -1.29787e-05 -1.69455e-05 -1.88234e-06  5.15317e-05  0.000143332  0.000273554
-9.80252e-07 -3.23811e-06 -6.04689e-06 -9.32075e-06 -1.29787e-05 -1.69455e-05 -1.88234e-06  5.15317e-05  0.000143332  0.000273554
-9.80252e-07 -3.23811e-06 -6.04689e-06 -9.32075e-06 -1.29787e-05 -1.69455e-05 -1.88234e-06  5.15317e-05  0.000143332  0.000273554
-9.80252e-07 -3.23811e-06 -6.04689e-06 -9.32075e-06 -1.29787e-05 -1.69455e-05 -1.88234e-06  5.15317e-05  0.000143332  0.000273554
-9.80252e-07 -3.23811e-06 -6.04689e-06 -9.32075e-06 -1.29787e-05 -1.69455e-05 -1.88234e-06  5.15317e-05  0.000143332  0.000273554
-9.80252e-07 -3.23811e-06 -6.04689e-06 -9.32075e-06 -1.29787e-05 -1.69455e-05 -1.88234e-06  5.15317e-05  0.000143332  0.000273554
-9.80252e-07 -3.23811e-06 -6.04689e-06 -9.32075e-06 -1.29787e-05 -1.69455e-05 -1.88234e-06  5.15317e-05  0.000143332  0.000273554
-9.80252e-07 -3.23811e-06 -6.04689e-06 -9.32075e-06 -1.29787e-05 -1.69455e-05 -1.88234e-06  5.15317e-05  0.000143332  0.000273554
-9.80252e-07 -3.23811e-06 -6.04689e-06 -9.32075e-06 -1.29787e-05 -1.69455e-05 -1.88234e-06  5.15317e-05  0.000143332  0.000273554
-9.80252e-07 -3.23811e-06 -6.04689e-06 -9.32075e-06 -1.29787e-05 -1.69455e-05 -1.88234e-06  5.15317e-05  0.000143332  0.000273554
-9.80252e-07 -3.23811e-06 -6.04689e-06 -9.32075e-06 -1.29787e-05 -1.69455e-05 -1.88234e-06  5.15317e-05  0.000143332  0.000273554
-9.80252e-07 -3.23811e-06 -6.04689e-06 -9.32075e-06 -1.29787e-05 -1.69455e-05 -1.88234e-06  5.15317e-05  0.000143332  0.000273554
-9.80252e-07 -3.23811e-06 -6.04689e-06 -9.32075e-06 -1.29787e-05 -1.69455e-05 -1.88234e-06  5.15317e-05  0.000143332  0.000273554
-9.80252e-07 -3.23811e-06 -6.04689e-06 -9.32075e-06 -1.29787e-05 -1.69455e-05 -1.88234e-06  5.15317e-05  0.000143332  0.000273554
-9.80252e-07 -3.23811e-06 -6.04689e-06 -9.32075e-06 -1.29787e-05 -1.69455e-05 -1.88234e-06  5.15317e-05  0.000143332  0.000273554
-9.80252e-07 -3.23811e-06 -6.04689e-06 -9.32075e-06 -1.29787e-05 -1.69455e-05 -1.88234e-06  5.15317e-05  0.000143332  0.000273554
-9.80252e-07 -3.23811e-06 -6.04689e-06 -9.32075e-06 -1.29787e-05 -1.69455e-05 -1.88234e-06  5.15317e-05  0.000143332  0.000273554
-9.80252e-07 -3.23811e-06 -6.04689e-06 -9.32075e-06 -1.29787e-05 -1.69455e-05 -1.88234e-06  5.15317e-05  0.000143332  0.000273554
-9.80252e-07 -3.23811e-06 -6.04689e-06 -9.32075e-06 -1.29787e-05 -1.69455e-05 -1.88234e-06  5.15317e-05  0.000143332  0.000273554
-9.80252e-07 -3.23811e-06 -6.04689e-06 -9.32075e-06 -1.29787e-05 -1.69455e-05 -1.88234e-06  5.15317e-05  0.000143332  0.000273554
-9.80252e-07 -3.23811e-06 -6.04689e-06 -9.32075e-06 -1.29787e-05 -1.69455e-05 -1.88234e-06  5.15317e-05  0.000143332  0.000273554
-9.80252e-07 -3.23811e-06 -6.04689e-06 -9.32075e-06 -1.29787e-05 -1.69455e-05 -1.88234e-06  5.15317e-05  0.000143332  0.000273554
-9.80252e-07 -3.23811e-06 -6.04689e-06 -9.32075e-06 -1.29787e-05 -1.69455e-05 -1.88234e-06  5.15317e-05  0.000143332  0.000273554
-9.80252e-07 -3.23811e-06 -6.04689e-06 -9.32075e-06 -1.29787e-05 -1.69455e-05 -1.88234e-06  5.15317e-05  0.000143332  0.000273554
-9.80252e-07 -3.23811e-06 -6.04689e-06 -9.32075e-06 -1.29787e-05 -1.69455e-05 -1.88234e-06  5.15317e-05  0.000143332  0.000273554
-9.80252e-07 -3.23811e-06 -6.04689e-06 -9.32075e-06 -1.29787e-05 -1.69455e-05 -1.88234e-06  5.15317e-05  0.000143332  0.000273554
-9.80252e-07 -3.23811e-06 -6.04689e-06 -9.32075e-06 -1.29787e-05 -1.69455e-05 -1.88234e-06  5.15317e-05  0.000143332  0.000273554
