-0.102471  -0.10247 -0.102469 -0.102469 -0.102468 -0.102467 -0.102466 -0.102466 -0.102465 -0.102464
-0.102466 -0.102465 -0.102463 -0.102461 -0.102459 -0.102457 -0.102456 -0.102454 -0.102452  -0.10245
-0.102466 -0.102464 -0.102462  -0.10246 -0.102458 -0.102456 -0.102454 -0.102452  -0.10245 -0.102448
-0.102464 -0.102462  -0.10246 -0.102458 -0.102457 -0.102455 -0.102453 -0.102451 -0.102449 -0.102447
-0.102464 -0.102463 -0.102462 -0.102462 -0.102461  -0.10246 -0.102459 -0.102459 -0.102458 -0.102457
-0.102466 -0.102467 -0.102469  -0.10247 -0.102471 -0.102472 -0.102474 -0.102475 -0.102476 -0.102477
-0.102468  -0.10247 -0.102472 -0.102474 -0.102476 -0.102478  -0.10248 -0.102482 -0.102484 -0.102486
 -0.10247 -0.102473 -0.102475 -0.102478  -0.10248 -0.102483 -0.102485 -0.102488  -0.10249 -0.102493
-0.102473 -0.102476 -0.102479 -0.102481 -0.102484 -0.102487  -0.10249 -0.102493 -0.102496 -0.102499
-0.102476 -0.102479 -0.102482 -0.102485 -0.102488 -0.102491 -0.102494 -0.102497   -0.1025 -0.102503
-0.102478 -0.102481 -0.102485 -0.102488 -0.102491 -0.102494 -0.102497   -0.1025 -0.102504 -0.102507
-0.102481 -0.102484 -0.102487  -0.10249 -0.102493 -0.102496 -0.102499 -0.102502 -0.102506 -0.102509
-0.102483 -0.102486 -0.102489 -0.102492 -0.102495 -0.102497   -0.1025 -0.102503 -0.102506 -0.102509
-0.102485 -0.102487  -0.10249 -0.102493 -0.102495 -0.102498   -0.1025 -0.102503 -0.102506 -0.102508
-0.102486 -0.102489 -0.102491 -0.102493 -0.102495 -0.102497   -0.1025 -0.102502 -0.102504 -0.102506
-0.102488 -0.102489 -0.102491 -0.102493 -0.102495 -0.102496 -0.102498   -0.1025 -0.102502 -0.102503
-0.102488  -0.10249 -0.102491 -0.102492 -0.102493 -0.102495 -0.102496 -0.102497 -0.102498   -0.1025
-0.102489 -0.102489  -0.10249 -0.102491 -0.102492 -0.102492 -0.102493 -0.102494 -0.102495 -0.102496
-0.102489 -0.102489 -0.102489 -0.102489  -0.10249  -0.10249  -0.10249 -0.102491 -0.102491 -0.102491
-0.102488 -0.102488 -0.102488 -0.102488 -0.102487 -0.102487 -0.102487 -0.102487 -0.102487 -0.102486
-0.102487 -0.102487 -0.102486 -0.102486 -0.102485 -0.102484 -0.102484 -0.102483 -0.102483 -0.102482
-0.102486 -0.102485 -0.102484 -0.102483 -0.102482 -0.102481  -0.10248 -0.102479 -0.102479 -0.102478
-0.102485 -0.102484 -0.102482 -0.102481  -0.10248 -0.102479 -0.102477 -0.102476 -0.102475 -0.102473
-0.102484 -0.102482  -0.10248 -0.102479 -0.102477 -0.102476 -0.102474 -0.102472 -0.102471 -0.102469
-0.102482  -0.10248 -0.102478 -0.102476 -0.102475 -0.102473 -0.102471 -0.102469 -0.102467 -0.102465
 -0.10248 -0.102478 -0.102476 -0.102474 -0.102472  -0.10247 -0.102468 -0.102466 -0.102464 -0.102462
-0.102478 -0.102476 -0.102473 -0.102471 -0.102469 -0.102467 -0.102465 -0.102462  -0.10246 -0.102458
-0.102476 -0.102473 -0.102471 -0.102468 -0.102466 -0.102464 -0.102461 -0.102459 -0.102456 -0.102454
-0.102473 -0.102471 -0.102468 -0.102465 -0.102463  -0.10246 -0.102457 -0.102455 -0.102452 -0.102449
-0.102471 -0.102468 -0.102465 -0.102462 -0.102459 -0.102456 -0.102453  -0.10245 -0.102447 -0.102445
-0.102468 -0.102465 -0.102461 -0.102458 -0.102455 -0.102452 -0.102449 -0.102445 -0.102442 -0.102439
-0.102465 -0.102461 -0.102457 -0.102454  -0.10245 -0.102447 -0.102443 -0.102439 -0.102436 -0.102432
-0.102461 -0.102457 -0.102453 -0.102449 -0.102445 -0.102441 -0.102437 -0.102433 -0.102429 -0.102425
-0.102457 -0.102452 -0.102448 -0.102443 -0.102438 -0.102434 -0.102429 -0.102425  -0.10242 -0.102415
-0.102452 -0.102447 -0.102442 -0.102436 -0.102431 -0.102426 -0.102421 -0.102415  -0.10241 -0.102405
-0.102447 -0.102441 -0.102435 -0.102429 -0.102423 -0.102417 -0.102411 -0.102405 -0.102399 -0.102393
 -0.10244 -0.102433 -0.102427  -0.10242 -0.102413 -0.102406 -0.102399 -0.102392 -0.102386 -0.102379
-0.102433 -0.102425 -0.102418  -0.10241 -0.102402 -0.102394 -0.102386 -0.102379 -0.102371 -0.102363
-0.102425 -0.102416 -0.102408 -0.102399  -0.10239 -0.102381 -0.102372 -0.102363 -0.102354 -0.102346
-0.102416 -0.102406 -0.102396 -0.102386 -0.102376 -0.102366 -0.102356 -0.102346 -0.102336 -0.102326
-0.102406 -0.102395 -0.102384 -0.102372 -0.102361  -0.10235 -0.102339 -0.102327 -0.102316 -0.102305
-0.102395 -0.102383  -0.10237 -0.102358 -0.102345 -0.102332  -0.10232 -0.102307 -0.102295 -0.102282
-0.102383 -0.102369 -0.102355 -0.102342 -0.102328 -0.102314   -0.1023 -0.102286 -0.102273 -0.102259
 -0.10237 -0.102355  -0.10234 -0.102325  -0.10231 -0.102294 -0.102279 -0.102264 -0.102249 -0.102234
-0.102356 -0.102339 -0.102323 -0.102307  -0.10229 -0.102274 -0.102258 -0.102242 -0.102225 -0.102209
 -0.10234 -0.102323 -0.102306 -0.102288 -0.102271 -0.102253 -0.102236 -0.102218 -0.102201 -0.102184
-0.102324 -0.102306 -0.102287 -0.102269  -0.10225 -0.102232 -0.102213 -0.102195 -0.102176 -0.102158
-0.102307 -0.102288 -0.102268 -0.102248 -0.102229 -0.102209 -0.102189  -0.10217  -0.10215  -0.10213
-0.102289 -0.102268 -0.102247 -0.102227 -0.102206 -0.102185 -0.102164 -0.102143 -0.102122 -0.102101
 -0.10227 -0.102248 -0.102226 -0.102204 -0.102182  -0.10216 -0.102137 -0.102115 -0.102093 -0.102071
 -0.10225 -0.102227 -0.102204  -0.10218 -0.102157 -0.102134 -0.102111 -0.102087 -0.102064 -0.102041
 -0.10223 -0.102205 -0.102181 -0.102157 -0.102133 -0.102109 -0.102085 -0.102061 -0.102037 -0.102013
-0.102207 -0.102182 -0.102156  -0.10213 -0.102104 -0.102078 -0.102052 -0.102026    -0.102 -0.101975
 -0.10218 -0.102149 -0.102117 -0.102085 -0.102054 -0.102022  -0.10199 -0.101958 -0.101927 -0.101895
 -0.10215 -0.102112 -0.102074 -0.102036 -0.101998  -0.10196 -0.101922 -0.101884 -0.101846 -0.101808
-0.102117 -0.102073  -0.10203 -0.101986 -0.101942 -0.101898 -0.101854  -0.10181 -0.101766 -0.101723
 -0.10208  -0.10203 -0.101981 -0.101931 -0.101882 -0.101832 -0.101783 -0.101733 -0.101684 -0.101634
-0.102036  -0.10198 -0.101924 -0.101868 -0.101812 -0.101756 -0.101701 -0.101645 -0.101589 -0.101533
-0.101984  -0.10192 -0.101856 -0.101792 -0.101728 -0.101663 -0.101599 -0.101535 -0.101471 -0.101407
-0.101923 -0.101848 -0.101773 -0.101698 -0.101623 -0.101548 -0.101474 -0.101399 -0.101324 -0.101249
-0.101851 -0.101764 -0.101677  -0.10159 -0.101502 -0.101415 -0.101328 -0.101241 -0.101154 -0.101067
-0.101768 -0.101668 -0.101567 -0.101467 -0.101366 -0.101266 -0.101166 -0.101065 -0.100965 -0.100864
-0.101674  -0.10156 -0.101445  -0.10133 -0.101216 -0.101101 -0.100987 -0.100872 -0.100757 -0.100643
-0.101569 -0.101439  -0.10131  -0.10118 -0.101051 -0.100921 -0.100792 -0.100662 -0.100532 -0.100403
-0.101451 -0.101306 -0.101161 -0.101016 -0.100871 -0.100726 -0.100581 -0.100436 -0.100291 -0.100146
 -0.101322  -0.101162  -0.101001  -0.100841   -0.10068   -0.10052   -0.10036  -0.100199  -0.100039 -0.0998783
 -0.101183  -0.101009  -0.100834  -0.100659  -0.100485   -0.10031  -0.100136 -0.0999612 -0.0997866  -0.099612
 -0.101035  -0.100847   -0.10066  -0.100473  -0.100285  -0.100098 -0.0999103 -0.0997228 -0.0995354  -0.099348
 -0.100869  -0.100677  -0.100485  -0.100293  -0.100101 -0.0999095 -0.0997177 -0.0995258 -0.0993339  -0.099142
 -0.100657  -0.100457  -0.100256  -0.100056 -0.0998554  -0.099655 -0.0994545  -0.099254 -0.0990535  -0.098853
 -0.100425   -0.10021 -0.0999959 -0.0997815 -0.0995671 -0.0993526 -0.0991382 -0.0989238 -0.0987093 -0.0984949
 -0.100173 -0.0999405 -0.0997083 -0.0994762 -0.0992441 -0.0990119 -0.0987798 -0.0985476 -0.0983154 -0.0980833
-0.0998985 -0.0996468 -0.0993951 -0.0991434 -0.0988916 -0.0986399 -0.0983882 -0.0981364 -0.0978847 -0.0976329
-0.0996015 -0.0993289 -0.0990563 -0.0987837  -0.098511 -0.0982384 -0.0979657 -0.0976931 -0.0974204 -0.0971478
-0.0992836 -0.0989891 -0.0986946 -0.0984001 -0.0981055  -0.097811 -0.0975165  -0.097222 -0.0969274 -0.0966329
-0.0989417 -0.0986234 -0.0983051 -0.0979868 -0.0976685 -0.0973501 -0.0970318 -0.0967135 -0.0963951 -0.0960768
-0.0985688 -0.0982219 -0.0978751 -0.0975283 -0.0971814 -0.0968346 -0.0964877 -0.0961408  -0.095794 -0.0954471
-0.0981584 -0.0977774 -0.0973965 -0.0970155 -0.0966346 -0.0962536 -0.0958726 -0.0954917 -0.0951107 -0.0947297
-0.0977054 -0.0972854 -0.0968654 -0.0964454 -0.0960253 -0.0956053 -0.0951853 -0.0947653 -0.0943452 -0.0939252
-0.0972058 -0.0967426 -0.0962794 -0.0958162 -0.0953531 -0.0948899 -0.0944267 -0.0939635 -0.0935003 -0.0930371
-0.0966562 -0.0961461 -0.0956361 -0.0951261  -0.094616  -0.094106 -0.0935959 -0.0930859 -0.0925758 -0.0920658
-0.0960532 -0.0954927 -0.0949322 -0.0943717 -0.0938112 -0.0932507 -0.0926902 -0.0921297 -0.0915692 -0.0910087
-0.0953934 -0.0947788 -0.0941642 -0.0935495 -0.0929349 -0.0923203 -0.0917056  -0.091091 -0.0904763 -0.0898617
-0.0946732 -0.0940008 -0.0933284  -0.092656 -0.0919835 -0.0913111 -0.0906387 -0.0899662 -0.0892938 -0.0886213
-0.0938889 -0.0931551 -0.0924213 -0.0916874 -0.0909536 -0.0902197 -0.0894859  -0.088752 -0.0880181 -0.0872842
-0.0930368 -0.0922379  -0.091439 -0.0906401 -0.0898411 -0.0890422 -0.0882432 -0.0874443 -0.0866453 -0.0858463
-0.0921129 -0.0912452 -0.0903775 -0.0895097  -0.088642 -0.0877742 -0.0869065 -0.0860387 -0.0851709 -0.0843032
 -0.091113 -0.0901727 -0.0892323 -0.0882919 -0.0873515 -0.0864111 -0.0854707 -0.0845303 -0.0835898 -0.0826494
-0.0900329 -0.0890159 -0.0879988 -0.0869818 -0.0859647 -0.0849476 -0.0839305 -0.0829135 -0.0818964 -0.0808793
 -0.088868 -0.0877701 -0.0866721 -0.0855741 -0.0844762 -0.0833782 -0.0822801 -0.0811821 -0.0800841 -0.0789861
-0.0876135   -0.08643 -0.0852465  -0.084063 -0.0828795  -0.081696 -0.0805124 -0.0793289 -0.0781453 -0.0769618
-0.0862637 -0.0849897 -0.0837156 -0.0824415 -0.0811674 -0.0798933 -0.0786192  -0.077345 -0.0760709 -0.0747967
-0.0848127 -0.0834424 -0.0820721 -0.0807017 -0.0793314  -0.077961 -0.0765906 -0.0752202 -0.0738498 -0.0724794
-0.0832539 -0.0817773 -0.0803006  -0.078824 -0.0773473 -0.0758707  -0.074394 -0.0729173 -0.0714406 -0.0699639
-0.0815774 -0.0799823 -0.0783871  -0.076792 -0.0751968 -0.0736016 -0.0720064 -0.0704111 -0.0688159 -0.0672207
-0.0797675 -0.0780416 -0.0763156 -0.0745897 -0.0728637 -0.0711377 -0.0694117 -0.0676858 -0.0659598 -0.0642338
-0.0778089 -0.0759396 -0.0740704 -0.0722011 -0.0703317 -0.0684624 -0.0665931 -0.0647238 -0.0628544 -0.0609851
 -0.075687 -0.0736611 -0.0716353 -0.0696095 -0.0675836 -0.0655578  -0.063532 -0.0615061 -0.0594803 -0.0574544
-0.0733855 -0.0711883 -0.0689911 -0.0667939 -0.0645966 -0.0623994 -0.0602022  -0.058005 -0.0558077 -0.0536105
-0.0708887 -0.0685044   -0.06612 -0.0637357 -0.0613514 -0.0589671 -0.0565828 -0.0541985 -0.0518142 -0.0494299
-0.0681871 -0.0656039 -0.0630208 -0.0604376 -0.0578545 -0.0552714 -0.0526883 -0.0501051  -0.047522 -0.0449389
-0.0653281 -0.0625662 -0.0598044 -0.0570425 -0.0542807 -0.0515189 -0.0487571 -0.0459953 -0.0432335 -0.0404717
-0.0623973 -0.0595138 -0.0566303 -0.0537469 -0.0508634   -0.04798 -0.0450965 -0.0422131 -0.0393297 -0.0364463
-0.0594675  -0.056534 -0.0536006 -0.0506671 -0.0477337 -0.0448002 -0.0418668 -0.0389334 -0.0359999 -0.0330665
 -0.056597 -0.0536836 -0.0507703 -0.0478569 -0.0449435 -0.0420302 -0.0391169 -0.0362036 -0.0332902 -0.0303769
-0.0538688 -0.0510564  -0.048244 -0.0454317 -0.0426193  -0.039807 -0.0369947 -0.0341824   -0.03137 -0.0285577
-0.0512738  -0.048579 -0.0458842 -0.0431894 -0.0404946 -0.0377998  -0.035105 -0.0324102 -0.0297155 -0.0270207
-0.0488805 -0.0463562 -0.0438319 -0.0413076 -0.0387833  -0.036259 -0.0337347 -0.0312104 -0.0286862 -0.0261619
-0.0467618 -0.0444767 -0.0421916 -0.0399065 -0.0376214 -0.0353363 -0.0330512 -0.0307661  -0.028481  -0.026196
-0.0449544 -0.0429627  -0.040971 -0.0389793 -0.0369877  -0.034996 -0.0330044 -0.0310127 -0.0290211 -0.0270295
-0.0435221 -0.0418648 -0.0402076 -0.0385503 -0.0368931 -0.0352359 -0.0335787 -0.0319215 -0.0302643 -0.0286071
-0.0424768 -0.0411765 -0.0398762 -0.0385759 -0.0372757 -0.0359754 -0.0346751 -0.0333749 -0.0320746 -0.0307744
-0.0417596 -0.0408087 -0.0398579 -0.0389071 -0.0379563 -0.0370055 -0.0360547 -0.0351039 -0.0341531 -0.0332023
 -0.041321 -0.0406842 -0.0400473 -0.0394104 -0.0387736 -0.0381367 -0.0374999 -0.0368631 -0.0362262 -0.0355894
-0.0409924 -0.0405733 -0.0401542 -0.0397351  -0.039316 -0.0388969 -0.0384778 -0.0380588 -0.0376397 -0.0372206
-0.0407862 -0.0405082 -0.0402302 -0.0399522 -0.0396742 -0.0393962 -0.0391182 -0.0388403 -0.0385623 -0.0382844
-0.0406932 -0.0405217 -0.0403501 -0.0401785  -0.040007 -0.0398355  -0.039664 -0.0394924 -0.0393209 -0.0391494
-0.0406407 -0.0405397 -0.0404387 -0.0403377 -0.0402367 -0.0401357 -0.0400347 -0.0399337 -0.0398327 -0.0397318
-0.0406246 -0.0405793  -0.040534 -0.0404887 -0.0404434 -0.0403982 -0.0403529 -0.0403077 -0.0402625 -0.0402172
-0.0406744 -0.0406984 -0.0407223 -0.0407463 -0.0407702 -0.0407942 -0.0408182 -0.0408422 -0.0408662 -0.0408902
-0.0408603 -0.0410037 -0.0411472 -0.0412906  -0.041434 -0.0415775  -0.041721 -0.0418644 -0.0420079 -0.0421514
-0.0411983 -0.0414955 -0.0417927 -0.0420899 -0.0423872 -0.0426844 -0.0429817 -0.0432789 -0.0435762 -0.0438735
 -0.041673 -0.0421419 -0.0426108 -0.0430797 -0.0435486 -0.0440176 -0.0444865 -0.0449555 -0.0454244 -0.0458934
-0.0422537 -0.0428952 -0.0435368 -0.0441784 -0.0448199 -0.0454615 -0.0461031 -0.0467448 -0.0473864  -0.048028
-0.0429363  -0.043741 -0.0445457 -0.0453504 -0.0461552   -0.04696 -0.0477647 -0.0485695 -0.0493743 -0.0501791
-0.0439294 -0.0448593 -0.0457892 -0.0467191 -0.0476491  -0.048579  -0.049509  -0.050439  -0.051369  -0.052299
-0.0451725 -0.0462584 -0.0473443 -0.0484303 -0.0495163 -0.0506022 -0.0516882 -0.0527743 -0.0538603 -0.0549463
-0.0466149 -0.0478921 -0.0491694 -0.0504466  -0.051724 -0.0530013 -0.0542786 -0.0555559 -0.0568333 -0.0581107
-0.0482836 -0.0497799 -0.0512763 -0.0527728 -0.0542692 -0.0557657 -0.0572621 -0.0587586 -0.0602551 -0.0617516
-0.0502045 -0.0519431 -0.0536817 -0.0554203  -0.057159 -0.0588977 -0.0606364 -0.0623751 -0.0641138 -0.0658525
-0.0524035 -0.0544072 -0.0564108 -0.0584145 -0.0604182 -0.0624219 -0.0644257 -0.0664295 -0.0684332  -0.070437
-0.0549057 -0.0571974 -0.0594891 -0.0617808 -0.0640726 -0.0663644 -0.0686562  -0.070948 -0.0732398 -0.0755317
-0.0577315  -0.060331 -0.0629306 -0.0655302 -0.0681298 -0.0707295 -0.0733291 -0.0759288 -0.0785285 -0.0811282
-0.0609042 -0.0638315 -0.0667588 -0.0696861 -0.0726135 -0.0755409 -0.0784682 -0.0813956  -0.084323 -0.0872504
-0.0644492 -0.0677281 -0.0710069 -0.0742858 -0.0775647 -0.0808436 -0.0841225 -0.0874015 -0.0906804 -0.0939593
-0.0683725 -0.0720195 -0.0756665 -0.0793136 -0.0829606 -0.0866077 -0.0902547 -0.0939018 -0.0975488  -0.101196
-0.0726572 -0.0766796 -0.0807021 -0.0847246 -0.0887471 -0.0927696 -0.0967921  -0.100815  -0.104837   -0.10886
-0.0773224 -0.0817282  -0.086134 -0.0905398 -0.0949455 -0.0993513  -0.103757  -0.108163  -0.112569  -0.116974
-0.0823337  -0.087109 -0.0918843 -0.0966595  -0.101435   -0.10621  -0.110985   -0.11576  -0.120536  -0.125311
 0.121402  0.116267  0.111131  0.105995   0.10086 0.0957245  0.090589 0.0854535  0.080318 0.0751825
  0.11545   0.10988   0.10431 0.0987405 0.0931707 0.0876009 0.0820311 0.0764614 0.0708916 0.0653218
 0.109393  0.103425 0.0974573 0.0914895 0.0855218  0.079554 0.0735862 0.0676185 0.0616508  0.055683
 0.103138 0.0968775 0.0906167 0.0843559 0.0780952 0.0718344 0.0655737  0.059313 0.0530522 0.0467915
0.0967497 0.0903175 0.0838853 0.0774531  0.071021 0.0645888 0.0581567 0.0517246 0.0452925 0.0388603
0.0904268  0.083987 0.0775473 0.0711075 0.0646678 0.0582281 0.0517884 0.0453488 0.0389091 0.0324694
 0.084329 0.0780292 0.0717294 0.0654297 0.0591299 0.0528302 0.0465304 0.0402307  0.033931 0.0276313
0.0784777 0.0723785 0.0662793 0.0601802  0.054081 0.0479819 0.0418828 0.0357837 0.0296846 0.0235855
0.0729224 0.0670985 0.0612746 0.0554507 0.0496269  0.043803 0.0379792 0.0321553 0.0263315 0.0205077
0.0677906 0.0623505 0.0569104 0.0514704 0.0460303 0.0405903 0.0351502 0.0297102 0.0242702 0.0188301
0.0631751 0.0582072 0.0532392 0.0482714 0.0433035 0.0383356 0.0333678 0.0283999 0.0234321 0.0184642
0.0591282 0.0546949 0.0502617 0.0458284 0.0413952  0.036962 0.0325288 0.0280956 0.0236624 0.0192292
0.0556657 0.0518023 0.0479389 0.0440756 0.0402122 0.0363489 0.0324855 0.0286222 0.0247589 0.0208956
0.0527549 0.0494628 0.0461707 0.0428787 0.0395866 0.0362946 0.0330026 0.0297106 0.0264186 0.0231266
0.0503246 0.0475676 0.0448106 0.0420536 0.0392966 0.0365397 0.0337827 0.0310258 0.0282688 0.0255119
0.0482837 0.0459914 0.0436991 0.0414069 0.0391147 0.0368224 0.0345302  0.032238 0.0299458 0.0276536
0.0465183 0.0445816  0.042645 0.0407084 0.0387718 0.0368352 0.0348987 0.0329621 0.0310256  0.029089
0.0449253 0.0432436 0.0415619 0.0398802 0.0381985 0.0365168 0.0348352 0.0331535 0.0314719 0.0297903
 0.043519 0.0420236 0.0405283 0.0390329 0.0375375 0.0360422 0.0345469 0.0330516 0.0315562 0.0300609
0.0423141 0.0409748 0.0396355 0.0382962  0.036957 0.0356177 0.0342785 0.0329392    0.0316 0.0302608
0.0412279 0.0400223 0.0388166  0.037611 0.0364054 0.0351998 0.0339942 0.0327886 0.0315831 0.0303775
0.0403117 0.0392401 0.0381684 0.0370967 0.0360251 0.0349535 0.0338819 0.0328103 0.0317387 0.0306671
0.0396506 0.0387503   0.03785 0.0369497 0.0360495 0.0351492  0.034249 0.0333488 0.0324486 0.0315484
 0.039225 0.0385372 0.0378495 0.0371618 0.0364741 0.0357864 0.0350988 0.0344111 0.0337235 0.0330358
0.0390953 0.0386757 0.0382562 0.0378367 0.0374173 0.0369978 0.0365784  0.036159 0.0357395 0.0353201
 0.039285 0.0391999 0.0391148 0.0390298 0.0389447 0.0388597 0.0387747 0.0386897 0.0386047 0.0385197
0.0398482 0.0401778 0.0405074  0.040837 0.0411666 0.0414963  0.041826 0.0421556 0.0424853  0.042815
0.0407276  0.041474 0.0422203 0.0429667  0.043713 0.0444594 0.0452058 0.0459523 0.0466987 0.0474452
0.0418992 0.0430631 0.0442271  0.045391  0.046555 0.0477191 0.0488831 0.0500471 0.0512112 0.0523753
0.0435003 0.0450674 0.0466345 0.0482016 0.0497688  0.051336 0.0529032 0.0544704 0.0560377 0.0576049
0.0456855 0.0476548 0.0496242 0.0515936  0.053563 0.0555325 0.0575019 0.0594714  0.061441 0.0634105
0.0483239 0.0506975 0.0530711 0.0554447 0.0578184 0.0601921 0.0625658 0.0649396 0.0673133 0.0696871
0.0513882 0.0541686  0.056949 0.0597295   0.06251 0.0652905 0.0680711 0.0708516 0.0736322 0.0764128
0.0548598 0.0580476 0.0612354 0.0644233 0.0676113 0.0707992 0.0739872 0.0771752 0.0803632 0.0835512
0.0587363 0.0623324 0.0659286 0.0695248  0.073121 0.0767173 0.0803136 0.0839099 0.0875062 0.0911025
0.0630297 0.0670384  0.071047 0.0750557 0.0790645 0.0830732 0.0870819 0.0910907 0.0950995 0.0991082
0.0677531 0.0721725  0.076592 0.0810115  0.085431 0.0898506 0.0942701 0.0986896  0.103109  0.107529
0.0728568 0.0776726 0.0824885 0.0873044 0.0921203 0.0969362  0.101752  0.106568  0.111384    0.1162
0.0783488 0.0835421 0.0887354 0.0939286 0.0991219  0.104315  0.109508  0.114702  0.119895  0.125088
0.0842461 0.0898224 0.0953986  0.100975  0.106551  0.112127  0.117704   0.12328  0.128856  0.134432
 -0.137688  -0.131736  -0.125784  -0.119832  -0.113881  -0.107929  -0.101978  -0.096026 -0.0900743 -0.0841227
  -0.12977  -0.123182  -0.116594  -0.110005  -0.103417  -0.096829 -0.0902407 -0.0836525 -0.0770643  -0.070476
 -0.122287  -0.115104  -0.107921  -0.100738 -0.0935548 -0.0863718 -0.0791888 -0.0720057 -0.0648227 -0.0576397
  -0.11473  -0.107061 -0.0993923 -0.0917235 -0.0840547  -0.076386 -0.0687172 -0.0610485 -0.0533797  -0.045711
 -0.107003 -0.0989596 -0.0909158 -0.0828721 -0.0748283 -0.0667846 -0.0587409 -0.0506972 -0.0426535 -0.0346098
-0.0989955 -0.0906649 -0.0823342 -0.0740036 -0.0656731 -0.0573425 -0.0490119 -0.0406814 -0.0323509 -0.0240203
-0.0910801 -0.0827989 -0.0745177 -0.0662365 -0.0579553 -0.0496742  -0.041393 -0.0331119 -0.0248308 -0.0165497
-0.0834984 -0.0755009 -0.0675033 -0.0595058 -0.0515084 -0.0435109 -0.0355134  -0.027516 -0.0195186 -0.0115211
  -0.076219  -0.0685688  -0.0609186  -0.0532685  -0.0456184  -0.0379683  -0.0303182  -0.0226681   -0.015018 -0.00736791
 -0.0694119  -0.0622099  -0.0550079  -0.0478059   -0.040604   -0.033402  -0.0262001  -0.0189982  -0.0117963 -0.00459441
 -0.0631644  -0.0564874  -0.0498103  -0.0431333  -0.0364563  -0.0297794  -0.0231024  -0.0164255 -0.00974851 -0.00307156
 -0.0575524  -0.0514565  -0.0453606  -0.0392647  -0.0331688   -0.027073  -0.0209772  -0.0148813 -0.00878551  -0.0026897
 -0.0526022  -0.0471205  -0.0416388  -0.0361571  -0.0306754  -0.0251938  -0.0197121  -0.0142305  -0.0087489 -0.00326728
  -0.048273  -0.0434032  -0.0385334  -0.0336636  -0.0287938   -0.023924  -0.0190542  -0.0141845 -0.00931474   -0.004445
 -0.0444661  -0.0401698  -0.0358734  -0.0315771  -0.0272808  -0.0229845  -0.0186883   -0.014392  -0.0100957 -0.00579947
  -0.041052  -0.0372541  -0.0334563  -0.0296585  -0.0258606  -0.0220628   -0.018265  -0.0144673  -0.0106695 -0.00687171
 -0.0379359  -0.0345412  -0.0311465  -0.0277519  -0.0243572  -0.0209626  -0.0175679  -0.0141733  -0.0107787 -0.00738409
 -0.0350758  -0.0319852  -0.0288946   -0.025804  -0.0227134  -0.0196229  -0.0165323  -0.0134418  -0.0103513 -0.00726078
 -0.0324367  -0.0295659  -0.0266951  -0.0238244  -0.0209537   -0.018083  -0.0152123  -0.0123416 -0.00947095 -0.00660027
 -0.0300079   -0.027293  -0.0245782  -0.0218634  -0.0191486  -0.0164338   -0.013719  -0.0110042 -0.00828948 -0.00557472
 -0.0277528  -0.0251573  -0.0225619  -0.0199665  -0.0173712  -0.0147758  -0.0121805 -0.00958513  -0.0069898 -0.00439447
 -0.0257139  -0.0232316  -0.0207492  -0.0182669  -0.0157846  -0.0133023    -0.01082 -0.00833773 -0.00585547 -0.00337321
 -0.0238231  -0.0214723  -0.0191216   -0.016771  -0.0144203  -0.0120697 -0.00971905 -0.00736844 -0.00501783 -0.00266723
 -0.0221415  -0.0199565  -0.0177714  -0.0155864  -0.0134014  -0.0112164 -0.00903147 -0.00684652 -0.00466157 -0.00247663
 -0.0207852    -0.01883  -0.0168748  -0.0149195  -0.0129644  -0.0110092 -0.00905405 -0.00709891 -0.00514377 -0.00318864
 -0.0197418  -0.0180934  -0.0164449  -0.0147965  -0.0131481  -0.0114997 -0.00985134 -0.00820299 -0.00655464  -0.0049063
 -0.0190478  -0.0177842  -0.0165205  -0.0152569  -0.0139933  -0.0127298  -0.0114662  -0.0102027 -0.00893915 -0.00767562
-0.0187139  -0.017894  -0.017074 -0.0162541 -0.0154343 -0.0146144 -0.0137946 -0.0129748  -0.012155 -0.0113352
-0.0186187 -0.0181865 -0.0177544 -0.0173223 -0.0168903 -0.0164582 -0.0160262 -0.0155942 -0.0151622 -0.0147302
-0.0187939 -0.0187448 -0.0186958 -0.0186468 -0.0185978 -0.0185488 -0.0184998 -0.0184509  -0.018402 -0.0183531
-0.0193518 -0.0196588 -0.0199658 -0.0202728 -0.0205799  -0.020887 -0.0211941 -0.0215013 -0.0218084 -0.0221156
-0.0204129 -0.0210583 -0.0217038 -0.0223493 -0.0229948 -0.0236403 -0.0242859 -0.0249315 -0.0255772 -0.0262228
  -0.02185  -0.022812 -0.0237739  -0.024736  -0.025698 -0.0266601 -0.0276222 -0.0285843 -0.0295465 -0.0305086
-0.0236277  -0.024888 -0.0261484 -0.0274088 -0.0286692 -0.0299297 -0.0311902 -0.0324508 -0.0337113 -0.0349718
-0.0257226 -0.0272679 -0.0288133 -0.0303587 -0.0319042 -0.0334497 -0.0349952 -0.0365408 -0.0380863 -0.0396319
-0.0281236 -0.0299459 -0.0317683 -0.0335906  -0.035413 -0.0372355 -0.0390579 -0.0408803 -0.0427028 -0.0445252
-0.0308389 -0.0329217 -0.0350046 -0.0370875 -0.0391704 -0.0412534 -0.0433363 -0.0454193 -0.0475022 -0.0495852
-0.0338212 -0.0361365 -0.0384518 -0.0407672 -0.0430825 -0.0453979 -0.0477133 -0.0500286  -0.052344 -0.0546594
-0.0369351 -0.0394433 -0.0419515 -0.0444596 -0.0469678  -0.049476 -0.0519842 -0.0544924 -0.0570005 -0.0595087
-0.0402028 -0.0428827 -0.0455625 -0.0482424 -0.0509222  -0.053602 -0.0562819 -0.0589617 -0.0616415 -0.0643213
0.194791 0.192377 0.189964  0.18755 0.185137 0.182723  0.18031 0.177896 0.175482 0.173069
0.187076 0.184403 0.181729 0.179056 0.176383 0.173709 0.171036 0.168363 0.165689 0.163016
0.177109 0.174186 0.171264 0.168341 0.165418 0.162496 0.159573 0.156651 0.153728 0.150805
0.165445 0.162174 0.158903 0.155632 0.152361  0.14909 0.145819 0.142548 0.139277 0.136006
0.153234 0.149461 0.145688 0.141915 0.138142 0.134369 0.130596 0.126823  0.12305 0.119278
 0.141324  0.136573  0.131822  0.127071  0.122321   0.11757  0.112819  0.108068  0.103318 0.0985667
 0.132202  0.126748  0.121295  0.115841  0.110388  0.104934 0.0994807 0.0940273 0.0885738 0.0831204
 0.126821  0.120604  0.114387   0.10817  0.101954 0.0957369 0.0895202 0.0833035 0.0770868 0.0708701
 0.125343  0.118492  0.111641   0.10479 0.0979398 0.0910891 0.0842384 0.0773878 0.0705371 0.0636865
 0.122517  0.115836  0.109156  0.102475 0.0957947 0.0891142 0.0824338 0.0757533 0.0690729 0.0623924
 0.117991  0.111431   0.10487 0.0983099 0.0917494  0.085189 0.0786285 0.0720681 0.0655076 0.0589472
 0.113221  0.106985  0.100749 0.0945128 0.0882768 0.0820408 0.0758049  0.069569  0.063333 0.0570971
 0.108507  0.102786 0.0970656 0.0913447 0.0856238 0.0799029 0.0741821 0.0684613 0.0627404 0.0570196
 0.103826 0.0985788 0.0933315 0.0880843  0.082837 0.0775898 0.0723426 0.0670953 0.0618481 0.0566009
0.0993394 0.0945175 0.0896956 0.0848737 0.0800519 0.0752301 0.0704082 0.0655864 0.0607646 0.0559428
0.0948978 0.0903662 0.0858346  0.081303 0.0767714 0.0722398 0.0677083 0.0631767 0.0586452 0.0541136
0.0907841 0.0864506 0.0821171 0.0777836 0.0734502 0.0691167 0.0647833 0.0604498 0.0561164  0.051783
0.0869544 0.0827475 0.0785407 0.0743339 0.0701271 0.0659203 0.0617136 0.0575068 0.0533001 0.0490933
0.0831985 0.0790144 0.0748304 0.0706463 0.0664623 0.0622783 0.0580943 0.0539103 0.0497263 0.0455424
0.0793955 0.0751943 0.0709931 0.0667919 0.0625908 0.0583896 0.0541885 0.0499874 0.0457863 0.0415852
 0.075354 0.0711461 0.0669383 0.0627304 0.0585226 0.0543148  0.050107 0.0458992 0.0416915 0.0374837
0.0713771 0.0672099 0.0630428 0.0588758 0.0547087 0.0505417 0.0463746 0.0422076 0.0380406 0.0338736
0.0675608 0.0634955 0.0594302 0.0553649 0.0512996 0.0472344 0.0431691 0.0391039 0.0350387 0.0309734
 0.063887 0.0599845  0.056082 0.0521794  0.048277 0.0443745  0.040472 0.0365696 0.0326671 0.0287647
 0.060498  0.056831  0.053164  0.049497 0.0458301 0.0421631 0.0384962 0.0348293 0.0311624 0.0274955
0.0574746 0.0541191 0.0507637 0.0474083 0.0440529 0.0406975 0.0373422 0.0339869 0.0306315 0.0272762
0.0548815  0.051906 0.0489305 0.0459551 0.0429797 0.0400043 0.0370289 0.0340536 0.0310782 0.0281029
 0.052807 0.0502508 0.0476947 0.0451386 0.0425825 0.0400264 0.0374703 0.0349143 0.0323582 0.0298022
0.0512389 0.0491214 0.0470039 0.0448865  0.042769 0.0406516 0.0385342 0.0364168 0.0342995 0.0321821
0.0500972  0.048427 0.0467569 0.0450868 0.0434167 0.0417466 0.0400765 0.0384065 0.0367365 0.0350665
0.0492989 0.0480375 0.0467762 0.0455149 0.0442536 0.0429924 0.0417312   0.04047 0.0392088 0.0379477
0.0487828 0.0478854 0.0469879 0.0460905 0.0451931 0.0442958 0.0433985 0.0425012  0.041604 0.0407067
0.0482208 0.0474653 0.0467099 0.0459545 0.0451992 0.0444439 0.0436886 0.0429333 0.0421781 0.0414229
0.0478385 0.0469699 0.0461013 0.0452328 0.0443643 0.0434958 0.0426274 0.0417589 0.0408905 0.0400221
0.0473886 0.0463036 0.0452186 0.0441337 0.0430489 0.0419641 0.0408792 0.0397945 0.0387097 0.0376249
 0.046776 0.0455126 0.0442492 0.0429859 0.0417226 0.0404593 0.0391961 0.0379328 0.0366696 0.0354063
0.0462691 0.0449788 0.0436885 0.0423983 0.0411081 0.0398179 0.0385277 0.0372375 0.0359473 0.0346571
0.0461169  0.045013 0.0439092 0.0428054 0.0417017 0.0405979 0.0394941 0.0383903 0.0372866 0.0361828
0.0463668 0.0456064 0.0448461 0.0440857 0.0433254  0.042565 0.0418047 0.0410443  0.040284 0.0395236
0.0468529 0.0464564   0.04606 0.0456635 0.0452671 0.0448706 0.0444742 0.0440777 0.0436813 0.0432848
-0.190263 -0.190769 -0.191276 -0.191783  -0.19229 -0.192797 -0.193304 -0.193811 -0.194318 -0.194825
-0.186544 -0.186775 -0.187007 -0.187238 -0.187469 -0.187701 -0.187932 -0.188164 -0.188395 -0.188626
-0.180536 -0.180543  -0.18055 -0.180557 -0.180563  -0.18057 -0.180577 -0.180584  -0.18059 -0.180597
-0.172474 -0.172169 -0.171863 -0.171558 -0.171252 -0.170947 -0.170642 -0.170337 -0.170031 -0.169726
  -0.1635 -0.162753 -0.162006 -0.161259 -0.160512 -0.159765 -0.159018 -0.158272 -0.157525 -0.156778
-0.154578 -0.152969 -0.151359 -0.149749 -0.148139 -0.146529 -0.144919 -0.143309   -0.1417  -0.14009
-0.148023 -0.145838 -0.143654 -0.141469 -0.139284 -0.137099 -0.134914 -0.132729 -0.130544  -0.12836
 -0.14455 -0.141701 -0.138852 -0.136003 -0.133154 -0.130305 -0.127455 -0.124606 -0.121757 -0.118908
-0.144317  -0.14083 -0.137343 -0.133856 -0.130369 -0.126882 -0.123395 -0.119908 -0.116421 -0.112934
 -0.14568 -0.142079 -0.138479 -0.134879 -0.131278 -0.127678 -0.124078 -0.120477 -0.116877 -0.113277
-0.144319 -0.140889 -0.137458 -0.134028 -0.130597 -0.127167 -0.123736 -0.120306 -0.116875 -0.113445
-0.142387 -0.139216 -0.136046 -0.132875 -0.129704 -0.126534 -0.123363 -0.120192 -0.117022 -0.113851
-0.140341 -0.137599 -0.134857 -0.132115 -0.129373 -0.126631  -0.12389 -0.121148 -0.118406 -0.115664
-0.138298  -0.13598 -0.133663 -0.131345 -0.129028  -0.12671 -0.124393 -0.122075 -0.119758  -0.11744
-0.136641 -0.134733 -0.132825 -0.130918  -0.12901 -0.127102 -0.125194 -0.123287 -0.121379 -0.119471
-0.135188 -0.133675 -0.132162 -0.130649 -0.129136 -0.127623 -0.126109 -0.124596 -0.123083  -0.12157
-0.134006 -0.132877 -0.131748 -0.130619 -0.129491 -0.128362 -0.127233 -0.126105 -0.124976 -0.123847
-0.133273 -0.132544 -0.131815 -0.131086 -0.130357 -0.129628   -0.1289 -0.128171 -0.127442 -0.126713
-0.133054 -0.132702 -0.132349 -0.131996 -0.131644 -0.131291 -0.130939 -0.130586 -0.130234 -0.129881
-0.133183  -0.13316 -0.133136 -0.133113  -0.13309 -0.133066 -0.133043 -0.133019 -0.132996 -0.132973
-0.133449 -0.133689 -0.133929 -0.134169 -0.134409  -0.13465  -0.13489  -0.13513  -0.13537  -0.13561
-0.133786 -0.134236 -0.134686 -0.135136 -0.135586 -0.136036 -0.136485 -0.136935 -0.137385 -0.137835
-0.134125 -0.134728 -0.135331 -0.135934 -0.136537 -0.137141 -0.137744 -0.138347  -0.13895 -0.139553
-0.134589 -0.135278 -0.135967 -0.136656 -0.137345 -0.138034 -0.138723 -0.139412 -0.140101 -0.140789
-0.135299 -0.136078 -0.136857 -0.137636 -0.138415 -0.139194 -0.139973 -0.140752 -0.141531  -0.14231
-0.136311 -0.137208 -0.138105 -0.139003   -0.1399 -0.140797 -0.141695 -0.142592  -0.14349 -0.144387
-0.137672 -0.138762 -0.139853 -0.140943 -0.142033 -0.143124 -0.144214 -0.145305 -0.146395 -0.147485
-0.139329 -0.140695  -0.14206 -0.143426 -0.144792 -0.146157 -0.147523 -0.148889 -0.150255  -0.15162
-0.141402 -0.143146 -0.144889 -0.146632 -0.148376  -0.15012 -0.151863 -0.153607  -0.15535 -0.157094
-0.143759 -0.145978 -0.148198 -0.150417 -0.152637 -0.154856 -0.157075 -0.159295 -0.161515 -0.163734
-0.145337 -0.147557 -0.149777 -0.151997 -0.154217 -0.156437 -0.158657 -0.160878 -0.163098 -0.165318
-0.146027 -0.147941 -0.149856 -0.151771 -0.153686 -0.155601 -0.157516 -0.159431 -0.161346 -0.163261
-0.146229 -0.147569 -0.148909  -0.15025  -0.15159 -0.152931 -0.154271 -0.155611 -0.156952 -0.158292
-0.146781 -0.147529 -0.148278 -0.149027 -0.149775 -0.150524 -0.151273 -0.152022  -0.15277 -0.153519
-0.147967 -0.148223  -0.14848 -0.148736 -0.148992 -0.149249 -0.149505 -0.149761 -0.150018 -0.150274
-0.150131 -0.150004 -0.149877  -0.14975 -0.149622 -0.149495 -0.149368 -0.149241 -0.149114 -0.148987
-0.153424 -0.153006 -0.152587 -0.152169  -0.15175 -0.151331 -0.150913 -0.150494 -0.150076 -0.149657
-0.157293 -0.156582 -0.155871  -0.15516 -0.154449 -0.153738 -0.153027 -0.152316 -0.151605 -0.150894
-0.160526  -0.15977 -0.159014 -0.158258 -0.157502 -0.156746  -0.15599 -0.155234 -0.154478 -0.153722
 -0.16177 -0.160884 -0.159999 -0.159113 -0.158228 -0.157342 -0.156456 -0.155571 -0.154685   -0.1538
0.0737463 0.0745442  0.075342 0.0761399 0.0769378 0.0777357 0.0785336 0.0793315 0.0801294 0.0809273
0.0735255 0.0743796 0.0752338 0.0760881 0.0769423 0.0777965 0.0786508 0.0795051 0.0803593 0.0812136
0.0734465 0.0742126 0.0749787 0.0757448 0.0765109  0.077277 0.0780432 0.0788093 0.0795755 0.0803416
0.0733509 0.0740054   0.07466 0.0753146 0.0759692 0.0766238 0.0772785 0.0779331 0.0785878 0.0792424
0.0731331 0.0736385 0.0741439 0.0746494 0.0751548 0.0756603 0.0761658 0.0766713 0.0771768 0.0776823
0.0731992 0.0738359 0.0744728 0.0751096 0.0757464 0.0763833 0.0770202 0.0776571  0.078294 0.0789308
  0.07269  0.073157  0.073624 0.0740911 0.0745582 0.0750252 0.0754923 0.0759594 0.0764265 0.0768936
0.0722836 0.0727364 0.0731892  0.073642 0.0740948 0.0745477 0.0750005 0.0754534 0.0759063 0.0763591
 0.072358 0.0729404 0.0735228 0.0741052 0.0746877 0.0752701 0.0758526  0.076435 0.0770175    0.0776
0.0730453 0.0737918 0.0745384 0.0752851 0.0760317 0.0767783  0.077525 0.0782716 0.0790183 0.0797649
0.0739865 0.0748706 0.0757547 0.0766388 0.0775229  0.078407 0.0792911 0.0801752 0.0810594 0.0819435
0.0751028 0.0761626 0.0772224 0.0782822 0.0793421 0.0804019 0.0814618 0.0825216 0.0835815 0.0846413
0.0764346 0.0777363  0.079038 0.0803397 0.0816415 0.0829432  0.084245 0.0855468 0.0868485 0.0881503
 0.078156 0.0797993 0.0814427  0.083086 0.0847294 0.0863728 0.0880162 0.0896597 0.0913031 0.0929465
0.0801769 0.0821956 0.0842143 0.0862331 0.0882518 0.0902706 0.0922893 0.0943081 0.0963269 0.0983457
0.0824152 0.0847733 0.0871313 0.0894894 0.0918474 0.0942055 0.0965636 0.0989217   0.10128  0.103638
0.0848617 0.0875694  0.090277 0.0929846 0.0956923    0.0984  0.101108  0.103815  0.106523  0.109231
0.0874238 0.0904404  0.093457 0.0964737 0.0994903  0.102507  0.105524   0.10854  0.111557  0.114574
0.0900454 0.0932834 0.0965215 0.0997596  0.102998  0.106236  0.109474  0.112712   0.11595  0.119188
0.0928969 0.0962532 0.0996094  0.102966  0.106322  0.109678  0.113035  0.116391  0.119747  0.123104
0.0959381 0.0992978  0.102657  0.106017  0.109377  0.112737  0.116096  0.119456  0.122816  0.126175
0.0989084  0.102259   0.10561  0.108961  0.112311  0.115662  0.119013  0.122364  0.125714  0.129065
0.101783 0.105147 0.108511 0.111875 0.115239 0.118604 0.121968 0.125332 0.128696  0.13206
0.104681  0.10808 0.111479 0.114878 0.118277 0.121676 0.125075 0.128474 0.131873 0.135272
 0.10774 0.111167 0.114594 0.118021 0.121447 0.124874 0.128301 0.131728 0.135155 0.138582
0.111034  0.11451 0.117986 0.121462 0.124937 0.128413 0.131889 0.135365 0.138841 0.142316
0.114584 0.118169 0.121755  0.12534 0.128926 0.132512 0.136097 0.139683 0.143268 0.146854
0.118388 0.122142 0.125895 0.129649 0.133403 0.137156  0.14091 0.144664 0.148417 0.152171
0.122447 0.126439 0.130432 0.134424 0.138417 0.142409 0.146401 0.150394 0.154386 0.158379
0.126815  0.13115 0.135485  0.13982 0.144155 0.148489 0.152824 0.157159 0.161494 0.165829
0.131188 0.135777 0.140366 0.144956 0.149545 0.154134 0.158723 0.163313 0.167902 0.172491
0.135212 0.139785 0.144359 0.148932 0.153506 0.158079 0.162653 0.167227   0.1718 0.176374
 0.13871 0.142986 0.147263 0.151539 0.155815 0.160092 0.164368 0.168644 0.172921 0.177197
0.141597 0.145394  0.14919 0.152987 0.156783  0.16058 0.164376 0.168173 0.171969 0.175766
0.144308 0.147566 0.150824 0.154082  0.15734 0.160598 0.163856 0.167114 0.170372 0.173631
0.147629 0.150391 0.153153 0.155914 0.158676 0.161438   0.1642 0.166961 0.169723 0.172485
0.151868 0.154206 0.156544 0.158882  0.16122 0.163558 0.165896 0.168234 0.170572  0.17291
0.156847 0.158826 0.160805 0.162784 0.164763 0.166742 0.168721 0.170701  0.17268 0.174659
0.162025 0.163666 0.165307 0.166948 0.168589  0.17023 0.171871 0.173512 0.175153 0.176794
0.166492 0.167987 0.169481 0.170975 0.172469 0.173963 0.175457 0.176951 0.178445 0.179939
-0.0664181   -0.06484  -0.063262 -0.0616839 -0.0601059 -0.0585279 -0.0569499 -0.0553719 -0.0537939 -0.0522159
-0.0644928 -0.0632234 -0.0619541 -0.0606848 -0.0594155 -0.0581462 -0.0568769 -0.0556077 -0.0543384 -0.0530691
-0.0627952 -0.0616537 -0.0605123 -0.0593708 -0.0582294  -0.057088 -0.0559467 -0.0548053 -0.0536639 -0.0525225
-0.0612652 -0.0602349 -0.0592047 -0.0581746 -0.0571444 -0.0561143 -0.0550841  -0.054054 -0.0530239 -0.0519938
-0.0597819 -0.0588407 -0.0578996 -0.0569585 -0.0560174 -0.0550763 -0.0541352 -0.0531942 -0.0522531  -0.051312
-0.0587632 -0.0582006  -0.057638 -0.0570755 -0.0565129 -0.0559504 -0.0553879 -0.0548253 -0.0542628 -0.0537003
-0.0575193 -0.0571017 -0.0566841 -0.0562665 -0.0558489 -0.0554313 -0.0550137 -0.0545962 -0.0541786 -0.0537611
-0.0564854 -0.0563637 -0.0562421 -0.0561204 -0.0559988 -0.0558772 -0.0557556  -0.055634 -0.0555124 -0.0553908
-0.0561459 -0.0564167 -0.0566876 -0.0569585 -0.0572294 -0.0575003 -0.0577712 -0.0580421  -0.058313 -0.0585839
-0.0564432 -0.0571193 -0.0577955 -0.0584716 -0.0591478  -0.059824 -0.0605002 -0.0611764 -0.0618526 -0.0625288
-0.0575082 -0.0585382 -0.0595682 -0.0605983 -0.0616283 -0.0626584 -0.0636885 -0.0647186 -0.0657487 -0.0667788
-0.0589183 -0.0603104 -0.0617025 -0.0630946 -0.0644867 -0.0658789  -0.067271 -0.0686631 -0.0700553 -0.0714475
-0.0606226 -0.0623609 -0.0640992 -0.0658376 -0.0675759 -0.0693143 -0.0710526  -0.072791 -0.0745294 -0.0762678
-0.0626552 -0.0647332 -0.0668113 -0.0688894 -0.0709675 -0.0730456 -0.0751237 -0.0772018 -0.0792799 -0.0813581
-0.0648891 -0.0672517 -0.0696144  -0.071977 -0.0743397 -0.0767023  -0.079065 -0.0814277 -0.0837904 -0.0861531
-0.0672398 -0.0698186 -0.0723973 -0.0749761 -0.0775549 -0.0801337 -0.0827125 -0.0852914 -0.0878702  -0.090449
-0.0695919 -0.0722805 -0.0749692 -0.0776579 -0.0803466 -0.0830353  -0.085724 -0.0884128 -0.0911015 -0.0937903
-0.0720344 -0.0747799 -0.0775254 -0.0802708 -0.0830163 -0.0857618 -0.0885074 -0.0912529 -0.0939984 -0.0967439
-0.0747168 -0.0775353 -0.0803538 -0.0831723 -0.0859909 -0.0888094  -0.091628 -0.0944465 -0.0972651  -0.100084
 -0.077437 -0.0803574 -0.0832779 -0.0861983 -0.0891188 -0.0920393 -0.0949598 -0.0978803  -0.100801  -0.103721
-0.0801443 -0.0831656 -0.0861869 -0.0892083 -0.0922296 -0.0952509 -0.0982723  -0.101294  -0.104315  -0.107336
-0.0828812 -0.0860028 -0.0891244  -0.092246 -0.0953676 -0.0984893  -0.101611  -0.104733  -0.107854  -0.110976
-0.0856634 -0.0888713 -0.0920792 -0.0952871  -0.098495  -0.101703  -0.104911  -0.108119  -0.111327  -0.114535
-0.0885381 -0.0917936 -0.0950492 -0.0983048   -0.10156  -0.104816  -0.108072  -0.111327  -0.114583  -0.117839
-0.0915381 -0.0948295 -0.0981209  -0.101412  -0.104704  -0.107995  -0.111287  -0.114578  -0.117869  -0.121161
-0.0946492 -0.0979907  -0.101332  -0.104674  -0.108015  -0.111357  -0.114698   -0.11804  -0.121381  -0.124723
-0.0978625  -0.101277  -0.104692  -0.108107  -0.111522  -0.114937  -0.118352  -0.121768  -0.125183  -0.128598
 -0.10118 -0.104697 -0.108213  -0.11173 -0.115247 -0.118763  -0.12228 -0.125797 -0.129314 -0.132831
-0.104654 -0.108297 -0.111941 -0.115585 -0.119228 -0.122872 -0.126516 -0.130159 -0.133803 -0.137447
-0.108338 -0.112131 -0.115923 -0.119716 -0.123508 -0.127301 -0.131093 -0.134886 -0.138678 -0.142471
-0.111731 -0.115434 -0.119137 -0.122841 -0.126544 -0.130248 -0.133951 -0.137655 -0.141358 -0.145062
-0.113693 -0.116835 -0.119976 -0.123118  -0.12626 -0.129402 -0.132544 -0.135686 -0.138827 -0.141969
-0.115292 -0.117481  -0.11967 -0.121859 -0.124047 -0.126236 -0.128425 -0.130614 -0.132803 -0.134992
-0.117453 -0.118906 -0.120359 -0.121813 -0.123266  -0.12472 -0.126173 -0.127626  -0.12908 -0.130533
-0.120217 -0.121218  -0.12222 -0.123222 -0.124224 -0.125226 -0.126228  -0.12723 -0.128231 -0.129233
-0.123626 -0.124364 -0.125102 -0.125841 -0.126579 -0.127318 -0.128056 -0.128795 -0.129534 -0.130272
-0.127765 -0.128339 -0.128914 -0.129488 -0.130063 -0.130637 -0.131212 -0.131786 -0.132361 -0.132936
-0.132086  -0.13246 -0.132833 -0.133207  -0.13358 -0.133954 -0.134328 -0.134701 -0.135075 -0.135449
 -0.13549 -0.135456 -0.135422 -0.135388 -0.135354  -0.13532 -0.135286 -0.135252 -0.135218 -0.135184
-0.137192 -0.136648 -0.136105 -0.135562 -0.135018 -0.134475 -0.133931 -0.133388 -0.132844 -0.132301
0.107034 0.107924 0.108814 0.109704 0.110595 0.111485 0.112375 0.113265 0.114155 0.115045
0.107725 0.108767  0.10981 0.110852 0.111895 0.112938  0.11398 0.115023 0.116065 0.117108
0.108278 0.109306 0.110334 0.111362 0.112389 0.113417 0.114445 0.115472   0.1165 0.117528
0.108435 0.109298 0.110161 0.111024 0.111887  0.11275 0.113614 0.114477  0.11534 0.116203
0.107997 0.108517 0.109036 0.109555 0.110075 0.110594 0.111113 0.111633 0.112152 0.112671
0.107006 0.106978 0.106949  0.10692 0.106892 0.106863 0.106834 0.106806 0.106777 0.106748
0.105531 0.104867 0.104203 0.103539 0.102875 0.102211 0.101547 0.100883 0.100219 0.099555
 0.103988  0.102909  0.101831  0.100753 0.0996747 0.0985965 0.0975184 0.0964402  0.095362 0.0942839
 0.102523  0.101241 0.0999583  0.098676 0.0973937 0.0961114 0.0948292 0.0935469 0.0922646 0.0909824
  0.10133   0.10002   0.09871 0.0974002 0.0960904 0.0947806 0.0934709 0.0921611 0.0908514 0.0895416
 0.100257 0.0989551 0.0976529 0.0963508 0.0950486 0.0937464 0.0924443 0.0911421   0.08984 0.0885378
0.0989422 0.0975888 0.0962354 0.0948821 0.0935287 0.0921754  0.090822 0.0894687 0.0881154  0.086762
0.0975571 0.0962693 0.0949814 0.0936936 0.0924057 0.0911179 0.0898301 0.0885423 0.0872545 0.0859667
0.0963556  0.095258 0.0941603 0.0930627 0.0919651 0.0908675 0.0897699 0.0886723 0.0875748 0.0864772
0.0955568 0.0947824 0.0940081 0.0932337 0.0924593  0.091685 0.0909107 0.0901363  0.089362 0.0885877
0.0952201 0.0948728 0.0945255 0.0941782 0.0938309 0.0934837 0.0931364 0.0927892 0.0924419 0.0920946
0.0951937 0.0952387 0.0952836 0.0953286 0.0953735 0.0954185 0.0954635 0.0955085 0.0955535 0.0955985
0.0954228 0.0957907 0.0961586 0.0965265 0.0968944 0.0972623 0.0976303 0.0979982 0.0983661 0.0987341
0.0958876 0.0964953  0.097103 0.0977107 0.0983184 0.0989261 0.0995339  0.100142  0.100749  0.101357
0.0965145 0.0972422   0.09797 0.0986978 0.0994256  0.100153  0.100881  0.101609  0.102337  0.103065
0.0972333 0.0980589 0.0988845   0.09971  0.100536  0.101361  0.102187  0.103012  0.103838  0.104664
0.0980033 0.0989284 0.0998535  0.100779  0.101704  0.102629  0.103554  0.104479  0.105404  0.106329
 0.098825 0.0998652  0.100905  0.101946  0.102986  0.104026  0.105066  0.106107  0.107147  0.108187
0.0996116  0.100724  0.101837   0.10295  0.104063  0.105176  0.106289  0.107402  0.108515  0.109628
0.100383 0.101504 0.102626 0.103748  0.10487 0.105992 0.107114 0.108236 0.109358  0.11048
 0.10122 0.102338 0.103456 0.104574 0.105692  0.10681 0.107928 0.109046 0.110164 0.111282
0.102152 0.103282 0.104412 0.105542 0.106672 0.107802 0.108932 0.110062 0.111192 0.112322
 0.10321 0.104417 0.105623  0.10683 0.108036 0.109243  0.11045 0.111656 0.112863 0.114069
0.104468 0.105864 0.107261 0.108658 0.110055 0.111452 0.112849 0.114246 0.115643  0.11704
0.105481 0.106869 0.108257 0.109645 0.111033 0.112421 0.113809 0.115197 0.116585 0.117973
0.106236 0.107458  0.10868 0.109902 0.111124 0.112346 0.113569 0.114791 0.116013 0.117235
0.106672 0.107542 0.108413 0.109283 0.110153 0.111023 0.111893 0.112764 0.113634 0.114504
0.106769 0.107136 0.107503 0.107869 0.108236 0.108603  0.10897 0.109337 0.109704  0.11007
0.106573 0.106389 0.106206 0.106022 0.105839 0.105655 0.105472 0.105288 0.105105 0.104921
 0.106117  0.105404  0.104692   0.10398  0.103267  0.102555  0.101843   0.10113  0.100418 0.0997058
 0.105518  0.104361  0.103205  0.102048  0.100891 0.0997342 0.0985774 0.0974206 0.0962638  0.095107
 0.104831  0.103317  0.101804   0.10029 0.0987766  0.097263 0.0957495 0.0942359 0.0927223 0.0912087
 0.103957  0.102149  0.100341 0.0985335 0.0967257  0.094918 0.0931102 0.0913025 0.0894947 0.0876869
  0.10251  0.100303 0.0980956 0.0958885 0.0936813 0.0914742 0.0892671 0.0870599 0.0848527 0.0826456
 0.100399 0.0977111  0.095023 0.0923349 0.0896468 0.0869587 0.0842706 0.0815825 0.0788944 0.0762063
0.0975692 0.0943288 0.0910883 0.0878478 0.0846073 0.0813668 0.0781263 0.0748858 0.0716453 0.0684048
0.0940663 0.0902369 0.0864075 0.0825781 0.0787487 0.0749192 0.0710898 0.0672603 0.0634309 0.0596014
0.0900688 0.0856876 0.0813064 0.0769252  0.072544 0.0681628 0.0637816 0.0594004 0.0550191 0.0506379
0.0857528 0.0809724  0.076192 0.0714115 0.0666311 0.0618507 0.0570702 0.0522897 0.0475093 0.0427288
0.0812426 0.0763062 0.0713698 0.0664335 0.0614971 0.0565607 0.0516242 0.0466878 0.0417514 0.0368149
0.0768632 0.0720926  0.067322 0.0625514 0.0577807 0.0530101 0.0482394 0.0434688 0.0386981 0.0339274
 0.073064 0.0686168 0.0641697 0.0597225 0.0552753 0.0508281 0.0463809 0.0419336 0.0374864 0.0330392
0.0697642 0.0657138 0.0616635 0.0576132 0.0535628 0.0495124 0.0454621 0.0414117 0.0373613 0.0333109
0.0670359 0.0634209 0.0598058 0.0561907 0.0525756 0.0489605 0.0453454 0.0417303 0.0381152    0.0345
0.0646927 0.0615115 0.0583303 0.0551491 0.0519679 0.0487866 0.0456054 0.0424241 0.0392429 0.0360616
0.0626671 0.0599075 0.0571478 0.0543882 0.0516285 0.0488689 0.0461092 0.0433495 0.0405898 0.0378301
0.0609633 0.0586108 0.0562583 0.0539059 0.0515534 0.0492009 0.0468484 0.0444958 0.0421433 0.0397908
0.0595889 0.0576403 0.0556917 0.0537431 0.0517945 0.0498459 0.0478972 0.0459486 0.0439999 0.0420513
0.0585487 0.0570067 0.0554646 0.0539225 0.0523804 0.0508383 0.0492962 0.0477541  0.046212 0.0446698
0.0578522 0.0567207 0.0555892 0.0544577 0.0533262 0.0521947 0.0510632 0.0499317 0.0488001 0.0476686
0.0574982 0.0567782 0.0560582 0.0553382 0.0546182 0.0538982 0.0531781 0.0524581  0.051738  0.051018
0.0574667 0.0571549  0.056843 0.0565312 0.0562193 0.0559074 0.0555955 0.0552836 0.0549717 0.0546598
0.0577515 0.0578422  0.057933 0.0580237 0.0581144 0.0582051 0.0582958 0.0583865 0.0584772 0.0585679
0.0583574 0.0588468 0.0593361 0.0598255 0.0603148 0.0608041 0.0612935 0.0617828 0.0622721 0.0627614
0.0592895 0.0601751 0.0610608 0.0619465 0.0628321 0.0637177 0.0646033 0.0654889 0.0663746 0.0672602
0.0605572 0.0618429 0.0631285 0.0644142 0.0656998 0.0669854  0.068271 0.0695566 0.0708422 0.0721278
 0.062161 0.0638534 0.0655459 0.0672383 0.0689307 0.0706231 0.0723155 0.0740079 0.0757003 0.0773927
0.0640989 0.0662049 0.0683109 0.0704168 0.0725228 0.0746287 0.0767346 0.0788406 0.0809465 0.0830524
0.0663738 0.0689008 0.0714278 0.0739548 0.0764817 0.0790087 0.0815357 0.0840626 0.0865895 0.0891165
0.0689933 0.0719488 0.0749044 0.0778599 0.0808155  0.083771 0.0867265  0.089682 0.0926375  0.095593
0.0719526 0.0753332 0.0787137 0.0820943 0.0854748 0.0888553 0.0922358 0.0956163 0.0989968  0.102377
 0.075263 0.0790624 0.0828617  0.086661 0.0904602 0.0942595 0.0980588  0.101858  0.105657  0.109457
0.0790236 0.0832184 0.0874133 0.0916081 0.0958029 0.0999976  0.104192  0.108387  0.112582  0.116777
0.0832839   0.08791  0.092536  0.097162  0.101788  0.106414   0.11104  0.115666  0.120292  0.124918
 0.088058 0.0931727 0.0982874  0.103402  0.108517  0.113631  0.118746  0.123861  0.128975   0.13409
0.0933691 0.0990009  0.104633  0.110264  0.115896  0.121528   0.12716  0.132791  0.138423  0.144055
0.0988526  0.104819  0.110786  0.116752  0.122718  0.128685  0.134651  0.140618  0.146584  0.152551
0.104412 0.110554 0.116695 0.122836 0.128977 0.135119  0.14126 0.147401 0.153542 0.159684
0.109948 0.115951 0.121955 0.127959 0.133962 0.139966  0.14597 0.151973 0.157977  0.16398
0.115124 0.120773 0.126422  0.13207 0.137719 0.143367 0.149016 0.154665 0.160313 0.165962
0.119625 0.124775 0.129925 0.135076 0.140226 0.145376 0.150526 0.155676 0.160826 0.165976
0.123361 0.127979 0.132597 0.137215 0.141832  0.14645 0.151068 0.155686 0.160303 0.164921
0.126538 0.130591 0.134644 0.138698 0.142751 0.146804 0.150857  0.15491 0.158963 0.163016
0.129282 0.132762 0.136242 0.139722 0.143202 0.146682 0.150163 0.153643 0.157123 0.160603
 0.13162 0.134526 0.137433  0.14034 0.143247 0.146153  0.14906 0.151967 0.154874 0.157781
0.132437  0.13513 0.137822 0.140514 0.143206 0.145899 0.148591 0.151283 0.153975 0.156668
0.132437  0.13513 0.137822 0.140514 0.143206 0.145899 0.148591 0.151283 0.153975 0.156668
0.132437  0.13513 0.137822 0.140514 0.143206 0.145899 0.148591 0.151283 0.153975 0.156668
0.132437  0.13513 0.137822 0.140514 0.143206 0.145899 0.148591 0.151283 0.153975 0.156668
0.132437  0.13513 0.137822 0.140514 0.143206 0.145899 0.148591 0.151283 0.153975 0.156668
0.132437  0.13513 0.137822 0.140514 0.143206 0.145899 0.148591 0.151283 0.153975 0.156668
0.132437  0.13513 0.137822 0.140514 0.143206 0.145899 0.148591 0.151283 0.153975 0.156668
0.132437  0.13513 0.137822 0.140514 0.143206 0.145899 0.148591 0.151283 0.153975 0.156668
0.132437  0.13513 0.137822 0.140514 0.143206 0.145899 0.148591 0.151283 0.153975 0.156668
0.132437  0.13513 0.137822 0.140514 0.143206 0.145899 0.148591 0.151283 0.153975 0.156668
0.132437  0.13513 0.137822 0.140514 0.143206 0.145899 0.148591 0.151283 0.153975 0.156668
0.132437  0.13513 0.137822 0.140514 0.143206 0.145899 0.148591 0.151283 0.153975 0.156668
0.132437  0.13513 0.137822 0.140514 0.143206 0.145899 0.148591 0.151283 0.153975 0.156668
0.132437  0.13513 0.137822 0.140514 0.143206 0.145899 0.148591 0.151283 0.153975 0.156668
0.132437  0.13513 0.137822 0.140514 0.143206 0.145899 0.148591 0.151283 0.153975 0.156668
0.132437  0.13513 0.137822 0.140514 0.143206 0.145899 0.148591 0.151283 0.153975 0.156668
0.132437  0.13513 0.137822 0.140514 0.143206 0.145899 0.148591 0.151283 0.153975 0.156668
0.132437  0.13513 0.137822 0.140514 0.143206 0.145899 0.148591 0.151283 0.153975 0.156668
0.132437  0.13513 0.137822 0.140514 0.143206 0.145899 0.148591 0.151283 0.153975 0.156668
0.132437  0.13513 0.137822 0.140514 0.143206 0.145899 0.148591 0.151283 0.153975 0.156668
0.132437  0.13513 0.137822 0.140514 0.143206 0.145899 0.148591 0.151283 0.153975 0.156668
0.132437  0.13513 0.137822 0.140514 0.143206 0.145899 0.148591 0.151283 0.153975 0.156668
0.132437  0.13513 0.137822 0.140514 0.143206 0.145899 0.148591 0.151283 0.153975 0.156668
0.132437  0.13513 0.137822 0.140514 0.143206 0.145899 0.148591 0.151283 0.153975 0.156668
0.132437  0.13513 0.137822 0.140514 0.143206 0.145899 0.148591 0.151283 0.153975 0.156668
0.132437  0.13513 0.137822 0.140514 0.143206 0.145899 0.148591 0.151283 0.153975 0.156668
0.132437  0.13513 0.137822 0.140514 0.143206 0.145899 0.148591 0.151283 0.153975 0.156668
0.132437  0.13513 0.137822 0.140514 0.143206 0.145899 0.148591 0.151283 0.153975 0.156668
0.132437  0.13513 0.137822 0.140514 0.143206 0.145899 0.148591 0.151283 0.153975 0.156668
0.132437  0.13513 0.137822 0.140514 0.143206 0.145899 0.148591 0.151283 0.153975 0.156668
0.132437  0.13513 0.137822 0.140514 0.143206 0.145899 0.148591 0.151283 0.153975 0.156668
0.132437  0.13513 0.137822 0.140514 0.143206 0.145899 0.148591 0.151283 0.153975 0.156668
0.132437  0.13513 0.137822 0.140514 0.143206 0.145899 0.148591 0.151283 0.153975 0.156668
0.132437  0.13513 0.137822 0.140514 0.143206 0.145899 0.148591 0.151283 0.153975 0.156668
0.132437  0.13513 0.137822 0.140514 0.143206 0.145899 0.148591 0.151283 0.153975 0.156668
0.132437  0.13513 0.137822 0.140514 0.143206 0.145899 0.148591 0.151283 0.153975 0.156668
0.132437  0.13513 0.137822 0.140514 0.143206 0.145899 0.148591 0.151283 0.153975 0.156668
0.132437  0.13513 0.137822 0.140514 0.143206 0.145899 0.148591 0.151283 0.153975 0.156668
0.132437  0.13513 0.137822 0.140514 0.143206 0.145899 0.148591 0.151283 0.153975 0.156668
0.132437  0.13513 0.137822 0.140514 0.143206 0.145899 0.148591 0.151283 0.153975 0.156668
0.132437  0.13513 0.137822 0.140514 0.143206 0.145899 0.148591 0.151283 0.153975 0.156668
0.132437  0.13513 0.137822 0.140514 0.143206 0.145899 0.148591 0.151283 0.153975 0.156668
0.132437  0.13513 0.137822 0.140514 0.143206 0.145899 0.148591 0.151283 0.153975 0.156668
0.132437  0.13513 0.137822 0.140514 0.143206 0.145899 0.148591 0.151283 0.153975 0.156668
0.132437  0.13513 0.137822 0.140514 0.143206 0.145899 0.148591 0.151283 0.153975 0.156668
0.132437  0.13513 0.137822 0.140514 0.143206 0.145899 0.148591 0.151283 0.153975 0.156668
0.132437  0.13513 0.137822 0.140514 0.143206 0.145899 0.148591 0.151283 0.153975 0.156668
0.132437  0.13513 0.137822 0.140514 0.143206 0.145899 0.148591 0.151283 0.153975 0.156668
0.132437  0.13513 0.137822 0.140514 0.143206 0.145899 0.148591 0.151283 0.153975 0.156668
0.132437  0.13513 0.137822 0.140514 0.143206 0.145899 0.148591 0.151283 0.153975 0.156668
0.132437  0.13513 0.137822 0.140514 0.143206 0.145899 0.148591 0.151283 0.153975 0.156668
0.132437  0.13513 0.137822 0.140514 0.143206 0.145899 0.148591 0.151283 0.153975 0.156668
0.132437  0.13513 0.137822 0.140514 0.143206 0.145899 0.148591 0.151283 0.153975 0.156668
0.132437  0.13513 0.137822 0.140514 0.143206 0.145899 0.148591 0.151283 0.153975 0.156668
0.132437  0.13513 0.137822 0.140514 0.143206 0.145899 0.148591 0.151283 0.153975 0.156668
0.132437  0.13513 0.137822 0.140514 0.143206 0.145899 0.148591 0.151283 0.153975 0.156668
0.132437  0.13513 0.137822 0.140514 0.143206 0.145899 0.148591 0.151283 0.153975 0.156668
0.132437  0.13513 0.137822 0.140514 0.143206 0.145899 0.148591 0.151283 0.153975 0.156668
0.132437  0.13513 0.137822 0.140514 0.143206 0.145899 0.148591 0.151283 0.153975 0.156668
0.132437  0.13513 0.137822 0.140514 0.143206 0.145899 0.148591 0.151283 0.153975 0.156668
0.132437  0.13513 0.137822 0.140514 0.143206 0.145899 0.148591 0.151283 0.153975 0.156668
0.132437  0.13513 0.137822 0.140514 0.143206 0.145899 0.148591 0.151283 0.153975 0.156668
0.132437  0.13513 0.137822 0.140514 0.143206 0.145899 0.148591 0.151283 0.153975 0.156668
0.132437  0.13513 0.137822 0.140514 0.143206 0.145899 0.148591 0.151283 0.153975 0.156668
0.132437  0.13513 0.137822 0.140514 0.143206 0.145899 0.148591 0.151283 0.153975 0.156668
0.132437  0.13513 0.137822 0.140514 0.143206 0.145899 0.148591 0.151283 0.153975 0.156668
0.132437  0.13513 0.137822 0.140514 0.143206 0.145899 0.148591 0.151283 0.153975 0.156668
0.132437  0.13513 0.137822 0.140514 0.143206 0.145899 0.148591 0.151283 0.153975 0.156668
0.132437  0.13513 0.137822 0.140514 0.143206 0.145899 0.148591 0.151283 0.153975 0.156668
0.132437  0.13513 0.137822 0.140514 0.143206 0.145899 0.148591 0.151283 0.153975 0.156668
0.132437  0.13513 0.137822 0.140514 0.143206 0.145899 0.148591 0.151283 0.153975 0.156668
0.132437  0.13513 0.137822 0.140514 0.143206 0.145899 0.148591 0.151283 0.153975 0.156668
0.132437  0.13513 0.137822 0.140514 0.143206 0.145899 0.148591 0.151283 0.153975 0.156668
0.132437  0.13513 0.137822 0.140514 0.143206 0.145899 0.148591 0.151283 0.153975 0.156668
0.132437  0.13513 0.137822 0.140514 0.143206 0.145899 0.148591 0.151283 0.153975 0.156668
0.132437  0.13513 0.137822 0.140514 0.143206 0.145899 0.148591 0.151283 0.153975 0.156668
0.132437  0.13513 0.137822 0.140514 0.143206 0.145899 0.148591 0.151283 0.153975 0.156668
0.132437  0.13513 0.137822 0.140514 0.143206 0.145899 0.148591 0.151283 0.153975 0.156668
0.132437  0.13513 0.137822 0.140514 0.143206 0.145899 0.148591 0.151283 0.153975 0.156668
0.132437  0.13513 0.137822 0.140514 0.143206 0.145899 0.148591 0.151283 0.153975 0.156668
0.132437  0.13513 0.137822 0.140514 0.143206 0.145899 0.148591 0.151283 0.153975 0.156668
0.132437  0.13513 0.137822 0.140514 0.143206 0.145899 0.148591 0.151283 0.153975 0.156668
0.132437  0.13513 0.137822 0.140514 0.143206 0.145899 0.148591 0.151283 0.153975 0.156668
0.132437  0.13513 0.137822 0.140514 0.143206 0.145899 0.148591 0.151283 0.153975 0.156668
0.132437  0.13513 0.137822 0.140514 0.143206 0.145899 0.148591 0.151283 0.153975 0.156668
0.132437  0.13513 0.137822 0.140514 0.143206 0.145899 0.148591 0.151283 0.153975 0.156668
0.132437  0.13513 0.137822 0.140514 0.143206 0.145899 0.148591 0.151283 0.153975 0.156668
0.132437  0.13513 0.137822 0.140514 0.143206 0.145899 0.148591 0.151283 0.153975 0.156668
0.132437  0.13513 0.137822 0.140514 0.143206 0.145899 0.148591 0.151283 0.153975 0.156668
0.132437  0.13513 0.137822 0.140514 0.143206 0.145899 0.148591 0.151283 0.153975 0.156668
0.132437  0.13513 0.137822 0.140514 0.143206 0.145899 0.148591 0.151283 0.153975 0.156668
0.132437  0.13513 0.137822 0.140514 0.143206 0.145899 0.148591 0.151283 0.153975 0.156668
0.132437  0.13513 0.137822 0.140514 0.143206 0.145899 0.148591 0.151283 0.153975 0.156668
0.132437  0.13513 0.137822 0.140514 0.143206 0.145899 0.148591 0.151283 0.153975 0.156668
0.132437  0.13513 0.137822 0.140514 0.143206 0.145899 0.148591 0.151283 0.153975 0.156668
0.132437  0.13513 0.137822 0.140514 0.143206 0.145899 0.148591 0.151283 0.153975 0.156668
0.132437  0.13513 0.137822 0.140514 0.143206 0.145899 0.148591 0.151283 0.153975 0.156668
0.132437  0.13513 0.137822 0.140514 0.143206 0.145899 0.148591 0.151283 0.153975 0.156668
0.132437  0.13513 0.137822 0.140514 0.143206 0.145899 0.148591 0.151283 0.153975 0.156668
0.132437  0.13513 0.137822 0.140514 0.143206 0.145899 0.148591 0.151283 0.153975 0.156668
0.132437  0.13513 0.137822 0.140514 0.143206 0.145899 0.148591 0.151283 0.153975 0.156668
0.132437  0.13513 0.137822 0.140514 0.143206 0.145899 0.148591 0.151283 0.153975 0.156668
0.132437  0.13513 0.137822 0.140514 0.143206 0.145899 0.148591 0.151283 0.153975 0.156668
0.132437  0.13513 0.137822 0.140514 0.143206 0.145899 0.148591 0.151283 0.153975 0.156668
0.132437  0.13513 0.137822 0.140514 0.143206 0.145899 0.148591 0.151283 0.153975 0.156668
0.132437  0.13513 0.137822 0.140514 0.143206 0.145899 0.148591 0.151283 0.153975 0.156668
0.132437  0.13513 0.137822 0.140514 0.143206 0.145899 0.148591 0.151283 0.153975 0.156668
0.132437  0.13513 0.137822 0.140514 0.143206 0.145899 0.148591 0.151283 0.153975 0.156668
0.132437  0.13513 0.137822 0.140514 0.143206 0.145899 0.148591 0.151283 0.153975 0.156668
0.132437  0.13513 0.137822 0.140514 0.143206 0.145899 0.148591 0.151283 0.153975 0.156668
0.132437  0.13513 0.137822 0.140514 0.143206 0.145899 0.148591 0.151283 0.153975 0.156668
0.132437  0.13513 0.137822 0.140514 0.143206 0.145899 0.148591 0.151283 0.153975 0.156668
0.132437  0.13513 0.137822 0.140514 0.143206 0.145899 0.148591 0.151283 0.153975 0.156668
0.132437  0.13513 0.137822 0.140514 0.143206 0.145899 0.148591 0.151283 0.153975 0.156668
0.132437  0.13513 0.137822 0.140514 0.143206 0.145899 0.148591 0.151283 0.153975 0.156668
0.132437  0.13513 0.137822 0.140514 0.143206 0.145899 0.148591 0.151283 0.153975 0.156668
0.132437  0.13513 0.137822 0.140514 0.143206 0.145899 0.148591 0.151283 0.153975 0.156668
0.132437  0.13513 0.137822 0.140514 0.143206 0.145899 0.148591 0.151283 0.153975 0.156668
0.132437  0.13513 0.137822 0.140514 0.143206 0.145899 0.148591 0.151283 0.153975 0.156668
0.132437  0.13513 0.137822 0.140514 0.143206 0.145899 0.148591 0.151283 0.153975 0.156668
0.132437  0.13513 0.137822 0.140514 0.143206 0.145899 0.148591 0.151283 0.153975 0.156668
0.132437  0.13513 0.137822 0.140514 0.143206 0.145899 0.148591 0.151283 0.153975 0.156668
0.132437  0.13513 0.137822 0.140514 0.143206 0.145899 0.148591 0.151283 0.153975 0.156668
0.132437  0.13513 0.137822 0.140514 0.143206 0.145899 0.148591 0.151283 0.153975 0.156668
0.132437  0.13513 0.137822 0.140514 0.143206 0.145899 0.148591 0.151283 0.153975 0.156668
0.132437  0.13513 0.137822 0.140514 0.143206 0.145899 0.148591 0.151283 0.153975 0.156668
0.132437  0.13513 0.137822 0.140514 0.143206 0.145899 0.148591 0.151283 0.153975 0.156668
0.132437  0.13513 0.137822 0.140514 0.143206 0.145899 0.148591 0.151283 0.153975 0.156668
0.132437  0.13513 0.137822 0.140514 0.143206 0.145899 0.148591 0.151283 0.153975 0.156668
0.132437  0.13513 0.137822 0.140514 0.143206 0.145899 0.148591 0.151283 0.153975 0.156668
0.132437  0.13513 0.137822 0.140514 0.143206 0.145899 0.148591 0.151283 0.153975 0.156668
0.132437  0.13513 0.137822 0.140514 0.143206 0.145899 0.148591 0.151283 0.153975 0.156668
0.132437  0.13513 0.137822 0.140514 0.143206 0.145899 0.148591 0.151283 0.153975 0.156668
0.132437  0.13513 0.137822 0.140514 0.143206 0.145899 0.148591 0.151283 0.153975 0.156668
