0.00018259 0.00018259 0.00018259 0.00018259 0.00018259 0.00018259 0.00018259 0.00018259 0.00018259 0.00018259
0.00018259 0.00018259 0.00018259 0.00018259 0.00018259 0.00018259 0.00018259 0.00018259 0.00018259 0.00018259
0 0 0 0 0 0 0 0 0 0
0.00018259 0.00018259 0.00018259 0.00018259 0.00018259 0.00018259 0.00018259 0.00018259 0.00018259 0.00018259
0.00018259 0.00018259 0.00018259 0.00018259 0.00018259 0.00018259 0.00018259 0.00018259 0.00018259 0.00018259
0.00018259 0.00018259 0.00018259 0.00018259 0.00018259 0.00018259 0.00018259 0.00018259 0.00018259 0.00018259
0.00018259 0.00018259 0.00018259 0.00018259 0.00018259 0.00018259 0.00018259 0.00018259 0.00018259 0.00018259
0.00018259 0.00018259 0.00018259 0.00018259 0.00018259 0.00018259 0.00018259 0.00018259 0.00018259 0.00018259
0.00018259 0.00018259 0.00018259 0.00018259 0.00018259 0.00018259 0.00018259 0.00018259 0.00018259 0.00018259
0.00018259 0.00018259 0.00018259 0.00018259 0.00018259 0.00018259 0.00018259 0.00018259 0.00018259 0.00018259
0.00018259 0.00018259 0.00018259 0.00018259 0.00018259 0.00018259 0.00018259 0.00018259 0.00018259 0.00018259
0.00018259 0.00018259 0.00018259 0.00018259 0.00018259 0.00018259 0.00018259 0.00018259 0.00018259 0.00018259
0.00018259 0.00018259 0.00018259 0.00018259 0.00018259 0.00018259 0.00018259 0.00018259 0.00018259 0.00018259
0.00018259 0.00018259 0.00018259 0.00018259 0.00018259 0.00018259 0.00018259 0.00018259 0.00018259 0.00018259
0.00018259 0.00018259 0.00018259 0.00018259 0.00018259 0.00018259 0.00018259 0.00018259 0.00018259 0.00018259
0.00018259 0.00018259 0.00018259 0.00018259 0.00018259 0.00018259 0.00018259 0.00018259 0.00018259 0.00018259
0.00018259 0.00018259 0.00018259 0.00018259 0.00018259 0.00018259 0.00018259 0.00018259 0.00018259 0.00018259
0.00018259 0.00018259 0.00018259 0.00018259 0.00018259 0.00018259 0.00018259 0.00018259 0.00018259 0.00018259
0.00018259 0.00018259 0.00018259 0.00018259 0.00018259 0.00018259 0.00018259 0.00018259 0.00018259 0.00018259
0.00018259 0.00018259 0.00018259 0.00018259 0.00018259 0.00018259 0.00018259 0.00018259 0.00018259 0.00018259
0.00018259 0.00018259 0.00018259 0.00018259 0.00018259 0.00018259 0.00018259 0.00018259 0.00018259 0.00018259
0.00018259 0.00018259 0.00018259 0.00018259 0.00018259 0.00018259 0.00018259 0.00018259 0.00018259 0.00018259
0.00018259 0.00018259 0.00018259 0.00018259 0.00018259 0.00018259 0.00018259 0.00018259 0.00018259 0.00018259
0.00018259 0.00018259 0.00018259 0.00018259 0.00018259 0.00018259 0.00018259 0.00018259 0.00018259 0.00018259
0.00018259 0.00018259 0.00018259 0.00018259 0.00018259 0.00018259 0.00018259 0.00018259 0.00018259 0.00018259
0.00018259 0.00018259 0.00018259 0.00018259 0.00018259 0.00018259 0.00018259 0.00018259 0.00018259 0.00018259
0.00018259 0.00018259 0.00018259 0.00018259 0.00018259 0.00018259 0.00018259 0.00018259 0.00018259 0.00018259
0.00018259 0.00018259 0.00018259 0.00018259 0.00018259 0.00018259 0.00018259 0.00018259 0.00018259 0.00018259
0.00018259 0.00018259 0.00018259 0.00018259 0.00018259 0.00018259 0.00018259 0.00018259 0.00018259 0.00018259
0.00018259 0.00018259 0.00018259 0.00018259 0.00018259 0.00018259 0.00018259 0.00018259 0.00018259 0.00018259
0.00018259 0.00018259 0.00018259 0.00018259 0.00018259 0.00018259 0.00018259 0.00018259 0.00018259 0.00018259
0.00018259 0.00018259 0.00018259 0.00018259 0.00018259 0.00018259 0.00018259 0.00018259 0.00018259 0.00018259
0.00018259 0.00018259 0.00018259 0.00018259 0.00018259 0.00018259 0.00018259 0.00018259 0.00018259 0.00018259
0.00018259 0.00018259 0.00018259 0.00018259 0.00018259 0.00018259 0.00018259 0.00018259 0.00018259 0.00018259
0.00018259 0.00018259 0.00018259 0.00018259 0.00018259 0.00018259 0.00018259 0.00018259 0.00018259 0.00018259
0.00018259 0.00018259 0.00018259 0.00018259 0.00018259 0.00018259 0.00018259 0.00018259 0.00018259 0.00018259
0.00018259 0.00018259 0.00018259 0.00018259 0.00018259 0.00018259 0.00018259 0.00018259 0.00018259 0.00018259
0.00018259 0.00018259 0.00018259 0.00018259 0.00018259 0.00018259 0.00018259 0.00018259 0.00018259 0.00018259
0.00018259 0.00018259 0.00018259 0.00018259 0.00018259 0.00018259 0.00018259 0.00018259 0.00018259 0.00018259
0.00018259 0.00018259 0.00018259 0.00018259 0.00018259 0.00018259 0.00018259 0.00018259 0.00018259 0.00018259
 0.00018259  0.00018259  0.00018259  0.00018259  0.00018259  0.00018259  0.00018259  0.00018259  0.00018259 0.000182498
 0.00018259  0.00018259  0.00018259  0.00018259  0.00018259  0.00018259  0.00018259  0.00018259 0.000182498 0.000182007
 0.00018259  0.00018259  0.00018259  0.00018259  0.00018259  0.00018259  0.00018259 0.000182498 0.000182007 0.000181106
 0.00018259  0.00018259  0.00018259  0.00018259  0.00018259  0.00018259 0.000182498 0.000182007 0.000181106 0.000179813
 0.00018259  0.00018259  0.00018259  0.00018259  0.00018259 0.000182498 0.000182007 0.000181106 0.000179813 0.000178146
 0.00018259  0.00018259  0.00018259  0.00018259 0.000182498 0.000182007 0.000181106 0.000179813 0.000178146 0.000176123
 0.00018259  0.00018259  0.00018259 0.000182498 0.000182007 0.000181106 0.000179813 0.000178146 0.000176123  0.00017376
 0.00018259  0.00018259 0.000182498 0.000182007 0.000181106 0.000179813 0.000178146 0.000176123  0.00017376 0.000171075
 0.00018259 0.000182498 0.000182007 0.000181106 0.000179813 0.000178146 0.000176123  0.00017376 0.000171075 0.000168087
0.000182498 0.000182007 0.000181106 0.000179813 0.000178146 0.000176123  0.00017376 0.000171075 0.000168087 0.000164812
0.000182007 0.000181106 0.000179813 0.000178146 0.000176123  0.00017376 0.000171075 0.000168087 0.000164812 0.000161267
0.000181106 0.000179813 0.000178146 0.000176123  0.00017376 0.000171075 0.000168087 0.000164812 0.000161267 0.000157472
0.000179813 0.000178146 0.000176123  0.00017376 0.000171075 0.000168087 0.000164812 0.000161267 0.000157472 0.000153442
0.000178146 0.000176123  0.00017376 0.000171075 0.000168087 0.000164812 0.000161267 0.000157472 0.000153442 0.000149195
0.000176123  0.00017376 0.000171075 0.000168087 0.000164812 0.000161267 0.000157472 0.000153442 0.000149195  0.00014475
 0.00017376 0.000171075 0.000168087 0.000164812 0.000161267 0.000157472 0.000153442 0.000149195  0.00014475 0.000140124
0.000171075 0.000168087 0.000164812 0.000161267 0.000157472 0.000153442 0.000149195  0.00014475 0.000140124 0.000135333
0.000168087 0.000164812 0.000161267 0.000157472 0.000153442 0.000149195  0.00014475 0.000140124 0.000135333 0.000130396
0.000164812 0.000161267 0.000157472 0.000153442 0.000149195  0.00014475 0.000140124 0.000135333 0.000130396  0.00012533
0.000161267 0.000157472 0.000153442 0.000149195  0.00014475 0.000140124 0.000135333 0.000130396  0.00012533 0.000120153
0.000157472 0.000153442 0.000149195  0.00014475 0.000140124 0.000135333 0.000130396  0.00012533 0.000120153 0.000114883
0.000153442 0.000149195  0.00014475 0.000140124 0.000135333 0.000130396  0.00012533 0.000120153 0.000114883 0.000109536
0.000149195  0.00014475 0.000140124 0.000135333 0.000130396  0.00012533 0.000120153 0.000114883 0.000109536  0.00010413
 0.00014475 0.000140124 0.000135333 0.000130396  0.00012533 0.000120153 0.000114883 0.000109536  0.00010413 9.86828e-05
0.000140124 0.000135333 0.000130396  0.00012533 0.000120153 0.000114883 0.000109536  0.00010413 9.86828e-05 9.32121e-05
0.000135333 0.000130396  0.00012533 0.000120153 0.000114883 0.000109536  0.00010413 9.86828e-05 9.32121e-05 8.77354e-05
0.000130396  0.00012533 0.000120153 0.000114883 0.000109536  0.00010413 9.86828e-05 9.32121e-05 8.77354e-05   8.227e-05
 0.00012533 0.000120153 0.000114883 0.000109536  0.00010413 9.86828e-05 9.32121e-05 8.77354e-05   8.227e-05 7.68335e-05
0.000120153 0.000114883 0.000109536  0.00010413 9.86828e-05 9.32121e-05 8.77354e-05   8.227e-05 7.68335e-05 7.14435e-05
0.000114883 0.000109536  0.00010413 9.86828e-05 9.32121e-05 8.77354e-05   8.227e-05 7.68335e-05 7.14435e-05 6.61175e-05
0.000109536  0.00010413 9.86828e-05 9.32121e-05 8.77354e-05   8.227e-05 7.68335e-05 7.14435e-05 6.61175e-05  6.0873e-05
 0.00010413 9.86828e-05 9.32121e-05 8.77354e-05   8.227e-05 7.68335e-05 7.14435e-05 6.61175e-05  6.0873e-05 5.57275e-05
9.86828e-05 9.32121e-05 8.77354e-05   8.227e-05 7.68335e-05 7.14435e-05 6.61175e-05  6.0873e-05 5.57275e-05 5.06985e-05
9.32121e-05 8.77354e-05   8.227e-05 7.68335e-05 7.14435e-05 6.61175e-05  6.0873e-05 5.57275e-05 5.06985e-05 4.58037e-05
8.77354e-05   8.227e-05 7.68335e-05 7.14435e-05 6.61175e-05  6.0873e-05 5.57275e-05 5.06985e-05 4.58037e-05 4.10605e-05
  8.227e-05 7.68335e-05 7.14435e-05 6.61175e-05  6.0873e-05 5.57275e-05 5.06985e-05 4.58037e-05 4.10605e-05 3.64865e-05
7.68335e-05 7.14435e-05 6.61175e-05  6.0873e-05 5.57275e-05 5.06985e-05 4.58037e-05 4.10605e-05 3.64865e-05 3.20991e-05
7.14435e-05 6.61175e-05  6.0873e-05 5.57275e-05 5.06985e-05 4.58037e-05 4.10605e-05 3.64865e-05 3.20991e-05 2.79159e-05
6.61175e-05  6.0873e-05 5.57275e-05 5.06985e-05 4.58037e-05 4.10605e-05 3.64865e-05 3.20991e-05 2.79159e-05 2.39545e-05
 6.0873e-05 5.57275e-05 5.06985e-05 4.58037e-05 4.10605e-05 3.64865e-05 3.20991e-05 2.79159e-05 2.39545e-05 2.02324e-05
5.57275e-05 5.06985e-05 4.58037e-05 4.10605e-05 3.64865e-05 3.20991e-05 2.79159e-05 2.39545e-05 2.02324e-05  1.6767e-05
5.06985e-05 4.58037e-05 4.10605e-05 3.64865e-05 3.20991e-05 2.79159e-05 2.39545e-05 2.02324e-05  1.6767e-05  1.3576e-05
4.58037e-05 4.10605e-05 3.64865e-05 3.20991e-05 2.79159e-05 2.39545e-05 2.02324e-05  1.6767e-05  1.3576e-05 1.06768e-05
4.10605e-05 3.64865e-05 3.20991e-05 2.79159e-05 2.39545e-05 2.02324e-05  1.6767e-05  1.3576e-05 1.06768e-05 8.08696e-06
3.64865e-05 3.20991e-05 2.79159e-05 2.39545e-05 2.02324e-05  1.6767e-05  1.3576e-05 1.06768e-05 8.08696e-06 5.82406e-06
3.20991e-05 2.79159e-05 2.39545e-05 2.02324e-05  1.6767e-05  1.3576e-05 1.06768e-05 8.08696e-06 5.82406e-06  3.9056e-06
2.79159e-05 2.39545e-05 2.02324e-05  1.6767e-05  1.3576e-05 1.06768e-05 8.08696e-06 5.82406e-06  3.9056e-06 2.34911e-06
2.39545e-05 2.02324e-05  1.6767e-05  1.3576e-05 1.06768e-05 8.08696e-06 5.82406e-06  3.9056e-06 2.34911e-06 1.17211e-06
2.02324e-05  1.6767e-05  1.3576e-05 1.06768e-05 8.08696e-06 5.82406e-06  3.9056e-06 2.34911e-06 1.17211e-06 3.92137e-07
 1.6767e-05  1.3576e-05 1.06768e-05 8.08696e-06 5.82406e-06  3.9056e-06 2.34911e-06 1.17211e-06 3.92137e-07 2.67155e-08
 1.3576e-05 1.06768e-05 8.08696e-06 5.82406e-06  3.9056e-06 2.34911e-06 1.17211e-06 3.92137e-07 2.67155e-08           0
1.06768e-05 8.08696e-06 5.82406e-06  3.9056e-06 2.34911e-06 1.17211e-06 3.92137e-07 2.67155e-08           0           0
8.08696e-06 5.82406e-06  3.9056e-06 2.34911e-06 1.17211e-06 3.92137e-07 2.67155e-08           0           0           0
5.82406e-06  3.9056e-06 2.34911e-06 1.17211e-06 3.92137e-07 2.67155e-08           0           0           0           0
 3.9056e-06 2.34911e-06 1.17211e-06 3.92137e-07 2.67155e-08           0           0           0           0           0
2.34911e-06 1.17211e-06 3.92137e-07 2.67155e-08           0           0           0           0           0           0
1.17211e-06 3.92137e-07 2.67155e-08           0           0           0           0           0           0           0
3.92137e-07 2.67155e-08           0           0           0           0           0           0           0           0
2.67155e-08           0           0           0           0           0           0           0           0           0
0 0 0 0 0 0 0 0 0 0
0 0 0 0 0 0 0 0 0 0
0 0 0 0 0 0 0 0 0 0
0 0 0 0 0 0 0 0 0 0
0 0 0 0 0 0 0 0 0 0
0 0 0 0 0 0 0 0 0 0
0 0 0 0 0 0 0 0 0 0
0 0 0 0 0 0 0 0 0 0
0 0 0 0 0 0 0 0 0 0
0 0 0 0 0 0 0 0 0 0
0 0 0 0 0 0 0 0 0 0
0 0 0 0 0 0 0 0 0 0
0 0 0 0 0 0 0 0 0 0
0 0 0 0 0 0 0 0 0 0
0 0 0 0 0 0 0 0 0 0
0 0 0 0 0 0 0 0 0 0
0 0 0 0 0 0 0 0 0 0
0 0 0 0 0 0 0 0 0 0
0 0 0 0 0 0 0 0 0 0
0 0 0 0 0 0 0 0 0 0
0 0 0 0 0 0 0 0 0 0
0 0 0 0 0 0 0 0 0 0
0 0 0 0 0 0 0 0 0 0
0 0 0 0 0 0 0 0 0 0
0 0 0 0 0 0 0 0 0 0
0 0 0 0 0 0 0 0 0 0
           0            0            0            0            0            0            0            0            0 -1.38286e-06
           0            0            0            0            0            0            0            0 -1.38286e-06 -3.59544e-06
           0            0            0            0            0            0            0 -1.38286e-06 -3.59544e-06 -5.80802e-06
           0            0            0            0            0            0 -1.38286e-06 -3.59544e-06 -5.80802e-06  -8.0206e-06
           0            0            0            0            0 -1.38286e-06 -3.59544e-06 -5.80802e-06  -8.0206e-06 -1.02332e-05
           0            0            0            0 -1.38286e-06 -3.59544e-06 -5.80802e-06  -8.0206e-06 -1.02332e-05 -1.24458e-05
           0            0            0 -1.38286e-06 -3.59544e-06 -5.80802e-06  -8.0206e-06 -1.02332e-05 -1.24458e-05 -1.46583e-05
           0            0 -1.38286e-06 -3.59544e-06 -5.80802e-06  -8.0206e-06 -1.02332e-05 -1.24458e-05 -1.46583e-05 -1.68709e-05
           0 -1.38286e-06 -3.59544e-06 -5.80802e-06  -8.0206e-06 -1.02332e-05 -1.24458e-05 -1.46583e-05 -1.68709e-05 -1.90835e-05
-1.38286e-06 -3.59544e-06 -5.80802e-06  -8.0206e-06 -1.02332e-05 -1.24458e-05 -1.46583e-05 -1.68709e-05 -1.90835e-05 -2.12961e-05
-3.59544e-06 -5.80802e-06  -8.0206e-06 -1.02332e-05 -1.24458e-05 -1.46583e-05 -1.68709e-05 -1.90835e-05 -2.12961e-05 -2.21258e-05
-5.80802e-06  -8.0206e-06 -1.02332e-05 -1.24458e-05 -1.46583e-05 -1.68709e-05 -1.90835e-05 -2.12961e-05 -2.21258e-05 -2.21258e-05
 -8.0206e-06 -1.02332e-05 -1.24458e-05 -1.46583e-05 -1.68709e-05 -1.90835e-05 -2.12961e-05 -2.21258e-05 -2.21258e-05 -2.21258e-05
-1.02332e-05 -1.24458e-05 -1.46583e-05 -1.68709e-05 -1.90835e-05 -2.12961e-05 -2.21258e-05 -2.21258e-05 -2.21258e-05 -2.21258e-05
0 0 0 0 0 0 0 0 0 0
0 0 0 0 0 0 0 0 0 0
0 0 0 0 0 0 0 0 0 0
0 0 0 0 0 0 0 0 0 0
0 0 0 0 0 0 0 0 0 0
0 0 0 0 0 0 0 0 0 0
0 0 0 0 0 0 0 0 0 0
0 0 0 0 0 0 0 0 0 0
0 0 0 0 0 0 0 0 0 0
0 0 0 0 0 0 0 0 0 0
0 0 0 0 0 0 0 0 0 0
0 0 0 0 0 0 0 0 0 0
0 0 0 0 0 0 0 0 0 0
0 0 0 0 0 0 0 0 0 0
0 0 0 0 0 0 0 0 0 0
0 0 0 0 0 0 0 0 0 0
0 0 0 0 0 0 0 0 0 0
0 0 0 0 0 0 0 0 0 0
0 0 0 0 0 0 0 0 0 0
0 0 0 0 0 0 0 0 0 0
0 0 0 0 0 0 0 0 0 0
0 0 0 0 0 0 0 0 0 0
0 0 0 0 0 0 0 0 0 0
0 0 0 0 0 0 0 0 0 0
0 0 0 0 0 0 0 0 0 0
0 0 0 0 0 0 0 0 0 0
0 0 0 0 0 0 0 0 0 0
0 0 0 0 0 0 0 0 0 0
0 0 0 0 0 0 0 0 0 0
0 0 0 0 0 0 0 0 0 0
0 0 0 0 0 0 0 0 0 0
0 0 0 0 0 0 0 0 0 0
0 0 0 0 0 0 0 0 0 0
0 0 0 0 0 0 0 0 0 0
0 0 0 0 0 0 0 0 0 0
0 0 0 0 0 0 0 0 0 0
0 0 0 0 0 0 0 0 0 0
0 0 0 0 0 0 0 0 0 0
0 0 0 0 0 0 0 0 0 0
0 0 0 0 0 0 0 0 0 0
0 0 0 0 0 0 0 0 0 0
0 0 0 0 0 0 0 0 0 0
0 0 0 0 0 0 0 0 0 0
0 0 0 0 0 0 0 0 0 0
0 0 0 0 0 0 0 0 0 0
0 0 0 0 0 0 0 0 0 0
0 0 0 0 0 0 0 0 0 0
0 0 0 0 0 0 0 0 0 0
0 0 0 0 0 0 0 0 0 0
0 0 0 0 0 0 0 0 0 0
0 0 0 0 0 0 0 0 0 0
0 0 0 0 0 0 0 0 0 0
0 0 0 0 0 0 0 0 0 0
0 0 0 0 0 0 0 0 0 0
0 0 0 0 0 0 0 0 0 0
0 0 0 0 0 0 0 0 0 0
0 0 0 0 0 0 0 0 0 0
0 0 0 0 0 0 0 0 0 0
0 0 0 0 0 0 0 0 0 0
0 0 0 0 0 0 0 0 0 0
0 0 0 0 0 0 0 0 0 0
0 0 0 0 0 0 0 0 0 0
0 0 0 0 0 0 0 0 0 0
0 0 0 0 0 0 0 0 0 0
0 0 0 0 0 0 0 0 0 0
0 0 0 0 0 0 0 0 0 0
     0      0      0      0      0      0      0      0      0 0.0125
     0      0      0      0      0      0      0      0 0.0125 0.0325
     0      0      0      0      0      0      0 0.0125 0.0325 0.0525
     0      0      0      0      0      0 0.0125 0.0325 0.0525 0.0725
     0      0      0      0      0 0.0125 0.0325 0.0525 0.0725 0.0925
     0      0      0      0 0.0125 0.0325 0.0525 0.0725 0.0925 0.1125
     0      0      0 0.0125 0.0325 0.0525 0.0725 0.0925 0.1125 0.1325
     0      0 0.0125 0.0325 0.0525 0.0725 0.0925 0.1125 0.1325 0.1525
     0 0.0125 0.0325 0.0525 0.0725 0.0925 0.1125 0.1325 0.1525 0.1725
0.0125 0.0325 0.0525 0.0725 0.0925 0.1125 0.1325 0.1525 0.1725 0.1925
0.0325 0.0525 0.0725 0.0925 0.1125 0.1325 0.1525 0.1725 0.1925    0.2
0.0525 0.0725 0.0925 0.1125 0.1325 0.1525 0.1725 0.1925    0.2    0.2
0.0725 0.0925 0.1125 0.1325 0.1525 0.1725 0.1925    0.2    0.2    0.2
0.0925 0.1125 0.1325 0.1525 0.1725 0.1925    0.2    0.2    0.2    0.2
-0.0875 -0.0675 -0.0475 -0.0275 -0.0075       0       0       0       0       0
-0.0675 -0.0475 -0.0275 -0.0075       0       0       0       0       0       0
-0.0475 -0.0275 -0.0075       0       0       0       0       0       0       0
-0.0275 -0.0075       0       0       0       0       0       0       0       0
-0.0075       0       0       0       0       0       0       0       0       0
0 0 0 0 0 0 0 0 0 0
0 0 0 0 0 0 0 0 0 0
0 0 0 0 0 0 0 0 0 0
0 0 0 0 0 0 0 0 0 0
0 0 0 0 0 0 0 0 0 0
0 0 0 0 0 0 0 0 0 0
0 0 0 0 0 0 0 0 0 0
0 0 0 0 0 0 0 0 0 0
0 0 0 0 0 0 0 0 0 0
0 0 0 0 0 0 0 0 0 0
0 0 0 0 0 0 0 0 0 0
0 0 0 0 0 0 0 0 0 0
0 0 0 0 0 0 0 0 0 0
0 0 0 0 0 0 0 0 0 0
0 0 0 0 0 0 0 0 0 0
0 0 0 0 0 0 0 0 0 0
0 0 0 0 0 0 0 0 0 0
0 0 0 0 0 0 0 0 0 0
0 0 0 0 0 0 0 0 0 0
0 0 0 0 0 0 0 0 0 0
0 0 0 0 0 0 0 0 0 0
     0      0      0      0      0      0      0      0      0 0.0125
     0      0      0      0      0      0      0      0 0.0125 0.0325
     0      0      0      0      0      0      0 0.0125 0.0325 0.0525
     0      0      0      0      0      0 0.0125 0.0325 0.0525 0.0725
     0      0      0      0      0 0.0125 0.0325 0.0525 0.0725 0.0925
     0      0      0      0 0.0125 0.0325 0.0525 0.0725 0.0925 0.1125
     0      0      0 0.0125 0.0325 0.0525 0.0725 0.0925 0.1125 0.1325
     0      0 0.0125 0.0325 0.0525 0.0725 0.0925 0.1125 0.1325 0.1525
     0 0.0125 0.0325 0.0525 0.0725 0.0925 0.1125 0.1325 0.1525 0.1725
0.0125 0.0325 0.0525 0.0725 0.0925 0.1125 0.1325 0.1525 0.1725 0.1925
0.0325 0.0525 0.0725 0.0925 0.1125 0.1325 0.1525 0.1725 0.1925    0.2
0.0525 0.0725 0.0925 0.1125 0.1325 0.1525 0.1725 0.1925    0.2    0.2
0.0725 0.0925 0.1125 0.1325 0.1525 0.1725 0.1925    0.2    0.2    0.2
0.0925 0.1125 0.1325 0.1525 0.1725 0.1925    0.2    0.2    0.2    0.2
-0.0875 -0.0675 -0.0475 -0.0275 -0.0075       0       0       0       0       0
-0.0675 -0.0475 -0.0275 -0.0075       0       0       0       0       0       0
-0.0475 -0.0275 -0.0075       0       0       0       0       0       0       0
-0.0275 -0.0075       0       0       0       0       0       0       0       0
-0.0075       0       0       0       0       0       0       0       0       0
0 0 0 0 0 0 0 0 0 0
0 0 0 0 0 0 0 0 0 0
0 0 0 0 0 0 0 0 0 0
0 0 0 0 0 0 0 0 0 0
0 0 0 0 0 0 0 0 0 0
0 0 0 0 0 0 0 0 0 0
0 0 0 0 0 0 0 0 0 0
0 0 0 0 0 0 0 0 0 0
0 0 0 0 0 0 0 0 0 0
0 0 0 0 0 0 0 0 0 0
0 0 0 0 0 0 0 0 0 0
0 0 0 0 0 0 0 0 0 0
0 0 0 0 0 0 0 0 0 0
0 0 0 0 0 0 0 0 0 0
0 0 0 0 0 0 0 0 0 0
0 0 0 0 0 0 0 0 0 0
0 0 0 0 0 0 0 0 0 0
0 0 0 0 0 0 0 0 0 0
0 0 0 0 0 0 0 0 0 0
0 0 0 0 0 0 0 0 0 0
0 0 0 0 0 0 0 0 0 0
     0      0      0      0      0      0      0      0      0 0.0125
     0      0      0      0      0      0      0      0 0.0125 0.0325
     0      0      0      0      0      0      0 0.0125 0.0325 0.0525
     0      0      0      0      0      0 0.0125 0.0325 0.0525 0.0725
     0      0      0      0      0 0.0125 0.0325 0.0525 0.0725 0.0925
     0      0      0      0 0.0125 0.0325 0.0525 0.0725 0.0925 0.1125
     0      0      0 0.0125 0.0325 0.0525 0.0725 0.0925 0.1125 0.1325
     0      0 0.0125 0.0325 0.0525 0.0725 0.0925 0.1125 0.1325 0.1525
     0 0.0125 0.0325 0.0525 0.0725 0.0925 0.1125 0.1325 0.1525 0.1725
0.0125 0.0325 0.0525 0.0725 0.0925 0.1125 0.1325 0.1525 0.1725 0.1925
0.0325 0.0525 0.0725 0.0925 0.1125 0.1325 0.1525 0.1725 0.1925    0.2
0.0525 0.0725 0.0925 0.1125 0.1325 0.1525 0.1725 0.1925    0.2    0.2
0.0725 0.0925 0.1125 0.1325 0.1525 0.1725 0.1925    0.2    0.2    0.2
0.0925 0.1125 0.1325 0.1525 0.1725 0.1925    0.2    0.2    0.2    0.2
-0.0875 -0.0675 -0.0475 -0.0275 -0.0075       0       0       0       0       0
-0.0675 -0.0475 -0.0275 -0.0075       0       0       0       0       0       0
-0.0475 -0.0275 -0.0075       0       0       0       0       0       0       0
-0.0275 -0.0075       0       0       0       0       0       0       0       0
-0.0075       0       0       0       0       0       0       0       0       0
0 0 0 0 0 0 0 0 0 0
0 0 0 0 0 0 0 0 0 0
0 0 0 0 0 0 0 0 0 0
0 0 0 0 0 0 0 0 0 0
0 0 0 0 0 0 0 0 0 0
0 0 0 0 0 0 0 0 0 0
0 0 0 0 0 0 0 0 0 0
0 0 0 0 0 0 0 0 0 0
0 0 0 0 0 0 0 0 0 0
0 0 0 0 0 0 0 0 0 0
0 0 0 0 0 0 0 0 0 0
0 0 0 0 0 0 0 0 0 0
0 0 0 0 0 0 0 0 0 0
0 0 0 0 0 0 0 0 0 0
0 0 0 0 0 0 0 0 0 0
0 0 0 0 0 0 0 0 0 0
0 0 0 0 0 0 0 0 0 0
0 0 0 0 0 0 0 0 0 0
0 0 0 0 0 0 0 0 0 0
0 0 0 0 0 0 0 0 0 0
0 0 0 0 0 0 0 0 0 0
     0      0      0      0      0      0      0      0      0 0.0125
     0      0      0      0      0      0      0      0 0.0125 0.0325
     0      0      0      0      0      0      0 0.0125 0.0325 0.0525
     0      0      0      0      0      0 0.0125 0.0325 0.0525 0.0725
     0      0      0      0      0 0.0125 0.0325 0.0525 0.0725 0.0925
     0      0      0      0 0.0125 0.0325 0.0525 0.0725 0.0925 0.1125
     0      0      0 0.0125 0.0325 0.0525 0.0725 0.0925 0.1125 0.1325
     0      0 0.0125 0.0325 0.0525 0.0725 0.0925 0.1125 0.1325 0.1525
     0 0.0125 0.0325 0.0525 0.0725 0.0925 0.1125 0.1325 0.1525 0.1725
0.0125 0.0325 0.0525 0.0725 0.0925 0.1125 0.1325 0.1525 0.1725 0.1925
0.0325 0.0525 0.0725 0.0925 0.1125 0.1325 0.1525 0.1725 0.1925    0.2
0.0525 0.0725 0.0925 0.1125 0.1325 0.1525 0.1725 0.1925    0.2    0.2
0.0725 0.0925 0.1125 0.1325 0.1525 0.1725 0.1925    0.2    0.2    0.2
0.0925 0.1125 0.1325 0.1525 0.1725 0.1925    0.2    0.2    0.2    0.2
-0.0875 -0.0675 -0.0475 -0.0275 -0.0075       0       0       0       0       0
-0.0675 -0.0475 -0.0275 -0.0075       0       0       0       0       0       0
-0.0475 -0.0275 -0.0075       0       0       0       0       0       0       0
-0.0275 -0.0075       0       0       0       0       0       0       0       0
-0.0075       0       0       0       0       0       0       0       0       0
0 0 0 0 0 0 0 0 0 0
0 0 0 0 0 0 0 0 0 0
0 0 0 0 0 0 0 0 0 0
0 0 0 0 0 0 0 0 0 0
0 0 0 0 0 0 0 0 0 0
0 0 0 0 0 0 0 0 0 0
0 0 0 0 0 0 0 0 0 0
0 0 0 0 0 0 0 0 0 0
0 0 0 0 0 0 0 0 0 0
0 0 0 0 0 0 0 0 0 0
0 0 0 0 0 0 0 0 0 0
0 0 0 0 0 0 0 0 0 0
0 0 0 0 0 0 0 0 0 0
0 0 0 0 0 0 0 0 0 0
0 0 0 0 0 0 0 0 0 0
0 0 0 0 0 0 0 0 0 0
0 0 0 0 0 0 0 0 0 0
0 0 0 0 0 0 0 0 0 0
0 0 0 0 0 0 0 0 0 0
0 0 0 0 0 0 0 0 0 0
0 0 0 0 0 0 0 0 0 0
     0      0      0      0      0      0      0      0      0 0.0125
     0      0      0      0      0      0      0      0 0.0125 0.0325
     0      0      0      0      0      0      0 0.0125 0.0325 0.0525
     0      0      0      0      0      0 0.0125 0.0325 0.0525 0.0725
     0      0      0      0      0 0.0125 0.0325 0.0525 0.0725 0.0925
     0      0      0      0 0.0125 0.0325 0.0525 0.0725 0.0925 0.1125
     0      0      0 0.0125 0.0325 0.0525 0.0725 0.0925 0.1125 0.1325
     0      0 0.0125 0.0325 0.0525 0.0725 0.0925 0.1125 0.1325 0.1525
     0 0.0125 0.0325 0.0525 0.0725 0.0925 0.1125 0.1325 0.1525 0.1725
0.0125 0.0325 0.0525 0.0725 0.0925 0.1125 0.1325 0.1525 0.1725 0.1925
0.0325 0.0525 0.0725 0.0925 0.1125 0.1325 0.1525 0.1725 0.1925    0.2
0.0525 0.0725 0.0925 0.1125 0.1325 0.1525 0.1725 0.1925    0.2    0.2
0.0725 0.0925 0.1125 0.1325 0.1525 0.1725 0.1925    0.2    0.2    0.2
0.0925 0.1125 0.1325 0.1525 0.1725 0.1925    0.2    0.2    0.2    0.2
-0.0875 -0.0675 -0.0475 -0.0275 -0.0075       0       0       0       0       0
-0.0675 -0.0475 -0.0275 -0.0075       0       0       0       0       0       0
-0.0475 -0.0275 -0.0075       0       0       0       0       0       0       0
-0.0275 -0.0075       0       0       0       0       0       0       0       0
-0.0075       0       0       0       0       0       0       0       0       0
0 0 0 0 0 0 0 0 0 0
0 0 0 0 0 0 0 0 0 0
0 0 0 0 0 0 0 0 0 0
0 0 0 0 0 0 0 0 0 0
0 0 0 0 0 0 0 0 0 0
0 0 0 0 0 0 0 0 0 0
0 0 0 0 0 0 0 0 0 0
0 0 0 0 0 0 0 0 0 0
0 0 0 0 0 0 0 0 0 0
0 0 0 0 0 0 0 0 0 0
0 0 0 0 0 0 0 0 0 0
0 0 0 0 0 0 0 0 0 0
0 0 0 0 0 0 0 0 0 0
0 0 0 0 0 0 0 0 0 0
0 0 0 0 0 0 0 0 0 0
0 0 0 0 0 0 0 0 0 0
0 0 0 0 0 0 0 0 0 0
0 0 0 0 0 0 0 0 0 0
0 0 0 0 0 0 0 0 0 0
0 0 0 0 0 0 0 0 0 0
0 0 0 0 0 0 0 0 0 0
0 0 0 0 0 0 0 0 0 0
0 0 0 0 0 0 0 0 0 0
0 0 0 0 0 0 0 0 0 0
0 0 0 0 0 0 0 0 0 0
0 0 0 0 0 0 0 0 0 0
0 0 0 0 0 0 0 0 0 0
0 0 0 0 0 0 0 0 0 0
0 0 0 0 0 0 0 0 0 0
0 0 0 0 0 0 0 0 0 0
0 0 0 0 0 0 0 0 0 0
0 0 0 0 0 0 0 0 0 0
0 0 0 0 0 0 0 0 0 0
0 0 0 0 0 0 0 0 0 0
0 0 0 0 0 0 0 0 0 0
0 0 0 0 0 0 0 0 0 0
0 0 0 0 0 0 0 0 0 0
0 0 0 0 0 0 0 0 0 0
0 0 0 0 0 0 0 0 0 0
0 0 0 0 0 0 0 0 0 0
0 0 0 0 0 0 0 0 0 0
0 0 0 0 0 0 0 0 0 0
0 0 0 0 0 0 0 0 0 0
0 0 0 0 0 0 0 0 0 0
0 0 0 0 0 0 0 0 0 0
0 0 0 0 0 0 0 0 0 0
0 0 0 0 0 0 0 0 0 0
0 0 0 0 0 0 0 0 0 0
0 0 0 0 0 0 0 0 0 0
0 0 0 0 0 0 0 0 0 0
0 0 0 0 0 0 0 0 0 0
0 0 0 0 0 0 0 0 0 0
0 0 0 0 0 0 0 0 0 0
0 0 0 0 0 0 0 0 0 0
0 0 0 0 0 0 0 0 0 0
0 0 0 0 0 0 0 0 0 0
0 0 0 0 0 0 0 0 0 0
0 0 0 0 0 0 0 0 0 0
0 0 0 0 0 0 0 0 0 0
0 0 0 0 0 0 0 0 0 0
0 0 0 0 0 0 0 0 0 0
0 0 0 0 0 0 0 0 0 0
0 0 0 0 0 0 0 0 0 0
0 0 0 0 0 0 0 0 0 0
0 0 0 0 0 0 0 0 0 0
0 0 0 0 0 0 0 0 0 0
0 0 0 0 0 0 0 0 0 0
0 0 0 0 0 0 0 0 0 0
0 0 0 0 0 0 0 0 0 0
0 0 0 0 0 0 0 0 0 0
0 0 0 0 0 0 0 0 0 0
0 0 0 0 0 0 0 0 0 0
0 0 0 0 0 0 0 0 0 0
0 0 0 0 0 0 0 0 0 0
0 0 0 0 0 0 0 0 0 0
0 0 0 0 0 0 0 0 0 0
0 0 0 0 0 0 0 0 0 0
0 0 0 0 0 0 0 0 0 0
0 0 0 0 0 0 0 0 0 0
0 0 0 0 0 0 0 0 0 0
0 0 0 0 0 0 0 0 0 0
0 0 0 0 0 0 0 0 0 0
0 0 0 0 0 0 0 0 0 0
0 0 0 0 0 0 0 0 0 0
0 0 0 0 0 0 0 0 0 0
0 0 0 0 0 0 0 0 0 0
0 0 0 0 0 0 0 0 0 0
0 0 0 0 0 0 0 0 0 0
0 0 0 0 0 0 0 0 0 0
0 0 0 0 0 0 0 0 0 0
0 0 0 0 0 0 0 0 0 0
0 0 0 0 0 0 0 0 0 0
0 0 0 0 0 0 0 0 0 0
0 0 0 0 0 0 0 0 0 0
0 0 0 0 0 0 0 0 0 0
0 0 0 0 0 0 0 0 0 0
0 0 0 0 0 0 0 0 0 0
0 0 0 0 0 0 0 0 0 0
0 0 0 0 0 0 0 0 0 0
0 0 0 0 0 0 0 0 0 0
0 0 0 0 0 0 0 0 0 0
0 0 0 0 0 0 0 0 0 0
0 0 0 0 0 0 0 0 0 0
0 0 0 0 0 0 0 0 0 0
0 0 0 0 0 0 0 0 0 0
0 0 0 0 0 0 0 0 0 0
0 0 0 0 0 0 0 0 0 0
0 0 0 0 0 0 0 0 0 0
0 0 0 0 0 0 0 0 0 0
0 0 0 0 0 0 0 0 0 0
0 0 0 0 0 0 0 0 0 0
0 0 0 0 0 0 0 0 0 0
0 0 0 0 0 0 0 0 0 0
0 0 0 0 0 0 0 0 0 0
0 0 0 0 0 0 0 0 0 0
0 0 0 0 0 0 0 0 0 0
0 0 0 0 0 0 0 0 0 0
0 0 0 0 0 0 0 0 0 0
0 0 0 0 0 0 0 0 0 0
0 0 0 0 0 0 0 0 0 0
0 0 0 0 0 0 0 0 0 0
0 0 0 0 0 0 0 0 0 0
0 0 0 0 0 0 0 0 0 0
0 0 0 0 0 0 0 0 0 0
0 0 0 0 0 0 0 0 0 0
0 0 0 0 0 0 0 0 0 0
0 0 0 0 0 0 0 0 0 0
0 0 0 0 0 0 0 0 0 0
0 0 0 0 0 0 0 0 0 0
0 0 0 0 0 0 0 0 0 0
0 0 0 0 0 0 0 0 0 0
0 0 0 0 0 0 0 0 0 0
0 0 0 0 0 0 0 0 0 0
0 0 0 0 0 0 0 0 0 0
0 0 0 0 0 0 0 0 0 0
0 0 0 0 0 0 0 0 0 0
0 0 0 0 0 0 0 0 0 0
0 0 0 0 0 0 0 0 0 0
0 0 0 0 0 0 0 0 0 0
0 0 0 0 0 0 0 0 0 0
0 0 0 0 0 0 0 0 0 0
0 0 0 0 0 0 0 0 0 0
0 0 0 0 0 0 0 0 0 0
0 0 0 0 0 0 0 0 0 0
0 0 0 0 0 0 0 0 0 0
0 0 0 0 0 0 0 0 0 0
0 0 0 0 0 0 0 0 0 0
0 0 0 0 0 0 0 0 0 0
0 0 0 0 0 0 0 0 0 0
0 0 0 0 0 0 0 0 0 0
0 0 0 0 0 0 0 0 0 0
0 0 0 0 0 0 0 0 0 0
0 0 0 0 0 0 0 0 0 0
0 0 0 0 0 0 0 0 0 0
0 0 0 0 0 0 0 0 0 0
0 0 0 0 0 0 0 0 0 0
0 0 0 0 0 0 0 0 0 0
0 0 0 0 0 0 0 0 0 0
0 0 0 0 0 0 0 0 0 0
0 0 0 0 0 0 0 0 0 0
0 0 0 0 0 0 0 0 0 0
0 0 0 0 0 0 0 0 0 0
0 0 0 0 0 0 0 0 0 0
0 0 0 0 0 0 0 0 0 0
0 0 0 0 0 0 0 0 0 0
0 0 0 0 0 0 0 0 0 0
0 0 0 0 0 0 0 0 0 0
0 0 0 0 0 0 0 0 0 0
0 0 0 0 0 0 0 0 0 0
0 0 0 0 0 0 0 0 0 0
0 0 0 0 0 0 0 0 0 0
0 0 0 0 0 0 0 0 0 0
0 0 0 0 0 0 0 0 0 0
0 0 0 0 0 0 0 0 0 0
0 0 0 0 0 0 0 0 0 0
0 0 0 0 0 0 0 0 0 0
0 0 0 0 0 0 0 0 0 0
0 0 0 0 0 0 0 0 0 0
0 0 0 0 0 0 0 0 0 0
0 0 0 0 0 0 0 0 0 0
0 0 0 0 0 0 0 0 0 0
0 0 0 0 0 0 0 0 0 0
0 0 0 0 0 0 0 0 0 0
0 0 0 0 0 0 0 0 0 0
0 0 0 0 0 0 0 0 0 0
0 0 0 0 0 0 0 0 0 0
0 0 0 0 0 0 0 0 0 0
0 0 0 0 0 0 0 0 0 0
0 0 0 0 0 0 0 0 0 0
0 0 0 0 0 0 0 0 0 0
0 0 0 0 0 0 0 0 0 0
0 0 0 0 0 0 0 0 0 0
0 0 0 0 0 0 0 0 0 0
0 0 0 0 0 0 0 0 0 0
0 0 0 0 0 0 0 0 0 0
0 0 0 0 0 0 0 0 0 0
0 0 0 0 0 0 0 0 0 0
0 0 0 0 0 0 0 0 0 0
0 0 0 0 0 0 0 0 0 0
0 0 0 0 0 0 0 0 0 0
0 0 0 0 0 0 0 0 0 0
0 0 0 0 0 0 0 0 0 0
0 0 0 0 0 0 0 0 0 0
0 0 0 0 0 0 0 0 0 0
0 0 0 0 0 0 0 0 0 0
0 0 0 0 0 0 0 0 0 0
0 0 0 0 0 0 0 0 0 0
0 0 0 0 0 0 0 0 0 0
0 0 0 0 0 0 0 0 0 0
