-0.710013 -0.710013 -0.710013 -0.710013 -0.710013 -0.710013 -0.710013 -0.710013 -0.710013 -0.710013
-0.710013 -0.710013 -0.710013 -0.710013 -0.710013 -0.710013 -0.710013 -0.710013 -0.710013 -0.710013
-0.710013 -0.710013 -0.710013 -0.710013 -0.710013 -0.710013 -0.710013 -0.710013 -0.710013 -0.710013
-0.710013 -0.710013 -0.710013 -0.710013 -0.710013 -0.710013 -0.710013 -0.710013 -0.710013 -0.710013
-0.710013 -0.710013 -0.710013 -0.710013 -0.710013 -0.710013 -0.710013 -0.710013 -0.710013 -0.710013
-0.710013 -0.710013 -0.710013 -0.710013 -0.710013 -0.710013 -0.710013 -0.710013 -0.710013 -0.710013
-0.710013 -0.710013 -0.710013 -0.710013 -0.710013 -0.710013 -0.710013 -0.710013 -0.710013 -0.710013
-0.710013 -0.710013 -0.710013 -0.710013 -0.710013 -0.710013 -0.710013 -0.710013 -0.710013 -0.710013
-0.710013 -0.710013 -0.710013 -0.710013 -0.710013 -0.710013 -0.710013 -0.710013 -0.710013 -0.710013
-0.710013 -0.710013 -0.710013 -0.710013 -0.710013 -0.710013 -0.710013 -0.710013 -0.710013 -0.710013
-0.710013 -0.710013 -0.710013 -0.710013 -0.710013 -0.710013 -0.710013 -0.710013 -0.710013 -0.710013
-0.710013 -0.710013 -0.710013 -0.710013 -0.710013 -0.710013 -0.710013 -0.710013 -0.710013 -0.710013
-0.710013 -0.710013 -0.710013 -0.710013 -0.710013 -0.710013 -0.710013 -0.710013 -0.710013 -0.710013
-0.710013 -0.710013 -0.710013 -0.710013 -0.710013 -0.710013 -0.710013 -0.710013 -0.710013 -0.710013
-0.710013 -0.710013 -0.710013 -0.710013 -0.710013 -0.710013 -0.710013 -0.710013 -0.710013 -0.710013
-0.710013 -0.710013 -0.710013 -0.710013 -0.710013 -0.710013 -0.710013 -0.710013 -0.710013 -0.710013
-0.710013 -0.710013 -0.710013 -0.710013 -0.710013 -0.710013 -0.710013 -0.710013 -0.710013 -0.710013
-0.710013 -0.710013 -0.710013 -0.710013 -0.710013 -0.710013 -0.710013 -0.710013 -0.710013 -0.710013
-0.710013 -0.710013 -0.710013 -0.710013 -0.710013 -0.710013 -0.710013 -0.710013 -0.710013 -0.710013
-0.710013 -0.710013 -0.710013 -0.710013 -0.710013 -0.710013 -0.710013 -0.710013 -0.710013 -0.710013
-0.710013 -0.710013 -0.710013 -0.710013 -0.710013 -0.710013 -0.710013 -0.710013 -0.710013 -0.710013
-0.710013 -0.710013 -0.710013 -0.710013 -0.710013 -0.710013 -0.710013 -0.710013 -0.710013 -0.710013
-0.710013 -0.710013 -0.710013 -0.710013 -0.710013 -0.710013 -0.710013 -0.710013 -0.710013 -0.710013
-0.710013 -0.710013 -0.710013 -0.710013 -0.710013 -0.710013 -0.710013 -0.710013 -0.710013 -0.710013
-0.710013 -0.710013 -0.710013 -0.710013 -0.710013 -0.710013 -0.710013 -0.710013 -0.710013 -0.710013
-0.710013 -0.710013 -0.710013 -0.710013 -0.710013 -0.710013 -0.710013 -0.710013 -0.710013 -0.710013
-0.710013 -0.710013 -0.710013 -0.710013 -0.710013 -0.710013 -0.710013 -0.710013 -0.710013 -0.710013
-0.710013 -0.710013 -0.710013 -0.710013 -0.710013 -0.710013 -0.710013 -0.710013 -0.710013 -0.710013
-0.710013 -0.710013 -0.710013 -0.710013 -0.710013 -0.710013 -0.710013 -0.710013 -0.710013 -0.710013
-0.710013 -0.710013 -0.710013 -0.710013 -0.710013 -0.710013 -0.710013 -0.710013 -0.710013 -0.710013
-0.710013 -0.710013 -0.710013 -0.710013 -0.710013 -0.710013 -0.710013 -0.710013 -0.710013 -0.710013
-0.710013 -0.710013 -0.710013 -0.710013 -0.710013 -0.710013 -0.710013 -0.710013 -0.710013 -0.710013
-0.710013 -0.710013 -0.710013 -0.710013 -0.710013 -0.710013 -0.710013 -0.710013 -0.710013 -0.710013
-0.710013 -0.710013 -0.710013 -0.710013 -0.710013 -0.710013 -0.710013 -0.710013 -0.710013 -0.710013
-0.710013 -0.710013 -0.710013 -0.710013 -0.710013 -0.710013 -0.710013 -0.710013 -0.710013 -0.710013
-0.710013 -0.710013 -0.710013 -0.710013 -0.710013 -0.710013 -0.710013 -0.710013 -0.710013 -0.710013
-0.710013 -0.710013 -0.710013 -0.710013 -0.710013 -0.710013 -0.710013 -0.710013 -0.710013 -0.710013
-0.710013 -0.710013 -0.710013 -0.710013 -0.710013 -0.710013 -0.710013 -0.710013 -0.710013 -0.710013
-0.710013 -0.710013 -0.710013 -0.710013 -0.710013 -0.710013 -0.710013 -0.710013 -0.710013 -0.710013
-0.710013 -0.710013 -0.710013 -0.710013 -0.710013 -0.710013 -0.710013 -0.710013 -0.710013 -0.710013
-0.710013 -0.710013 -0.710013 -0.710013 -0.710013 -0.710013 -0.710013 -0.710013 -0.710013 -0.710013
-0.710013 -0.710013 -0.710013 -0.710013 -0.710013 -0.710013 -0.710013 -0.710013 -0.710013 -0.710013
-0.710013 -0.710013 -0.710013 -0.710013 -0.710013 -0.710013 -0.710013 -0.710013 -0.710013 -0.710013
-0.710013 -0.710013 -0.710013 -0.710013 -0.710013 -0.710013 -0.710013 -0.710013 -0.710013 -0.710013
-0.710013 -0.710013 -0.710013 -0.710013 -0.710013 -0.710013 -0.710013 -0.710013 -0.710013 -0.710013
-0.710013 -0.710013 -0.710013 -0.710013 -0.710013 -0.710013 -0.710013 -0.710013 -0.710013 -0.710013
-0.710013 -0.710013 -0.710013 -0.710013 -0.710013 -0.710013 -0.710013 -0.710013 -0.710013 -0.710013
-0.710013 -0.710013 -0.710013 -0.710013 -0.710013 -0.710013 -0.710013 -0.710013 -0.710013 -0.710013
-0.710013 -0.710013 -0.710013 -0.710013 -0.710013 -0.710013 -0.710013 -0.710013 -0.710013 -0.710013
-0.710013 -0.710013 -0.710013 -0.710013 -0.710013 -0.710013 -0.710013 -0.710013 -0.710013 -0.710013
-0.710013 -0.710013 -0.710013 -0.710013 -0.710013 -0.710013 -0.710013 -0.710013 -0.710013 -0.710013
-0.710013 -0.710013 -0.710013 -0.710013 -0.710013 -0.710013 -0.710013 -0.710013 -0.710013 -0.710013
-0.710013 -0.710013 -0.710013 -0.710013 -0.710013 -0.710013 -0.710013 -0.710013 -0.710013 -0.710013
-0.710013 -0.710013 -0.710013 -0.710013 -0.710013 -0.710013 -0.710013 -0.710013 -0.710013 -0.710013
-0.710013 -0.710013 -0.710013 -0.710013 -0.710013 -0.710013 -0.710013 -0.710013 -0.710013 -0.710013
-0.710013 -0.710013 -0.710013 -0.710013 -0.710013 -0.710013 -0.710013 -0.710013 -0.710013 -0.710013
-0.710013 -0.710013 -0.710013 -0.710013 -0.710013 -0.710013 -0.710013 -0.710013 -0.710013 -0.710013
-0.710013 -0.710013 -0.710013 -0.710013 -0.710013 -0.710013 -0.710013 -0.710013 -0.710013 -0.710013
-0.710013 -0.710013 -0.710013 -0.710013 -0.710013 -0.710013 -0.710013 -0.710013 -0.710013 -0.710013
-0.710013 -0.710013 -0.710013 -0.710013 -0.710013 -0.710013 -0.710013 -0.710013 -0.710013 -0.710013
-0.710013 -0.710013 -0.710013 -0.710013 -0.710013 -0.710013 -0.710013 -0.710013 -0.710013 -0.710013
-0.710013 -0.710013 -0.710013 -0.710013 -0.710013 -0.710013 -0.710013 -0.710013 -0.710013 -0.710013
-0.710013 -0.710013 -0.710013 -0.710013 -0.710013 -0.710013 -0.710013 -0.710013 -0.710013 -0.710013
-0.710013 -0.710013 -0.710013 -0.710013 -0.710013 -0.710013 -0.710013 -0.710013 -0.710013 -0.710013
-0.710013 -0.710013 -0.710013 -0.710013 -0.710013 -0.710013 -0.710013 -0.710013 -0.710013 -0.710013
-0.710013 -0.710013 -0.710013 -0.710013 -0.710013 -0.710013 -0.710013 -0.710013 -0.710013 -0.710013
-0.710013 -0.710013 -0.710013 -0.710013 -0.710013 -0.710013 -0.710013 -0.710013 -0.710013 -0.710013
-0.710013 -0.710013 -0.710013 -0.710013 -0.710013 -0.710013 -0.710013 -0.710013 -0.710013 -0.710013
-0.710013 -0.710013 -0.710013 -0.710013 -0.710013 -0.710013 -0.710013 -0.710013 -0.710013 -0.710013
-0.710013 -0.710013 -0.710013 -0.710013 -0.710013 -0.710013 -0.710013 -0.710013 -0.710013 -0.710013
-0.710013 -0.710013 -0.710013 -0.710013 -0.710013 -0.710013 -0.710013 -0.710013 -0.710013 -0.710013
-0.710013 -0.710013 -0.710013 -0.710013 -0.710013 -0.710013 -0.710013 -0.710013 -0.710013 -0.710013
-0.710013 -0.710013 -0.710013 -0.710013 -0.710013 -0.710013 -0.710013 -0.710013 -0.710013 -0.710013
-0.710013 -0.710013 -0.710013 -0.710013 -0.710013 -0.710013 -0.710013 -0.710013 -0.710013 -0.710013
-0.710013 -0.710013 -0.710013 -0.710013 -0.710013 -0.710013 -0.710013 -0.710013 -0.710013 -0.710013
-0.710013 -0.710013 -0.710013 -0.710013 -0.710013 -0.710013 -0.710013 -0.710013 -0.710013 -0.710013
-0.710013 -0.710013 -0.710013 -0.710013 -0.710013 -0.710013 -0.710013 -0.710013 -0.710013 -0.710013
-0.710013 -0.710013 -0.710013 -0.710013 -0.710013 -0.710013 -0.710013 -0.710013 -0.710013 -0.710013
-0.710013 -0.710013 -0.710013 -0.710013 -0.710013 -0.710013 -0.710013 -0.710013 -0.710013 -0.710013
-0.710013 -0.710013 -0.710013 -0.710013 -0.710013 -0.710013 -0.710013 -0.710013 -0.710013 -0.710013
-0.710013 -0.710013 -0.710013 -0.710013 -0.710013 -0.710013 -0.710013 -0.710013 -0.710013 -0.710013
-0.710013 -0.710013 -0.710013 -0.710013 -0.710013 -0.710013 -0.710013 -0.710013 -0.710013 -0.710013
-0.710013 -0.710013 -0.710013 -0.710013 -0.710013 -0.710013 -0.710013 -0.710013 -0.710013 -0.710013
-0.710013 -0.710013 -0.710013 -0.710013 -0.710013 -0.710013 -0.710013 -0.710013 -0.710013 -0.710013
-0.710013 -0.710013 -0.710013 -0.710013 -0.710013 -0.710013 -0.710013 -0.710013 -0.710013 -0.710013
-0.710013 -0.710013 -0.710013 -0.710013 -0.710013 -0.710013 -0.710013 -0.710013 -0.710013 -0.710013
-0.710013 -0.710013 -0.710013 -0.710013 -0.710013 -0.710013 -0.710013 -0.710013 -0.710013 -0.710013
-0.710013 -0.710013 -0.710013 -0.710013 -0.710013 -0.710013 -0.710013 -0.710013 -0.710013 -0.710013
-0.710013 -0.710013 -0.710013 -0.710013 -0.710013 -0.710013 -0.710013 -0.710013 -0.710013 -0.710013
-0.710013 -0.710013 -0.710013 -0.710013 -0.710013 -0.710013 -0.710013 -0.710013 -0.710013 -0.710013
-0.710013 -0.710013 -0.710013 -0.710013 -0.710013 -0.710013 -0.710013 -0.710013 -0.710013 -0.710013
-0.710013 -0.710013 -0.710013 -0.710013 -0.710013 -0.710013 -0.710013 -0.710013 -0.710013 -0.710013
-0.710013 -0.710013 -0.710013 -0.710013 -0.710013 -0.710013 -0.710013 -0.710013 -0.710013 -0.710013
-0.710013 -0.710013 -0.710013 -0.710013 -0.710013 -0.710013 -0.710013 -0.710013 -0.710013 -0.710013
-0.710013 -0.710013 -0.710013 -0.710013 -0.710013 -0.710013 -0.710013 -0.710013 -0.710013 -0.710013
-0.710013 -0.710013 -0.710013 -0.710013 -0.710013 -0.710013 -0.710013 -0.710013 -0.710013 -0.710013
-0.710013 -0.710013 -0.710013 -0.710013 -0.710013 -0.710013 -0.710013 -0.710013 -0.710013 -0.710013
-0.710013 -0.710013 -0.710013 -0.710013 -0.710013 -0.710013 -0.710013 -0.710013 -0.710013 -0.710013
-0.710013 -0.710013 -0.710013 -0.710013 -0.710013 -0.710013 -0.710013 -0.710013 -0.710013 -0.710013
-0.710013 -0.710013 -0.710013 -0.710013 -0.710013 -0.710013 -0.710013 -0.710013 -0.710013 -0.710013
-0.710013 -0.710013 -0.710013 -0.710013 -0.710013 -0.710013 -0.710013 -0.710013 -0.710013 -0.710013
-0.710013 -0.710013 -0.710013 -0.710013 -0.710013 -0.710013 -0.710013 -0.710013 -0.710013 -0.710013
-0.710013 -0.710013 -0.710013 -0.710013 -0.710013 -0.710013 -0.710013 -0.710013 -0.710013 -0.710013
-0.710013 -0.710013 -0.710013 -0.710013 -0.710013 -0.710013 -0.710013 -0.710013 -0.710013 -0.710013
-0.710013 -0.710013 -0.710013 -0.710013 -0.710013 -0.710013 -0.710013 -0.710013 -0.710013 -0.710013
-0.710013 -0.710013 -0.710013 -0.710013 -0.710013 -0.710013 -0.710013 -0.710013 -0.710013 -0.710013
-0.710013 -0.710013 -0.710013 -0.710013 -0.710013 -0.710013 -0.710013 -0.710013 -0.710013 -0.710013
-0.710013 -0.710013 -0.710013 -0.710013 -0.710013 -0.710013 -0.710013 -0.710013 -0.710013 -0.710013
-0.710013 -0.710013 -0.710013 -0.710013 -0.710013 -0.710013 -0.710013 -0.710013 -0.710013 -0.710013
-0.710013 -0.710013 -0.710013 -0.710013 -0.710013 -0.710013 -0.710013 -0.710013 -0.710013 -0.710013
-0.710013 -0.710013 -0.710013 -0.710013 -0.710013 -0.710013 -0.710013 -0.710013 -0.710013 -0.710013
-0.710013 -0.710013 -0.710013 -0.710013 -0.710013 -0.710013 -0.710013 -0.710013 -0.710013 -0.710013
-0.710013 -0.710013 -0.710013 -0.710013 -0.710013 -0.710013 -0.710013 -0.710013 -0.710013 -0.710013
-0.710013 -0.710013 -0.710013 -0.710013 -0.710013 -0.710013 -0.710013 -0.710013 -0.710013 -0.710013
-0.710013 -0.710013 -0.710013 -0.710013 -0.710013 -0.710013 -0.710013 -0.710013 -0.710013 -0.710013
-0.710013 -0.710013 -0.710013 -0.710013 -0.710013 -0.710013 -0.710013 -0.710013 -0.710013 -0.710013
-0.710013 -0.710013 -0.710013 -0.710013 -0.710013 -0.710013 -0.710013 -0.710013 -0.710013 -0.710013
-0.710013 -0.710013 -0.710013 -0.710013 -0.710013 -0.710013 -0.710013 -0.710013 -0.710013 -0.710013
-0.710013 -0.710013 -0.710013 -0.710013 -0.710013 -0.710013 -0.710013 -0.710013 -0.710013 -0.710013
-0.710013 -0.710013 -0.710013 -0.710013 -0.710013 -0.710013 -0.710013 -0.710013 -0.710013 -0.710013
-0.710013 -0.710013 -0.710013 -0.710013 -0.710013 -0.710013 -0.710013 -0.710013 -0.710013 -0.710013
-0.710013 -0.710013 -0.710013 -0.710013 -0.710013 -0.710013 -0.710013 -0.710013 -0.710013 -0.710013
-0.710013 -0.710013 -0.710013 -0.710013 -0.710013 -0.710013 -0.710013 -0.710013 -0.710013 -0.710013
-0.710013 -0.710013 -0.710013 -0.710013 -0.710013 -0.710013 -0.710013 -0.710013 -0.710013 -0.710013
-0.710013 -0.710013 -0.710013 -0.710013 -0.710013 -0.710013 -0.710013 -0.710013 -0.710013 -0.710013
-0.710013 -0.710013 -0.710013 -0.710013 -0.710013 -0.710013 -0.710013 -0.710013 -0.710013 -0.710013
-0.710013 -0.710013 -0.710013 -0.710013 -0.710013 -0.710013 -0.710013 -0.710013 -0.710013 -0.710013
-0.710013 -0.710013 -0.710013 -0.710013 -0.710013 -0.710013 -0.710013 -0.710013 -0.710013 -0.710013
-0.710013 -0.710013 -0.710013 -0.710013 -0.710013 -0.710013 -0.710013 -0.710013 -0.710013 -0.710013
-0.710013 -0.710013 -0.710013 -0.710013 -0.710013 -0.710013 -0.710013 -0.710013 -0.710013 -0.710013
-0.710013 -0.710013 -0.710013 -0.710013 -0.710013 -0.710013 -0.710013 -0.710013 -0.710013 -0.710013
-0.710013 -0.710013 -0.710013 -0.710013 -0.710013 -0.710013 -0.710013 -0.710013 -0.710013     -0.71
-0.710013 -0.710013 -0.710013 -0.710013 -0.710013 -0.710013 -0.710013 -0.710013     -0.71     -0.71
-0.710013 -0.710013 -0.710013 -0.710013 -0.710013 -0.710013 -0.710013     -0.71     -0.71     -0.71
-0.710013 -0.710013 -0.710013 -0.710013 -0.710013 -0.710013     -0.71     -0.71     -0.71     -0.71
-0.710013 -0.710013 -0.710013 -0.710013 -0.710013     -0.71     -0.71     -0.71     -0.71     -0.71
-0.710013 -0.710013 -0.710013 -0.710013     -0.71     -0.71     -0.71     -0.71     -0.71     -0.71
-0.710013 -0.710013 -0.710013     -0.71     -0.71     -0.71     -0.71     -0.71     -0.71     -0.71
-0.710013 -0.710013     -0.71     -0.71     -0.71     -0.71     -0.71     -0.71     -0.71     -0.71
-0.71 -0.71 -0.71 -0.71 -0.71 -0.71 -0.71 -0.71 -0.71 -0.71
-0.71 -0.71 -0.71 -0.71 -0.71 -0.71 -0.71 -0.71 -0.71 -0.71
-0.71 -0.71 -0.71 -0.71 -0.71 -0.71 -0.71 -0.71 -0.71 -0.71
-0.71 -0.71 -0.71 -0.71 -0.71 -0.71 -0.71 -0.71 -0.71 -0.71
-0.71 -0.71 -0.71 -0.71 -0.71 -0.71 -0.71 -0.71 -0.71 -0.71
-0.71 -0.71 -0.71 -0.71 -0.71 -0.71 -0.71 -0.71 -0.71 -0.71
-0.71 -0.71 -0.71 -0.71 -0.71 -0.71 -0.71 -0.71 -0.71 -0.71
-0.71 -0.71 -0.71 -0.71 -0.71 -0.71 -0.71 -0.71 -0.71 -0.71
-0.71 -0.71 -0.71 -0.71 -0.71 -0.71 -0.71 -0.71 -0.71 -0.71
-0.71 -0.71 -0.71 -0.71 -0.71 -0.71 -0.71 -0.71 -0.71 -0.71
-0.71 -0.71 -0.71 -0.71 -0.71 -0.71 -0.71 -0.71 -0.71 -0.71
-0.71 -0.71 -0.71 -0.71 -0.71 -0.71 -0.71 -0.71 -0.71 -0.71
-0.71 -0.71 -0.71 -0.71 -0.71 -0.71 -0.71 -0.71 -0.71 -0.71
-0.71 -0.71 -0.71 -0.71 -0.71 -0.71 -0.71 -0.71 -0.71 -0.71
-0.71 -0.71 -0.71 -0.71 -0.71 -0.71 -0.71 -0.71 -0.71 -0.71
-0.71 -0.71 -0.71 -0.71 -0.71 -0.71 -0.71 -0.71 -0.71 -0.71
-0.71 -0.71 -0.71 -0.71 -0.71 -0.71 -0.71 -0.71 -0.71 -0.71
-0.71 -0.71 -0.71 -0.71 -0.71 -0.71 -0.71 -0.71 -0.71 -0.71
-0.71 -0.71 -0.71 -0.71 -0.71 -0.71 -0.71 -0.71 -0.71 -0.71
-0.71 -0.71 -0.71 -0.71 -0.71 -0.71 -0.71 -0.71 -0.71 -0.71
-0.71 -0.71 -0.71 -0.71 -0.71 -0.71 -0.71 -0.71 -0.71 -0.71
-0.71 -0.71 -0.71 -0.71 -0.71 -0.71 -0.71 -0.71 -0.71 -0.71
-0.71 -0.71 -0.71 -0.71 -0.71 -0.71 -0.71 -0.71 -0.71 -0.71
-0.71 -0.71 -0.71 -0.71 -0.71 -0.71 -0.71 -0.71 -0.71 -0.71
-0.71 -0.71 -0.71 -0.71 -0.71 -0.71 -0.71 -0.71 -0.71 -0.71
-0.71 -0.71 -0.71 -0.71 -0.71 -0.71 -0.71 -0.71 -0.71 -0.71
-0.71 -0.71 -0.71 -0.71 -0.71 -0.71 -0.71 -0.71 -0.71 -0.71
-0.71 -0.71 -0.71 -0.71 -0.71 -0.71 -0.71 -0.71 -0.71 -0.71
-0.71 -0.71 -0.71 -0.71 -0.71 -0.71 -0.71 -0.71 -0.71 -0.71
-0.71 -0.71 -0.71 -0.71 -0.71 -0.71 -0.71 -0.71 -0.71 -0.71
-0.71 -0.71 -0.71 -0.71 -0.71 -0.71 -0.71 -0.71 -0.71 -0.71
-0.71 -0.71 -0.71 -0.71 -0.71 -0.71 -0.71 -0.71 -0.71 -0.71
-0.71 -0.71 -0.71 -0.71 -0.71 -0.71 -0.71 -0.71 -0.71 -0.71
-0.71 -0.71 -0.71 -0.71 -0.71 -0.71 -0.71 -0.71 -0.71 -0.71
-0.71 -0.71 -0.71 -0.71 -0.71 -0.71 -0.71 -0.71 -0.71 -0.71
-0.71 -0.71 -0.71 -0.71 -0.71 -0.71 -0.71 -0.71 -0.71 -0.71
-0.71 -0.71 -0.71 -0.71 -0.71 -0.71 -0.71 -0.71 -0.71 -0.71
-0.71 -0.71 -0.71 -0.71 -0.71 -0.71 -0.71 -0.71 -0.71 -0.71
-0.71 -0.71 -0.71 -0.71 -0.71 -0.71 -0.71 -0.71 -0.71 -0.71
-0.71 -0.71 -0.71 -0.71 -0.71 -0.71 -0.71 -0.71 -0.71 -0.71
-0.712484 -0.712484 -0.712484 -0.712484 -0.712484 -0.712484 -0.712484 -0.712484 -0.712484 -0.712484
-0.712484 -0.712484 -0.712484 -0.712484 -0.712484 -0.712484 -0.712484 -0.712484 -0.712484 -0.712484
-0.712484 -0.712484 -0.712484 -0.712484 -0.712484 -0.712484 -0.712484 -0.712484 -0.712484 -0.712484
-0.712484 -0.712484 -0.712484 -0.712484 -0.712484 -0.712484 -0.712484 -0.712484 -0.712484 -0.712484
-0.712484 -0.712484 -0.712484 -0.712484 -0.712484 -0.712484 -0.712484 -0.712484 -0.712484 -0.712484
-0.712484 -0.712484 -0.712484 -0.712484 -0.712484 -0.712484 -0.712484 -0.712484 -0.712484 -0.712484
-0.712484 -0.712484 -0.712484 -0.712484 -0.712484 -0.712484 -0.712484 -0.712484 -0.712484 -0.712484
-0.712484 -0.712484 -0.712484 -0.712484 -0.712484 -0.712484 -0.712484 -0.712484 -0.712484 -0.712484
-0.712484 -0.712484 -0.712484 -0.712484 -0.712484 -0.712484 -0.712484 -0.712484 -0.712484 -0.712484
-0.712484 -0.712484 -0.712484 -0.712484 -0.712484 -0.712484 -0.712484 -0.712484 -0.712484 -0.712484
-0.712484 -0.712484 -0.712484 -0.712484 -0.712484 -0.712484 -0.712484 -0.712484 -0.712484 -0.712484
-0.712484 -0.712484 -0.712484 -0.712484 -0.712484 -0.712484 -0.712484 -0.712484 -0.712484 -0.712484
-0.712484 -0.712484 -0.712484 -0.712484 -0.712484 -0.712484 -0.712484 -0.712484 -0.712484 -0.712484
-0.712484 -0.712484 -0.712484 -0.712484 -0.712484 -0.712484 -0.712484 -0.712484 -0.712484 -0.712484
-0.712484 -0.712484 -0.712484 -0.712484 -0.712484 -0.712484 -0.712484 -0.712484 -0.712484 -0.712484
-0.712484 -0.712484 -0.712484 -0.712484 -0.712484 -0.712484 -0.712484 -0.712484 -0.712484 -0.712484
-0.712484 -0.712484 -0.712484 -0.712484 -0.712484 -0.712484 -0.712484 -0.712484 -0.712484 -0.712484
-0.712484 -0.712484 -0.712484 -0.712484 -0.712484 -0.712484 -0.712484 -0.712484 -0.712484 -0.712484
-0.712484 -0.712484 -0.712484 -0.712484 -0.712484 -0.712484 -0.712484 -0.712484 -0.712484 -0.712484
-0.712484 -0.712484 -0.712484 -0.712484 -0.712484 -0.712484 -0.712484 -0.712484 -0.712484 -0.712484
-0.712484 -0.712484 -0.712484 -0.712484 -0.712484 -0.712484 -0.712484 -0.712484 -0.712484 -0.712484
-0.712484 -0.712484 -0.712484 -0.712484 -0.712484 -0.712484 -0.712484 -0.712484 -0.712484 -0.712484
-0.712484 -0.712484 -0.712484 -0.712484 -0.712484 -0.712484 -0.712484 -0.712484 -0.712484 -0.712484
-0.712484 -0.712484 -0.712484 -0.712484 -0.712484 -0.712484 -0.712484 -0.712484 -0.712484 -0.712484
-0.712484 -0.712484 -0.712484 -0.712484 -0.712484 -0.712484 -0.712484 -0.712484 -0.712484 -0.712484
-0.712484 -0.712484 -0.712484 -0.712484 -0.712484 -0.712484 -0.712484 -0.712484 -0.712484 -0.712484
-0.712484 -0.712484 -0.712484 -0.712484 -0.712484 -0.712484 -0.712484 -0.712484 -0.712484 -0.712484
-0.712484 -0.712484 -0.712484 -0.712484 -0.712484 -0.712484 -0.712484 -0.712484 -0.712484 -0.712484
-0.712484 -0.712484 -0.712484 -0.712484 -0.712484 -0.712484 -0.712484 -0.712484 -0.712484 -0.712484
-0.712484 -0.712484 -0.712484 -0.712484 -0.712484 -0.712484 -0.712484 -0.712484 -0.712484 -0.712484
-0.712484 -0.712484 -0.712484 -0.712484 -0.712484 -0.712484 -0.712484 -0.712484 -0.712484 -0.712484
-0.712484 -0.712484 -0.712484 -0.712484 -0.712484 -0.712484 -0.712484 -0.712484 -0.712484 -0.712484
-0.712484 -0.712484 -0.712484 -0.712484 -0.712484 -0.712484 -0.712484 -0.712484 -0.712484     -0.71
-0.712484 -0.712484 -0.712484 -0.712484 -0.712484 -0.712484 -0.712484 -0.712484     -0.71     -0.71
-0.712484 -0.712484 -0.712484 -0.712484 -0.712484 -0.712484 -0.712484     -0.71     -0.71     -0.71
-0.712484 -0.712484 -0.712484 -0.712484 -0.712484 -0.712484     -0.71     -0.71     -0.71     -0.71
-0.712484 -0.712484 -0.712484 -0.712484 -0.712484     -0.71     -0.71     -0.71     -0.71     -0.71
-0.712484 -0.712484 -0.712484 -0.712484     -0.71     -0.71     -0.71     -0.71     -0.71     -0.71
-0.712484 -0.712484 -0.712484     -0.71     -0.71     -0.71     -0.71     -0.71     -0.71     -0.71
-0.712484 -0.712484     -0.71     -0.71     -0.71     -0.71     -0.71     -0.71     -0.71     -0.71
-0.71 -0.71 -0.71 -0.71 -0.71 -0.71 -0.71 -0.71 -0.71 -0.71
-0.71 -0.71 -0.71 -0.71 -0.71 -0.71 -0.71 -0.71 -0.71 -0.71
-0.71 -0.71 -0.71 -0.71 -0.71 -0.71 -0.71 -0.71 -0.71 -0.71
-0.71 -0.71 -0.71 -0.71 -0.71 -0.71 -0.71 -0.71 -0.71 -0.71
-0.71 -0.71 -0.71 -0.71 -0.71 -0.71 -0.71 -0.71 -0.71 -0.71
-0.71 -0.71 -0.71 -0.71 -0.71 -0.71 -0.71 -0.71 -0.71 -0.71
-0.71 -0.71 -0.71 -0.71 -0.71 -0.71 -0.71 -0.71 -0.71 -0.71
-0.71 -0.71 -0.71 -0.71 -0.71 -0.71 -0.71 -0.71 -0.71 -0.71
-0.71 -0.71 -0.71 -0.71 -0.71 -0.71 -0.71 -0.71 -0.71 -0.71
-0.71 -0.71 -0.71 -0.71 -0.71 -0.71 -0.71 -0.71 -0.71 -0.71
-0.71 -0.71 -0.71 -0.71 -0.71 -0.71 -0.71 -0.71 -0.71 -0.71
-0.71 -0.71 -0.71 -0.71 -0.71 -0.71 -0.71 -0.71 -0.71 -0.71
-0.71 -0.71 -0.71 -0.71 -0.71 -0.71 -0.71 -0.71 -0.71 -0.71
-0.71 -0.71 -0.71 -0.71 -0.71 -0.71 -0.71 -0.71 -0.71 -0.71
-0.71 -0.71 -0.71 -0.71 -0.71 -0.71 -0.71 -0.71 -0.71 -0.71
-0.71 -0.71 -0.71 -0.71 -0.71 -0.71 -0.71 -0.71 -0.71 -0.71
-0.71 -0.71 -0.71 -0.71 -0.71 -0.71 -0.71 -0.71 -0.71 -0.71
-0.71 -0.71 -0.71 -0.71 -0.71 -0.71 -0.71 -0.71 -0.71 -0.71
-0.71 -0.71 -0.71 -0.71 -0.71 -0.71 -0.71 -0.71 -0.71 -0.71
-0.71 -0.71 -0.71 -0.71 -0.71 -0.71 -0.71 -0.71 -0.71 -0.71
-0.71 -0.71 -0.71 -0.71 -0.71 -0.71 -0.71 -0.71 -0.71 -0.71
-0.71 -0.71 -0.71 -0.71 -0.71 -0.71 -0.71 -0.71 -0.71 -0.71
-0.71 -0.71 -0.71 -0.71 -0.71 -0.71 -0.71 -0.71 -0.71 -0.71
-0.71 -0.71 -0.71 -0.71 -0.71 -0.71 -0.71 -0.71 -0.71 -0.71
-0.71 -0.71 -0.71 -0.71 -0.71 -0.71 -0.71 -0.71 -0.71 -0.71
-0.71 -0.71 -0.71 -0.71 -0.71 -0.71 -0.71 -0.71 -0.71 -0.71
-0.71 -0.71 -0.71 -0.71 -0.71 -0.71 -0.71 -0.71 -0.71 -0.71
-0.71 -0.71 -0.71 -0.71 -0.71 -0.71 -0.71 -0.71 -0.71 -0.71
-0.71 -0.71 -0.71 -0.71 -0.71 -0.71 -0.71 -0.71 -0.71 -0.71
-0.71 -0.71 -0.71 -0.71 -0.71 -0.71 -0.71 -0.71 -0.71 -0.71
-0.71 -0.71 -0.71 -0.71 -0.71 -0.71 -0.71 -0.71 -0.71 -0.71
-0.71 -0.71 -0.71 -0.71 -0.71 -0.71 -0.71 -0.71 -0.71 -0.71
-0.71 -0.71 -0.71 -0.71 -0.71 -0.71 -0.71 -0.71 -0.71 -0.71
-0.71 -0.71 -0.71 -0.71 -0.71 -0.71 -0.71 -0.71 -0.71 -0.71
-0.71 -0.71 -0.71 -0.71 -0.71 -0.71 -0.71 -0.71 -0.71 -0.71
-0.71 -0.71 -0.71 -0.71 -0.71 -0.71 -0.71 -0.71 -0.71 -0.71
-0.71 -0.71 -0.71 -0.71 -0.71 -0.71 -0.71 -0.71 -0.71 -0.71
-0.71 -0.71 -0.71 -0.71 -0.71 -0.71 -0.71 -0.71 -0.71 -0.71
-0.71 -0.71 -0.71 -0.71 -0.71 -0.71 -0.71 -0.71 -0.71 -0.71
-0.71 -0.71 -0.71 -0.71 -0.71 -0.71 -0.71 -0.71 -0.71 -0.71
-0.721503 -0.721503 -0.721503 -0.721503 -0.721503 -0.721503 -0.721503 -0.721503 -0.721503 -0.721503
-0.721503 -0.721503 -0.721503 -0.721503 -0.721503 -0.721503 -0.721503 -0.721503 -0.721503 -0.721503
-0.721503 -0.721503 -0.721503 -0.721503 -0.721503 -0.721503 -0.721503 -0.721503 -0.721503 -0.721503
-0.721503 -0.721503 -0.721503 -0.721503 -0.721503 -0.721503 -0.721503 -0.721503 -0.721503 -0.721503
-0.721503 -0.721503 -0.721503 -0.721503 -0.721503 -0.721503 -0.721503 -0.721503 -0.721503 -0.721503
-0.721503 -0.721503 -0.721503 -0.721503 -0.721503 -0.721503 -0.721503 -0.721503 -0.721503 -0.721503
-0.721503 -0.721503 -0.721503 -0.721503 -0.721503 -0.721503 -0.721503 -0.721503 -0.721503 -0.721503
-0.721503 -0.721503 -0.721503 -0.721503 -0.721503 -0.721503 -0.721503 -0.721503 -0.721503 -0.721503
-0.721503 -0.721503 -0.721503 -0.721503 -0.721503 -0.721503 -0.721503 -0.721503 -0.721503 -0.721503
-0.721503 -0.721503 -0.721503 -0.721503 -0.721503 -0.721503 -0.721503 -0.721503 -0.721503 -0.721503
-0.721503 -0.721503 -0.721503 -0.721503 -0.721503 -0.721503 -0.721503 -0.721503 -0.721503 -0.721503
-0.721503 -0.721503 -0.721503 -0.721503 -0.721503 -0.721503 -0.721503 -0.721503 -0.721503 -0.721503
-0.721503 -0.721503 -0.721503 -0.721503 -0.721503 -0.721503 -0.721503 -0.721503 -0.721503 -0.721503
-0.721503 -0.721503 -0.721503 -0.721503 -0.721503 -0.721503 -0.721503 -0.721503 -0.721503 -0.721503
-0.721503 -0.721503 -0.721503 -0.721503 -0.721503 -0.721503 -0.721503 -0.721503 -0.721503 -0.721503
-0.721503 -0.721503 -0.721503 -0.721503 -0.721503 -0.721503 -0.721503 -0.721503 -0.721503 -0.721503
-0.721503 -0.721503 -0.721503 -0.721503 -0.721503 -0.721503 -0.721503 -0.721503 -0.721503 -0.721503
-0.721503 -0.721503 -0.721503 -0.721503 -0.721503 -0.721503 -0.721503 -0.721503 -0.721503 -0.721503
-0.721503 -0.721503 -0.721503 -0.721503 -0.721503 -0.721503 -0.721503 -0.721503 -0.721503 -0.721503
-0.721503 -0.721503 -0.721503 -0.721503 -0.721503 -0.721503 -0.721503 -0.721503 -0.721503 -0.721503
-0.721503 -0.721503 -0.721503 -0.721503 -0.721503 -0.721503 -0.721503 -0.721503 -0.721503 -0.721503
-0.721503 -0.721503 -0.721503 -0.721503 -0.721503 -0.721503 -0.721503 -0.721503 -0.721503 -0.721503
-0.721503 -0.721503 -0.721503 -0.721503 -0.721503 -0.721503 -0.721503 -0.721503 -0.721503 -0.721503
-0.721503 -0.721503 -0.721503 -0.721503 -0.721503 -0.721503 -0.721503 -0.721503 -0.721503 -0.721503
-0.721503 -0.721503 -0.721503 -0.721503 -0.721503 -0.721503 -0.721503 -0.721503 -0.721503 -0.721503
-0.721503 -0.721503 -0.721503 -0.721503 -0.721503 -0.721503 -0.721503 -0.721503 -0.721503 -0.721503
-0.721503 -0.721503 -0.721503 -0.721503 -0.721503 -0.721503 -0.721503 -0.721503 -0.721503 -0.721503
-0.721503 -0.721503 -0.721503 -0.721503 -0.721503 -0.721503 -0.721503 -0.721503 -0.721503 -0.721503
-0.721503 -0.721503 -0.721503 -0.721503 -0.721503 -0.721503 -0.721503 -0.721503 -0.721503 -0.721503
-0.721503 -0.721503 -0.721503 -0.721503 -0.721503 -0.721503 -0.721503 -0.721503 -0.721503 -0.721503
-0.721503 -0.721503 -0.721503 -0.721503 -0.721503 -0.721503 -0.721503 -0.721503 -0.721503 -0.721503
-0.721503 -0.721503 -0.721503 -0.721503 -0.721503 -0.721503 -0.721503 -0.721503 -0.721503 -0.721503
-0.721503 -0.721503 -0.721503 -0.721503 -0.721503 -0.721503 -0.721503 -0.721503 -0.721503     -0.71
-0.721503 -0.721503 -0.721503 -0.721503 -0.721503 -0.721503 -0.721503 -0.721503     -0.71     -0.71
-0.721503 -0.721503 -0.721503 -0.721503 -0.721503 -0.721503 -0.721503     -0.71     -0.71     -0.71
-0.721503 -0.721503 -0.721503 -0.721503 -0.721503 -0.721503     -0.71     -0.71     -0.71     -0.71
-0.721503 -0.721503 -0.721503 -0.721503 -0.721503     -0.71     -0.71     -0.71     -0.71     -0.71
-0.721503 -0.721503 -0.721503 -0.721503     -0.71     -0.71     -0.71     -0.71     -0.71     -0.71
-0.721503 -0.721503 -0.721503     -0.71     -0.71     -0.71     -0.71     -0.71     -0.71     -0.71
-0.721503 -0.721503     -0.71     -0.71     -0.71     -0.71     -0.71     -0.71     -0.71     -0.71
-0.71 -0.71 -0.71 -0.71 -0.71 -0.71 -0.71 -0.71 -0.71 -0.71
-0.71 -0.71 -0.71 -0.71 -0.71 -0.71 -0.71 -0.71 -0.71 -0.71
-0.71 -0.71 -0.71 -0.71 -0.71 -0.71 -0.71 -0.71 -0.71 -0.71
-0.71 -0.71 -0.71 -0.71 -0.71 -0.71 -0.71 -0.71 -0.71 -0.71
-0.71 -0.71 -0.71 -0.71 -0.71 -0.71 -0.71 -0.71 -0.71 -0.71
-0.71 -0.71 -0.71 -0.71 -0.71 -0.71 -0.71 -0.71 -0.71 -0.71
-0.71 -0.71 -0.71 -0.71 -0.71 -0.71 -0.71 -0.71 -0.71 -0.71
-0.71 -0.71 -0.71 -0.71 -0.71 -0.71 -0.71 -0.71 -0.71 -0.71
-0.71 -0.71 -0.71 -0.71 -0.71 -0.71 -0.71 -0.71 -0.71 -0.71
-0.71 -0.71 -0.71 -0.71 -0.71 -0.71 -0.71 -0.71 -0.71 -0.71
-0.71 -0.71 -0.71 -0.71 -0.71 -0.71 -0.71 -0.71 -0.71 -0.71
-0.71 -0.71 -0.71 -0.71 -0.71 -0.71 -0.71 -0.71 -0.71 -0.71
-0.71 -0.71 -0.71 -0.71 -0.71 -0.71 -0.71 -0.71 -0.71 -0.71
-0.71 -0.71 -0.71 -0.71 -0.71 -0.71 -0.71 -0.71 -0.71 -0.71
-0.71 -0.71 -0.71 -0.71 -0.71 -0.71 -0.71 -0.71 -0.71 -0.71
-0.71 -0.71 -0.71 -0.71 -0.71 -0.71 -0.71 -0.71 -0.71 -0.71
-0.71 -0.71 -0.71 -0.71 -0.71 -0.71 -0.71 -0.71 -0.71 -0.71
-0.71 -0.71 -0.71 -0.71 -0.71 -0.71 -0.71 -0.71 -0.71 -0.71
-0.71 -0.71 -0.71 -0.71 -0.71 -0.71 -0.71 -0.71 -0.71 -0.71
-0.71 -0.71 -0.71 -0.71 -0.71 -0.71 -0.71 -0.71 -0.71 -0.71
-0.71 -0.71 -0.71 -0.71 -0.71 -0.71 -0.71 -0.71 -0.71 -0.71
-0.71 -0.71 -0.71 -0.71 -0.71 -0.71 -0.71 -0.71 -0.71 -0.71
-0.71 -0.71 -0.71 -0.71 -0.71 -0.71 -0.71 -0.71 -0.71 -0.71
-0.71 -0.71 -0.71 -0.71 -0.71 -0.71 -0.71 -0.71 -0.71 -0.71
-0.71 -0.71 -0.71 -0.71 -0.71 -0.71 -0.71 -0.71 -0.71 -0.71
-0.71 -0.71 -0.71 -0.71 -0.71 -0.71 -0.71 -0.71 -0.71 -0.71
-0.71 -0.71 -0.71 -0.71 -0.71 -0.71 -0.71 -0.71 -0.71 -0.71
-0.71 -0.71 -0.71 -0.71 -0.71 -0.71 -0.71 -0.71 -0.71 -0.71
-0.71 -0.71 -0.71 -0.71 -0.71 -0.71 -0.71 -0.71 -0.71 -0.71
-0.71 -0.71 -0.71 -0.71 -0.71 -0.71 -0.71 -0.71 -0.71 -0.71
-0.71 -0.71 -0.71 -0.71 -0.71 -0.71 -0.71 -0.71 -0.71 -0.71
-0.71 -0.71 -0.71 -0.71 -0.71 -0.71 -0.71 -0.71 -0.71 -0.71
-0.71 -0.71 -0.71 -0.71 -0.71 -0.71 -0.71 -0.71 -0.71 -0.71
-0.71 -0.71 -0.71 -0.71 -0.71 -0.71 -0.71 -0.71 -0.71 -0.71
-0.71 -0.71 -0.71 -0.71 -0.71 -0.71 -0.71 -0.71 -0.71 -0.71
-0.71 -0.71 -0.71 -0.71 -0.71 -0.71 -0.71 -0.71 -0.71 -0.71
-0.71 -0.71 -0.71 -0.71 -0.71 -0.71 -0.71 -0.71 -0.71 -0.71
-0.71 -0.71 -0.71 -0.71 -0.71 -0.71 -0.71 -0.71 -0.71 -0.71
-0.71 -0.71 -0.71 -0.71 -0.71 -0.71 -0.71 -0.71 -0.71 -0.71
-0.71 -0.71 -0.71 -0.71 -0.71 -0.71 -0.71 -0.71 -0.71 -0.71
-0.706399 -0.706399 -0.706399 -0.706399 -0.706399 -0.706399 -0.706399 -0.706399 -0.706399 -0.706399
-0.706399 -0.706399 -0.706399 -0.706399 -0.706399 -0.706399 -0.706399 -0.706399 -0.706399 -0.706399
-0.706399 -0.706399 -0.706399 -0.706399 -0.706399 -0.706399 -0.706399 -0.706399 -0.706399 -0.706399
-0.706399 -0.706399 -0.706399 -0.706399 -0.706399 -0.706399 -0.706399 -0.706399 -0.706399 -0.706399
-0.706399 -0.706399 -0.706399 -0.706399 -0.706399 -0.706399 -0.706399 -0.706399 -0.706399 -0.706399
-0.706399 -0.706399 -0.706399 -0.706399 -0.706399 -0.706399 -0.706399 -0.706399 -0.706399 -0.706399
-0.706399 -0.706399 -0.706399 -0.706399 -0.706399 -0.706399 -0.706399 -0.706399 -0.706399 -0.706399
-0.706399 -0.706399 -0.706399 -0.706399 -0.706399 -0.706399 -0.706399 -0.706399 -0.706399 -0.706399
-0.706399 -0.706399 -0.706399 -0.706399 -0.706399 -0.706399 -0.706399 -0.706399 -0.706399 -0.706399
-0.706399 -0.706399 -0.706399 -0.706399 -0.706399 -0.706399 -0.706399 -0.706399 -0.706399 -0.706399
-0.706399 -0.706399 -0.706399 -0.706399 -0.706399 -0.706399 -0.706399 -0.706399 -0.706399 -0.706399
-0.706399 -0.706399 -0.706399 -0.706399 -0.706399 -0.706399 -0.706399 -0.706399 -0.706399 -0.706399
-0.706399 -0.706399 -0.706399 -0.706399 -0.706399 -0.706399 -0.706399 -0.706399 -0.706399 -0.706399
-0.706399 -0.706399 -0.706399 -0.706399 -0.706399 -0.706399 -0.706399 -0.706399 -0.706399 -0.706399
-0.706399 -0.706399 -0.706399 -0.706399 -0.706399 -0.706399 -0.706399 -0.706399 -0.706399 -0.706399
-0.706399 -0.706399 -0.706399 -0.706399 -0.706399 -0.706399 -0.706399 -0.706399 -0.706399 -0.706399
-0.706399 -0.706399 -0.706399 -0.706399 -0.706399 -0.706399 -0.706399 -0.706399 -0.706399 -0.706399
-0.706399 -0.706399 -0.706399 -0.706399 -0.706399 -0.706399 -0.706399 -0.706399 -0.706399 -0.706399
-0.706399 -0.706399 -0.706399 -0.706399 -0.706399 -0.706399 -0.706399 -0.706399 -0.706399 -0.706399
-0.706399 -0.706399 -0.706399 -0.706399 -0.706399 -0.706399 -0.706399 -0.706399 -0.706399 -0.706399
-0.706399 -0.706399 -0.706399 -0.706399 -0.706399 -0.706399 -0.706399 -0.706399 -0.706399 -0.706399
-0.706399 -0.706399 -0.706399 -0.706399 -0.706399 -0.706399 -0.706399 -0.706399 -0.706399 -0.706399
-0.706399 -0.706399 -0.706399 -0.706399 -0.706399 -0.706399 -0.706399 -0.706399 -0.706399 -0.706399
-0.706399 -0.706399 -0.706399 -0.706399 -0.706399 -0.706399 -0.706399 -0.706399 -0.706399 -0.706399
-0.706399 -0.706399 -0.706399 -0.706399 -0.706399 -0.706399 -0.706399 -0.706399 -0.706399 -0.706399
-0.706399 -0.706399 -0.706399 -0.706399 -0.706399 -0.706399 -0.706399 -0.706399 -0.706399 -0.706399
-0.706399 -0.706399 -0.706399 -0.706399 -0.706399 -0.706399 -0.706399 -0.706399 -0.706399 -0.706399
-0.706399 -0.706399 -0.706399 -0.706399 -0.706399 -0.706399 -0.706399 -0.706399 -0.706399 -0.706399
-0.706399 -0.706399 -0.706399 -0.706399 -0.706399 -0.706399 -0.706399 -0.706399 -0.706399 -0.706399
-0.706399 -0.706399 -0.706399 -0.706399 -0.706399 -0.706399 -0.706399 -0.706399 -0.706399 -0.706399
-0.706399 -0.706399 -0.706399 -0.706399 -0.706399 -0.706399 -0.706399 -0.706399 -0.706399 -0.706399
-0.706399 -0.706399 -0.706399 -0.706399 -0.706399 -0.706399 -0.706399 -0.706399 -0.706399 -0.706399
-0.706399 -0.706399 -0.706399 -0.706399 -0.706399 -0.706399 -0.706399 -0.706399 -0.706399     -0.71
-0.706399 -0.706399 -0.706399 -0.706399 -0.706399 -0.706399 -0.706399 -0.706399     -0.71     -0.71
-0.706399 -0.706399 -0.706399 -0.706399 -0.706399 -0.706399 -0.706399     -0.71     -0.71     -0.71
-0.706399 -0.706399 -0.706399 -0.706399 -0.706399 -0.706399     -0.71     -0.71     -0.71     -0.71
-0.706399 -0.706399 -0.706399 -0.706399 -0.706399     -0.71     -0.71     -0.71     -0.71     -0.71
-0.706399 -0.706399 -0.706399 -0.706399     -0.71     -0.71     -0.71     -0.71     -0.71     -0.71
-0.706399 -0.706399 -0.706399     -0.71     -0.71     -0.71     -0.71     -0.71     -0.71     -0.71
-0.706399 -0.706399     -0.71     -0.71     -0.71     -0.71     -0.71     -0.71     -0.71     -0.71
-0.71 -0.71 -0.71 -0.71 -0.71 -0.71 -0.71 -0.71 -0.71 -0.71
-0.71 -0.71 -0.71 -0.71 -0.71 -0.71 -0.71 -0.71 -0.71 -0.71
-0.71 -0.71 -0.71 -0.71 -0.71 -0.71 -0.71 -0.71 -0.71 -0.71
-0.71 -0.71 -0.71 -0.71 -0.71 -0.71 -0.71 -0.71 -0.71 -0.71
-0.71 -0.71 -0.71 -0.71 -0.71 -0.71 -0.71 -0.71 -0.71 -0.71
-0.71 -0.71 -0.71 -0.71 -0.71 -0.71 -0.71 -0.71 -0.71 -0.71
-0.71 -0.71 -0.71 -0.71 -0.71 -0.71 -0.71 -0.71 -0.71 -0.71
-0.71 -0.71 -0.71 -0.71 -0.71 -0.71 -0.71 -0.71 -0.71 -0.71
-0.71 -0.71 -0.71 -0.71 -0.71 -0.71 -0.71 -0.71 -0.71 -0.71
-0.71 -0.71 -0.71 -0.71 -0.71 -0.71 -0.71 -0.71 -0.71 -0.71
-0.71 -0.71 -0.71 -0.71 -0.71 -0.71 -0.71 -0.71 -0.71 -0.71
-0.71 -0.71 -0.71 -0.71 -0.71 -0.71 -0.71 -0.71 -0.71 -0.71
-0.71 -0.71 -0.71 -0.71 -0.71 -0.71 -0.71 -0.71 -0.71 -0.71
-0.71 -0.71 -0.71 -0.71 -0.71 -0.71 -0.71 -0.71 -0.71 -0.71
-0.71 -0.71 -0.71 -0.71 -0.71 -0.71 -0.71 -0.71 -0.71 -0.71
-0.71 -0.71 -0.71 -0.71 -0.71 -0.71 -0.71 -0.71 -0.71 -0.71
-0.71 -0.71 -0.71 -0.71 -0.71 -0.71 -0.71 -0.71 -0.71 -0.71
-0.71 -0.71 -0.71 -0.71 -0.71 -0.71 -0.71 -0.71 -0.71 -0.71
-0.71 -0.71 -0.71 -0.71 -0.71 -0.71 -0.71 -0.71 -0.71 -0.71
-0.71 -0.71 -0.71 -0.71 -0.71 -0.71 -0.71 -0.71 -0.71 -0.71
-0.71 -0.71 -0.71 -0.71 -0.71 -0.71 -0.71 -0.71 -0.71 -0.71
-0.71 -0.71 -0.71 -0.71 -0.71 -0.71 -0.71 -0.71 -0.71 -0.71
-0.71 -0.71 -0.71 -0.71 -0.71 -0.71 -0.71 -0.71 -0.71 -0.71
-0.71 -0.71 -0.71 -0.71 -0.71 -0.71 -0.71 -0.71 -0.71 -0.71
-0.71 -0.71 -0.71 -0.71 -0.71 -0.71 -0.71 -0.71 -0.71 -0.71
-0.71 -0.71 -0.71 -0.71 -0.71 -0.71 -0.71 -0.71 -0.71 -0.71
-0.71 -0.71 -0.71 -0.71 -0.71 -0.71 -0.71 -0.71 -0.71 -0.71
-0.71 -0.71 -0.71 -0.71 -0.71 -0.71 -0.71 -0.71 -0.71 -0.71
-0.71 -0.71 -0.71 -0.71 -0.71 -0.71 -0.71 -0.71 -0.71 -0.71
-0.71 -0.71 -0.71 -0.71 -0.71 -0.71 -0.71 -0.71 -0.71 -0.71
-0.71 -0.71 -0.71 -0.71 -0.71 -0.71 -0.71 -0.71 -0.71 -0.71
-0.71 -0.71 -0.71 -0.71 -0.71 -0.71 -0.71 -0.71 -0.71 -0.71
-0.71 -0.71 -0.71 -0.71 -0.71 -0.71 -0.71 -0.71 -0.71 -0.71
-0.71 -0.71 -0.71 -0.71 -0.71 -0.71 -0.71 -0.71 -0.71 -0.71
-0.71 -0.71 -0.71 -0.71 -0.71 -0.71 -0.71 -0.71 -0.71 -0.71
-0.71 -0.71 -0.71 -0.71 -0.71 -0.71 -0.71 -0.71 -0.71 -0.71
-0.71 -0.71 -0.71 -0.71 -0.71 -0.71 -0.71 -0.71 -0.71 -0.71
-0.71 -0.71 -0.71 -0.71 -0.71 -0.71 -0.71 -0.71 -0.71 -0.71
-0.71 -0.71 -0.71 -0.71 -0.71 -0.71 -0.71 -0.71 -0.71 -0.71
-0.71 -0.71 -0.71 -0.71 -0.71 -0.71 -0.71 -0.71 -0.71 -0.71
-0.71 -0.71 -0.71 -0.71 -0.71 -0.71 -0.71 -0.71 -0.71 -0.71
-0.71 -0.71 -0.71 -0.71 -0.71 -0.71 -0.71 -0.71 -0.71 -0.71
-0.71 -0.71 -0.71 -0.71 -0.71 -0.71 -0.71 -0.71 -0.71 -0.71
-0.71 -0.71 -0.71 -0.71 -0.71 -0.71 -0.71 -0.71 -0.71 -0.71
-0.71 -0.71 -0.71 -0.71 -0.71 -0.71 -0.71 -0.71 -0.71 -0.71
-0.71 -0.71 -0.71 -0.71 -0.71 -0.71 -0.71 -0.71 -0.71 -0.71
-0.71 -0.71 -0.71 -0.71 -0.71 -0.71 -0.71 -0.71 -0.71 -0.71
-0.71 -0.71 -0.71 -0.71 -0.71 -0.71 -0.71 -0.71 -0.71 -0.71
-0.71 -0.71 -0.71 -0.71 -0.71 -0.71 -0.71 -0.71 -0.71 -0.71
-0.71 -0.71 -0.71 -0.71 -0.71 -0.71 -0.71 -0.71 -0.71 -0.71
-0.71 -0.71 -0.71 -0.71 -0.71 -0.71 -0.71 -0.71 -0.71 -0.71
-0.71 -0.71 -0.71 -0.71 -0.71 -0.71 -0.71 -0.71 -0.71 -0.71
-0.71 -0.71 -0.71 -0.71 -0.71 -0.71 -0.71 -0.71 -0.71 -0.71
-0.71 -0.71 -0.71 -0.71 -0.71 -0.71 -0.71 -0.71 -0.71 -0.71
-0.71 -0.71 -0.71 -0.71 -0.71 -0.71 -0.71 -0.71 -0.71 -0.71
-0.71 -0.71 -0.71 -0.71 -0.71 -0.71 -0.71 -0.71 -0.71 -0.71
-0.71 -0.71 -0.71 -0.71 -0.71 -0.71 -0.71 -0.71 -0.71 -0.71
-0.71 -0.71 -0.71 -0.71 -0.71 -0.71 -0.71 -0.71 -0.71 -0.71
-0.71 -0.71 -0.71 -0.71 -0.71 -0.71 -0.71 -0.71 -0.71 -0.71
-0.71 -0.71 -0.71 -0.71 -0.71 -0.71 -0.71 -0.71 -0.71 -0.71
-0.71 -0.71 -0.71 -0.71 -0.71 -0.71 -0.71 -0.71 -0.71 -0.71
-0.71 -0.71 -0.71 -0.71 -0.71 -0.71 -0.71 -0.71 -0.71 -0.71
-0.71 -0.71 -0.71 -0.71 -0.71 -0.71 -0.71 -0.71 -0.71 -0.71
-0.71 -0.71 -0.71 -0.71 -0.71 -0.71 -0.71 -0.71 -0.71 -0.71
-0.71 -0.71 -0.71 -0.71 -0.71 -0.71 -0.71 -0.71 -0.71 -0.71
-0.71 -0.71 -0.71 -0.71 -0.71 -0.71 -0.71 -0.71 -0.71 -0.71
-0.71 -0.71 -0.71 -0.71 -0.71 -0.71 -0.71 -0.71 -0.71 -0.71
-0.71 -0.71 -0.71 -0.71 -0.71 -0.71 -0.71 -0.71 -0.71 -0.71
-0.71 -0.71 -0.71 -0.71 -0.71 -0.71 -0.71 -0.71 -0.71 -0.71
-0.71 -0.71 -0.71 -0.71 -0.71 -0.71 -0.71 -0.71 -0.71 -0.71
-0.71 -0.71 -0.71 -0.71 -0.71 -0.71 -0.71 -0.71 -0.71 -0.71
-0.71 -0.71 -0.71 -0.71 -0.71 -0.71 -0.71 -0.71 -0.71 -0.71
-0.71 -0.71 -0.71 -0.71 -0.71 -0.71 -0.71 -0.71 -0.71 -0.71
-0.71 -0.71 -0.71 -0.71 -0.71 -0.71 -0.71 -0.71 -0.71 -0.71
-0.71 -0.71 -0.71 -0.71 -0.71 -0.71 -0.71 -0.71 -0.71 -0.71
-0.71 -0.71 -0.71 -0.71 -0.71 -0.71 -0.71 -0.71 -0.71 -0.71
-0.71 -0.71 -0.71 -0.71 -0.71 -0.71 -0.71 -0.71 -0.71 -0.71
-0.71 -0.71 -0.71 -0.71 -0.71 -0.71 -0.71 -0.71 -0.71 -0.71
-0.71 -0.71 -0.71 -0.71 -0.71 -0.71 -0.71 -0.71 -0.71 -0.71
-0.71 -0.71 -0.71 -0.71 -0.71 -0.71 -0.71 -0.71 -0.71 -0.71
-0.71 -0.71 -0.71 -0.71 -0.71 -0.71 -0.71 -0.71 -0.71 -0.71
-0.71 -0.71 -0.71 -0.71 -0.71 -0.71 -0.71 -0.71 -0.71 -0.71
-0.71 -0.71 -0.71 -0.71 -0.71 -0.71 -0.71 -0.71 -0.71 -0.71
-0.71 -0.71 -0.71 -0.71 -0.71 -0.71 -0.71 -0.71 -0.71 -0.71
-0.71 -0.71 -0.71 -0.71 -0.71 -0.71 -0.71 -0.71 -0.71 -0.71
-0.71 -0.71 -0.71 -0.71 -0.71 -0.71 -0.71 -0.71 -0.71 -0.71
-0.71 -0.71 -0.71 -0.71 -0.71 -0.71 -0.71 -0.71 -0.71 -0.71
-0.71 -0.71 -0.71 -0.71 -0.71 -0.71 -0.71 -0.71 -0.71 -0.71
-0.71 -0.71 -0.71 -0.71 -0.71 -0.71 -0.71 -0.71 -0.71 -0.71
-0.71 -0.71 -0.71 -0.71 -0.71 -0.71 -0.71 -0.71 -0.71 -0.71
-0.71 -0.71 -0.71 -0.71 -0.71 -0.71 -0.71 -0.71 -0.71 -0.71
-0.71 -0.71 -0.71 -0.71 -0.71 -0.71 -0.71 -0.71 -0.71 -0.71
-0.71 -0.71 -0.71 -0.71 -0.71 -0.71 -0.71 -0.71 -0.71 -0.71
-0.71 -0.71 -0.71 -0.71 -0.71 -0.71 -0.71 -0.71 -0.71 -0.71
-0.71 -0.71 -0.71 -0.71 -0.71 -0.71 -0.71 -0.71 -0.71 -0.71
-0.71 -0.71 -0.71 -0.71 -0.71 -0.71 -0.71 -0.71 -0.71 -0.71
-0.71 -0.71 -0.71 -0.71 -0.71 -0.71 -0.71 -0.71 -0.71 -0.71
-0.71 -0.71 -0.71 -0.71 -0.71 -0.71 -0.71 -0.71 -0.71 -0.71
-0.71 -0.71 -0.71 -0.71 -0.71 -0.71 -0.71 -0.71 -0.71 -0.71
-0.71 -0.71 -0.71 -0.71 -0.71 -0.71 -0.71 -0.71 -0.71 -0.71
-0.71 -0.71 -0.71 -0.71 -0.71 -0.71 -0.71 -0.71 -0.71 -0.71
-0.71 -0.71 -0.71 -0.71 -0.71 -0.71 -0.71 -0.71 -0.71 -0.71
-0.71 -0.71 -0.71 -0.71 -0.71 -0.71 -0.71 -0.71 -0.71 -0.71
-0.71 -0.71 -0.71 -0.71 -0.71 -0.71 -0.71 -0.71 -0.71 -0.71
-0.71 -0.71 -0.71 -0.71 -0.71 -0.71 -0.71 -0.71 -0.71 -0.71
-0.71 -0.71 -0.71 -0.71 -0.71 -0.71 -0.71 -0.71 -0.71 -0.71
-0.71 -0.71 -0.71 -0.71 -0.71 -0.71 -0.71 -0.71 -0.71 -0.71
-0.71 -0.71 -0.71 -0.71 -0.71 -0.71 -0.71 -0.71 -0.71 -0.71
-0.71 -0.71 -0.71 -0.71 -0.71 -0.71 -0.71 -0.71 -0.71 -0.71
-0.71 -0.71 -0.71 -0.71 -0.71 -0.71 -0.71 -0.71 -0.71 -0.71
-0.71 -0.71 -0.71 -0.71 -0.71 -0.71 -0.71 -0.71 -0.71 -0.71
-0.71 -0.71 -0.71 -0.71 -0.71 -0.71 -0.71 -0.71 -0.71 -0.71
-0.71 -0.71 -0.71 -0.71 -0.71 -0.71 -0.71 -0.71 -0.71 -0.71
-0.71 -0.71 -0.71 -0.71 -0.71 -0.71 -0.71 -0.71 -0.71 -0.71
-0.71 -0.71 -0.71 -0.71 -0.71 -0.71 -0.71 -0.71 -0.71 -0.71
-0.71 -0.71 -0.71 -0.71 -0.71 -0.71 -0.71 -0.71 -0.71 -0.71
-0.71 -0.71 -0.71 -0.71 -0.71 -0.71 -0.71 -0.71 -0.71 -0.71
-0.71 -0.71 -0.71 -0.71 -0.71 -0.71 -0.71 -0.71 -0.71 -0.71
-0.71 -0.71 -0.71 -0.71 -0.71 -0.71 -0.71 -0.71 -0.71 -0.71
-0.71 -0.71 -0.71 -0.71 -0.71 -0.71 -0.71 -0.71 -0.71 -0.71
-0.71 -0.71 -0.71 -0.71 -0.71 -0.71 -0.71 -0.71 -0.71 -0.71
-0.71 -0.71 -0.71 -0.71 -0.71 -0.71 -0.71 -0.71 -0.71 -0.71
-0.71 -0.71 -0.71 -0.71 -0.71 -0.71 -0.71 -0.71 -0.71 -0.71
-0.71 -0.71 -0.71 -0.71 -0.71 -0.71 -0.71 -0.71 -0.71 -0.71
-0.71 -0.71 -0.71 -0.71 -0.71 -0.71 -0.71 -0.71 -0.71 -0.71
-0.71 -0.71 -0.71 -0.71 -0.71 -0.71 -0.71 -0.71 -0.71 -0.71
-0.71 -0.71 -0.71 -0.71 -0.71 -0.71 -0.71 -0.71 -0.71 -0.71
-0.71 -0.71 -0.71 -0.71 -0.71 -0.71 -0.71 -0.71 -0.71 -0.71
-0.71 -0.71 -0.71 -0.71 -0.71 -0.71 -0.71 -0.71 -0.71 -0.71
-0.71 -0.71 -0.71 -0.71 -0.71 -0.71 -0.71 -0.71 -0.71 -0.71
-0.71 -0.71 -0.71 -0.71 -0.71 -0.71 -0.71 -0.71 -0.71 -0.71
-0.71 -0.71 -0.71 -0.71 -0.71 -0.71 -0.71 -0.71 -0.71 -0.71
-0.71 -0.71 -0.71 -0.71 -0.71 -0.71 -0.71 -0.71 -0.71 -0.71
-0.71 -0.71 -0.71 -0.71 -0.71 -0.71 -0.71 -0.71 -0.71 -0.71
-0.71 -0.71 -0.71 -0.71 -0.71 -0.71 -0.71 -0.71 -0.71 -0.71
-0.71 -0.71 -0.71 -0.71 -0.71 -0.71 -0.71 -0.71 -0.71 -0.71
-0.71 -0.71 -0.71 -0.71 -0.71 -0.71 -0.71 -0.71 -0.71 -0.71
-0.71 -0.71 -0.71 -0.71 -0.71 -0.71 -0.71 -0.71 -0.71 -0.71
-0.71 -0.71 -0.71 -0.71 -0.71 -0.71 -0.71 -0.71 -0.71 -0.71
-0.71 -0.71 -0.71 -0.71 -0.71 -0.71 -0.71 -0.71 -0.71 -0.71
-0.71 -0.71 -0.71 -0.71 -0.71 -0.71 -0.71 -0.71 -0.71 -0.71
-0.71 -0.71 -0.71 -0.71 -0.71 -0.71 -0.71 -0.71 -0.71 -0.71
-0.71 -0.71 -0.71 -0.71 -0.71 -0.71 -0.71 -0.71 -0.71 -0.71
-0.71 -0.71 -0.71 -0.71 -0.71 -0.71 -0.71 -0.71 -0.71 -0.71
-0.71 -0.71 -0.71 -0.71 -0.71 -0.71 -0.71 -0.71 -0.71 -0.71
-0.71 -0.71 -0.71 -0.71 -0.71 -0.71 -0.71 -0.71 -0.71 -0.71
-0.71 -0.71 -0.71 -0.71 -0.71 -0.71 -0.71 -0.71 -0.71 -0.71
-0.71 -0.71 -0.71 -0.71 -0.71 -0.71 -0.71 -0.71 -0.71 -0.71
-0.71 -0.71 -0.71 -0.71 -0.71 -0.71 -0.71 -0.71 -0.71 -0.71
-0.71 -0.71 -0.71 -0.71 -0.71 -0.71 -0.71 -0.71 -0.71 -0.71
-0.71 -0.71 -0.71 -0.71 -0.71 -0.71 -0.71 -0.71 -0.71 -0.71
-0.71 -0.71 -0.71 -0.71 -0.71 -0.71 -0.71 -0.71 -0.71 -0.71
-0.71 -0.71 -0.71 -0.71 -0.71 -0.71 -0.71 -0.71 -0.71 -0.71
-0.71 -0.71 -0.71 -0.71 -0.71 -0.71 -0.71 -0.71 -0.71 -0.71
-0.71 -0.71 -0.71 -0.71 -0.71 -0.71 -0.71 -0.71 -0.71 -0.71
-0.71 -0.71 -0.71 -0.71 -0.71 -0.71 -0.71 -0.71 -0.71 -0.71
-0.71 -0.71 -0.71 -0.71 -0.71 -0.71 -0.71 -0.71 -0.71 -0.71
-0.71 -0.71 -0.71 -0.71 -0.71 -0.71 -0.71 -0.71 -0.71 -0.71
-0.71 -0.71 -0.71 -0.71 -0.71 -0.71 -0.71 -0.71 -0.71 -0.71
-0.71 -0.71 -0.71 -0.71 -0.71 -0.71 -0.71 -0.71 -0.71 -0.71
-0.71 -0.71 -0.71 -0.71 -0.71 -0.71 -0.71 -0.71 -0.71 -0.71
-0.71 -0.71 -0.71 -0.71 -0.71 -0.71 -0.71 -0.71 -0.71 -0.71
-0.71 -0.71 -0.71 -0.71 -0.71 -0.71 -0.71 -0.71 -0.71 -0.71
-0.71 -0.71 -0.71 -0.71 -0.71 -0.71 -0.71 -0.71 -0.71 -0.71
-0.71 -0.71 -0.71 -0.71 -0.71 -0.71 -0.71 -0.71 -0.71 -0.71
-0.71 -0.71 -0.71 -0.71 -0.71 -0.71 -0.71 -0.71 -0.71 -0.71
-0.71 -0.71 -0.71 -0.71 -0.71 -0.71 -0.71 -0.71 -0.71 -0.71
-0.71 -0.71 -0.71 -0.71 -0.71 -0.71 -0.71 -0.71 -0.71 -0.71
-0.71 -0.71 -0.71 -0.71 -0.71 -0.71 -0.71 -0.71 -0.71 -0.71
-0.71 -0.71 -0.71 -0.71 -0.71 -0.71 -0.71 -0.71 -0.71 -0.71
-0.71 -0.71 -0.71 -0.71 -0.71 -0.71 -0.71 -0.71 -0.71 -0.71
-0.71 -0.71 -0.71 -0.71 -0.71 -0.71 -0.71 -0.71 -0.71 -0.71
-0.71 -0.71 -0.71 -0.71 -0.71 -0.71 -0.71 -0.71 -0.71 -0.71
-0.71 -0.71 -0.71 -0.71 -0.71 -0.71 -0.71 -0.71 -0.71 -0.71
-0.71 -0.71 -0.71 -0.71 -0.71 -0.71 -0.71 -0.71 -0.71 -0.71
-0.71 -0.71 -0.71 -0.71 -0.71 -0.71 -0.71 -0.71 -0.71 -0.71
-0.71 -0.71 -0.71 -0.71 -0.71 -0.71 -0.71 -0.71 -0.71 -0.71
-0.71 -0.71 -0.71 -0.71 -0.71 -0.71 -0.71 -0.71 -0.71 -0.71
-0.71 -0.71 -0.71 -0.71 -0.71 -0.71 -0.71 -0.71 -0.71 -0.71
-0.71 -0.71 -0.71 -0.71 -0.71 -0.71 -0.71 -0.71 -0.71 -0.71
-0.71 -0.71 -0.71 -0.71 -0.71 -0.71 -0.71 -0.71 -0.71 -0.71
-0.71 -0.71 -0.71 -0.71 -0.71 -0.71 -0.71 -0.71 -0.71 -0.71
-0.71 -0.71 -0.71 -0.71 -0.71 -0.71 -0.71 -0.71 -0.71 -0.71
-0.71 -0.71 -0.71 -0.71 -0.71 -0.71 -0.71 -0.71 -0.71 -0.71
-0.71 -0.71 -0.71 -0.71 -0.71 -0.71 -0.71 -0.71 -0.71 -0.71
-0.71 -0.71 -0.71 -0.71 -0.71 -0.71 -0.71 -0.71 -0.71 -0.71
-0.71 -0.71 -0.71 -0.71 -0.71 -0.71 -0.71 -0.71 -0.71 -0.71
-0.71 -0.71 -0.71 -0.71 -0.71 -0.71 -0.71 -0.71 -0.71 -0.71
-0.71 -0.71 -0.71 -0.71 -0.71 -0.71 -0.71 -0.71 -0.71 -0.71
-0.71 -0.71 -0.71 -0.71 -0.71 -0.71 -0.71 -0.71 -0.71 -0.71
-0.71 -0.71 -0.71 -0.71 -0.71 -0.71 -0.71 -0.71 -0.71 -0.71
-0.71 -0.71 -0.71 -0.71 -0.71 -0.71 -0.71 -0.71 -0.71 -0.71
-0.71 -0.71 -0.71 -0.71 -0.71 -0.71 -0.71 -0.71 -0.71 -0.71
-0.71 -0.71 -0.71 -0.71 -0.71 -0.71 -0.71 -0.71 -0.71 -0.71
-0.71 -0.71 -0.71 -0.71 -0.71 -0.71 -0.71 -0.71 -0.71 -0.71
-0.71 -0.71 -0.71 -0.71 -0.71 -0.71 -0.71 -0.71 -0.71 -0.71
-0.71 -0.71 -0.71 -0.71 -0.71 -0.71 -0.71 -0.71 -0.71 -0.71
-0.71 -0.71 -0.71 -0.71 -0.71 -0.71 -0.71 -0.71 -0.71 -0.71
-0.71 -0.71 -0.71 -0.71 -0.71 -0.71 -0.71 -0.71 -0.71 -0.71
-0.71 -0.71 -0.71 -0.71 -0.71 -0.71 -0.71 -0.71 -0.71 -0.71
-0.71 -0.71 -0.71 -0.71 -0.71 -0.71 -0.71 -0.71 -0.71 -0.71
-0.71 -0.71 -0.71 -0.71 -0.71 -0.71 -0.71 -0.71 -0.71 -0.71
-0.71 -0.71 -0.71 -0.71 -0.71 -0.71 -0.71 -0.71 -0.71 -0.71
-0.71 -0.71 -0.71 -0.71 -0.71 -0.71 -0.71 -0.71 -0.71 -0.71
-0.71 -0.71 -0.71 -0.71 -0.71 -0.71 -0.71 -0.71 -0.71 -0.71
-0.71 -0.71 -0.71 -0.71 -0.71 -0.71 -0.71 -0.71 -0.71 -0.71
-0.71 -0.71 -0.71 -0.71 -0.71 -0.71 -0.71 -0.71 -0.71 -0.71
-0.71 -0.71 -0.71 -0.71 -0.71 -0.71 -0.71 -0.71 -0.71 -0.71
-0.71 -0.71 -0.71 -0.71 -0.71 -0.71 -0.71 -0.71 -0.71 -0.71
-0.71 -0.71 -0.71 -0.71 -0.71 -0.71 -0.71 -0.71 -0.71 -0.71
-0.71 -0.71 -0.71 -0.71 -0.71 -0.71 -0.71 -0.71 -0.71 -0.71
-0.71 -0.71 -0.71 -0.71 -0.71 -0.71 -0.71 -0.71 -0.71 -0.71
-0.71 -0.71 -0.71 -0.71 -0.71 -0.71 -0.71 -0.71 -0.71 -0.71
-0.71 -0.71 -0.71 -0.71 -0.71 -0.71 -0.71 -0.71 -0.71 -0.71
