468.938 468.938 468.938 468.938 468.938 468.938 468.938 468.938 468.938 468.938
468.938 468.938 468.938 468.938 468.938 468.938 468.938 468.938 468.938 468.938
468.938 468.938 468.938 468.938 468.938 468.938 468.938 468.938 468.938 468.938
468.938 468.938 468.938 468.938 468.938 468.938 468.938 468.938 468.938 468.938
468.938 468.938 468.938 468.938 468.938 468.938 468.938 468.938 468.938 468.938
468.938 468.938 468.938 468.938 468.938 468.938 468.938 468.938 468.938 468.938
468.938 468.938 468.938 468.938 468.938 468.938 468.938 468.938 468.938 468.938
468.938 468.938 468.938 468.938 468.938 468.938 468.938 468.938 468.938 468.938
468.938 468.938 468.938 468.938 468.938 468.938 468.938 468.938 468.938 468.938
468.938 468.938 468.938 468.938 468.938 468.938 468.938 468.938 468.938 468.938
468.938 468.938 468.938 468.938 468.938 468.938 468.938 468.938 468.938 468.938
468.938 468.938 468.938 468.938 468.938 468.938 468.938 468.938 468.938 468.938
468.938 468.938 468.938 468.938 468.938 468.938 468.938 468.938 468.938 468.938
468.938 468.938 468.938 468.938 468.938 468.938 468.938 468.938 468.938 468.938
468.938 468.938 468.938 468.938 468.938 468.938 468.938 468.938 468.938 468.938
468.938 468.938 468.938 468.938 468.938 468.938 468.938 468.938 468.938 468.938
468.938 468.938 468.938 468.938 468.938 468.938 468.938 468.938 468.938 468.938
468.938 468.938 468.938 468.938 468.938 468.938 468.938 468.938 468.938 468.938
468.938 468.938 468.938 468.938 468.938 468.938 468.938 468.938 468.938 468.938
468.938 468.938 468.938 468.938 468.938 468.938 468.938 468.938 468.938 468.938
468.938 468.938 468.938 468.938 468.938 468.938 468.938 468.938 468.938 468.938
468.938 468.938 468.938 468.938 468.938 468.938 468.938 468.938 468.938 468.938
468.938 468.938 468.938 468.938 468.938 468.938 468.938 468.938 468.938 468.938
468.938 468.938 468.938 468.938 468.938 468.938 468.938 468.938 468.938 468.938
468.938 468.938 468.938 468.938 468.938 468.938 468.938 468.938 468.938 468.938
468.938 468.938 468.938 468.938 468.938 468.938 468.938 468.938 468.938 468.938
468.938 468.938 468.938 468.938 468.938 468.938 468.938 468.938 468.938 468.938
468.938 468.938 468.938 468.938 468.938 468.938 468.938 468.938 468.938 468.938
468.938 468.938 468.938 468.938 468.938 468.938 468.938 468.938 468.938 468.938
468.938 468.938 468.938 468.938 468.938 468.938 468.938 468.938 468.938 468.938
468.938 468.938 468.938 468.938 468.938 468.938 468.938 468.938 468.938 468.938
468.938 468.938 468.938 468.938 468.938 468.938 468.938 468.938 468.938 468.938
468.938 468.938 468.938 468.938 468.938 468.938 468.938 468.938 468.938 468.938
468.938 468.938 468.938 468.938 468.938 468.938 468.938 468.938 468.938 468.938
468.938 468.938 468.938 468.938 468.938 468.938 468.938 468.938 468.938 468.938
468.938 468.938 468.938 468.938 468.938 468.938 468.938 468.938 468.938 468.938
468.938 468.938 468.938 468.938 468.938 468.938 468.938 468.938 468.938 468.938
468.938 468.938 468.938 468.938 468.938 468.938 468.938 468.938 468.938 468.938
468.938 468.938 468.938 468.938 468.938 468.938 468.938 468.938 468.938 468.938
468.938 468.938 468.938 468.938 468.938 468.938 468.938 468.938 468.938 468.938
468.938 468.938 468.938 468.938 468.938 468.938 468.938 468.938 468.938 468.938
468.938 468.938 468.938 468.938 468.938 468.938 468.938 468.938 468.938 468.938
468.938 468.938 468.938 468.938 468.938 468.938 468.938 468.938 468.938 468.938
468.938 468.938 468.938 468.938 468.938 468.938 468.938 468.938 468.938 468.938
468.938 468.938 468.938 468.938 468.938 468.938 468.938 468.938 468.938 468.938
468.938 468.938 468.938 468.938 468.938 468.938 468.938 468.938 468.938 468.938
468.938 468.938 468.938 468.938 468.938 468.938 468.938 468.938 468.938 468.938
468.938 468.938 468.938 468.938 468.938 468.938 468.938 468.938 468.938 468.938
468.938 468.938 468.938 468.938 468.938 468.938 468.938 468.938 468.938 468.938
468.938 468.938 468.938 468.938 468.938 468.938 468.938 468.938 468.938 468.938
468.938 468.938 468.938 468.938 468.938 468.938 468.938 468.938 468.938 468.938
468.938 468.938 468.938 468.938 468.938 468.938 468.938 468.938 468.938 468.938
468.938 468.938 468.938 468.938 468.938 468.938 468.938 468.938 468.938 468.938
468.938 468.938 468.938 468.938 468.938 468.938 468.938 468.938 468.938 468.938
468.938 468.938 468.938 468.938 468.938 468.938 468.938 468.938 468.938 468.938
468.938 468.938 468.938 468.938 468.938 468.938 468.938 468.938 468.938 468.938
468.938 468.938 468.938 468.938 468.938 468.938 468.938 468.938 468.938 468.938
468.938 468.938 468.938 468.938 468.938 468.938 468.938 468.938 468.938 468.938
468.938 468.938 468.938 468.938 468.938 468.938 468.938 468.938 468.938 468.938
468.938 468.938 468.938 468.938 468.938 468.938 468.938 468.938 468.938 468.938
468.938 468.938 468.938 468.938 468.938 468.938 468.938 468.938 468.938 468.938
468.938 468.938 468.938 468.938 468.938 468.938 468.938 468.938 468.938 468.938
468.938 468.938 468.938 468.938 468.938 468.938 468.938 468.938 468.938 468.938
468.938 468.938 468.938 468.938 468.938 468.938 468.938 468.938 468.938 468.938
468.938 468.938 468.938 468.938 468.938 468.938 468.938 468.938 468.938 468.938
468.938 468.938 468.938 468.938 468.938 468.938 468.938 468.938 468.938 468.938
468.938 468.938 468.938 468.938 468.938 468.938 468.938 468.938 468.938 468.938
468.938 468.938 468.938 468.938 468.938 468.938 468.938 468.938 468.938 468.938
468.938 468.938 468.938 468.938 468.938 468.938 468.938 468.938 468.938 468.938
468.938 468.938 468.938 468.938 468.938 468.938 468.938 468.938 468.938 468.938
468.938 468.938 468.938 468.938 468.938 468.938 468.938 468.938 468.938 468.938
468.938 468.938 468.938 468.938 468.938 468.938 468.938 468.938 468.938 468.938
468.938 468.938 468.938 468.938 468.938 468.938 468.938 468.938 468.938 468.938
468.938 468.938 468.938 468.938 468.938 468.938 468.938 468.938 468.938 468.938
468.938 468.938 468.938 468.938 468.938 468.938 468.938 468.938 468.938 468.938
468.938 468.938 468.938 468.938 468.938 468.938 468.938 468.938 468.938 468.938
468.938 468.938 468.938 468.938 468.938 468.938 468.938 468.938 468.938 468.938
468.938 468.938 468.938 468.938 468.938 468.938 468.938 468.938 468.938 468.938
468.938 468.938 468.938 468.938 468.938 468.938 468.938 468.938 468.938 468.938
468.938 468.938 468.938 468.938 468.938 468.938 468.938 468.938 468.938 468.938
468.938 468.938 468.938 468.938 468.938 468.938 468.938 468.938 468.938 468.938
468.938 468.938 468.938 468.938 468.938 468.938 468.938 468.938 468.938 468.938
468.938 468.938 468.938 468.938 468.938 468.938 468.938 468.938 468.938 468.938
468.938 468.938 468.938 468.938 468.938 468.938 468.938 468.938 468.938 468.938
468.938 468.938 468.938 468.938 468.938 468.938 468.938 468.938 468.938 468.938
468.938 468.938 468.938 468.938 468.938 468.938 468.938 468.938 468.938 468.938
468.938 468.938 468.938 468.938 468.938 468.938 468.938 468.938 468.938 468.938
468.938 468.938 468.938 468.938 468.938 468.938 468.938 468.938 468.938 468.938
468.938 468.938 468.938 468.938 468.938 468.938 468.938 468.938 468.938 468.938
468.938 468.938 468.938 468.938 468.938 468.938 468.938 468.938 468.938 468.938
468.938 468.938 468.938 468.938 468.938 468.938 468.938 468.938 468.938 412.666
468.938 468.938 468.938 468.938 468.938 468.938 468.938 468.938 412.666 318.878
468.938 468.938 468.938 468.938 468.938 468.938 468.938 412.666 318.878  225.09
468.938 468.938 468.938 468.938 468.938 468.938 412.666 318.878  225.09 131.303
468.938 468.938 468.938 468.938 468.938 412.666 318.878  225.09 131.303 37.5151
468.938 468.938 468.938 468.938 412.666 318.878  225.09 131.303 37.5151       0
468.938 468.938 468.938 412.666 318.878  225.09 131.303 37.5151       0       0
468.938 468.938 412.666 318.878  225.09 131.303 37.5151       0       0       0
468.938 412.666 318.878  225.09 131.303 37.5151       0       0       0       0
412.666 318.878  225.09 131.303 37.5151       0       0       0       0       0
318.878  225.09 131.303 37.5151       0       0       0       0       0       0
 225.09 131.303 37.5151       0       0       0       0       0       0       0
131.303 37.5151       0       0       0       0       0       0       0       0
37.5151       0       0       0       0       0       0       0       0       0
0 0 0 0 0 0 0 0 0 0
0 0 0 0 0 0 0 0 0 0
0 0 0 0 0 0 0 0 0 0
0 0 0 0 0 0 0 0 0 0
0 0 0 0 0 0 0 0 0 0
0 0 0 0 0 0 0 0 0 0
0 0 0 0 0 0 0 0 0 0
0 0 0 0 0 0 0 0 0 0
0 0 0 0 0 0 0 0 0 0
0 0 0 0 0 0 0 0 0 0
0 0 0 0 0 0 0 0 0 0
0 0 0 0 0 0 0 0 0 0
0 0 0 0 0 0 0 0 0 0
0 0 0 0 0 0 0 0 0 0
0 0 0 0 0 0 0 0 0 0
0 0 0 0 0 0 0 0 0 0
0 0 0 0 0 0 0 0 0 0
0 0 0 0 0 0 0 0 0 0
0 0 0 0 0 0 0 0 0 0
0 0 0 0 0 0 0 0 0 0
0 0 0 0 0 0 0 0 0 0
      0       0       0       0       0       0       0       0       0 59.0084
      0       0       0       0       0       0       0       0 59.0084 157.356
      0       0       0       0       0       0       0 59.0084 157.356 255.703
      0       0       0       0       0       0 59.0084 157.356 255.703 354.051
      0       0       0       0       0 59.0084 157.356 255.703 354.051 452.398
      0       0       0       0 59.0084 157.356 255.703 354.051 452.398 550.745
      0       0       0 59.0084 157.356 255.703 354.051 452.398 550.745 649.093
      0       0 59.0084 157.356 255.703 354.051 452.398 550.745 649.093  747.44
      0 59.0084 157.356 255.703 354.051 452.398 550.745 649.093  747.44 845.788
59.0084 157.356 255.703 354.051 452.398 550.745 649.093  747.44 845.788 937.731
157.356 255.703 354.051 452.398 550.745 649.093  747.44 845.788 937.731 937.731
255.703 354.051 452.398 550.745 649.093  747.44 845.788 937.731 937.731 937.731
354.051 452.398 550.745 649.093  747.44 845.788 937.731 937.731 937.731 937.731
452.398 550.745 649.093  747.44 845.788 937.731 937.731 937.731 937.731 937.731
514.014 610.313 706.613 802.912 899.211 937.731 937.731 937.731 937.731 937.731
610.313 706.613 802.912 899.211 937.731 937.731 937.731 937.731 937.731 937.731
706.613 802.912 899.211 937.731 937.731 937.731 937.731 937.731 937.731 937.731
802.912 899.211 937.731 937.731 937.731 937.731 937.731 937.731 937.731 937.731
899.211 937.731 937.731 937.731 937.731 937.731 937.731 937.731 937.731 937.731
937.731 937.731 937.731 937.731 937.731 937.731 937.731 937.731 937.731 937.731
937.731 937.731 937.731 937.731 937.731 937.731 937.731 937.731 937.731 937.731
937.731 937.731 937.731 937.731 937.731 937.731 937.731 937.731 937.731 937.731
937.731 937.731 937.731 937.731 937.731 937.731 937.731 937.731 937.731 937.731
937.731 937.731 937.731 937.731 937.731 937.731 937.731 937.731 937.731 937.731
937.731 937.731 937.731 937.731 937.731 937.731 937.731 937.731 937.731 937.731
937.731 937.731 937.731 937.731 937.731 937.731 937.731 937.731 937.731 937.731
937.731 937.731 937.731 937.731 937.731 937.731 937.731 937.731 937.731 937.731
937.731 937.731 937.731 937.731 937.731 937.731 937.731 937.731 937.731 937.731
937.731 937.731 937.731 937.731 937.731 937.731 937.731 937.731 937.731 937.731
937.731 937.731 937.731 937.731 937.731 937.731 937.731 937.731 937.731 937.731
937.731 937.731 937.731 937.731 937.731 937.731 937.731 937.731 937.731 937.731
937.731 937.731 937.731 937.731 937.731 937.731 937.731 937.731 937.731 937.731
937.731 937.731 937.731 937.731 937.731 937.731 937.731 937.731 937.731 937.731
937.731 937.731 937.731 937.731 937.731 937.731 937.731 937.731 937.731 937.731
937.731 937.731 937.731 937.731 937.731 937.731 937.731 937.731 937.731 937.731
937.731 937.731 937.731 937.731 937.731 937.731 937.731 937.731 937.731 937.731
937.731 937.731 937.731 937.731 937.731 937.731 937.731 937.731 937.731 937.731
937.731 937.731 937.731 937.731 937.731 937.731 937.731 937.731 937.731 937.731
937.731 937.731 937.731 937.731 937.731 937.731 937.731 937.731 937.731 937.731
937.731 937.731 937.731 937.731 937.731 937.731 937.731 937.731 937.731 937.731
937.731 937.731 937.731 937.731 937.731 937.731 937.731 937.731 937.731 874.577
937.731 937.731 937.731 937.731 937.731 937.731 937.731 937.731 874.577 769.319
937.731 937.731 937.731 937.731 937.731 937.731 937.731 874.577 769.319 664.062
937.731 937.731 937.731 937.731 937.731 937.731 874.577 769.319 664.062 558.804
937.731 937.731 937.731 937.731 937.731 874.577 769.319 664.062 558.804 453.547
937.731 937.731 937.731 937.731 874.577 769.319 664.062 558.804 453.547  348.29
937.731 937.731 937.731 874.577 769.319 664.062 558.804 453.547  348.29 243.032
937.731 937.731 874.577 769.319 664.062 558.804 453.547  348.29 243.032 137.775
937.731 874.577 769.319 664.062 558.804 453.547  348.29 243.032 137.775 32.5176
874.577 769.319 664.062 558.804 453.547  348.29 243.032 137.775 32.5176       0
769.319 664.062 558.804 453.547  348.29 243.032 137.775 32.5176       0       0
664.062 558.804 453.547  348.29 243.032 137.775 32.5176       0       0       0
558.804 453.547  348.29 243.032 137.775 32.5176       0       0       0       0
453.547  348.29 243.032 137.775 32.5176       0       0       0       0       0
422.889 326.778 230.667 134.556 38.4444       0       0       0       0       0
326.778 230.667 134.556 38.4444       0       0       0       0       0       0
230.667 134.556 38.4444       0       0       0       0       0       0       0
134.556 38.4444       0       0       0       0       0       0       0       0
38.4444       0       0       0       0       0       0       0       0       0
0 0 0 0 0 0 0 0 0 0
0 0 0 0 0 0 0 0 0 0
0 0 0 0 0 0 0 0 0 0
0 0 0 0 0 0 0 0 0 0
0 0 0 0 0 0 0 0 0 0
0 0 0 0 0 0 0 0 0 0
0 0 0 0 0 0 0 0 0 0
0 0 0 0 0 0 0 0 0 0
0 0 0 0 0 0 0 0 0 0
0 0 0 0 0 0 0 0 0 0
0 0 0 0 0 0 0 0 0 0
0 0 0 0 0 0 0 0 0 0
0 0 0 0 0 0 0 0 0 0
0 0 0 0 0 0 0 0 0 0
0 0 0 0 0 0 0 0 0 0
0 0 0 0 0 0 0 0 0 0
0 0 0 0 0 0 0 0 0 0
0 0 0 0 0 0 0 0 0 0
0 0 0 0 0 0 0 0 0 0
0 0 0 0 0 0 0 0 0 0
0 0 0 0 0 0 0 0 0 0
      0       0       0       0       0       0       0       0       0 60.1205
      0       0       0       0       0       0       0       0 60.1205 160.321
      0       0       0       0       0       0       0 60.1205 160.321 260.522
      0       0       0       0       0       0 60.1205 160.321 260.522 360.723
      0       0       0       0       0 60.1205 160.321 260.522 360.723 460.924
      0       0       0       0 60.1205 160.321 260.522 360.723 460.924 561.125
      0       0       0 60.1205 160.321 260.522 360.723 460.924 561.125 661.326
      0       0 60.1205 160.321 260.522 360.723 460.924 561.125 661.326 761.527
      0 60.1205 160.321 260.522 360.723 460.924 561.125 661.326 761.527 861.728
60.1205 160.321 260.522 360.723 460.924 561.125 661.326 761.527 861.728 937.731
160.321 260.522 360.723 460.924 561.125 661.326 761.527 861.728 937.731 937.731
260.522 360.723 460.924 561.125 661.326 761.527 861.728 937.731 937.731 937.731
360.723 460.924 561.125 661.326 761.527 861.728 937.731 937.731 937.731 937.731
460.924 561.125 661.326 761.527 861.728 937.731 937.731 937.731 937.731 937.731
514.912 611.007 707.102 803.198 899.293 937.731 937.731 937.731 937.731 937.731
611.007 707.102 803.198 899.293 937.731 937.731 937.731 937.731 937.731 937.731
707.102 803.198 899.293 937.731 937.731 937.731 937.731 937.731 937.731 937.731
803.198 899.293 937.731 937.731 937.731 937.731 937.731 937.731 937.731 937.731
899.293 937.731 937.731 937.731 937.731 937.731 937.731 937.731 937.731 937.731
937.731 937.731 937.731 937.731 937.731 937.731 937.731 937.731 937.731 937.731
937.731 937.731 937.731 937.731 937.731 937.731 937.731 937.731 937.731 937.731
937.731 937.731 937.731 937.731 937.731 937.731 937.731 937.731 937.731 937.731
937.731 937.731 937.731 937.731 937.731 937.731 937.731 937.731 937.731 937.731
937.731 937.731 937.731 937.731 937.731 937.731 937.731 937.731 937.731 937.731
937.731 937.731 937.731 937.731 937.731 937.731 937.731 937.731 937.731 937.731
937.731 937.731 937.731 937.731 937.731 937.731 937.731 937.731 937.731 937.731
937.731 937.731 937.731 937.731 937.731 937.731 937.731 937.731 937.731 937.731
937.731 937.731 937.731 937.731 937.731 937.731 937.731 937.731 937.731 937.731
937.731 937.731 937.731 937.731 937.731 937.731 937.731 937.731 937.731 937.731
937.731 937.731 937.731 937.731 937.731 937.731 937.731 937.731 937.731 937.731
937.731 937.731 937.731 937.731 937.731 937.731 937.731 937.731 937.731 937.731
937.731 937.731 937.731 937.731 937.731 937.731 937.731 937.731 937.731 937.731
937.731 937.731 937.731 937.731 937.731 937.731 937.731 937.731 937.731 937.731
937.731 937.731 937.731 937.731 937.731 937.731 937.731 937.731 937.731 937.731
937.731 937.731 937.731 937.731 937.731 937.731 937.731 937.731 937.731 937.731
937.731 937.731 937.731 937.731 937.731 937.731 937.731 937.731 937.731 937.731
937.731 937.731 937.731 937.731 937.731 937.731 937.731 937.731 937.731 937.731
937.731 937.731 937.731 937.731 937.731 937.731 937.731 937.731 937.731 937.731
937.731 937.731 937.731 937.731 937.731 937.731 937.731 937.731 937.731 937.731
937.731 937.731 937.731 937.731 937.731 937.731 937.731 937.731 937.731 937.731
937.731 937.731 937.731 937.731 937.731 937.731 937.731 937.731 937.731 880.074
937.731 937.731 937.731 937.731 937.731 937.731 937.731 937.731 880.074 783.979
937.731 937.731 937.731 937.731 937.731 937.731 937.731 880.074 783.979 687.883
937.731 937.731 937.731 937.731 937.731 937.731 880.074 783.979 687.883 591.788
937.731 937.731 937.731 937.731 937.731 880.074 783.979 687.883 591.788 495.693
937.731 937.731 937.731 937.731 880.074 783.979 687.883 591.788 495.693 399.597
937.731 937.731 937.731 880.074 783.979 687.883 591.788 495.693 399.597 303.502
937.731 937.731 880.074 783.979 687.883 591.788 495.693 399.597 303.502 207.407
937.731 880.074 783.979 687.883 591.788 495.693 399.597 303.502 207.407 111.311
880.074 783.979 687.883 591.788 495.693 399.597 303.502 207.407 111.311 15.2162
783.979 687.883 591.788 495.693 399.597 303.502 207.407 111.311 15.2162       0
687.883 591.788 495.693 399.597 303.502 207.407 111.311 15.2162       0       0
591.788 495.693 399.597 303.502 207.407 111.311 15.2162       0       0       0
495.693 399.597 303.502 207.407 111.311 15.2162       0       0       0       0
425.003 328.411  231.82 135.228 38.6366       0       0       0       0       0
328.411  231.82 135.228 38.6366       0       0       0       0       0       0
 231.82 135.228 38.6366       0       0       0       0       0       0       0
135.228 38.6366       0       0       0       0       0       0       0       0
38.6366       0       0       0       0       0       0       0       0       0
0 0 0 0 0 0 0 0 0 0
0 0 0 0 0 0 0 0 0 0
0 0 0 0 0 0 0 0 0 0
0 0 0 0 0 0 0 0 0 0
0 0 0 0 0 0 0 0 0 0
0 0 0 0 0 0 0 0 0 0
0 0 0 0 0 0 0 0 0 0
0 0 0 0 0 0 0 0 0 0
0 0 0 0 0 0 0 0 0 0
0 0 0 0 0 0 0 0 0 0
0 0 0 0 0 0 0 0 0 0
0 0 0 0 0 0 0 0 0 0
0 0 0 0 0 0 0 0 0 0
0 0 0 0 0 0 0 0 0 0
0 0 0 0 0 0 0 0 0 0
0 0 0 0 0 0 0 0 0 0
0 0 0 0 0 0 0 0 0 0
0 0 0 0 0 0 0 0 0 0
0 0 0 0 0 0 0 0 0 0
0 0 0 0 0 0 0 0 0 0
0 0 0 0 0 0 0 0 0 0
      0       0       0       0       0       0       0       0       0 57.9549
      0       0       0       0       0       0       0       0 57.9549 154.546
      0       0       0       0       0       0       0 57.9549 154.546 251.138
      0       0       0       0       0       0 57.9549 154.546 251.138  347.73
      0       0       0       0       0 57.9549 154.546 251.138  347.73 444.321
      0       0       0       0 57.9549 154.546 251.138  347.73 444.321 540.913
      0       0       0 57.9549 154.546 251.138  347.73 444.321 540.913 637.504
      0       0 57.9549 154.546 251.138  347.73 444.321 540.913 637.504 734.096
      0 57.9549 154.546 251.138  347.73 444.321 540.913 637.504 734.096 830.687
57.9549 154.546 251.138  347.73 444.321 540.913 637.504 734.096 830.687 927.279
154.546 251.138  347.73 444.321 540.913 637.504 734.096 830.687 927.279 937.731
251.138  347.73 444.321 540.913 637.504 734.096 830.687 927.279 937.731 937.731
 347.73 444.321 540.913 637.504 734.096 830.687 927.279 937.731 937.731 937.731
444.321 540.913 637.504 734.096 830.687 927.279 937.731 937.731 937.731 937.731
 509.35 606.709 704.069 801.428 898.787 937.731 937.731 937.731 937.731 937.731
606.709 704.069 801.428 898.787 937.731 937.731 937.731 937.731 937.731 937.731
704.069 801.428 898.787 937.731 937.731 937.731 937.731 937.731 937.731 937.731
801.428 898.787 937.731 937.731 937.731 937.731 937.731 937.731 937.731 937.731
898.787 937.731 937.731 937.731 937.731 937.731 937.731 937.731 937.731 937.731
937.731 937.731 937.731 937.731 937.731 937.731 937.731 937.731 937.731 937.731
937.731 937.731 937.731 937.731 937.731 937.731 937.731 937.731 937.731 937.731
937.731 937.731 937.731 937.731 937.731 937.731 937.731 937.731 937.731 937.731
937.731 937.731 937.731 937.731 937.731 937.731 937.731 937.731 937.731 937.731
937.731 937.731 937.731 937.731 937.731 937.731 937.731 937.731 937.731 937.731
937.731 937.731 937.731 937.731 937.731 937.731 937.731 937.731 937.731 937.731
937.731 937.731 937.731 937.731 937.731 937.731 937.731 937.731 937.731 937.731
937.731 937.731 937.731 937.731 937.731 937.731 937.731 937.731 937.731 937.731
937.731 937.731 937.731 937.731 937.731 937.731 937.731 937.731 937.731 937.731
937.731 937.731 937.731 937.731 937.731 937.731 937.731 937.731 937.731 937.731
937.731 937.731 937.731 937.731 937.731 937.731 937.731 937.731 937.731 937.731
937.731 937.731 937.731 937.731 937.731 937.731 937.731 937.731 937.731 937.731
937.731 937.731 937.731 937.731 937.731 937.731 937.731 937.731 937.731 937.731
937.731 937.731 937.731 937.731 937.731 937.731 937.731 937.731 937.731 937.731
937.731 937.731 937.731 937.731 937.731 937.731 937.731 937.731 937.731 937.731
937.731 937.731 937.731 937.731 937.731 937.731 937.731 937.731 937.731 937.731
937.731 937.731 937.731 937.731 937.731 937.731 937.731 937.731 937.731 937.731
937.731 937.731 937.731 937.731 937.731 937.731 937.731 937.731 937.731 937.731
937.731 937.731 937.731 937.731 937.731 937.731 937.731 937.731 937.731 937.731
937.731 937.731 937.731 937.731 937.731 937.731 937.731 937.731 937.731 937.731
937.731 937.731 937.731 937.731 937.731 937.731 937.731 937.731 937.731 937.731
937.731 937.731 937.731 937.731 937.731 937.731 937.731 937.731 937.731 879.315
937.731 937.731 937.731 937.731 937.731 937.731 937.731 937.731 879.315 781.956
937.731 937.731 937.731 937.731 937.731 937.731 937.731 879.315 781.956 684.597
937.731 937.731 937.731 937.731 937.731 937.731 879.315 781.956 684.597 587.237
937.731 937.731 937.731 937.731 937.731 879.315 781.956 684.597 587.237 489.878
937.731 937.731 937.731 937.731 879.315 781.956 684.597 587.237 489.878 392.519
937.731 937.731 937.731 879.315 781.956 684.597 587.237 489.878 392.519 295.159
937.731 937.731 879.315 781.956 684.597 587.237 489.878 392.519 295.159   197.8
937.731 879.315 781.956 684.597 587.237 489.878 392.519 295.159   197.8 100.441
879.315 781.956 684.597 587.237 489.878 392.519 295.159   197.8 100.441 3.08118
781.956 684.597 587.237 489.878 392.519 295.159   197.8 100.441 3.08118       0
684.597 587.237 489.878 392.519 295.159   197.8 100.441 3.08118       0       0
587.237 489.878 392.519 295.159   197.8 100.441 3.08118       0       0       0
489.878 392.519 295.159   197.8 100.441 3.08118       0       0       0       0
428.426 331.056 233.687 136.317 38.9478       0       0       0       0       0
331.056 233.687 136.317 38.9478       0       0       0       0       0       0
233.687 136.317 38.9478       0       0       0       0       0       0       0
136.317 38.9478       0       0       0       0       0       0       0       0
38.9478       0       0       0       0       0       0       0       0       0
0 0 0 0 0 0 0 0 0 0
0 0 0 0 0 0 0 0 0 0
0 0 0 0 0 0 0 0 0 0
0 0 0 0 0 0 0 0 0 0
0 0 0 0 0 0 0 0 0 0
0 0 0 0 0 0 0 0 0 0
0 0 0 0 0 0 0 0 0 0
0 0 0 0 0 0 0 0 0 0
0 0 0 0 0 0 0 0 0 0
0 0 0 0 0 0 0 0 0 0
0 0 0 0 0 0 0 0 0 0
0 0 0 0 0 0 0 0 0 0
0 0 0 0 0 0 0 0 0 0
0 0 0 0 0 0 0 0 0 0
0 0 0 0 0 0 0 0 0 0
0 0 0 0 0 0 0 0 0 0
0 0 0 0 0 0 0 0 0 0
0 0 0 0 0 0 0 0 0 0
0 0 0 0 0 0 0 0 0 0
0 0 0 0 0 0 0 0 0 0
0 0 0 0 0 0 0 0 0 0
      0       0       0       0       0       0       0       0       0 58.4217
      0       0       0       0       0       0       0       0 58.4217 155.791
      0       0       0       0       0       0       0 58.4217 155.791 253.161
      0       0       0       0       0       0 58.4217 155.791 253.161  350.53
      0       0       0       0       0 58.4217 155.791 253.161  350.53 447.899
      0       0       0       0 58.4217 155.791 253.161  350.53 447.899 545.269
      0       0       0 58.4217 155.791 253.161  350.53 447.899 545.269 642.638
      0       0 58.4217 155.791 253.161  350.53 447.899 545.269 642.638 740.008
      0 58.4217 155.791 253.161  350.53 447.899 545.269 642.638 740.008 837.377
58.4217 155.791 253.161  350.53 447.899 545.269 642.638 740.008 837.377 934.747
155.791 253.161  350.53 447.899 545.269 642.638 740.008 837.377 934.747 937.731
253.161  350.53 447.899 545.269 642.638 740.008 837.377 934.747 937.731 937.731
 350.53 447.899 545.269 642.638 740.008 837.377 934.747 937.731 937.731 937.731
447.899 545.269 642.638 740.008 837.377 934.747 937.731 937.731 937.731 937.731
524.517 618.429 712.342 806.254 900.166 937.731 937.731 937.731 937.731 937.731
618.429 712.342 806.254 900.166 937.731 937.731 937.731 937.731 937.731 937.731
712.342 806.254 900.166 937.731 937.731 937.731 937.731 937.731 937.731 937.731
806.254 900.166 937.731 937.731 937.731 937.731 937.731 937.731 937.731 937.731
900.166 937.731 937.731 937.731 937.731 937.731 937.731 937.731 937.731 937.731
937.731 937.731 937.731 937.731 937.731 937.731 937.731 937.731 937.731 937.731
937.731 937.731 937.731 937.731 937.731 937.731 937.731 937.731 937.731 937.731
937.731 937.731 937.731 937.731 937.731 937.731 937.731 937.731 937.731 937.731
937.731 937.731 937.731 937.731 937.731 937.731 937.731 937.731 937.731 937.731
937.731 937.731 937.731 937.731 937.731 937.731 937.731 937.731 937.731 937.731
937.731 937.731 937.731 937.731 937.731 937.731 937.731 937.731 937.731 937.731
937.731 937.731 937.731 937.731 937.731 937.731 937.731 937.731 937.731 937.731
937.731 937.731 937.731 937.731 937.731 937.731 937.731 937.731 937.731 937.731
937.731 937.731 937.731 937.731 937.731 937.731 937.731 937.731 937.731 937.731
937.731 937.731 937.731 937.731 937.731 937.731 937.731 937.731 937.731 937.731
937.731 937.731 937.731 937.731 937.731 937.731 937.731 937.731 937.731 937.731
937.731 937.731 937.731 937.731 937.731 937.731 937.731 937.731 937.731 937.731
937.731 937.731 937.731 937.731 937.731 937.731 937.731 937.731 937.731 937.731
937.731 937.731 937.731 937.731 937.731 937.731 937.731 937.731 937.731 937.731
937.731 937.731 937.731 937.731 937.731 937.731 937.731 937.731 937.731 937.731
937.731 937.731 937.731 937.731 937.731 937.731 937.731 937.731 937.731 937.731
937.731 937.731 937.731 937.731 937.731 937.731 937.731 937.731 937.731 937.731
937.731 937.731 937.731 937.731 937.731 937.731 937.731 937.731 937.731 937.731
937.731 937.731 937.731 937.731 937.731 937.731 937.731 937.731 937.731 937.731
937.731 937.731 937.731 937.731 937.731 937.731 937.731 937.731 937.731 937.731
937.731 937.731 937.731 937.731 937.731 937.731 937.731 937.731 937.731 937.731
937.731 937.731 937.731 937.731 937.731 937.731 937.731 937.731 937.731 881.384
937.731 937.731 937.731 937.731 937.731 937.731 937.731 937.731 881.384 787.471
937.731 937.731 937.731 937.731 937.731 937.731 937.731 881.384 787.471 693.559
937.731 937.731 937.731 937.731 937.731 937.731 881.384 787.471 693.559 599.647
937.731 937.731 937.731 937.731 937.731 881.384 787.471 693.559 599.647 505.734
937.731 937.731 937.731 937.731 881.384 787.471 693.559 599.647 505.734 470.517
937.731 937.731 937.731 881.384 787.471 693.559 599.647 505.734 470.517 470.517
937.731 937.731 881.384 787.471 693.559 599.647 505.734 470.517 470.517 470.517
937.731 881.384 787.471 693.559 599.647 505.734 470.517 470.517 470.517 470.517
881.384 787.471 693.559 599.647 505.734 470.517 470.517 470.517 470.517 470.517
787.471 693.559 599.647 505.734 470.517 470.517 470.517 470.517 470.517 470.517
693.559 599.647 505.734 470.517 470.517 470.517 470.517 470.517 470.517 470.517
599.647 505.734 470.517 470.517 470.517 470.517 470.517 470.517 470.517 470.517
505.734 470.517 470.517 470.517 470.517 470.517 470.517 470.517 470.517 470.517
470.517 457.203 457.203 457.203 457.203 457.203 457.203 457.203 457.203 457.203
470.517 457.174 457.174 457.174 457.174 457.174 457.174 457.174 457.174 457.174
470.517 457.023 457.023 457.023 457.023 457.023 457.023 457.023 457.023 457.023
470.517 456.797 456.797 456.797 456.797 456.797 456.797 456.797 456.797 456.797
470.517 456.311 456.311 456.311 456.311 456.311 456.311 456.311 456.311 456.311
470.517 455.416 455.416 455.416 455.416 455.416 455.416 455.416 455.416 455.416
470.517 454.726 454.726 454.726 454.726 454.726 454.726 454.726 454.726 454.726
470.517 454.122 454.122 454.122 454.122 454.122 454.122 454.122 454.122 454.122
470.517 453.873 453.873 453.873 453.873 453.873 453.873 453.873 453.873 453.873
470.517 453.276 453.276 453.276 453.276 453.276 453.276 453.276 453.276 453.276
470.517 452.228 452.228 452.228 452.228 452.228 452.228 452.228 452.228 452.228
470.517 451.209 451.209 451.209 451.209 451.209 451.209 451.209 451.209 451.209
470.517 450.573 450.573 450.573 450.573 450.573 450.573 450.573 450.573 450.573
470.517 450.348 450.348 450.348 450.348 450.348 450.348 450.348 450.348 450.348
470.517 450.344 450.344 450.344 450.344 450.344 450.344 450.344 450.344 450.344
470.517 450.323 450.323 450.323 450.323 450.323 450.323 450.323 450.323 450.323
470.517 450.144 450.144 450.144 450.144 450.144 450.144 450.144 450.144 450.144
470.517 449.856 449.856 449.856 449.856 449.856 449.856 449.856 449.856 449.856
470.517 449.593 449.593 449.593 449.593 449.593 449.593 449.593 449.593 449.593
470.517 449.469 449.469 449.469 449.469 449.469 449.469 449.469 449.469 449.469
470.517 449.508 449.508 449.508 449.508 449.508 449.508 449.508 449.508 449.508
470.517 449.618 449.618 449.618 449.618 449.618 449.618 449.618 449.618 449.618
470.517 449.705 449.705 449.705 449.705 449.705 449.705 449.705 449.705 449.705
470.517 449.728 449.728 449.728 449.728 449.728 449.728 449.728 449.728 449.728
470.517 449.732 449.732 449.732 449.732 449.732 449.732 449.732 449.732 449.732
470.517 449.762 449.762 449.762 449.762 449.762 449.762 449.762 449.762 449.762
470.517 449.756 449.756 449.756 449.756 449.756 449.756 449.756 449.756 449.756
470.517 449.818 449.818 449.818 449.818 449.818 449.818 449.818 449.818 449.818
470.517 449.812 449.812 449.812 449.812 449.812 449.812 449.812 449.812 449.812
470.517 449.946 449.946 449.946 449.946 449.946 449.946 449.946 449.946 449.946
470.517 450.634 450.634 450.634 450.634 450.634 450.634 450.634 450.634 450.634
470.517 450.659 450.659 450.659 450.659 450.659 450.659 450.659 450.659 450.745
470.517 450.468 450.468 450.468 450.468 450.468 450.468 450.468 450.581 450.468
470.517 450.699 450.699 450.699 450.699 450.699 450.699 450.476 450.699 450.699
470.517 451.176 451.176 451.176 451.176 451.176 450.883 451.176 451.176 451.176
470.517  451.42  451.42  451.42  451.42 451.323  451.42  451.42  451.42  451.42
470.517 451.175 451.175 451.175 451.359 451.175 451.175 451.175 451.175 451.175
470.517 450.955 450.955 451.069 450.955 450.955 450.955 450.955 450.955 450.955
470.517 450.964  450.93 450.964 450.964 450.964 450.964 450.964 450.964 450.964
470.517 451.028 451.195 451.195 451.195 451.195 451.195 451.195 451.195 451.195
470.517 451.028 451.418 451.418 451.418 451.418 451.418 451.418 451.418 451.418
470.517 451.028 451.418 451.418 451.418 451.418 451.418 451.418 451.418 451.418
470.517 451.028 451.418 451.418 451.418 451.418 451.418 451.418 451.418 451.418
470.517 451.028 451.418 451.418 451.418 451.418 451.418 451.418 451.418 451.418
470.517 451.028 451.418 451.418 451.418 451.418 451.418 451.418 451.418 451.418
470.517 451.028 451.418 451.418 451.418 451.418 451.418 451.418 451.418 451.418
470.517 451.028 451.418 451.418 451.418 451.418 451.418 451.418 451.418 451.418
470.517 451.028 451.418 451.418 451.418 451.418 451.418 451.418 451.418 451.418
470.517 451.028 451.418 451.418 451.418 451.418 451.418 451.418 451.418 451.418
470.517 451.028 451.418 451.418 451.418 451.418 451.418 451.418 451.418 451.418
470.517 451.028 451.418 451.418 451.418 451.418 451.418 451.418 451.418 451.418
470.517 451.028 451.418 451.418 451.418 451.418 451.418 451.418 451.418 451.418
470.517 451.028 451.418 451.418 451.418 451.418 451.418 451.418 451.418 451.418
470.517 451.028 451.418 451.418 451.418 451.418 451.418 451.418 451.418 451.418
470.517 451.028 451.418 451.418 451.418 451.418 451.418 451.418 451.418 451.418
470.517 451.028 451.418 451.418 451.418 451.418 451.418 451.418 451.418 451.418
470.517 451.028 451.418 451.418 451.418 451.418 451.418 451.418 451.418 451.418
470.517 451.028 451.418 451.418 451.418 451.418 451.418 451.418 451.418 451.418
470.517 451.028 451.418 451.418 451.418 451.418 451.418 451.418 451.418 451.418
470.517 451.028 451.418 451.418 451.418 451.418 451.418 451.418 451.418 451.418
470.517 451.028 451.418 451.418 451.418 451.418 451.418 451.418 451.418 451.418
470.517 451.028 451.418 451.418 451.418 451.418 451.418 451.418 451.418 451.418
470.517 451.028 451.418 451.418 451.418 451.418 451.418 451.418 451.418 451.418
470.517 451.028 451.418 451.418 451.418 451.418 451.418 451.418 451.418 451.418
470.517 451.028 451.418 451.418 451.418 451.418 451.418 451.418 451.418 451.418
470.517 451.028 451.418 451.418 451.418 451.418 451.418 451.418 451.418 451.418
470.517 451.028 451.418 451.418 451.418 451.418 451.418 451.418 451.418 451.418
470.517 451.028 451.418 451.418 451.418 451.418 451.418 451.418 451.418 451.418
470.517 451.028 451.418 451.418 451.418 451.418 451.418 451.418 451.418 451.418
470.517 451.028 451.418 451.418 451.418 451.418 451.418 451.418 451.418 451.418
470.517 451.028 451.418 451.418 451.418 451.418 451.418 451.418 451.418 451.418
470.517 451.028 451.418 451.418 451.418 451.418 451.418 451.418 451.418 451.418
470.517 451.028 451.418 451.418 451.418 451.418 451.418 451.418 451.418 451.418
470.517 451.028 451.418 451.418 451.418 451.418 451.418 451.418 451.418 451.418
470.517 451.028 451.418 451.418 451.418 451.418 451.418 451.418 451.418 451.418
470.517 451.028 451.418 451.418 451.418 451.418 451.418 451.418 451.418 451.418
470.517 451.028 451.418 451.418 451.418 451.418 451.418 451.418 451.418 451.418
470.517 451.028 451.418 451.418 451.418 451.418 451.418 451.418 451.418 451.418
470.517 451.028 451.418 451.418 451.418 451.418 451.418 451.418 451.418 451.418
470.517 451.028 451.418 451.418 451.418 451.418 451.418 451.418 451.418 451.418
470.517 451.028 451.418 451.418 451.418 451.418 451.418 451.418 451.418 451.418
470.517 451.028 451.418 451.418 451.418 451.418 451.418 451.418 451.418 451.418
470.517 451.028 451.418 451.418 451.418 451.418 451.418 451.418 451.418 451.418
470.517 451.028 451.418 451.418 451.418 451.418 451.418 451.418 451.418 451.418
470.517 451.028 451.418 451.418 451.418 451.418 451.418 451.418 451.418 451.418
470.517 451.028 451.418 451.418 451.418 451.418 451.418 451.418 451.418 451.418
470.517 451.028 451.418 451.418 451.418 451.418 451.418 451.418 451.418 451.418
470.517 451.028 451.418 451.418 451.418 451.418 451.418 451.418 451.418 451.418
470.517 451.028 451.418 451.418 451.418 451.418 451.418 451.418 451.418 451.418
470.517 451.028 451.418 451.418 451.418 451.418 451.418 451.418 451.418 451.418
470.517 451.028 451.418 451.418 451.418 451.418 451.418 451.418 451.418 451.418
470.517 451.028 451.418 451.418 451.418 451.418 451.418 451.418 451.418 451.418
470.517 451.028 451.418 451.418 451.418 451.418 451.418 451.418 451.418 451.418
470.517 451.028 451.418 451.418 451.418 451.418 451.418 451.418 451.418 451.418
470.517 451.028 451.418 451.418 451.418 451.418 451.418 451.418 451.418 451.418
470.517 451.028 451.418 451.418 451.418 451.418 451.418 451.418 451.418 451.418
470.517 451.028 451.418 451.418 451.418 451.418 451.418 451.418 451.418 451.418
470.517 451.028 451.418 451.418 451.418 451.418 451.418 451.418 451.418 451.418
470.517 451.028 451.418 451.418 451.418 451.418 451.418 451.418 451.418 451.418
470.517 451.028 451.418 451.418 451.418 451.418 451.418 451.418 451.418 451.418
470.517 451.028 451.418 451.418 451.418 451.418 451.418 451.418 451.418 451.418
470.517 451.028 451.418 451.418 451.418 451.418 451.418 451.418 451.418 451.418
470.517 451.028 451.418 451.418 451.418 451.418 451.418 451.418 451.418 451.418
470.517 451.028 451.418 451.418 451.418 451.418 451.418 451.418 451.418 451.418
470.517 451.028 451.418 451.418 451.418 451.418 451.418 451.418 451.418 451.418
470.517 451.028 451.418 451.418 451.418 451.418 451.418 451.418 451.418 451.418
470.517 451.028 451.418 451.418 451.418 451.418 451.418 451.418 451.418 451.418
470.517 451.028 451.418 451.418 451.418 451.418 451.418 451.418 451.418 451.418
470.517 451.028 451.418 451.418 451.418 451.418 451.418 451.418 451.418 451.418
470.517 451.028 451.418 451.418 451.418 451.418 451.418 451.418 451.418 451.418
470.517 451.028 451.418 451.418 451.418 451.418 451.418 451.418 451.418 451.418
470.517 451.028 451.418 451.418 451.418 451.418 451.418 451.418 451.418 451.418
470.517 451.028 451.418 451.418 451.418 451.418 451.418 451.418 451.418 451.418
470.517 451.028 451.418 451.418 451.418 451.418 451.418 451.418 451.418 451.418
470.517 451.028 451.418 451.418 451.418 451.418 451.418 451.418 451.418 451.418
470.517 451.028 451.418 451.418 451.418 451.418 451.418 451.418 451.418 451.418
470.517 451.028 451.418 451.418 451.418 451.418 451.418 451.418 451.418 451.418
470.517 451.028 451.418 451.418 451.418 451.418 451.418 451.418 451.418 451.418
470.517 451.028 451.418 451.418 451.418 451.418 451.418 451.418 451.418 451.418
470.517 451.028 451.418 451.418 451.418 451.418 451.418 451.418 451.418 451.418
470.517 451.028 451.418 451.418 451.418 451.418 451.418 451.418 451.418 451.418
470.517 451.028 451.418 451.418 451.418 451.418 451.418 451.418 451.418 451.418
470.517 451.028 451.418 451.418 451.418 451.418 451.418 451.418 451.418 451.418
470.517 451.028 451.418 451.418 451.418 451.418 451.418 451.418 451.418 451.418
470.517 451.028 451.418 451.418 451.418 451.418 451.418 451.418 451.418 451.418
470.517 451.028 451.418 451.418 451.418 451.418 451.418 451.418 451.418 451.418
470.517 451.028 451.418 451.418 451.418 451.418 451.418 451.418 451.418 451.418
470.517 451.028 451.418 451.418 451.418 451.418 451.418 451.418 451.418 451.418
470.517 451.028 451.418 451.418 451.418 451.418 451.418 451.418 451.418 451.418
470.517 451.028 451.418 451.418 451.418 451.418 451.418 451.418 451.418 451.418
470.517 451.028 451.418 451.418 451.418 451.418 451.418 451.418 451.418 451.418
470.517 451.028 451.418 451.418 451.418 451.418 451.418 451.418 451.418 451.418
470.517 451.028 451.418 451.418 451.418 451.418 451.418 451.418 451.418 451.418
470.517 451.028 451.418 451.418 451.418 451.418 451.418 451.418 451.418 451.418
470.517 451.028 451.418 451.418 451.418 451.418 451.418 451.418 451.418 451.418
470.517 451.028 451.418 451.418 451.418 451.418 451.418 451.418 451.418 451.418
470.517 451.028 451.418 451.418 451.418 451.418 451.418 451.418 451.418 451.418
470.517 451.028 451.418 451.418 451.418 451.418 451.418 451.418 451.418 451.418
470.517 451.028 451.418 451.418 451.418 451.418 451.418 451.418 451.418 451.418
470.517 451.028 451.418 451.418 451.418 451.418 451.418 451.418 451.418 451.418
470.517 451.028 451.418 451.418 451.418 451.418 451.418 451.418 451.418 451.418
470.517 451.028 451.418 451.418 451.418 451.418 451.418 451.418 451.418 451.418
470.517 451.028 451.418 451.418 451.418 451.418 451.418 451.418 451.418 451.418
470.517 451.028 451.418 451.418 451.418 451.418 451.418 451.418 451.418 451.418
470.517 451.028 451.418 451.418 451.418 451.418 451.418 451.418 451.418 451.418
470.517 451.028 451.418 451.418 451.418 451.418 451.418 451.418 451.418 451.418
470.517 451.028 451.418 451.418 451.418 451.418 451.418 451.418 451.418 451.418
470.517 451.028 451.418 451.418 451.418 451.418 451.418 451.418 451.418 451.418
470.517 451.028 451.418 451.418 451.418 451.418 451.418 451.418 451.418 451.418
470.517 451.028 451.418 451.418 451.418 451.418 451.418 451.418 451.418 451.418
470.517 451.028 451.418 451.418 451.418 451.418 451.418 451.418 451.418 451.418
470.517 451.028 451.418 451.418 451.418 451.418 451.418 451.418 451.418 451.418
470.517 451.028 451.418 451.418 451.418 451.418 451.418 451.418 451.418 451.418
470.517 451.028 451.418 451.418 451.418 451.418 451.418 451.418 451.418 451.418
470.517 451.028 451.418 451.418 451.418 451.418 451.418 451.418 451.418 451.418
470.517 451.028 451.418 451.418 451.418 451.418 451.418 451.418 451.418 451.418
470.517 451.028 451.418 451.418 451.418 451.418 451.418 451.418 451.418 451.418
470.517 451.028 451.418 451.418 451.418 451.418 451.418 451.418 451.418 451.418
470.517 451.028 451.418 451.418 451.418 451.418 451.418 451.418 451.418 451.418
470.517 451.028 451.418 451.418 451.418 451.418 451.418 451.418 451.418 451.418
470.517 451.028 451.418 451.418 451.418 451.418 451.418 451.418 451.418 451.418
470.517 451.028 451.418 451.418 451.418 451.418 451.418 451.418 451.418 451.418
470.517 451.028 451.418 451.418 451.418 451.418 451.418 451.418 451.418 451.418
470.517 451.028 451.418 451.418 451.418 451.418 451.418 451.418 451.418 451.418
470.517 451.028 451.418 451.418 451.418 451.418 451.418 451.418 451.418 451.418
470.517 451.028 451.418 451.418 451.418 451.418 451.418 451.418 451.418 451.418
470.517 451.028 451.418 451.418 451.418 451.418 451.418 451.418 451.418 451.418
470.517 451.028 451.418 451.418 451.418 451.418 451.418 451.418 451.418 451.418
470.517 451.028 451.418 451.418 451.418 451.418 451.418 451.418 451.418 451.418
470.517 451.028 451.418 451.418 451.418 451.418 451.418 451.418 451.418 451.418
470.517 451.028 451.418 451.418 451.418 451.418 451.418 451.418 451.418 451.418
470.517 451.028 451.418 451.418 451.418 451.418 451.418 451.418 451.418 451.418
470.517 451.028 451.418 451.418 451.418 451.418 451.418 451.418 451.418 451.418
470.517 451.028 451.418 451.418 451.418 451.418 451.418 451.418 451.418 451.418
