  -7.215e-07 -5.41894e-07 -3.82168e-07  -2.4376e-07 -1.28155e-07 -3.71719e-08  2.75949e-08  6.47552e-08  7.31811e-08   5.1859e-08
-2.13497e-07  -5.7218e-08  7.30579e-08  1.75363e-07  2.48129e-07  2.89858e-07  2.99347e-07  2.75562e-07  2.17842e-07  1.25895e-07
-5.79063e-08  8.71987e-08  2.05039e-07  2.93761e-07  3.51912e-07  3.78037e-07   3.7103e-07   3.2996e-07  2.54353e-07  1.44158e-07
3.76895e-07 4.83847e-07 5.61457e-07 6.08208e-07 6.22901e-07 6.04345e-07 5.51754e-07 4.64617e-07 3.43019e-07 1.87634e-07
1.19267e-06 1.21412e-06 1.20495e-06  1.1644e-06 1.09191e-06 9.87079e-07 8.49927e-07 6.80972e-07 4.81444e-07 2.53413e-07
2.23769e-06 2.14003e-06 2.01219e-06 1.85424e-06 1.66653e-06 1.44973e-06 1.20507e-06 9.34445e-07 6.40639e-07 3.27467e-07
3.03373e-06 2.85005e-06 2.63609e-06 2.39225e-06 2.11929e-06 1.81847e-06 1.49178e-06 1.14205e-06 7.73163e-07 3.90276e-07
3.84437e-06 3.57409e-06 3.27332e-06 2.94268e-06 2.58338e-06 2.19721e-06 1.78692e-06 1.35625e-06 9.10258e-07 4.55437e-07
 4.6901e-06 4.33016e-06 3.93939e-06 3.51865e-06 3.06953e-06 2.59442e-06 2.09683e-06 1.58147e-06  1.0546e-06 5.24149e-07
5.56454e-06 5.11291e-06 4.62992e-06 4.11665e-06 3.57508e-06 3.00817e-06  2.4202e-06 1.81692e-06 1.20581e-06 5.96281e-07
6.46259e-06 5.91815e-06 5.34157e-06 4.73412e-06 4.09812e-06 3.43713e-06 2.75621e-06 2.06214e-06 1.36368e-06 6.71803e-07
7.38572e-06 6.74738e-06 6.07585e-06 5.37249e-06 4.64002e-06 3.88252e-06 3.10589e-06 2.31796e-06  1.5288e-06 7.51014e-07
8.33644e-06 7.60307e-06 6.83507e-06 6.03394e-06  5.2027e-06 4.34604e-06 3.47065e-06 2.58545e-06 1.70191e-06 8.34285e-07
9.32488e-06 8.49421e-06 7.62713e-06 6.72522e-06 5.79184e-06 4.83224e-06 3.85399e-06 2.86712e-06 1.88456e-06 9.22345e-07
1.03596e-05 9.42852e-06 8.45882e-06 7.45219e-06 6.41235e-06 5.34513e-06   4.259e-06  3.1652e-06 2.07818e-06 1.01586e-06
1.14494e-05 1.04138e-05 9.33705e-06 8.22082e-06 7.06923e-06 5.88876e-06 4.68883e-06 3.48195e-06 2.28421e-06  1.1155e-06
1.26037e-05 1.14585e-05 1.02692e-05 9.03743e-06  7.7678e-06 6.46746e-06 5.14683e-06 3.81979e-06 2.50417e-06   1.222e-06
1.38339e-05 1.25728e-05 1.12641e-05 9.90963e-06  8.5144e-06 7.08632e-06  5.6369e-06  4.1815e-06 2.73981e-06 1.33616e-06
1.51517e-05  1.3767e-05 1.23307e-05 1.08451e-05 9.31547e-06 7.75054e-06 6.16305e-06 4.56995e-06 2.99294e-06 1.45882e-06
1.65681e-05 1.50509e-05 1.34779e-05 1.18513e-05 1.01772e-05 8.46514e-06 6.72915e-06 4.98791e-06 3.26532e-06 1.59082e-06
 1.8094e-05 1.64342e-05 1.47138e-05 1.29355e-05 1.11057e-05 9.23504e-06 7.33901e-06 5.43814e-06 3.55868e-06 1.73296e-06
1.97401e-05 1.79264e-05  1.6047e-05 1.41048e-05 1.21069e-05 1.00651e-05 7.99641e-06 5.92336e-06 3.87478e-06 1.88609e-06
2.15155e-05 1.95357e-05 1.74847e-05 1.53656e-05 1.31864e-05 1.09599e-05  8.7049e-06 6.44617e-06 4.21528e-06 2.05099e-06
2.34299e-05 2.12709e-05 1.90346e-05 1.67246e-05 1.43496e-05 1.19239e-05 9.46807e-06 7.00922e-06  4.5819e-06  2.2285e-06
 2.5492e-05 2.31397e-05 2.07037e-05 1.81879e-05  1.5602e-05 1.29617e-05 1.02895e-05 7.61512e-06 4.97636e-06 2.41946e-06
2.77102e-05 2.51498e-05 2.24988e-05 1.97614e-05 1.69486e-05 1.40773e-05 1.11724e-05 8.26625e-06 5.40011e-06 2.62443e-06
3.00925e-05 2.73085e-05 2.44263e-05  2.1451e-05 1.83942e-05 1.52748e-05 1.21198e-05 8.96465e-06 5.85427e-06 2.84386e-06
3.26463e-05 2.96224e-05 2.64923e-05 2.32616e-05 1.99431e-05 1.65576e-05 1.31343e-05 9.71203e-06 6.33989e-06 3.07835e-06
3.53784e-05 3.20977e-05 2.87023e-05 2.51982e-05 2.15996e-05 1.79289e-05 1.42184e-05 1.05102e-05  6.8583e-06 3.32859e-06
3.82956e-05 3.47408e-05 3.10619e-05 2.72657e-05 2.33676e-05 1.93922e-05 1.53746e-05 1.13613e-05 7.41097e-06 3.59532e-06
4.14047e-05 3.75576e-05 3.35765e-05 2.94688e-05 2.52512e-05 2.09507e-05  1.6606e-05 1.22676e-05 7.99953e-06 3.87937e-06
4.47128e-05 4.05548e-05 3.62521e-05 3.18126e-05 2.72548e-05 2.26085e-05 1.79159e-05 1.32319e-05  8.6257e-06  4.1816e-06
4.82269e-05 4.37389e-05 3.90944e-05 3.43024e-05 2.93834e-05   2.437e-05 1.93079e-05 1.42567e-05 9.29136e-06 4.50294e-06
5.19549e-05 4.71169e-05   4.211e-05 3.69444e-05 3.16427e-05   2.624e-05  2.0786e-05 1.53452e-05 9.99849e-06 4.84437e-06
5.58982e-05 5.06906e-05 4.53011e-05  3.9741e-05 3.40348e-05 2.82206e-05 2.23519e-05 1.64987e-05 1.07481e-05 5.20645e-06
5.99682e-05 5.43801e-05 4.85968e-05 4.26304e-05 3.65072e-05 3.02684e-05 2.39717e-05 1.76922e-05 1.15241e-05 5.58152e-06
6.42597e-05 5.82725e-05 5.20755e-05 4.56818e-05 3.91196e-05 3.24334e-05 2.56852e-05 1.89558e-05 1.23464e-05 5.97944e-06
6.87878e-05 6.23815e-05 5.57498e-05 4.89065e-05 4.18821e-05 3.47242e-05 2.74995e-05  2.0295e-05 1.32188e-05 6.40203e-06
7.35725e-05 6.67257e-05 5.96363e-05 5.23194e-05 4.48074e-05 3.71517e-05 2.94237e-05 2.17165e-05 1.41457e-05 6.85138e-06
7.86371e-05 7.13261e-05 6.37543e-05 5.59374e-05 4.79105e-05 3.97285e-05 3.14678e-05 2.32276e-05 1.51317e-05 7.32982e-06
8.39951e-05 7.61959e-05 6.81158e-05  5.9772e-05 5.12018e-05 4.24637e-05 3.36392e-05 2.48341e-05 1.61807e-05 7.83926e-06
8.97085e-05 8.13899e-05 7.27692e-05 6.38646e-05 5.47157e-05 4.53849e-05 3.59589e-05 2.65509e-05 1.73022e-05  8.3841e-06
9.58077e-05 8.69362e-05 7.77397e-05 6.82373e-05 5.84712e-05 4.85076e-05 3.84393e-05 2.83871e-05 1.85021e-05 8.96729e-06
0.000102336 9.28739e-05 8.30618e-05 7.29201e-05 6.24935e-05 5.18527e-05 4.10968e-05 3.03548e-05 1.97882e-05 9.59252e-06
0.000109347 9.92508e-05 8.87779e-05 7.79495e-05 6.68135e-05 5.54454e-05 4.39511e-05 3.24684e-05 2.11698e-05 1.02643e-05
0.000116991 0.000106203 9.50081e-05 8.34305e-05 7.15208e-05 5.93597e-05 4.70606e-05 3.47708e-05 2.26748e-05  1.0996e-05
0.000125236 0.000113699 0.000101725 8.93388e-05 7.65941e-05 6.35777e-05 5.04108e-05 3.72511e-05 2.42959e-05 1.17841e-05
0.000134109 0.000121766 0.000108953 9.56958e-05 8.20526e-05 6.81159e-05 5.40154e-05 3.99198e-05 2.60401e-05 1.26321e-05
0.000143654 0.000130444 0.000116728 0.000102534 8.79238e-05 7.29973e-05 5.78928e-05 4.27905e-05 2.79165e-05 1.35445e-05
0.000153959 0.000139811 0.000125118 0.000109912 9.42584e-05 7.82632e-05 6.20748e-05 4.58864e-05 2.99397e-05 1.45281e-05
0.000165105 0.000149939 0.000134189 0.000117886 0.000101103 8.39511e-05 6.65909e-05 4.92286e-05 3.21234e-05 1.55894e-05
0.000177218 0.000160941 0.000144037 0.000126539 0.000108526 9.01168e-05 7.14836e-05 5.28477e-05 3.44866e-05 1.67372e-05
0.000190039 0.000172594 0.000154475 0.000135718 0.000116406 9.66678e-05 7.66868e-05 5.67001e-05 3.70047e-05 1.79617e-05
0.000202884 0.000184305 0.000165001 0.000145007 0.000124411 0.000103349 8.20149e-05 6.06616e-05 3.96058e-05 1.92325e-05
0.000216674 0.000196882 0.000176307 0.000154987 0.000133013  0.00011053 8.77433e-05 6.49219e-05 4.24038e-05 2.05998e-05
0.000231773 0.000210643  0.00018867 0.000165892 0.000142406 0.000118365  9.3988e-05 6.95621e-05 4.54484e-05 2.20863e-05
0.000248126 0.000225547 0.000202059 0.000177701 0.000152575 0.000126846 0.000100747 7.45832e-05 4.87422e-05  2.3694e-05
0.000265601 0.000241483 0.000216383 0.000190342 0.000163468 0.000135936 0.000107994 7.99709e-05 5.22787e-05 2.54212e-05
0.000284015 0.000258298 0.000231517 0.000203716 0.000175008 0.000145579 0.000115694 8.57031e-05 5.60469e-05 2.72645e-05
0.000303322 0.000275956 0.000247436 0.000217807 0.000187188 0.000155775  0.00012385 9.17849e-05 6.00523e-05 2.92276e-05
0.000323829  0.00029473 0.000264379  0.00023282 0.000200177 0.000166658 0.000132563 9.82899e-05 6.43407e-05 3.13317e-05
0.000345761 0.000314822 0.000282522 0.000248906 0.000214104 0.000178335 0.000141918 0.000105277 6.89497e-05 3.35944e-05
0.000369331 0.000336424 0.000302037 0.000266214 0.000229093 0.000190905 0.000151991 0.000112803 7.39158e-05 3.60331e-05
0.000394713 0.000359693 0.000323062 0.000284866 0.000245248 0.000204457 0.000162853  0.00012092 7.92717e-05 3.86634e-05
0.000422096 0.000384799  0.00034575 0.000304995 0.000262684 0.000219083 0.000174576  0.00012968 8.50526e-05 4.15025e-05
 0.00045185 0.000412071 0.000370388 0.000326845 0.000281605 0.000234948 0.000187286 0.000139174 9.13148e-05 4.45765e-05
0.000484457 0.000441935 0.000397343 0.000350731 0.000302269 0.000252258 0.000201142 0.000149513 9.81278e-05 4.79176e-05
0.000520154 0.000474603 0.000426807 0.000376816 0.000324817 0.000271131 0.000216234 0.000160764 0.000105535 5.15462e-05
0.000560663   0.0005116 0.000460101 0.000406225 0.000350175 0.000292301 0.000233118 0.000173317 0.000113774 5.55701e-05
0.000602716 0.000550113 0.000494855 0.000437006 0.000376787 0.000314577 0.000250933 0.000186597 0.000122516 5.98511e-05
0.000646817 0.000590558 0.000531404 0.000469425 0.000404859 0.000338113 0.000269784 0.000200673 0.000131796  6.4404e-05
0.000693657 0.000633546 0.000570281 0.000503936 0.000434766 0.000363207   0.0002899 0.000215706 0.000141716 6.92756e-05
0.000743941 0.000679707 0.000612037 0.000541013 0.000466904 0.000390179 0.000311528 0.000231872 0.000152387  7.4517e-05
0.000798114  0.00072944 0.000657029 0.000580964 0.000501535 0.000419245 0.000334834 0.000249294 0.000163886 8.01659e-05
0.000856668 0.000783186  0.00070564 0.000624121 0.000538938 0.000450631 0.000359996 0.000268098 0.000176296 8.62606e-05
0.000919822 0.000841154  0.00075807 0.000670668 0.000579278 0.000484482 0.000387135 0.000288381 0.000189682 9.28343e-05
0.000987106  0.00090295    0.000814 0.000720354 0.000622368 0.000520665 0.000416162  0.00031009 0.000204018 9.98802e-05
 0.00105864 0.000968702 0.000873557 0.000773306 0.000668329  0.00055929 0.000447175 0.000333303 0.000219362 0.000107428
 0.00113494  0.00103889 0.000937178  0.00082991 0.000717491 0.000600633 0.000480391 0.000358182 0.000235817 0.000115527
 0.00121666  0.00111409  0.00100537 0.000890612 0.000770237 0.000645009  0.00051606 0.000384909 0.000253502 0.000124237
 0.00130437  0.00119484  0.00107862 0.000955836 0.000826929 0.000692719 0.000554419  0.00041366 0.000272532 0.000133611
 0.00139862  0.00128163  0.00115738  0.00102598 0.000887911 0.000744051   0.0005957 0.000444608  0.00029302 0.000143705
 0.00149997  0.00137499  0.00124211  0.00110145 0.000953539 0.000799303 0.000640139 0.000477928 0.000315082 0.000154577
 0.00160904  0.00147547  0.00133331  0.00118271   0.0010242 0.000858802 0.000687999 0.000513817 0.000338846 0.000166288
  0.0017265  0.00158368  0.00143155  0.00127024  0.00110033 0.000922902 0.000739564 0.000552486 0.000364454  0.00017891
 0.00185297  0.00170021  0.00153734   0.0013645  0.00118231 0.000991939 0.000795103 0.000594139 0.000392042 0.000192511
 0.00198932  0.00182585  0.00165141  0.00146614  0.00127072  0.00106639 0.000855001 0.000639068 0.000421808 0.000207191
  0.0021364  0.00196137  0.00177444  0.00157577  0.00136608  0.00114669 0.000919616 0.000687539 0.000453919  0.00022302
 0.00229499  0.00210748  0.00190708  0.00169394  0.00146885  0.00123323 0.000989222 0.000739725 0.000488446 0.000239986
 0.00246556  0.00226459  0.00204965  0.00182091  0.00157921  0.00132607  0.00106381 0.000795512 0.000525193 0.000257906
 0.00263704  0.00242177  0.00219136    0.001946  0.00168659  0.00141477  0.00113301 0.000844657 0.000554128 0.000267127
 0.00278708   0.0025573  0.00231114   0.0020488  0.00177122  0.00148018  0.00117834  0.00086941 0.000558405 0.000260976
 0.00288746  0.00264431  0.00238344  0.00210504  0.00181015  0.00150066  0.00117955 0.000851082 0.000530163 0.000238923
 0.00290382  0.00265055   0.0023781  0.00208668   0.0017774  0.00145241  0.00111518  0.00077981 0.000467618 0.000200444
 0.00279757  0.00254018  0.00226203  0.00196336  0.00164546  0.00131092 0.000972975 0.000652069 0.000369176 0.000145141
 0.00253738   0.0022851  0.00201038  0.00171356  0.00139632  0.00107092 0.000756892 0.000474258 0.000242932 8.20097e-05
 0.00209925  0.00186478  0.00160615  0.00132401  0.00102963 0.000741514 0.000478678 0.000260018 0.000103622 1.69867e-05
  0.00146364   0.00126311   0.00103685  0.000795021  0.000555057  0.000334871  0.000152271  2.42532e-05 -4.27739e-05 -5.00103e-05
 0.000620077  0.000472711   0.00030736  0.000140257 -1.18218e-05 -0.000132255 -0.000205203 -0.000225434 -0.000195301 -0.000118512
-0.000447032 -0.000508862 -0.000575131  -0.00063028 -0.000658938 -0.000646511 -0.000589023 -0.000490074 -0.000354617 -0.000188818
 -0.00156288  -0.00152327  -0.00147446  -0.00140204  -0.00129251  -0.00114287 -0.000957757 -0.000743137 -0.000506218 -0.000255354
 -0.00249511  -0.00236454   -0.0022112  -0.00202202  -0.00179453  -0.00153384   -0.0012464 -0.000939891 -0.000623179 -0.000306211
 -0.00319449  -0.00298869  -0.00274675   -0.0024661  -0.00215182  -0.00181026  -0.00144907  -0.00107701 -0.000704007 -0.000341003
 -0.00362103   -0.0033606  -0.00305999  -0.00272359  -0.00235722  -0.00196784  -0.00156363  -0.00115386   -0.0007489 -0.000360136
 -0.00372858  -0.00344923   -0.0031314   -0.0027797  -0.00239997  -0.00199918  -0.00158543  -0.00116787 -0.000756764 -0.000363372
 -0.00365199  -0.00337632  -0.00306386  -0.00271902  -0.00234731  -0.00195539  -0.00155099  -0.00114291 -0.000740975 -0.000356045
 -0.00359208  -0.00331878  -0.00301028  -0.00267072  -0.00230536  -0.00192054  -0.00152368  -0.00112321 -0.000728609 -0.000350369
 -0.00353814  -0.00326735  -0.00296275  -0.00262824  -0.00226882  -0.00189052  -0.00150045  -0.00110672 -0.000718459 -0.000345828
 -0.00348457  -0.00321721  -0.00291722  -0.00258827  -0.00223505  -0.00186333  -0.00147987  -0.00109248 -0.000709974  -0.00034219
  -0.0034337  -0.00317045  -0.00287554  -0.00255238  -0.00220538     -0.00184  -0.00146273  -0.00108106 -0.000703505  -0.00033962
 -0.00338715  -0.00312857  -0.00283906  -0.00252176  -0.00218082   -0.0018214  -0.00144971  -0.00107295  -0.00069937 -0.000338268
 -0.00334897  -0.00309512  -0.00281085  -0.00249901  -0.00216349   -0.0018092  -0.00144205  -0.00106902 -0.000698099 -0.000338371
 -0.00332746  -0.00307731  -0.00279702  -0.00248919  -0.00215749  -0.00180656   -0.0014421  -0.00107085 -0.000700627 -0.000340332
 -0.00333043   -0.0030819  -0.00280332   -0.0024971  -0.00216667  -0.00181649  -0.00145206  -0.00107995 -0.000707847 -0.000344541
 -0.00337591  -0.00312443  -0.00284292   -0.0025336  -0.00219976  -0.00184571  -0.00147684  -0.00109963 -0.000721698 -0.000351824
 -0.00345965  -0.00320125   -0.0029127  -0.00259613  -0.00225471  -0.00189265  -0.00151531  -0.00112913 -0.000741744 -0.000361999
 -0.00357257   -0.0033044  -0.00300587  -0.00267899  -0.00232688  -0.00195371   -0.0015648  -0.00116663 -0.000766913 -0.000374605
  -0.0037172  -0.00343602  -0.00312418  -0.00278364  -0.00241744  -0.00202976  -0.00162595  -0.00121257 -0.000797452 -0.000389746
 -0.00388955  -0.00359265  -0.00326471  -0.00290763  -0.00252443   -0.0021193  -0.00169767  -0.00126622 -0.000832943 -0.000407249
 -0.00408339  -0.00376893  -0.00342292  -0.00304722  -0.00264486  -0.00222005  -0.00177832  -0.00132648 -0.000872762 -0.000426858
 -0.00428985   -0.0039572  -0.00359237  -0.00319715  -0.00277454  -0.00232882  -0.00186559  -0.00139184 -0.000916052 -0.000448225
  -0.0045136  -0.00416164   -0.0037767   -0.0033605  -0.00291605  -0.00244766  -0.00196107  -0.00146344 -0.000963521 -0.000471677
 -0.00476025  -0.00438717  -0.00398016  -0.00354089  -0.00307236  -0.00257895  -0.00206654  -0.00154251  -0.00101593 -0.000497546
  -0.0050359  -0.00463911  -0.00420732  -0.00374213  -0.00324657  -0.00272512  -0.00218381  -0.00163029  -0.00107397 -0.000526094
 -0.00534436  -0.00492081  -0.00446103  -0.00396662  -0.00344062  -0.00288763  -0.00231389  -0.00172736  -0.00113787 -0.000557325
 -0.00567711  -0.00522379   -0.0047328  -0.00420573   -0.0036457  -0.00305746  -0.00244751  -0.00182418  -0.00119791 -0.000581502
 -0.00599712  -0.00551334  -0.00499026  -0.00442943  -0.00383405  -0.00320903  -0.00256116  -0.00189931  -0.00123473 -0.000590895
 -0.00627602  -0.00576232  -0.00520746  -0.00461297  -0.00398212  -0.00332004  -0.00263393  -0.00193337  -0.00124022 -0.000584993
 -0.00648113  -0.00593987  -0.00535536  -0.00472912  -0.00406452  -0.00336699  -0.00264439  -0.00191676  -0.00121291 -0.000563383
 -0.00657395  -0.00601014  -0.00540075  -0.00474729  -0.00405336  -0.00332491  -0.00258015  -0.00184599  -0.00115114 -0.000525546
 -0.00651013  -0.00593229  -0.00530632   -0.0046338  -0.00391874  -0.00317734  -0.00243456  -0.00171707  -0.00105289 -0.000470809
 -0.00624122   -0.0056622  -0.00503232  -0.00435345   -0.0036397  -0.00291389  -0.00220062  -0.00152576 -0.000916002 -0.000398417
-0.00571833 -0.00515584 -0.00453974 -0.00388191 -0.00320291  -0.0025251 -0.00187209 -0.00126833 -0.00073865  -0.0003078
 -0.00489612  -0.00437308  -0.00380336  -0.00320512  -0.00259835  -0.00200426  -0.00144493 -0.000942772 -0.000520182 -0.000198994
  -0.0037191  -0.00327512  -0.00279727  -0.00230301  -0.00181104  -0.00134088   -0.0009124 -0.000545455 -0.000259349 -2.23605e-05
 -0.00234737  -0.00200777  -0.00164709  -0.00128166 -0.000928599 -0.000605434 -0.000329617 -0.000118098  1.32472e-05   2.8828e-15
 -0.00099629 -0.000762846 -0.000520931 -0.000285786 -7.30033e-05  0.000101841  0.000223716  0.000146837   1.8226e-15  3.94316e-15
0.000311274 0.000437547 0.000559823 0.000663921 0.000735738 0.000761649 0.000365059 1.94026e-14 1.26916e-25 3.94316e-15
 0.00154061  0.00156103  0.00156508   0.0015396  0.00147196  0.00066339 1.89716e-14 9.17763e-15 3.30234e-36 3.94316e-15
 0.00298271  0.00286803  0.00272712  0.00254783  0.00231907 5.32289e-15 9.47273e-15 9.17763e-15 1.30157e-47 3.94316e-15
  0.0040687  0.00384897  0.00359088  0.00328336 4.33681e-19 2.70836e-15 9.47273e-15 9.17763e-15 2.43087e-63 3.94316e-15
 0.00497269  0.00465803  0.00429287 8.67362e-19 4.81482e-35 2.70836e-15 9.47273e-15 9.17763e-15  2.6988e-79 3.94316e-15
 0.00563846   0.0052448 8.67362e-19 9.62965e-35 5.34553e-51 2.70836e-15 9.47273e-15 9.17763e-15 2.99627e-95 3.94316e-15
  0.00602303  8.67362e-19  9.62965e-35  1.06911e-50  5.93473e-67  2.70836e-15  9.47273e-15  9.17763e-15 3.32653e-111  3.94316e-15
 8.67362e-19  9.62965e-35  1.06911e-50  1.18695e-66  6.58887e-83  2.70836e-15  9.47273e-15  9.17763e-15 3.69319e-127  3.94316e-15
 9.62965e-35  1.06911e-50  1.18695e-66  1.31777e-82  7.31512e-99  2.70836e-15  9.47273e-15  9.17763e-15 4.10027e-143  3.94316e-15
 1.06911e-50  1.18695e-66  1.31777e-82  1.46302e-98 8.12141e-115  2.70836e-15  9.47273e-15  9.17763e-15 4.55221e-159  3.94316e-15
 1.18695e-66  1.31777e-82  1.46302e-98 1.62428e-114 9.01658e-131  2.70836e-15  9.47273e-15  9.17763e-15 5.05397e-175  3.94316e-15
 1.31777e-82  1.46302e-98 1.62428e-114 1.80332e-130 1.00104e-146  2.70836e-15  9.47273e-15  9.17763e-15 5.61103e-191  3.94316e-15
 1.46302e-98 1.62428e-114 1.80332e-130 2.00208e-146 1.11138e-162  2.70836e-15  9.47273e-15  9.17763e-15  6.2295e-207  3.94316e-15
1.62428e-114 1.80332e-130 2.00208e-146 2.22276e-162 1.23388e-178  2.70836e-15  9.47273e-15  9.17763e-15 6.91613e-223  3.94316e-15
1.80332e-130 2.00208e-146 2.22276e-162 2.46776e-178 1.36988e-194  2.70836e-15  9.47273e-15  9.17763e-15 7.67845e-239  3.94316e-15
2.00208e-146 2.22276e-162 2.46776e-178 2.73976e-194 1.52087e-210  2.70836e-15  9.47273e-15  9.17763e-15 8.52479e-255  3.94316e-15
2.22276e-162 2.46776e-178 2.73976e-194 3.04175e-210 1.68851e-226  2.70836e-15  9.47273e-15  9.17763e-15 9.46442e-271  3.94316e-15
2.46776e-178 2.73976e-194 3.04175e-210 3.37702e-226 1.87462e-242  2.70836e-15  9.47273e-15  9.17763e-15 1.05076e-286  3.94316e-15
2.73976e-194 3.04175e-210 3.37702e-226 3.74924e-242 2.08125e-258  2.70836e-15  9.47273e-15  9.17763e-15 1.16658e-302  3.94316e-15
3.04175e-210 3.37702e-226 3.74924e-242 4.16249e-258 2.31065e-274  2.70836e-15  9.47273e-15  9.17763e-15 1.29516e-318  3.94316e-15
3.37702e-226 3.74924e-242 4.16249e-258  4.6213e-274 2.56534e-290  2.70836e-15  9.47273e-15  9.17763e-15            0  3.94316e-15
3.74924e-242 4.16249e-258  4.6213e-274 5.13067e-290 2.84809e-306  2.70836e-15  9.47273e-15  9.17763e-15            0  3.94316e-15
4.16249e-258  4.6213e-274 5.13067e-290 5.69619e-306 3.16202e-322  2.70836e-15  9.47273e-15  9.17763e-15            0  3.94316e-15
 4.6213e-274 5.13067e-290 5.69619e-306 6.32404e-322            0  2.70836e-15  9.47273e-15  9.17763e-15            0  3.94316e-15
5.13067e-290 5.69619e-306 6.32404e-322            0            0  2.70836e-15  9.47273e-15  9.17763e-15            0  3.94316e-15
5.69619e-306 6.32404e-322            0            0            0  2.70836e-15  9.47273e-15  9.17763e-15            0  3.94316e-15
6.32404e-322            0            0            0            0  2.70836e-15  9.47273e-15  9.17763e-15            0  3.94316e-15
          0           0           0           0           0 2.70836e-15 9.47273e-15 9.17763e-15           0 3.94316e-15
          0           0           0           0           0 2.70836e-15 9.47273e-15 9.17763e-15           0 0.000676583
          0           0           0           0           0 2.70836e-15 9.47273e-15 9.17763e-15  0.00143145 0.000682049
          0           0           0           0           0 2.70836e-15 9.47273e-15  0.00223397  0.00142817 0.000671377
          0           0           0           0           0 2.70836e-15  0.00304756  0.00220298  0.00139042 0.000644166
         0          0          0          0          0 0.00382336 0.00296041 0.00211383  0.0013157 0.00059958
         0          0          0          0 0.00449948 0.00364155 0.00278589 0.00196223 0.00120183 0.00053686
          0           0           0  0.00499692  0.00417111  0.00333518  0.00251642  0.00174359  0.00104644 0.000455173
          0           0  0.00521861  0.00445607  0.00367293  0.00289389  0.00214513  0.00145379   0.0008475 0.000353869
          0  0.00505146  0.00438729  0.00369415  0.00299405   0.0023104  0.00166763  0.00109062 0.000604282 0.000232979
 0.00436353   0.0038383  0.00327807  0.00270198  0.00213058  0.00158543  0.00108851 0.000661834 0.000326907 0.000104147
  0.00286986   0.00246106   0.00203113   0.00159796   0.00118038  0.000797713  0.000469277  0.000213895  4.92761e-05 -2.08301e-05
  0.00142621   0.00113383  0.000834014  0.000543454  0.000279295   5.8725e-05 -0.000101606 -0.000186127 -0.000193266 -0.000128766
 6.21519e-05 -0.000115278 -0.000286595 -0.000436253 -0.000548732 -0.000608975 -0.000603057 -0.000531018 -0.000400248  -0.00021976
 -0.00119407  -0.00125938  -0.00130516  -0.00131695  -0.00128086  -0.00118405  -0.00102769 -0.000820256 -0.000571905 -0.000294204
 -0.00305748  -0.00296003  -0.00283254  -0.00266167  -0.00243523  -0.00214277  -0.00178681  -0.00137934 -0.000934557 -0.000468718
 -0.00431846   -0.0040953  -0.00382938  -0.00350867  -0.00312295  -0.00267488  -0.00217666  -0.00164265  -0.00108932 -0.000535041
-0.00536768 -0.00503218 -0.00464101 -0.00418355 -0.00366217 -0.00308866 -0.00247707 -0.00184347 -0.00120591 -0.00058422
 -0.00615399  -0.00572404  -0.00522561  -0.00466012  -0.00403845   -0.0033737  -0.00268103  -0.00197753  -0.00128213 -0.000615507
 -0.00663758  -0.00613558  -0.00556305  -0.00492932  -0.00424604  -0.00352683  -0.00278729  -0.00204482  -0.00131861 -0.000629502
 -0.00677296  -0.00623746  -0.00563605  -0.00497829  -0.00427575  -0.00354193  -0.00279213  -0.00204343  -0.00131463 -0.000626142
 -0.00665315  -0.00611574  -0.00551702  -0.00486611  -0.00417407  -0.00345381  -0.00271996  -0.00198886  -0.00127852 -0.000608515
 -0.00650925  -0.00597442  -0.00538251  -0.00474219  -0.00406395  -0.00336004   -0.0026444  -0.00193262  -0.00124187 -0.000590906
 -0.00638003  -0.00584728  -0.00526143  -0.00463068  -0.00396495  -0.00327588  -0.00257674  -0.00188239  -0.00120926 -0.000575306
  -0.0062521  -0.00572284  -0.00514411  -0.00452361  -0.00387072  -0.00319647  -0.00251345  -0.00183584  -0.00117933 -0.000561147
 -0.00612827  -0.00560365  -0.00503281  -0.00442297  -0.00378294  -0.00312315  -0.00245557   -0.0017937  -0.00115256 -0.000548651
 -0.00601099  -0.00549193  -0.00492953  -0.00433048  -0.00370307  -0.00305713  -0.00240404  -0.00175666  -0.00112936 -0.000538012
 -0.00590451  -0.00539145  -0.00483749  -0.00424887  -0.00363333  -0.00300017  -0.00236017  -0.00172562  -0.00111029 -0.000529484
 -0.00581753  -0.00530973  -0.00476313  -0.00418348  -0.00357805  -0.00295562  -0.00232644  -0.00170227  -0.00109636 -0.000523499
 -0.00576031  -0.00525562   -0.0047139  -0.00414048  -0.00354218  -0.00292729  -0.00230563  -0.00168848  -0.00108866 -0.000520528
 -0.00574404  -0.00523875  -0.00469794  -0.00412656  -0.00353104  -0.00291929  -0.00230073  -0.00168627  -0.00108837 -0.000521068
 -0.00577572  -0.00526511  -0.00472029  -0.00414587  -0.00354797  -0.00293418   -0.0023136  -0.00169688  -0.00109622 -0.000525435
  -0.0058573  -0.00533638  -0.00478235  -0.00419957  -0.00359389  -0.00297267  -0.00234479  -0.00172069  -0.00111243 -0.000533724
 -0.00598657  -0.00545059  -0.00488243  -0.00428622  -0.00366764  -0.00303386  -0.00239361  -0.00175724  -0.00113674 -0.000545825
 -0.00615968  -0.00560441  -0.00501768  -0.00440348  -0.00376733  -0.00311628  -0.00245901  -0.00180582  -0.00116874 -0.000561572
 -0.00637189  -0.00579365  -0.00518452  -0.00454834  -0.00389052  -0.00321806  -0.00253961  -0.00186551  -0.00120789 -0.000580736
 -0.00661635  -0.00601244  -0.00537799  -0.00471674  -0.00403401  -0.00333676  -0.00263367  -0.00193516  -0.00125355 -0.000603065
 -0.00688997  -0.00625803  -0.00559573  -0.00490668  -0.00419616  -0.00347111  -0.00274025  -0.00201417  -0.00130537 -0.000628413
-0.00718936 -0.00652761 -0.00583544 -0.00511638 -0.00437563 -0.00362014 -0.00285874 -0.00210217 -0.00136318 -0.00065672
 -0.00750665  -0.00681448  -0.00609158  -0.00534134   -0.0045689  -0.00378124  -0.00298728  -0.00219792  -0.00142626 -0.000687647
-0.00784049 -0.00711747 -0.00636313 -0.00558069 -0.00477526  -0.0039538 -0.00312533 -0.00230098 -0.00149419  -0.0007209
 -0.00817739  -0.00742333  -0.00663705  -0.00582162  -0.00498204   -0.0041253  -0.00326051  -0.00239907   -0.0015549 -0.000744804
 -0.00849584   -0.0077107  -0.00689213  -0.00604302  -0.00516828   -0.0042749  -0.00337217  -0.00247186  -0.00158863 -0.000751536
 -0.00879238  -0.00797369  -0.00712013  -0.00623442  -0.00532143  -0.00438824  -0.00344445  -0.00250252  -0.00158928 -0.000741917
 -0.00901516  -0.00816433  -0.00727689  -0.00635542  -0.00540479  -0.00443231  -0.00344815  -0.00247684  -0.00155326 -0.000714637
  -0.0091217  -0.00824297  -0.00732556  -0.00637196  -0.00538716  -0.00437893  -0.00336944  -0.00239114  -0.00147886 -0.000669187
  -0.0090562  -0.00815849  -0.00721966  -0.00624222  -0.00523151  -0.00420718  -0.00319919  -0.00223983  -0.00136317 -0.000604542
 -0.00876634  -0.00786274  -0.00691537  -0.00592696  -0.00491458  -0.00390557  -0.00292961  -0.00201809   -0.0012037 -0.000519811
 -0.00819418  -0.00730332    -0.006366  -0.00539655  -0.00441961  -0.00346206  -0.00255257  -0.00172101 -0.000997945  -0.00041415
 -0.00728589  -0.00643233  -0.00554093  -0.00463341  -0.00373384  -0.00286795   -0.0020627  -0.00134571 -0.000744832 -0.000287464
  -0.0059802  -0.00520764   -0.0044129  -0.00361703  -0.00284275  -0.00211396  -0.00145518 -0.000891141 -0.000446148 -5.67038e-05
 -0.00446323  -0.00379891  -0.00312825  -0.00247117  -0.00184872   -0.0012826 -0.000794661 -0.000406314 -5.06575e-05 -7.85576e-15
 -0.00298607  -0.00243011  -0.00188361  -0.00136541 -0.000894931 -0.000491761 -0.000175018  3.72481e-05 -2.12387e-14 -4.75098e-15
 -0.00158245  -0.00113311 -0.000709065 -0.000328117 -8.13163e-06  0.000233438  0.000380272  8.36566e-16  2.46219e-15 -4.75098e-15
-0.000282495  6.32294e-05   0.00036776  0.000614309  0.000786583  0.000828147  1.54133e-16  3.39059e-28  2.46219e-15 -4.75098e-15
  0.00132929   0.00154304   0.00170197   0.00178992   0.00179186 -3.05832e-15  5.70913e-28  1.25588e-39  2.46219e-15 -4.75098e-15
  0.00258575   0.00267925   0.00270343   0.00264329   2.1684e-19 -6.12545e-15  8.96831e-44  1.63133e-55  2.46219e-15 -4.75098e-15
  0.00367823    0.0036537   0.00354629  4.33681e-19  2.40741e-35 -6.12545e-15  9.95682e-60  1.81114e-71  2.46219e-15 -4.75098e-15
  0.00456929   0.00443298  4.33681e-19  4.81482e-35  2.67276e-51 -6.12545e-15  1.10543e-75  2.01076e-87  2.46219e-15 -4.75098e-15
  0.00520104            0  4.81482e-35  5.34553e-51  2.96736e-67 -6.12545e-15  1.22727e-91  2.2324e-103  2.46219e-15 -4.75098e-15
 8.67362e-19            0  5.34553e-51  5.93473e-67  3.29444e-83 -6.12545e-15 1.36255e-107 2.47846e-119  2.46219e-15 -4.75098e-15
 9.62965e-35            0  5.93473e-67  6.58887e-83  3.65756e-99 -6.12545e-15 1.51273e-123 2.75164e-135  2.46219e-15 -4.75098e-15
 1.06911e-50            0  6.58887e-83  7.31512e-99 4.06071e-115 -6.12545e-15 1.67947e-139 3.05494e-151  2.46219e-15 -4.75098e-15
 1.18695e-66            0  7.31512e-99 8.12141e-115 4.50829e-131 -6.12545e-15 1.86459e-155 3.39166e-167  2.46219e-15 -4.75098e-15
 1.31777e-82            0 8.12141e-115 9.01658e-131 5.00521e-147 -6.12545e-15 2.07011e-171  3.7655e-183  2.46219e-15 -4.75098e-15
 1.46302e-98            0 9.01658e-131 1.00104e-146  5.5569e-163 -6.12545e-15 2.29828e-187 4.18054e-199  2.46219e-15 -4.75098e-15
1.62428e-114            0 1.00104e-146 1.11138e-162 6.16939e-179 -6.12545e-15  2.5516e-203 4.64134e-215  2.46219e-15 -4.75098e-15
1.80332e-130            0 1.11138e-162 1.23388e-178  6.8494e-195 -6.12545e-15 2.83285e-219 5.15292e-231  2.46219e-15 -4.75098e-15
2.00208e-146            0 1.23388e-178 1.36988e-194 7.60437e-211 -6.12545e-15 3.14509e-235 5.72089e-247  2.46219e-15 -4.75098e-15
2.22276e-162            0 1.36988e-194 1.52087e-210 8.44254e-227 -6.12545e-15 3.49175e-251 6.35146e-263  2.46219e-15 -4.75098e-15
2.46776e-178            0 1.52087e-210 1.68851e-226 9.37311e-243 -6.12545e-15 3.87663e-267 7.05154e-279  2.46219e-15 -4.75098e-15
2.73976e-194            0 1.68851e-226 1.87462e-242 1.04062e-258 -6.12545e-15 4.30392e-283 7.82878e-295  2.46219e-15 -4.75098e-15
3.04175e-210            0 1.87462e-242 2.08125e-258 1.15532e-274 -6.12545e-15 4.77831e-299 8.69169e-311  2.46219e-15 -4.75098e-15
3.37702e-226            0 2.08125e-258 2.31065e-274 1.28267e-290 -6.12545e-15 5.30499e-315            0  2.46219e-15 -4.75098e-15
3.74924e-242            0 2.31065e-274 2.56534e-290 1.42405e-306 -6.12545e-15            0            0  2.46219e-15 -4.75098e-15
4.16249e-258            0 2.56534e-290 2.84809e-306 1.58101e-322 -6.12545e-15            0            0  2.46219e-15 -4.75098e-15
 4.6213e-274            0 2.84809e-306 3.16202e-322            0 -6.12545e-15            0            0  2.46219e-15 -4.75098e-15
5.13067e-290            0 3.16202e-322            0            0 -6.12545e-15            0            0  2.46219e-15 -4.75098e-15
5.69619e-306            0            0            0            0 -6.12545e-15            0            0  2.46219e-15 -4.75098e-15
6.32404e-322            0            0            0            0 -6.12545e-15            0            0  2.46219e-15 -4.75098e-15
           0            0            0            0            0 -6.12545e-15            0            0  2.46219e-15 -4.75098e-15
           0            0            0            0            0 -6.12545e-15            0            0  2.46219e-15  0.000745666
           0            0            0            0            0 -6.12545e-15            0            0   0.00158199  0.000752715
           0            0            0            0            0 -6.12545e-15            0   0.00247827   0.00158211  0.000742843
           0            0            0            0            0 -6.12545e-15   0.00339728   0.00245226   0.00154595  0.000715535
         0          0          0          0          0  0.0042958 0.00332094  0.0023683 0.00147268 0.00067064
          0           0           0           0  0.00511702  0.00413365  0.00315788  0.00222199  0.00136006 0.000607382
          0           0           0  0.00581616  0.00484321  0.00386557  0.00291305  0.00201716  0.00121067 0.000527057
         0          0 0.00632169 0.00538069   0.004425 0.00348183 0.00258018 0.00175023 0.00102289 0.00042924
          0  0.00651863   0.0056382  0.00473512  0.00383407  0.00296137  0.00214457  0.00141188   0.0007917 0.000312067
 0.00624436  0.00546231  0.00465195  0.00383522  0.00303566  0.00227801  0.00158761 0.000990033  0.00051043 0.000172958
 0.00488214  0.00418455  0.00347563  0.00277631  0.00210864  0.00149532 0.000959197 0.000522716 0.000207275 3.24967e-05
  0.00348712   0.00288223   0.00228285   0.00170886   0.00118076  0.000719186  0.000344342  7.53923e-05 -7.03246e-05 -9.34658e-05
  0.00209678   0.00159069   0.00110683  0.000664015   0.00028113  -2.3321e-05 -0.000231941 -0.000329132 -0.000317343  -0.00020432
 0.000778545  0.000371175  2.76234e-06 -0.000308943 -0.000546668 -0.000694177 -0.000737101 -0.000679084 -0.000529115  -0.00029836
-0.000498255 -0.000795181   -0.0010396  -0.00121492  -0.00130564  -0.00129802  -0.00119166 -0.000995907 -0.000722471 -0.000385208
 -0.00161136  -0.00180935  -0.00193948  -0.00198629  -0.00193615  -0.00178868  -0.00155332  -0.00124183  -0.00086816 -0.000448259
 -0.00256532  -0.00266676  -0.00268595  -0.00260874   -0.0024343  -0.00217152  -0.00183168  -0.00142819 -0.000976538 -0.000494078
 -0.00333914  -0.00334801  -0.00326133  -0.00307722  -0.00280362  -0.00245074  -0.00203098  -0.00155878  -0.00105048 -0.000524254
 -0.00387504   -0.0038037  -0.00363502  -0.00337535  -0.00303348  -0.00262024  -0.00214852  -0.00163313  -0.00109071 -0.000539638
 -0.00416509  -0.00403908  -0.00382093  -0.00351751  -0.00313779  -0.00269272  -0.00219516   -0.0016598   -0.0011031 -0.000543229
 -0.00415731  -0.00401655  -0.00378795   -0.0034782  -0.00309603  -0.00265202  -0.00215861  -0.00162999  -0.00108205 -0.000532331
 -0.00414313  -0.00399364  -0.00375916  -0.00344632  -0.00306363  -0.00262145  -0.00213186  -0.00160867  -0.00106733 -0.000524891
 -0.00409068  -0.00394263  -0.00371095  -0.00340218  -0.00302471  -0.00258864  -0.00210581  -0.00158966  -0.00105529 -0.000519327
 -0.00391713  -0.00378887  -0.00357739  -0.00328901  -0.00293175  -0.00251536   -0.0020512  -0.00155225  -0.00103307 -0.000509768
 -0.00376821  -0.00365392  -0.00345779  -0.00318577   -0.0028455  -0.00244623  -0.00199884  -0.00151576  -0.00101098 -0.000500036
 -0.00364324  -0.00354007  -0.00335654  -0.00309821  -0.00277232  -0.00238767  -0.00195462   -0.0014851 -0.000992568 -0.000492024
 -0.00351371    -0.003423  -0.00325329  -0.00300973   -0.0026991  -0.00232969  -0.00191139  -0.00145557 -0.000975162 -0.000484635
 -0.00341722  -0.00333574   -0.0031765  -0.00294427  -0.00264537  -0.00228769  -0.00188061  -0.00143507 -0.000963522 -0.000479972
 -0.00334794  -0.00327371  -0.00312269  -0.00289926  -0.00260939  -0.00226054  -0.00186168  -0.00142336 -0.000957613 -0.000478084
  -0.0033098  -0.00324011  -0.00309439  -0.00287669  -0.00259261  -0.00224927  -0.00185528  -0.00142083 -0.000957634 -0.000479036
 -0.00330052  -0.00323303  -0.00309005  -0.00287533  -0.00259413  -0.00225323  -0.00186098  -0.00142723 -0.000963469 -0.000482795
  -0.0033106  -0.00324444  -0.00310302  -0.00288978  -0.00260971  -0.00226927  -0.00187654  -0.00144113  -0.00097432 -0.000489048
 -0.00334831  -0.00328166  -0.00313967  -0.00292549  -0.00264384  -0.00230096  -0.00190467  -0.00146443 -0.000991361 -0.000498327
 -0.00342328  -0.00335293  -0.00320689   -0.0029881  -0.00270103  -0.00235173  -0.00194787  -0.00149879  -0.00101555 -0.000511039
 -0.00354512  -0.00346639  -0.00331148  -0.00308312  -0.00278562  -0.00242488   -0.0020085  -0.00154577   -0.0010478 -0.000527557
 -0.00371353  -0.00362173  -0.00345313  -0.00321028  -0.00289738  -0.00252025  -0.00208644  -0.00160531  -0.00108806 -0.000547878
 -0.00393186  -0.00382185  -0.00363429  -0.00337163  -0.00303798  -0.00263912  -0.00218267  -0.00167808  -0.00113677 -0.000572194
  -0.0042016  -0.00406826  -0.00385648  -0.00356861  -0.00320873  -0.00278269  -0.00229818  -0.00176487  -0.00119444 -0.000600759
 -0.00450505   -0.0043457  -0.00410678  -0.00379057  -0.00340115  -0.00294441  -0.00242821  -0.00186245  -0.00125917 -0.000632716
-0.00483684 -0.00464957 -0.00438132 -0.00403432 -0.00361264 -0.00312227 -0.00257124 -0.00196972 -0.00133017 -0.00066762
-0.00517268 -0.00495718 -0.00465901  -0.0042803 -0.00382511 -0.00329951 -0.00271173 -0.00207225 -0.00139411 -0.00069325
 -0.00548625  -0.00524288  -0.00491485  -0.00450418   -0.0040149  -0.00345317  -0.00282742  -0.00214859  -0.00143054 -0.000701473
 -0.00573758  -0.00546919  -0.00511381  -0.00467329  -0.00415163  -0.00355506  -0.00289235  -0.00217511  -0.00142934 -0.000691386
 -0.00589128  -0.00560229  -0.00522366  -0.00475707  -0.00420646  -0.00357825  -0.00288173  -0.00214052  -0.00138863 -0.000662396
 -0.00605798  -0.00573486  -0.00531969  -0.00481421  -0.00422263  -0.00355199  -0.00282367  -0.00206939  -0.00132322 -0.000621036
 -0.00614939  -0.00578703  -0.00533051  -0.00478182  -0.00414582  -0.00344164  -0.00269876  -0.00194897  -0.00122588 -0.000564349
 -0.00609267  -0.00569344  -0.00519811  -0.00460929  -0.00394391  -0.00322917  -0.00249461  -0.00177153   -0.0010925 -0.000490828
 -0.00575369   -0.0053362  -0.00482067  -0.00422164  -0.00356398   -0.0028748  -0.00218301  -0.00151874 -0.000912846 -0.000396376
 -0.00504613  -0.00463945  -0.00414391  -0.00358177  -0.00297764  -0.00235781  -0.00174982  -0.00118188 -0.000682417 -0.000279456
 -0.00389485  -0.00354878  -0.00312976  -0.00265968  -0.00216207  -0.00166165  -0.00118382 -0.000754151 -0.000397826 -0.000138994
 -0.00248049  -0.00222897  -0.00192024  -0.00157529  -0.00121621 -0.000865776  -0.00054691 -0.000282119 -9.28444e-05 -2.71051e-20
 -0.00108111 -0.000926889 -0.000731033 -0.000513642 -0.000295426 -9.72578e-05  6.04475e-05  0.000158334            0 -3.00927e-36
 0.000309605  0.000362051  0.000440268  0.000525091  0.000597276  0.000637982  0.000629492  2.71051e-20            0 -3.34096e-52
  0.00155281   0.00151571   0.00148755   0.00145005   0.00138541   0.00127689   1.0842e-19  3.00927e-36            0 -3.70921e-68
  0.00301173   0.00284544   0.00267468   0.00248223   0.00225197   2.1684e-19  1.20371e-35  3.34096e-52            0 -4.11805e-84
    0.0040152    0.00376983    0.00350257    0.00319722   4.33681e-19   2.40741e-35   1.33638e-51   3.70921e-68             0 -4.57195e-100
   0.00484576    0.00452817    0.00417125   8.67362e-19   4.81482e-35   2.67276e-51   1.48368e-67   4.11805e-84             0 -5.07588e-116
   0.00542822    0.00505308             0   9.62965e-35   5.34553e-51   2.96736e-67   1.64722e-83  4.57195e-100             0 -5.63536e-132
   0.00572255   8.67362e-19             0   1.06911e-50   5.93473e-67   3.29444e-83   1.82878e-99  5.07588e-116             0 -6.25651e-148
            0   9.62965e-35             0   1.18695e-66   6.58887e-83   3.65756e-99  2.03035e-115  5.63536e-132             0 -6.94612e-164
            0   1.06911e-50             0   1.31777e-82   7.31512e-99  4.06071e-115  2.25415e-131  6.25651e-148             0 -7.71174e-180
            0   1.18695e-66             0   1.46302e-98  8.12141e-115  4.50829e-131   2.5026e-147  6.94612e-164             0 -8.56176e-196
            0   1.31777e-82             0  1.62428e-114  9.01658e-131  5.00521e-147  2.77845e-163  7.71174e-180             0 -9.50546e-212
            0   1.46302e-98             0  1.80332e-130  1.00104e-146   5.5569e-163   3.0847e-179  8.56176e-196             0 -1.05532e-227
            0  1.62428e-114             0  2.00208e-146  1.11138e-162  6.16939e-179   3.4247e-195  9.50546e-212             0 -1.17164e-243
            0  1.80332e-130             0  2.22276e-162  1.23388e-178   6.8494e-195  3.80218e-211  1.05532e-227             0 -1.30078e-259
            0  2.00208e-146             0  2.46776e-178  1.36988e-194  7.60437e-211  4.22127e-227  1.17164e-243             0 -1.44416e-275
            0  2.22276e-162             0  2.73976e-194  1.52087e-210  8.44254e-227  4.68655e-243  1.30078e-259             0 -1.60333e-291
            0  2.46776e-178             0  3.04175e-210  1.68851e-226  9.37311e-243  5.20312e-259  1.44416e-275             0 -1.78006e-307
            0  2.73976e-194             0  3.37702e-226  1.87462e-242  1.04062e-258  5.77662e-275  1.60333e-291             0 -1.97626e-323
           0 3.04175e-210            0 3.74924e-242 2.08125e-258 1.15532e-274 6.41334e-291 1.78006e-307            0            0
           0 3.37702e-226            0 4.16249e-258 2.31065e-274 1.28267e-290 7.12024e-307 1.97626e-323            0            0
           0 3.74924e-242            0  4.6213e-274 2.56534e-290 1.42405e-306 7.90505e-323            0            0            0
           0 4.16249e-258            0 5.13067e-290 2.84809e-306 1.58101e-322            0            0            0            0
           0  4.6213e-274            0 5.69619e-306 3.16202e-322            0            0            0            0            0
           0 5.13067e-290            0 6.32404e-322            0            0            0            0            0            0
           0 5.69619e-306            0            0            0            0            0            0            0            0
           0 6.32404e-322            0            0            0            0            0            0            0            0
0 0 0 0 0 0 0 0 0 0
0 0 0 0 0 0 0 0 0 0
          0           0           0           0           0           0           0           0           0 0.000635921
          0           0           0           0           0           0           0           0  0.00131467 0.000644641
          0           0           0           0           0           0           0  0.00200217  0.00131566 0.000636243
          0           0           0           0           0           0  0.00265383   0.0019713  0.00127863 0.000609658
          0           0           0           0           0  0.00323298  0.00257268  0.00188684  0.00120704 0.000566578
          0           0           0           0  0.00370982  0.00308646  0.00242453  0.00175334   0.0011039 0.000508472
          0           0           0  0.00403609  0.00346521  0.00284503  0.00220259  0.00156662 0.000967071 0.000434582
          0           0  0.00413124  0.00363338  0.00307758  0.00248853  0.00189267  0.00131755 0.000791487 0.000342931
          0  0.00387742  0.00348137  0.00302048   0.0025171  0.00199517  0.00147984  0.00099691 0.000572381 0.000231866
  0.0031022  0.00284852  0.00252472  0.00215062   0.0017476  0.00133818 0.000945539 0.000593011 0.000303555 9.91424e-05
  0.00177154   0.00160675    0.0013866   0.00113011   0.00085734  0.000589051  0.000346094  0.000148951  1.70647e-05 -3.18619e-05
 0.000437033  0.000366469  0.000255045  0.000120976 -1.69442e-05 -0.000139762 -0.000228965 -0.000267062 -0.000238353 -0.000147002
-0.000854341 -0.000829519 -0.000831061 -0.000841521 -0.000843379 -0.000819497 -0.000753824 -0.000632079 -0.000459887 -0.000245694
 -0.00209126  -0.00197009  -0.00186042  -0.00174564  -0.00160959  -0.00143716  -0.00121504 -0.000949809 -0.000650921 -0.000329859
 -0.00359534  -0.00333709  -0.00307853  -0.00280393  -0.00249867  -0.00214991  -0.00175813  -0.00133357 -0.000888848 -0.000438725
 -0.00453648  -0.00420336  -0.00385369  -0.00347264  -0.00304722   -0.0025777  -0.00207416  -0.00154902  -0.00101687 -0.000494352
 -0.00532005  -0.00491763  -0.00448239  -0.00400067  -0.00347213  -0.00290615  -0.00231452  -0.00171116  -0.00111205 -0.000535095
 -0.00586065  -0.00540381  -0.00489803  -0.00434173  -0.00374317  -0.00311287  -0.00246358  -0.00181005  -0.00116898 -0.000558872
 -0.00611848  -0.00562651  -0.00508054  -0.00448705  -0.00385488  -0.00319497  -0.00252034  -0.00184589  -0.00118839 -0.000566351
 -0.00595628  -0.00547715  -0.00494566  -0.00436825  -0.00375347  -0.00311185  -0.00245584  -0.00179973  -0.00115959 -0.000553198
 -0.00567227  -0.00522031   -0.0047179  -0.00417103  -0.00358768  -0.00297773   -0.0023529  -0.00172668  -0.00111428 -0.000532552
 -0.00538608  -0.00496292  -0.00449094  -0.00397563  -0.00342441  -0.00284649  -0.00225286  -0.00165623  -0.00107095 -0.000513015
 -0.00509873  -0.00470645  -0.00426653  -0.00378396  -0.00326555   -0.0027199  -0.00215728  -0.00158962  -0.00103049 -0.000495041
 -0.00482989  -0.00446802  -0.00405926  -0.00360814  -0.00312092  -0.00260558  -0.00207175  -0.00153066 -0.000995144 -0.000479604
 -0.00459092   -0.0042577   -0.0038779  -0.00345563  -0.00299666  -0.00250842  -0.00199997  -0.00148193 -0.000966491 -0.000467413
 -0.00437607  -0.00406987  -0.00371714  -0.00332156  -0.00288846  -0.00242477  -0.00193901  -0.00144124 -0.000943108 -0.000457781
 -0.00419147  -0.00390982  -0.00358143  -0.00320962  -0.00279928   -0.0023569  -0.00189052  -0.00140972 -0.000925652  -0.00045099
 -0.00403388  -0.00377475  -0.00346842  -0.00311785  -0.00272757  -0.00230362  -0.00185365  -0.00138681 -0.000913798 -0.000446907
 -0.00391712  -0.00367657  -0.00338819  -0.00305459  -0.00267999  -0.00227008  -0.00183216  -0.00137501 -0.000909028 -0.000446162
 -0.00384604  -0.00361943  -0.00334418  -0.00302266  -0.00265878  -0.00225799  -0.00182727  -0.00137517 -0.000911817 -0.000448958
 -0.00383205  -0.00361315  -0.00334471   -0.0030289  -0.00266944  -0.00227157  -0.00184209  -0.00138936 -0.000923393  -0.00045582
 -0.00386124  -0.00364569  -0.00337957   -0.0030649  -0.00270522  -0.00230564  -0.00187282  -0.00141506 -0.000942279 -0.000466124
 -0.00391483  -0.00370087  -0.00343509  -0.00311935  -0.00275708  -0.00235324  -0.00191443  -0.00144888 -0.000966521  -0.00047905
  -0.0039948  -0.00378017  -0.00351233    -0.003193  -0.00282548  -0.00241465  -0.00196703  -0.00149085 -0.000996094 -0.000494568
 -0.00411009  -0.00389138  -0.00361796  -0.00329142  -0.00291497  -0.00249341  -0.00203326  -0.00154279  -0.00103209 -0.000513162
 -0.00426082  -0.00403469  -0.00375223  -0.00341491  -0.00302585  -0.00258984  -0.00211342  -0.00160496  -0.00107472 -0.000534947
  -0.0044511  -0.00421378  -0.00391836  -0.00356622  -0.00316045  -0.00270582  -0.00220897  -0.00167841  -0.00112463 -0.000560233
 -0.00468722  -0.00443426  -0.00412129  -0.00374961   -0.0033223  -0.00284422  -0.00232211   -0.0017647  -0.00118282 -0.000589462
 -0.00496388  -0.00469159   -0.0043572  -0.00396196  -0.00350896  -0.00300316  -0.00245148  -0.00186294  -0.00124871 -0.000622354
 -0.00527668  -0.00498194   -0.0046228  -0.00420049  -0.00371814  -0.00318082  -0.00259568  -0.00197203  -0.00132154 -0.000658456
 -0.00561142  -0.00529135  -0.00490442  -0.00445181   -0.0039367   -0.0033643    -0.002742   -0.0020795   -0.0013891 -0.000686043
 -0.00594122  -0.00559377  -0.00517679  -0.00469143  -0.00414091   -0.0035306  -0.00286818  -0.00216392  -0.00143099 -0.000697012
 -0.00623305  -0.00585771  -0.00540994  -0.00489084  -0.00430371   -0.0036541  -0.00295016  -0.00220292  -0.00143784 -0.000690771
 -0.00644743  -0.00604602  -0.00556901  -0.00501747  -0.00439479  -0.00370686  -0.00296249  -0.00218487   -0.0014076 -0.000666683
 -0.00661031  -0.00617808  -0.00566709  -0.00507848  -0.00441597   -0.0036861  -0.00290983  -0.00211848  -0.00134578 -0.000627308
 -0.00674925  -0.00627398   -0.0057173  -0.00508077  -0.00436883  -0.00360024  -0.00280416  -0.00201209  -0.00125744 -0.000574905
  -0.0067672  -0.00624807  -0.00564506  -0.00496049  -0.00421104  -0.00342369  -0.00262783  -0.00185466   -0.0011367 -0.000507288
 -0.00644522  -0.00590845  -0.00528516  -0.00458968  -0.00384667   -0.0030831   -0.0023278  -0.00161087 -0.000963203 -0.000415961
 -0.00571394  -0.00519375  -0.00459551  -0.00394121  -0.00325526   -0.0025638  -0.00189428  -0.00127489 -0.000734107 -0.000300072
 -0.00452935  -0.00407639  -0.00356067  -0.00300376  -0.00242893  -0.00186074  -0.00132444 -0.000845555 -0.000449299 -0.000159931
 -0.00309193  -0.00273859  -0.00233776  -0.00191006  -0.00147727  -0.00106197 -0.000686882 -0.000374453 -0.000146125 -2.71051e-20
 -0.00169024   -0.0014364  -0.00115034 -0.000851752 -0.000561019 -0.000298751 -8.51847e-05  6.04172e-05 -2.71051e-20 -3.00927e-36
-0.000413707 -0.000249105 -6.80467e-05  0.000110555  0.000267633  0.000384442  0.000443274  6.77626e-21 -3.00927e-36 -3.34096e-52
 0.000712041  0.000799389  0.000886595  0.000955467  0.000988218  0.000968033  5.42101e-20  7.52316e-37 -3.34096e-52 -3.70921e-68
  0.00189069   0.00189735   0.00188681   0.00184168   0.00174567   1.0842e-19  6.01853e-36  8.35239e-53 -3.70921e-68 -4.11805e-84
   0.00282284    0.00275953    0.00266129    0.00251173    2.1684e-19   1.20371e-35   6.68191e-52   9.27302e-69  -4.11805e-84 -4.57195e-100
   0.00359026    0.00346234    0.00328188   4.33681e-19   2.40741e-35   1.33638e-51   7.41841e-68   1.02951e-84 -4.57195e-100 -5.07588e-116
   0.00414382    0.00396108   4.33681e-19   4.81482e-35   2.67276e-51   1.48368e-67   8.23609e-84  1.14299e-100 -5.07588e-116 -5.63536e-132
   0.00444877   8.67362e-19   4.81482e-35   5.34553e-51   2.96736e-67   1.64722e-83   9.1439e-100  1.26897e-116 -5.63536e-132 -6.25651e-148
            0   9.62965e-35   5.34553e-51   5.93473e-67   3.29444e-83   1.82878e-99  1.01518e-115  1.40884e-132 -6.25651e-148 -6.94612e-164
            0   1.06911e-50   5.93473e-67   6.58887e-83   3.65756e-99  2.03035e-115  1.12707e-131  1.56413e-148 -6.94612e-164 -7.71174e-180
            0   1.18695e-66   6.58887e-83   7.31512e-99  4.06071e-115  2.25415e-131   1.2513e-147  1.73653e-164 -7.71174e-180 -8.56176e-196
            0   1.31777e-82   7.31512e-99  8.12141e-115  4.50829e-131   2.5026e-147  1.38922e-163  1.92794e-180 -8.56176e-196 -9.50546e-212
            0   1.46302e-98  8.12141e-115  9.01658e-131  5.00521e-147  2.77845e-163  1.54235e-179  2.14044e-196 -9.50546e-212 -1.05532e-227
            0  1.62428e-114  9.01658e-131  1.00104e-146   5.5569e-163   3.0847e-179  1.71235e-195  2.37636e-212 -1.05532e-227 -1.17164e-243
            0  1.80332e-130  1.00104e-146  1.11138e-162  6.16939e-179   3.4247e-195  1.90109e-211  2.63829e-228 -1.17164e-243 -1.30078e-259
            0  2.00208e-146  1.11138e-162  1.23388e-178   6.8494e-195  3.80218e-211  2.11064e-227   2.9291e-244 -1.30078e-259 -1.44416e-275
            0  2.22276e-162  1.23388e-178  1.36988e-194  7.60437e-211  4.22127e-227  2.34328e-243  3.25195e-260 -1.44416e-275 -1.60333e-291
            0  2.46776e-178  1.36988e-194  1.52087e-210  8.44254e-227  4.68655e-243  2.60156e-259  3.61039e-276 -1.60333e-291 -1.78006e-307
            0  2.73976e-194  1.52087e-210  1.68851e-226  9.37311e-243  5.20312e-259  2.88831e-275  4.00834e-292 -1.78006e-307 -1.97626e-323
            0  3.04175e-210  1.68851e-226  1.87462e-242  1.04062e-258  5.77662e-275  3.20667e-291  4.45015e-308 -1.97626e-323             0
           0 3.37702e-226 1.87462e-242 2.08125e-258 1.15532e-274 6.41334e-291 3.56012e-307 4.94066e-324            0            0
           0 3.74924e-242 2.08125e-258 2.31065e-274 1.28267e-290 7.12024e-307 3.95253e-323            0            0            0
           0 4.16249e-258 2.31065e-274 2.56534e-290 1.42405e-306 7.90505e-323            0            0            0            0
           0  4.6213e-274 2.56534e-290 2.84809e-306 1.58101e-322            0            0            0            0            0
           0 5.13067e-290 2.84809e-306 3.16202e-322            0            0            0            0            0            0
           0 5.69619e-306 3.16202e-322            0            0            0            0            0            0            0
           0 6.32404e-322            0            0            0            0            0            0            0            0
0 0 0 0 0 0 0 0 0 0
0 0 0 0 0 0 0 0 0 0
          0           0           0           0           0           0           0           0           0 0.000459292
          0           0           0           0           0           0           0           0  0.00092728 0.000449582
          0           0           0           0           0           0           0  0.00136729  0.00088617 0.000419546
          0           0           0           0           0           0  0.00175634  0.00128196 0.000810327 0.000372544
          0           0           0           0           0  0.00205714  0.00160121  0.00113783 0.000696649 0.000307586
          0           0           0           0  0.00223932  0.00181456  0.00137368 0.000944861 0.000556574 0.000236721
          0           0           0  0.00226292  0.00188525   0.0014841  0.00108619 0.000718519 0.000407528 0.000166449
          0           0  0.00206199  0.00175303  0.00141435  0.00107114 0.000748853 0.000472412 0.000253525 9.53838e-05
          0  0.00156143  0.00134733  0.00109834 0.000838054 0.000590296 0.000378375  0.00021237 9.38771e-05  2.3295e-05
 0.000657835  0.000570633   0.00044454  0.000301438  0.000163417  5.20404e-05 -2.43629e-05  -6.5938e-05 -7.40203e-05  -5.0953e-05
-0.000506442 -0.000504004 -0.000521759 -0.000539068 -0.000535899 -0.000505368 -0.000449127 -0.000369974 -0.000271762 -0.000159248
 -0.00150296  -0.00142168  -0.00134191  -0.00124444  -0.00112328 -0.000980892 -0.000820949 -0.000648135 -0.000468083 -0.000249404
 -0.00224824  -0.00210868  -0.00195192  -0.00177208  -0.00157183  -0.00135494  -0.00112628 -0.000891612 -0.000619905 -0.000319234
 -0.00271192  -0.00253802  -0.00234004  -0.00212008  -0.00188144   -0.0016284  -0.00136621  -0.00106354 -0.000727973 -0.000369394
 -0.00281277  -0.00252092  -0.00234247  -0.00214246  -0.00192381  -0.00169027  -0.00141164  -0.00109399 -0.000745533 -0.000376689
 -0.00281715  -0.00254216  -0.00239066  -0.00221645  -0.00202189  -0.00177533   -0.0014814  -0.00114687 -0.000780708 -0.000394015
 -0.00294411  -0.00266985  -0.00253478  -0.00237564   -0.0021595  -0.00188962  -0.00157144  -0.00121259  -0.00082281 -0.000413963
 -0.00322841  -0.00293241  -0.00279798  -0.00260331  -0.00235049  -0.00204376  -0.00168953  -0.00129635 -0.000874865 -0.000437813
 -0.00369527  -0.00335229  -0.00316348  -0.00291377  -0.00260637  -0.00224668  -0.00184221  -0.00140257 -0.000939471 -0.000466679
 -0.00352201  -0.00320873  -0.00304397  -0.00281652  -0.00252953  -0.00218831  -0.00180025  -0.00137483 -0.000923598 -0.000460121
 -0.00340725  -0.00311494   -0.0029666  -0.00275412  -0.00248066  -0.00215153  -0.00177409  -0.00135775 -0.000913973  -0.00045623
  -0.0033282  -0.00304785  -0.00291144  -0.00270974  -0.00244597  -0.00212544  -0.00175553  -0.00134562 -0.000907126 -0.000453455
 -0.00327981  -0.00300343   -0.0028751   -0.0026806  -0.00242323  -0.00210836  -0.00174337  -0.00133766 -0.000902621 -0.000451623
 -0.00324291  -0.00296818  -0.00284607  -0.00265711  -0.00240469  -0.00209422  -0.00173313   -0.0013308 -0.000898624  -0.00044993
  -0.0032122  -0.00293821  -0.00282108  -0.00263658   -0.0023882   -0.0020814  -0.00172361  -0.00132424 -0.000894669 -0.000448179
  -0.0031906   -0.0029166  -0.00280299  -0.00262163  -0.00237609  -0.00207186  -0.00171643  -0.00131922 -0.000891577 -0.000446778
 -0.00318335  -0.00290819  -0.00279612  -0.00261603  -0.00237154  -0.00206823  -0.00171364  -0.00131721 -0.000890297 -0.000446175
  -0.0031919  -0.00291444  -0.00280175  -0.00262084  -0.00237545  -0.00207124  -0.00171579   -0.0013186 -0.000891067 -0.000446478
 -0.00321494  -0.00293401  -0.00281861  -0.00263493  -0.00238681     -0.00208  -0.00172216  -0.00132285 -0.000893526  -0.00044751
 -0.00324944  -0.00296372  -0.00284384  -0.00265577  -0.00240345  -0.00209272  -0.00173133  -0.00132892 -0.000896996 -0.000448944
  -0.0032925  -0.00300078  -0.00287501  -0.00268126  -0.00242359  -0.00210796  -0.00174219  -0.00133601 -0.000900982  -0.00045055
 -0.00334359  -0.00304507  -0.00291203  -0.00271137  -0.00244727  -0.00212578  -0.00175482  -0.00134419  -0.00090554 -0.000452363
 -0.00340402  -0.00309785  -0.00295605  -0.00274713  -0.00247535   -0.0021469  -0.00176978  -0.00135389 -0.000910945 -0.000454515
 -0.00347502  -0.00316017  -0.00300803  -0.00278936  -0.00250857  -0.00217192  -0.00178756  -0.00136546 -0.000917425 -0.000457114
 -0.00355819  -0.00323338  -0.00306911  -0.00283903  -0.00254768  -0.00220146   -0.0018086   -0.0013792 -0.000925162 -0.000460241
 -0.00365327  -0.00331711  -0.00313892  -0.00289578  -0.00259236  -0.00223519  -0.00183264  -0.00139491 -0.000934015 -0.000463823
 -0.00375919  -0.00341002  -0.00321625  -0.00295853  -0.00264168  -0.00227236  -0.00185906  -0.00141212 -0.000943682 -0.000467714
 -0.00387567  -0.00351165  -0.00330065  -0.00302687  -0.00269527  -0.00231264  -0.00188761  -0.00143065 -0.000954037 -0.000471851
 -0.00400308   -0.0036225   -0.0033926  -0.00310123  -0.00275348  -0.00235633  -0.00191852  -0.00145068  -0.00096519 -0.000476289
 -0.00413897  -0.00374074  -0.00349056  -0.00318034  -0.00281535  -0.00240269  -0.00195128  -0.00147185 -0.000976959 -0.000480954
 -0.00422867  -0.00381549  -0.00354457  -0.00321519  -0.00283279   -0.0024046  -0.00193969  -0.00144893  -0.00094503 -0.000442469
  -0.0042547  -0.00383152  -0.00354124  -0.00319424  -0.00279611  -0.00235423   -0.0018778  -0.00137785 -0.000867206 -0.000402993
 -0.00421606  -0.00378831  -0.00347996  -0.00311688   -0.0027048  -0.00225127  -0.00176566  -0.00125914 -0.000787259  -0.00036314
 -0.00410683  -0.00368089  -0.00335675  -0.00298008  -0.00255682   -0.0020947  -0.00160327  -0.00113653 -0.000706003 -0.000323273
 -0.00391195  -0.00349389  -0.00315879  -0.00277361  -0.00234447  -0.00187932  -0.00143064  -0.00100835 -0.000622434 -0.000282944
   -0.003557  -0.00316501  -0.00283355  -0.00245448  -0.00203405  -0.00162307  -0.00122975 -0.000862386  -0.00052935 -0.000239035
 -0.00304174  -0.00269635  -0.00238418  -0.00202683  -0.00167332  -0.00133014   -0.0010038 -0.000700928 -0.000428158 -0.000192276
 -0.00232526  -0.00205367  -0.00178273  -0.00151156  -0.00124472  -0.00098688 -0.000742758 -0.000517157 -0.000314869 -0.000140841
 -0.00141651  -0.00124718  -0.00108254 -0.000917929 -0.000756034 -0.000599609 -0.000451472 -0.000314487  -0.00019159 -8.57542e-05
 -0.00137667  -0.00120647   -0.0010421 -0.000879379 -0.000720763 -0.000568761  -0.00042597 -0.000294994 -0.000178519 -7.92659e-05
 -0.00125862   -0.0010947 -0.000935063 -0.000778352 -0.000626768 -0.000482605  -0.00034816 -0.000225809  -0.00011797 -1.35525e-20
 -0.00105023 -0.000901339 -0.000751922 -0.000606456 -0.000466876 -0.000335208 -0.000213501 -0.000103859 -1.35525e-20 -1.50463e-36
-0.000744638 -0.000620657 -0.000487679 -0.000359329 -0.000237519 -0.000123923 -2.03303e-05            0 -1.50463e-36 -1.67048e-52
-0.000330897 -0.000243692 -0.000134376 -3.07533e-05  6.60041e-05  0.000154411 -3.38813e-21            0 -1.67048e-52  -1.8546e-68
-0.000293181 -0.000209644 -0.000103969 -4.37464e-06  8.82294e-05  0.000172456 -3.76158e-37            0  -1.8546e-68 -2.05902e-84
 -0.000293181  -0.000209644  -0.000103969  -4.37464e-06   8.82294e-05   0.000172456  -4.17619e-53             0  -2.05902e-84 -2.28597e-100
 -0.000293181  -0.000209644  -0.000103969  -4.37464e-06   8.82294e-05   0.000172456  -4.63651e-69             0 -2.28597e-100 -2.53794e-116
 -0.000293181  -0.000209644  -0.000103969  -4.37464e-06   8.82294e-05   0.000172456  -5.14756e-85             0 -2.53794e-116 -2.81768e-132
 -0.000293181  -0.000209644  -0.000103969  -4.37464e-06   8.82294e-05   0.000172456 -5.71494e-101             0 -2.81768e-132 -3.12825e-148
 -0.000293181  -0.000209644  -0.000103969  -4.37464e-06   8.82294e-05   0.000172456 -6.34485e-117             0 -3.12825e-148 -3.47306e-164
 -0.000293181  -0.000209644  -0.000103969  -4.37464e-06   8.82294e-05   0.000172456  -7.0442e-133             0 -3.47306e-164 -3.85587e-180
 -0.000293181  -0.000209644  -0.000103969  -4.37464e-06   8.82294e-05   0.000172456 -7.82064e-149             0 -3.85587e-180 -4.28088e-196
 -0.000293181  -0.000209644  -0.000103969  -4.37464e-06   8.82294e-05   0.000172456 -8.68265e-165             0 -4.28088e-196 -4.75273e-212
 -0.000293181  -0.000209644  -0.000103969  -4.37464e-06   8.82294e-05   0.000172456 -9.63968e-181             0 -4.75273e-212 -5.27659e-228
 -0.000293181  -0.000209644  -0.000103969  -4.37464e-06   8.82294e-05   0.000172456 -1.07022e-196             0 -5.27659e-228 -5.85819e-244
 -0.000293181  -0.000209644  -0.000103969  -4.37464e-06   8.82294e-05   0.000172456 -1.18818e-212             0 -5.85819e-244  -6.5039e-260
 -0.000293181  -0.000209644  -0.000103969  -4.37464e-06   8.82294e-05   0.000172456 -1.31915e-228             0  -6.5039e-260 -7.22078e-276
 -0.000293181  -0.000209644  -0.000103969  -4.37464e-06   8.82294e-05   0.000172456 -1.46455e-244             0 -7.22078e-276 -8.01667e-292
 -0.000293181  -0.000209644  -0.000103969  -4.37464e-06   8.82294e-05   0.000172456 -1.62597e-260             0 -8.01667e-292  -8.9003e-308
 -0.000293181  -0.000209644  -0.000103969  -4.37464e-06   8.82294e-05   0.000172456 -1.80519e-276             0  -8.9003e-308 -9.88131e-324
 -0.000293181  -0.000209644  -0.000103969  -4.37464e-06   8.82294e-05   0.000172456 -2.00417e-292             0 -9.88131e-324             0
 -0.000293181  -0.000209644  -0.000103969  -4.37464e-06   8.82294e-05   0.000172456 -2.22507e-308             0             0             0
 -0.000293181  -0.000209644  -0.000103969  -4.37464e-06   8.82294e-05   0.000172456 -4.94066e-324             0             0             0
-0.000293181 -0.000209644 -0.000103969 -4.37464e-06  8.82294e-05  0.000172456            0            0            0            0
-0.000293181 -0.000209644 -0.000103969 -4.37464e-06  8.82294e-05  0.000172456            0            0            0            0
-0.000293181 -0.000209644 -0.000103969 -4.37464e-06  8.82294e-05  0.000172456            0            0            0            0
-0.000293181 -0.000209644 -0.000103969 -4.37464e-06  8.82294e-05  0.000172456            0            0            0            0
-0.000293181 -0.000209644 -0.000103969 -4.37464e-06  8.82294e-05  0.000172456            0            0            0            0
-0.000293181 -0.000209644 -0.000103969 -4.37464e-06  8.82294e-05  0.000172456            0            0            0            0
-0.000293181 -0.000209644 -0.000103969 -4.37464e-06  8.82294e-05  0.000172456            0            0            0            0
-0.000293181 -0.000209644 -0.000103969 -4.37464e-06  8.82294e-05  0.000172456            0            0            0            0
-0.000293181 -0.000209644 -0.000103969 -4.37464e-06  8.82294e-05  0.000172456            0            0            0            0
-0.000293181 -0.000209644 -0.000103969 -4.37464e-06  8.82294e-05  0.000172456            0            0            0            0
-0.000293181 -0.000209644 -0.000103969 -4.37464e-06  8.82294e-05  0.000172456            0            0            0            0
-0.000293181 -0.000209644 -0.000103969 -4.37464e-06  8.82294e-05  0.000172456            0            0            0            0
-0.000293181 -0.000209644 -0.000103969 -4.37464e-06  8.82294e-05  0.000172456            0            0            0            0
-0.000293181 -0.000209644 -0.000103969 -4.37464e-06  8.82294e-05  0.000172456            0            0            0            0
-0.000293181 -0.000209644 -0.000103969 -4.37464e-06  8.82294e-05  0.000172456            0            0            0            0
-0.000293181 -0.000209644 -0.000103969 -4.37464e-06  8.82294e-05  0.000172456            0            0            0            0
-0.000293181 -0.000209644 -0.000103969 -4.37464e-06  8.82294e-05  0.000172456            0            0            0            0
-0.000293181 -0.000209644 -0.000103969 -4.37464e-06  8.82294e-05  0.000172456            0            0            0            0
-0.000293181 -0.000209644 -0.000103969 -4.37464e-06  8.82294e-05  0.000172456            0            0            0            0
-0.000293181 -0.000209644 -0.000103969 -4.37464e-06  8.82294e-05  0.000172456            0            0            0            0
-0.000293181 -0.000209644 -0.000103969 -4.37464e-06  8.82294e-05  0.000172456            0            0            0            0
-0.000293181 -0.000209644 -0.000103969 -4.37464e-06  8.82294e-05  0.000172456            0            0            0            0
-0.000293181 -0.000209644 -0.000103969 -4.37464e-06  8.82294e-05  0.000172456            0            0            0            0
-0.000293181 -0.000209644 -0.000103969 -4.37464e-06  8.82294e-05  0.000172456            0            0            0            0
-0.000293181 -0.000209644 -0.000103969 -4.37464e-06  8.82294e-05  0.000172456            0            0            0            0
-0.000293181 -0.000209644 -0.000103969 -4.37464e-06  8.82294e-05  0.000172456            0            0            0            0
-0.000293181 -0.000209644 -0.000103969 -4.37464e-06  8.82294e-05  0.000172456            0            0            0            0
-0.000293181 -0.000209644 -0.000103969 -4.37464e-06  8.82294e-05  0.000172456            0            0            0            0
-0.000293181 -0.000209644 -0.000103969 -4.37464e-06  8.82294e-05  0.000172456            0            0            0            0
-0.000293181 -0.000209644 -0.000103969 -4.37464e-06  8.82294e-05  0.000172456            0            0            0            0
-0.000293181 -0.000209644 -0.000103969 -4.37464e-06  8.82294e-05  0.000172456            0            0            0            0
-0.000293181 -0.000209644 -0.000103969 -4.37464e-06  8.82294e-05  0.000172456            0            0            0            0
-0.000293181 -0.000209644 -0.000103969 -4.37464e-06  8.82294e-05  0.000172456            0            0            0            0
-0.000293181 -0.000209644 -0.000103969 -4.37464e-06  8.82294e-05  0.000172456            0            0            0            0
-0.000293181 -0.000209644 -0.000103969 -4.37464e-06  8.82294e-05  0.000172456            0            0            0            0
-0.000293181 -0.000209644 -0.000103969 -4.37464e-06  8.82294e-05  0.000172456            0            0            0            0
-0.000293181 -0.000209644 -0.000103969 -4.37464e-06  8.82294e-05  0.000172456            0            0            0            0
-0.000293181 -0.000209644 -0.000103969 -4.37464e-06  8.82294e-05  0.000172456            0            0            0            0
-0.000293181 -0.000209644 -0.000103969 -4.37464e-06  8.82294e-05  0.000172456            0            0            0            0
-0.000293181 -0.000209644 -0.000103969 -4.37464e-06  8.82294e-05  0.000172456            0            0            0            0
-0.000293181 -0.000209644 -0.000103969 -4.37464e-06  8.82294e-05  0.000172456            0            0            0            0
-0.000293181 -0.000209644 -0.000103969 -4.37464e-06  8.82294e-05  0.000172456            0            0            0            0
-0.000293181 -0.000209644 -0.000103969 -4.37464e-06  8.82294e-05  0.000172456            0            0            0            0
-0.000293181 -0.000209644 -0.000103969 -4.37464e-06  8.82294e-05  0.000172456            0            0            0            0
-0.000293181 -0.000209644 -0.000103969 -4.37464e-06  8.82294e-05  0.000172456            0            0            0            0
-0.000293181 -0.000209644 -0.000103969 -4.37464e-06  8.82294e-05  0.000172456            0            0            0            0
-0.000293181 -0.000209644 -0.000103969 -4.37464e-06  8.82294e-05  0.000172456            0            0            0            0
-0.000293181 -0.000209644 -0.000103969 -4.37464e-06  8.82294e-05  0.000172456            0            0            0            0
-0.000293181 -0.000209644 -0.000103969 -4.37464e-06  8.82294e-05  0.000172456            0            0            0            0
-0.000293181 -0.000209644 -0.000103969 -4.37464e-06  8.82294e-05  0.000172456            0            0            0            0
-0.000293181 -0.000209644 -0.000103969 -4.37464e-06  8.82294e-05  0.000172456            0            0            0            0
-0.000293181 -0.000209644 -0.000103969 -4.37464e-06  8.82294e-05  0.000172456            0            0            0            0
-0.000293181 -0.000209644 -0.000103969 -4.37464e-06  8.82294e-05  0.000172456            0            0            0            0
-0.000293181 -0.000209644 -0.000103969 -4.37464e-06  8.82294e-05  0.000172456            0            0            0            0
-0.000293181 -0.000209644 -0.000103969 -4.37464e-06  8.82294e-05  0.000172456            0            0            0            0
-0.000293181 -0.000209644 -0.000103969 -4.37464e-06  8.82294e-05  0.000172456            0            0            0            0
-0.000293181 -0.000209644 -0.000103969 -4.37464e-06  8.82294e-05  0.000172456            0            0            0            0
-0.000293181 -0.000209644 -0.000103969 -4.37464e-06  8.82294e-05  0.000172456            0            0            0            0
-0.000293181 -0.000209644 -0.000103969 -4.37464e-06  8.82294e-05  0.000172456            0            0            0            0
-0.000293181 -0.000209644 -0.000103969 -4.37464e-06  8.82294e-05  0.000172456            0            0            0            0
-0.000293181 -0.000209644 -0.000103969 -4.37464e-06  8.82294e-05  0.000172456            0            0            0            0
-0.000293181 -0.000209644 -0.000103969 -4.37464e-06  8.82294e-05  0.000172456            0            0            0            0
-0.000293181 -0.000209644 -0.000103969 -4.37464e-06  8.82294e-05  0.000172456            0            0            0            0
-0.000293181 -0.000209644 -0.000103969 -4.37464e-06  8.82294e-05  0.000172456            0            0            0            0
-0.000293181 -0.000209644 -0.000103969 -4.37464e-06  8.82294e-05  0.000172456            0            0            0            0
-0.000293181 -0.000209644 -0.000103969 -4.37464e-06  8.82294e-05  0.000172456            0            0            0            0
-0.000293181 -0.000209644 -0.000103969 -4.37464e-06  8.82294e-05  0.000172456            0            0            0            0
-0.000293181 -0.000209644 -0.000103969 -4.37464e-06  8.82294e-05  0.000172456            0            0            0            0
-0.000293181 -0.000209644 -0.000103969 -4.37464e-06  8.82294e-05  0.000172456            0            0            0            0
-0.000293181 -0.000209644 -0.000103969 -4.37464e-06  8.82294e-05  0.000172456            0            0            0            0
-0.000293181 -0.000209644 -0.000103969 -4.37464e-06  8.82294e-05  0.000172456            0            0            0            0
-0.000293181 -0.000209644 -0.000103969 -4.37464e-06  8.82294e-05  0.000172456            0            0            0            0
-0.000293181 -0.000209644 -0.000103969 -4.37464e-06  8.82294e-05  0.000172456            0            0            0            0
-0.000293181 -0.000209644 -0.000103969 -4.37464e-06  8.82294e-05  0.000172456            0            0            0            0
-0.000293181 -0.000209644 -0.000103969 -4.37464e-06  8.82294e-05  0.000172456            0            0            0            0
-0.000293181 -0.000209644 -0.000103969 -4.37464e-06  8.82294e-05  0.000172456            0            0            0            0
-0.000293181 -0.000209644 -0.000103969 -4.37464e-06  8.82294e-05  0.000172456            0            0            0            0
-0.000293181 -0.000209644 -0.000103969 -4.37464e-06  8.82294e-05  0.000172456            0            0            0            0
-0.000293181 -0.000209644 -0.000103969 -4.37464e-06  8.82294e-05  0.000172456            0            0            0            0
-0.000293181 -0.000209644 -0.000103969 -4.37464e-06  8.82294e-05  0.000172456            0            0            0            0
-0.000293181 -0.000209644 -0.000103969 -4.37464e-06  8.82294e-05  0.000172456            0            0            0            0
-0.000293181 -0.000209644 -0.000103969 -4.37464e-06  8.82294e-05  0.000172456            0            0            0            0
-0.000293181 -0.000209644 -0.000103969 -4.37464e-06  8.82294e-05  0.000172456            0            0            0            0
-0.000293181 -0.000209644 -0.000103969 -4.37464e-06  8.82294e-05  0.000172456            0            0            0            0
-0.000293181 -0.000209644 -0.000103969 -4.37464e-06  8.82294e-05  0.000172456            0            0            0            0
-0.000293181 -0.000209644 -0.000103969 -4.37464e-06  8.82294e-05  0.000172456            0            0            0            0
-0.000293181 -0.000209644 -0.000103969 -4.37464e-06  8.82294e-05  0.000172456            0            0            0            0
-0.000293181 -0.000209644 -0.000103969 -4.37464e-06  8.82294e-05  0.000172456            0            0            0            0
-0.000293181 -0.000209644 -0.000103969 -4.37464e-06  8.82294e-05  0.000172456            0            0            0            0
-0.000293181 -0.000209644 -0.000103969 -4.37464e-06  8.82294e-05  0.000172456            0            0            0            0
-0.000293181 -0.000209644 -0.000103969 -4.37464e-06  8.82294e-05  0.000172456            0            0            0            0
-0.000293181 -0.000209644 -0.000103969 -4.37464e-06  8.82294e-05  0.000172456            0            0            0            0
-0.000293181 -0.000209644 -0.000103969 -4.37464e-06  8.82294e-05  0.000172456            0            0            0            0
-0.000293181 -0.000209644 -0.000103969 -4.37464e-06  8.82294e-05  0.000172456            0            0            0            0
-0.000293181 -0.000209644 -0.000103969 -4.37464e-06  8.82294e-05  0.000172456            0            0            0            0
-0.000293181 -0.000209644 -0.000103969 -4.37464e-06  8.82294e-05  0.000172456            0            0            0            0
-0.000293181 -0.000209644 -0.000103969 -4.37464e-06  8.82294e-05  0.000172456            0            0            0            0
-0.000293181 -0.000209644 -0.000103969 -4.37464e-06  8.82294e-05  0.000172456            0            0            0            0
-0.000293181 -0.000209644 -0.000103969 -4.37464e-06  8.82294e-05  0.000172456            0            0            0            0
-0.000293181 -0.000209644 -0.000103969 -4.37464e-06  8.82294e-05  0.000172456            0            0            0            0
-0.000293181 -0.000209644 -0.000103969 -4.37464e-06  8.82294e-05  0.000172456            0            0            0            0
-0.000293181 -0.000209644 -0.000103969 -4.37464e-06  8.82294e-05  0.000172456            0            0            0            0
-0.000293181 -0.000209644 -0.000103969 -4.37464e-06  8.82294e-05  0.000172456            0            0            0            0
-0.000293181 -0.000209644 -0.000103969 -4.37464e-06  8.82294e-05  0.000172456            0            0            0            0
-0.000293181 -0.000209644 -0.000103969 -4.37464e-06  8.82294e-05  0.000172456            0            0            0            0
-0.000293181 -0.000209644 -0.000103969 -4.37464e-06  8.82294e-05  0.000172456            0            0            0            0
-0.000293181 -0.000209644 -0.000103969 -4.37464e-06  8.82294e-05  0.000172456            0            0            0            0
-0.000293181 -0.000209644 -0.000103969 -4.37464e-06  8.82294e-05  0.000172456            0            0            0            0
-0.000293181 -0.000209644 -0.000103969 -4.37464e-06  8.82294e-05  0.000172456            0            0            0            0
-0.000293181 -0.000209644 -0.000103969 -4.37464e-06  8.82294e-05  0.000172456            0            0            0            0
-0.000293181 -0.000209644 -0.000103969 -4.37464e-06  8.82294e-05  0.000172456            0            0            0            0
-0.000293181 -0.000209644 -0.000103969 -4.37464e-06  8.82294e-05  0.000172456            0            0            0            0
-0.000293181 -0.000209644 -0.000103969 -4.37464e-06  8.82294e-05  0.000172456            0            0            0            0
-0.000293181 -0.000209644 -0.000103969 -4.37464e-06  8.82294e-05  0.000172456            0            0            0            0
-0.000293181 -0.000209644 -0.000103969 -4.37464e-06  8.82294e-05  0.000172456            0            0            0            0
