-6.08651e-08 -1.19483e-07 -1.71243e-07 -2.09145e-07 -2.22175e-07 -1.96411e-07 -1.15414e-07  3.82058e-08  2.82634e-07  6.36119e-07
-1.54189e-08  6.81144e-09  8.04489e-08  2.20137e-07  4.41834e-07   7.6152e-07  1.19563e-06  1.76043e-06  2.47236e-06  3.34777e-06
3.20642e-09 5.32996e-08 1.65368e-07 3.54442e-07 6.36633e-07 1.02766e-06  1.5437e-06 2.20058e-06 3.01443e-06 4.00126e-06
5.19032e-08 1.70705e-07 3.72915e-07 6.73978e-07 1.08977e-06 1.63544e-06 2.32644e-06 3.17784e-06 4.20508e-06 5.42357e-06
1.24649e-07 3.39494e-07 6.61262e-07 1.10553e-06 1.68738e-06 2.42137e-06 3.32198e-06 4.40364e-06 5.68104e-06 7.16919e-06
2.15508e-07 5.39387e-07 9.87558e-07 1.57494e-06 2.31612e-06 3.22536e-06 4.31698e-06 5.60545e-06 7.10564e-06 8.83289e-06
3.24621e-07 7.75181e-07 1.36698e-06 2.11445e-06 3.03186e-06  4.1333e-06  5.4331e-06 6.94588e-06 8.68683e-06 1.06718e-05
4.51337e-07 1.04574e-06 1.79805e-06 2.72236e-06 3.83279e-06  5.1434e-06 6.66867e-06 8.42351e-06 1.04236e-05 1.26853e-05
5.95213e-07 1.35034e-06 2.27993e-06 3.39791e-06 4.71836e-06 6.25547e-06 8.02401e-06 1.00393e-05 1.23176e-05 1.48762e-05
7.55978e-07 1.68861e-06 2.81232e-06 4.14099e-06 5.68883e-06 7.47027e-06 9.50051e-06 1.17955e-05 1.43721e-05 1.72485e-05
9.33528e-07 2.06051e-06 3.39539e-06 4.95213e-06 6.74522e-06 8.78948e-06 1.11007e-05 1.36954e-05 1.65915e-05 1.98082e-05
1.12792e-06 2.46631e-06 4.02975e-06 5.83247e-06 7.88934e-06 1.02157e-05  1.2828e-05 1.57438e-05 1.89818e-05 2.25624e-05
1.33936e-06 2.90657e-06 4.71651e-06 6.78376e-06 9.12375e-06 1.17525e-05 1.46872e-05 1.79464e-05 2.15501e-05 2.55199e-05
1.56822e-06 3.38219e-06  5.4572e-06 7.80837e-06 1.04518e-05 1.34042e-05 1.66839e-05 2.03104e-05 2.43051e-05 2.86911e-05
1.81502e-06 3.89434e-06 6.25383e-06 8.90923e-06 1.18774e-05 1.51762e-05 1.88248e-05 2.28441e-05 2.72569e-05 3.20879e-05
2.08042e-06  4.4445e-06 7.10882e-06 1.00899e-05 1.34056e-05 1.70746e-05 2.11177e-05 2.55569e-05 3.04168e-05 3.57238e-05
2.36523e-06 5.03445e-06 8.02508e-06 1.13546e-05 1.50418e-05 1.91068e-05 2.35715e-05 2.84597e-05 3.37978e-05  3.9614e-05
2.67041e-06 5.66627e-06 9.00595e-06  1.2708e-05 1.67924e-05 2.12806e-05 2.61962e-05 3.15647e-05 3.74142e-05 4.37753e-05
2.99709e-06 6.34233e-06 1.00552e-05 1.41555e-05 1.86646e-05 2.36053e-05  2.9003e-05 3.48852e-05  4.1282e-05 4.82265e-05
3.34652e-06 7.06534e-06 1.11772e-05 1.57032e-05 2.06663e-05 2.60909e-05 3.20044e-05 3.84361e-05 4.54188e-05  5.2988e-05
3.72015e-06 7.83832e-06 1.23767e-05 1.73578e-05 2.28063e-05 2.87486e-05 3.52138e-05 4.22339e-05 4.98439e-05 5.80821e-05
4.11955e-06 8.66462e-06  1.3659e-05 1.91267e-05 2.50945e-05 3.15905e-05 3.86464e-05 4.62963e-05 5.45783e-05 6.35335e-05
4.54649e-06 9.54793e-06 1.50298e-05 2.10181e-05 2.75413e-05 3.46301e-05 4.23183e-05  5.0643e-05 5.96449e-05 6.93688e-05
5.00291e-06 1.04923e-05 1.64957e-05 2.30408e-05 3.01586e-05 3.78819e-05 4.62474e-05  5.5295e-05 6.50688e-05 7.56168e-05
5.49093e-06 1.15022e-05 1.80634e-05 2.52046e-05 3.29589e-05 4.13618e-05  5.0453e-05 6.02755e-05 7.08768e-05  8.2309e-05
6.01288e-06 1.25825e-05 1.97407e-05   2.752e-05 3.59559e-05 4.50871e-05 5.49561e-05 6.56095e-05 7.70985e-05 8.94789e-05
6.57127e-06 1.37385e-05 2.15358e-05 2.99984e-05 3.91648e-05 4.90764e-05 5.97794e-05 7.13239e-05 8.37651e-05 9.71615e-05
7.16885e-06 1.49757e-05 2.34576e-05 3.26523e-05 4.26015e-05 5.33499e-05 6.49474e-05 7.74477e-05 9.09089e-05 0.000105392
 7.8086e-06 1.63006e-05 2.55158e-05 3.54951e-05 4.62835e-05 5.79295e-05 7.04863e-05 8.40106e-05 9.85626e-05 0.000114205
8.49373e-06 1.77197e-05 2.77208e-05 3.85414e-05 5.02299e-05 6.28384e-05 7.64229e-05 9.10422e-05 0.000106758 0.000123636
9.22773e-06 1.92403e-05 3.00841e-05 4.18068e-05 5.44606e-05 6.81002e-05 8.27837e-05 9.85715e-05 0.000115528 0.000133719
1.00144e-05 2.08702e-05 3.26176e-05 4.53079e-05 5.89958e-05  7.3738e-05 8.95942e-05 0.000106627 0.000124902 0.000144489
1.08577e-05 2.26179e-05 3.53345e-05 4.90612e-05 6.38548e-05 7.97735e-05  9.6879e-05 0.000115236 0.000134912 0.000155981
1.17622e-05 2.44923e-05 3.82469e-05 5.30818e-05 6.90553e-05 8.62274e-05 0.000104662 0.000124425 0.000145589 0.000168231
1.27312e-05 2.64992e-05 4.13622e-05 5.73779e-05 7.46063e-05 9.31094e-05 0.000112953 0.000134208 0.000156948 0.000181255
1.37635e-05 2.86291e-05 4.46562e-05  6.1904e-05 8.04349e-05 0.000100314  0.00012161 0.000144399 0.000168759 0.000194779
 1.4861e-05 3.08913e-05 4.81519e-05 6.67044e-05  8.6614e-05 0.000107949 0.000130784 0.000155197 0.000181275 0.000209113
1.60255e-05 3.32898e-05 5.18564e-05 7.17897e-05 9.31585e-05 0.000116035 0.000140499 0.000166635 0.000194536 0.000224308
1.72594e-05 3.58302e-05 5.57789e-05 7.71736e-05 0.000100087 0.000124596 0.000150787 0.000178751 0.000208592 0.000240426
1.85657e-05 3.85191e-05 5.99306e-05  8.2872e-05 0.000107421 0.000133661 0.000161684 0.000191593 0.000223502 0.000257539
1.99481e-05 4.13648e-05 6.43244e-05 8.89039e-05 0.000115187 0.000143263 0.000173236 0.000205217 0.000239335  0.00027573
2.14111e-05 4.43764e-05 6.89756e-05 9.52909e-05 0.000123414 0.000153444 0.000185494  0.00021969 0.000256171 0.000295093
2.29595e-05 4.75649e-05 7.39014e-05 0.000102059 0.000132139 0.000164251  0.00019852 0.000235085   0.0002741 0.000315734
2.45991e-05 5.09424e-05  7.9123e-05  0.00010924 0.000141405 0.000175741 0.000212385 0.000251489 0.000293223 0.000337771
2.63375e-05 5.45264e-05 8.46696e-05 0.000116877 0.000151271 0.000187988 0.000227179 0.000269011 0.000313668 0.000361353
2.81883e-05 5.83518e-05 9.06053e-05  0.00012507 0.000161882 0.000201189 0.000243157 0.000287968 0.000335821 0.000386938
3.01627e-05 6.24373e-05 9.69507e-05 0.000133837 0.000173244 0.000215334 0.000260289 0.000308304 0.000359598  0.00041441
3.22734e-05 6.68089e-05 0.000103746 0.000143231 0.000185427 0.000230511 0.000278679 0.000330144 0.000385144 0.000443934
3.45338e-05  7.1494e-05 0.000111033 0.000153312 0.000198507 0.000246812 0.000298438 0.000353618 0.000412608 0.000475686
3.69579e-05 7.65213e-05 0.000118857 0.000164139 0.000212562 0.000264333 0.000319683 0.000378865 0.000442154  0.00050985
3.95605e-05 8.19211e-05 0.000127263 0.000175778 0.000227674 0.000283178 0.000342539 0.000406031 0.000473951 0.000546624
4.23571e-05 8.77256e-05 0.000136303 0.000188296 0.000243932 0.000303456 0.000367138 0.000435273 0.000508183 0.000586218
4.53644e-05  9.3969e-05 0.000146028 0.000201767  0.00026143 0.000325284 0.000393621 0.000466759 0.000545045 0.000628858
4.85998e-05 0.000100688 0.000156496 0.000216268 0.000280269 0.000348788 0.000422139 0.000500667 0.000584746 0.000674784
 5.2082e-05  0.00010792 0.000167765 0.000231881 0.000300556   0.0003741 0.000452854 0.000537188 0.000627508 0.000724255
5.58311e-05 0.000115707 0.000179901 0.000248696 0.000322405 0.000401363 0.000485937 0.000576528 0.000673573 0.000777546
5.98683e-05 0.000124094 0.000192971 0.000266808  0.00034594 0.000430729 0.000521575 0.000618906 0.000723196 0.000834955
6.42165e-05 0.000133127 0.000207049 0.000286316 0.000371291 0.000462364 0.000559965 0.000664558 0.000776653 0.000896801
6.89001e-05 0.000142857 0.000222215 0.000307332   0.0003986 0.000496442 0.000601321 0.000713738 0.000834241 0.000963426
7.39453e-05 0.000153339 0.000238551  0.00032997 0.000428019 0.000533153 0.000645872 0.000766716 0.000896277   0.0010352
  7.938e-05  0.00016463 0.000256149 0.000354357 0.000459709 0.000572699 0.000693863 0.000823785 0.000963103  0.00111251
8.52345e-05 0.000176792 0.000275106 0.000380626 0.000493846 0.000615297 0.000745558 0.000885259  0.00103509  0.00119579
9.15409e-05 0.000189894 0.000295526 0.000408923 0.000530617 0.000661181 0.000801241 0.000951474  0.00111262  0.00128549
9.83341e-05 0.000204007 0.000317521 0.000439402 0.000570224 0.000710604 0.000861217  0.00102279  0.00119613   0.0013821
0.000105651 0.000219208 0.000341212 0.000472231 0.000612884 0.000763835 0.000925813  0.00109961  0.00128608  0.00148616
0.000113532 0.000235581 0.000366729 0.000507589 0.000658828 0.000821165 0.000995384  0.00118234  0.00138295  0.00159822
0.000122021 0.000253214  0.00039421 0.000545668 0.000708309 0.000882907  0.00107031  0.00127143  0.00148727  0.00171892
0.000131163 0.000272205 0.000423805 0.000586677 0.000761596 0.000949397  0.00115099  0.00136737  0.00159962   0.0018489
0.000141008 0.000292655 0.000455676 0.000630838 0.000818978    0.001021  0.00123788  0.00147069   0.0017206  0.00198888
0.000151609 0.000314678 0.000489996 0.000678391 0.000880768   0.0010981  0.00133144  0.00158195   0.0018509  0.00213964
0.000163026 0.000338393 0.000526951 0.000729597 0.000947303  0.00118112  0.00143219  0.00170177  0.00199122  0.00230201
0.000175319 0.000363928 0.000566744 0.000784732  0.00101895  0.00127052  0.00154069  0.00183081  0.00214235  0.00247691
0.000188556 0.000391422 0.000609589 0.000844099  0.00109609  0.00136679  0.00165754  0.00196979  0.00230514   0.0026653
0.000202807 0.000421024 0.000655721 0.000908024  0.00117916  0.00147046  0.00178338  0.00211948  0.00248048  0.00286824
0.000218153 0.000452901   0.0007054 0.000976869  0.00126864  0.00158214  0.00191894  0.00228073  0.00266938  0.00308688
0.000234682 0.000487245 0.000758939  0.00105108  0.00136511  0.00170257  0.00206515  0.00245469  0.00287318  0.00332279
 0.00025249 0.000524247 0.000816622  0.00113104  0.00146905  0.00183233   0.0022227  0.00264213  0.00309279    0.003577
0.000271676 0.000564114 0.000878776   0.0012172  0.00158106  0.00197216  0.00239246  0.00284411  0.00332942   0.0038509
0.000292349 0.000607073 0.000945748  0.00131004  0.00170175  0.00212282  0.00257539  0.00306174  0.00358438  0.00414601
0.000314624 0.000653361  0.00101791  0.00141007  0.00183179  0.00228516  0.00277249  0.00329623  0.00385908  0.00446396
0.000338626 0.000703237  0.00109567  0.00151786  0.00197191  0.00246008  0.00298484  0.00354886  0.00415502  0.00480647
0.000364488 0.000756977  0.00117945  0.00163399  0.00212287  0.00264852  0.00321361    0.003821  0.00447381  0.00517541
0.000392353 0.000814879  0.00126971   0.0017591   0.0022855  0.00285153  0.00346004  0.00411414  0.00481718  0.00557279
0.000422375  0.00087726  0.00136696  0.00189389  0.00246069   0.0030702  0.00372548  0.00442987  0.00518699  0.00600074
0.000454717 0.000944459   0.0014717  0.00203906  0.00264938   0.0033057  0.00401133  0.00476988  0.00558522  0.00646157
0.00048955 0.00101682 0.00158448 0.00219535 0.00285249 0.00355917 0.00431897 0.00513575 0.00601372 0.00695742
0.000527061  0.00109474  0.00170592  0.00236363  0.00307117  0.00383206  0.00465017  0.00552966  0.00647506  0.00749134
0.000567451  0.00117864  0.00183667   0.0025448  0.00330659  0.00412585  0.00500672  0.00595373   0.0069718  0.00806632
0.000610936  0.00126897  0.00197743  0.00273984  0.00356002   0.0044421  0.00539056  0.00641031  0.00750671  0.00868546
0.00065775  0.0013662 0.00212894 0.00294978 0.00383283 0.00478255 0.00580383 0.00690199 0.00808272 0.00935149
0.000708165  0.00147091  0.00229211  0.00317585  0.00412661  0.00514922  0.00624901  0.00743161  0.00870248  0.00966609
0.000762496  0.00158375  0.00246792  0.00341946  0.00444322  0.00554448  0.00672884  0.00800174  0.00896762  0.00936235
0.000821092  0.00170543  0.00265753  0.00368221  0.00478477  0.00597077  0.00724562  0.00821373  0.00861095  0.00843735
0.000884332  0.00183675  0.00286217  0.00396584  0.00515335  0.00643004  0.00740032  0.00779999   0.0076291  0.00688512
0.000952633  0.00197858  0.00308319    0.004272  0.00555038  0.00652268  0.00692469  0.00675642   0.0060153   0.0046965
0.00102642 0.00213176 0.00332167 0.00460147 0.00557552 0.00597958 0.00581362 0.00507507 0.00375904  0.0022591
  0.00110611   0.00229697     0.003578   0.00455352    0.0049593    0.0047953    0.0040589   0.00274521   0.00124778 -0.000174295
 0.00119209  0.00247456  0.00345182  0.00385962  0.00369792  0.00296406  0.00165315 0.000158588 -0.00126042 -0.00261169
 0.00128474  0.00226498  0.00267665  0.00251965  0.00179135 0.000486693 -0.00100117  -0.0024129 -0.00375636 -0.00503968
 0.000983343   0.00139934   0.00124801  0.000526794 -0.000769434  -0.00224808  -0.00364943  -0.00498152  -0.00625263  -0.00747102
 0.000416327  0.000263576 -0.000461175   -0.0017629  -0.00324964  -0.00466071  -0.00600402   -0.0072876  -0.00851955  -0.00970785
-0.000152648 -0.000879034   -0.0021845  -0.00367762  -0.00509697   -0.0064502  -0.00774522  -0.00898988    -0.010192   -0.0113591
-0.000726754  -0.00203442  -0.00353268  -0.00495918  -0.00632162  -0.00762763  -0.00888491    -0.010101   -0.0112833   -0.0124392
-0.00130915 -0.00281184 -0.00424572 -0.00561825  -0.0069371 -0.00820959 -0.00944308  -0.0106446  -0.0118213  -0.0129798
-0.00150542 -0.00294505 -0.00432685  -0.0056584 -0.00694696 -0.00819953 -0.00942288  -0.0106236  -0.0118082   -0.012983
-0.00143962 -0.00282152 -0.00415331 -0.00544224 -0.00669531 -0.00791929 -0.00912077  -0.0103062   -0.011482  -0.0126544
-0.00138192 -0.00271387 -0.00400314 -0.00525672 -0.00648139 -0.00768372 -0.00887016   -0.010047  -0.0112207  -0.0123973
-0.00133197 -0.00262143  -0.0038754 -0.00510065 -0.00630375 -0.00749113 -0.00866913   -0.009844   -0.011022  -0.0122094
-0.00128949 -0.00254367 -0.00376935  -0.0049731 -0.00616134 -0.00734038 -0.00851648 -0.00969587  -0.0108848  -0.0120896
-0.00125422 -0.00248013 -0.00368436 -0.00487331 -0.00605329 -0.00723054 -0.00841128 -0.00960173  -0.0108082   -0.012037
-0.00122596 -0.00243044 -0.00361991 -0.00480068 -0.00597896 -0.00716095 -0.00835287 -0.00956097  -0.0107916  -0.0120513
-0.00120453 -0.00239429 -0.00357562 -0.00475475 -0.00593787 -0.00713115 -0.00834085 -0.00957329  -0.0108349  -0.0121325
-0.00118981 -0.00237145  -0.0035512 -0.00473523 -0.00592973 -0.00714091 -0.00837508 -0.00963867  -0.0109383  -0.0122808
 -0.0011817 -0.00236178 -0.00354649 -0.00474197 -0.00595446 -0.00719023 -0.00845569 -0.00975743  -0.0111022  -0.0124972
-0.00118015 -0.00236521 -0.00356142 -0.00477497 -0.00601215 -0.00727933 -0.00858308 -0.00993015  -0.0113276  -0.0127826
-0.00118513 -0.00238174  -0.0035961 -0.00483445 -0.00610319 -0.00740882 -0.00875809   -0.010158  -0.0116158  -0.0131391
-0.00119669 -0.00241146 -0.00365067 -0.00492066 -0.00622796 -0.00757925  -0.0089815  -0.0104419  -0.0119681  -0.0135681
-0.00121486 -0.00245452 -0.00372542 -0.00503406 -0.00638713 -0.00779153 -0.00925447  -0.0107835  -0.0123865  -0.0140719
-0.00123974 -0.00251113 -0.00382074 -0.00517523 -0.00658153 -0.00804677 -0.00957847  -0.0111845  -0.0128732  -0.0146532
-0.00127147 -0.00258159 -0.00393712 -0.00534493 -0.00681219 -0.00834634 -0.00995522  -0.0116471  -0.0134307  -0.0153152
-0.00131021 -0.00266627 -0.00407519 -0.00554406 -0.00708035 -0.00869183  -0.0103867  -0.0121737   -0.014062  -0.0160614
-0.00135616 -0.00276563 -0.00423567 -0.00577367 -0.00738743 -0.00908509  -0.0108753  -0.0127672  -0.0147706  -0.0168959
-0.00140957  -0.0028802 -0.00441943   -0.006035 -0.00773507 -0.00952821  -0.0114235  -0.0134308  -0.0155603  -0.0178233
-0.00147072 -0.00301058 -0.00462745 -0.00632944 -0.00812513  -0.0100236  -0.0120344   -0.014168  -0.0164355  -0.0188485
-0.00153994 -0.00315747 -0.00486083 -0.00665855 -0.00855968  -0.0105738  -0.0127112   -0.014983  -0.0174008  -0.0199764
-0.00161761 -0.00332165 -0.00512081 -0.00702407 -0.00904103  -0.0111819  -0.0134577  -0.0158799  -0.0184605  -0.0207906
-0.00170416 -0.00350406 -0.00540887 -0.00742811 -0.00957201  -0.0118515   -0.014278  -0.0168634  -0.0191982   -0.021014
-0.00180008 -0.00370573 -0.00572667 -0.00787303  -0.0101557  -0.0125862  -0.0151762  -0.0175155  -0.0193364  -0.0206462
-0.00190592 -0.00392782 -0.00607604 -0.00836142  -0.0107954  -0.0133897  -0.0157332   -0.017559  -0.0188742  -0.0196842
-0.00202228 -0.00417161   -0.006459 -0.00889588  -0.0114938  -0.0138413  -0.0156716  -0.0169921  -0.0178078  -0.0181211
-0.00214983 -0.00443844 -0.00687744 -0.00947833  -0.0118291  -0.0136634  -0.0149886  -0.0158096  -0.0161289   -0.015946
-0.00228927 -0.00472961 -0.00733269 -0.00968613  -0.0115239  -0.0128532   -0.013679  -0.0140035  -0.0138264  -0.0131447
-0.00244133 -0.00504615  -0.0074022  -0.0092434  -0.0105769  -0.0114076  -0.0117378   -0.011567  -0.0108919 -0.00970661
-0.00260676 -0.00496635  -0.0068126  -0.0081526 -0.00899118 -0.00933044 -0.00916989 -0.00850612 -0.00733288 -0.00564107
 -0.00236303  -0.00421445  -0.00556162  -0.00640938  -0.00675978  -0.00661214  -0.00596287   -0.0048055  -0.00313072 -0.000972492
  -0.0018522  -0.00319872  -0.00404415  -0.00439066  -0.00423758  -0.00358152  -0.00241611 -0.000732274    0.0014359   0.00344787
 -0.00134733  -0.00219211  -0.00253621   -0.0023791  -0.00171739 -0.000544918   0.00114728   0.00332492    0.0053475   0.00722783
-0.000845549  -0.00118888  -0.00102915 -0.000363107  0.000815411   0.00251516   0.00470176    0.0067348   0.00862654    0.0103902
-0.000343995 -0.000183315  0.000485631   0.00166885   0.00337511   0.00556984     0.007613   0.00951599    0.0112919    0.0129535
0.000159915 0.000829768  0.00201591  0.00372698  0.00597382  0.00835122   0.0105899   0.0127028   0.0147025   0.0166014
0.000669393   0.0018568  0.00357121  0.00582333  0.00820881   0.0104572   0.0125813   0.0145935   0.0165061   0.0183309
0.00118721 0.00290315 0.00515893 0.00755088 0.00980772  0.0119419  0.0139657  0.0158912  0.0177301  0.0194937
0.00171625 0.00397416 0.00637134 0.00863548   0.010779  0.0128141  0.0147525  0.0166058  0.0183849  0.0201005
0.00225939 0.00466113 0.00693287 0.00908682  0.0111351  0.0130892  0.0149604  0.0167594  0.0184965  0.0201818
0.00240457 0.00468225 0.00684581 0.00890726   0.010878   0.012769  0.0145905  0.0163526  0.0180649  0.0197367
0.00227765 0.00444124 0.00650283 0.00847383  0.0103651  0.0121871  0.0139498  0.0156627  0.0173352  0.0189765
0.00216358 0.00422528 0.00619655 0.00808826 0.00991081  0.0116742  0.0133879  0.0150614  0.0167037  0.0183237
 0.0020617  0.0040331 0.00592513 0.00774816 0.00951218  0.0112268  0.0129012  0.0145446  0.0161658  0.0177736
0.00197141 0.00386361 0.00568702  0.0074516 0.00916695  0.0108424  0.0124869  0.0141094  0.0157185   0.017323
0.00189221 0.00371582 0.00548083 0.00719684 0.00887313  0.0105187  0.0121425  0.0137531  0.0153592  0.0169694
0.00182363 0.00358888 0.00530537  0.0069824 0.00862898  0.0102539   0.011866  0.0134737  0.0150857  0.0167105
0.00176528 0.00348204 0.00515961 0.00680702 0.00843307  0.0100464  0.0116557  0.0132695  0.0148963  0.0165448
 0.0017168 0.00339467 0.00504268 0.00666965 0.00828423 0.00989499  0.0115105  0.0131392  0.0147899  0.0164712
0.00167792 0.00332625 0.00495389 0.00656947 0.00818155 0.00979865  0.0114293  0.0130821  0.0147657  0.0164892
0.00164839 0.00327638  0.0048927 0.00650587 0.00812441 0.00975681  0.0114117  0.0130976  0.0148237  0.0165988
0.00162806 0.00324477 0.00485876 0.00647851 0.00811251 0.00976931  0.0114576  0.0131862  0.0149641  0.0168009
0.00161679 0.00323121 0.00485184 0.00648715 0.00814568 0.00983605  0.0115671  0.0133478  0.0151876   0.017096
 0.0016145  0.0032356 0.00487186 0.00653179 0.00822402 0.00995732  0.0117407  0.0135834  0.0154951  0.0174858
0.00162118 0.00325794 0.00491889 0.00661262 0.00834792  0.0101337  0.0119793  0.0138941  0.0158884  0.0179723
0.00163684 0.00329832 0.00499315 0.00673005 0.00851798  0.0103661   0.012284  0.0142816  0.0163693   0.018558
0.00166157 0.00335696 0.00509502 0.00688467 0.00873509  0.0106558  0.0126566  0.0147479  0.0169405   0.019246
0.00169548 0.00343414 0.00522502 0.00707727 0.00900038  0.0110042  0.0130989  0.0152954  0.0176051    0.02004
0.00173875 0.00353026 0.00538383 0.00730888 0.00931524  0.0114131  0.0136133  0.0159271  0.0183665  0.0209444
 0.0017916 0.00364584 0.00557228 0.00758071 0.00968134  0.0118848  0.0142025  0.0166463   0.019229  0.0219641
0.00185432 0.00378146 0.00579136 0.00789417  0.0101006  0.0124218  0.0148697  0.0174571  0.0201972  0.0231037
0.00192723 0.00393787 0.00604223 0.00825093  0.0105752  0.0130269  0.0156186  0.0183636  0.0212754  0.0239076
0.00201076 0.00411593  0.0063263 0.00865303   0.011108  0.0137037  0.0164533  0.0193703  0.0220075  0.0240723
0.00210536 0.00431665 0.00664522 0.00910283   0.011702   0.014456   0.017378    0.02002  0.0220902  0.0235971
0.00221158  0.0045412 0.00700083 0.00960296  0.0123607  0.0152873   0.017934  0.0200094  0.0215221  0.0224782
0.00233003 0.00479087 0.00739519  0.0101561  0.0130867  0.0157375  0.0178179  0.0193363  0.0202985  0.0207078
0.00246139 0.00506705 0.00783024  0.0107641  0.0134185  0.0155032  0.0170266  0.0179946  0.0184102  0.0182735
0.00260639 0.00537105  0.0083073  0.0109646   0.013053  0.0145809   0.015554  0.0159753  0.0158449  0.0151595
0.00276576 0.00570393 0.00836402  0.0104561  0.0119886  0.0129671  0.0133946  0.0132709  0.0125928  0.0113541
0.00294031 0.00560425 0.00770188  0.0092414  0.0102285  0.0106659  0.0105534 0.00988762 0.00866207  0.0068671
0.00266769 0.00477095 0.00631827 0.00731539 0.00776492 0.00766651 0.00701655 0.00580832 0.00403195 0.00220296
  0.00210408   0.00365066   0.00464519   0.00509044   0.00498604   0.00432862   0.00311157   0.00132525 -0.000514674  -0.00218587
   0.0015474   0.00254115    0.0029837   0.00287484   0.00221119  0.000986366 -0.000809143  -0.00265945  -0.00434227   -0.0058714
 0.000994482   0.00143609   0.00132427  0.000655797 -0.000575718  -0.00237955  -0.00423967    -0.005934  -0.00747563  -0.00887873
 0.000442168  0.000329156 -0.000342615  -0.00157939  -0.00339044  -0.00525956  -0.00696499  -0.00851899  -0.00993553   -0.0112285
-0.000111604 -0.000783874  -0.00202343   -0.0038394  -0.00624338   -0.0087924   -0.0111916   -0.0134548   -0.0155955   -0.0176273
-0.000671673  -0.00191251  -0.00373203  -0.00614167  -0.00869951   -0.0111093   -0.0133847   -0.0155391   -0.0175857   -0.0195372
-0.00124052 -0.00306161 -0.00547512 -0.00804003   -0.010459  -0.0127454  -0.0149125  -0.0169732    -0.01894  -0.0208251
-0.00182131 -0.00423705 -0.00680767 -0.00923463  -0.0115313  -0.0137106  -0.0157854  -0.0177678  -0.0196698  -0.0215028
-0.00241724 -0.00499285 -0.00742813 -0.00973614  -0.0119299  -0.0140218  -0.0160238  -0.0179475  -0.0198039  -0.0216037
-0.00257872  -0.0050205 -0.00733901 -0.00954716  -0.0116572  -0.0136808  -0.0156291  -0.0175127   -0.019342   -0.021127
-0.00244177 -0.00476034 -0.00696865 -0.00907895  -0.0111029  -0.0130516  -0.0149358  -0.0167658  -0.0185514  -0.0203026
-0.00231859 -0.00452703 -0.00663762 -0.00866199  -0.0106113  -0.0124962   -0.014327  -0.0161137  -0.0178659  -0.0195932
-0.00220847 -0.00431921 -0.00634393 -0.00829375  -0.0101794   -0.012011  -0.0137987  -0.0155521  -0.0172806  -0.0189936
-0.00211078 -0.00413569 -0.00608592 -0.00797212  -0.0098046  -0.0115933  -0.0133478  -0.0150776  -0.0167921  -0.0185005
-0.00202495  -0.0039754 -0.00586207 -0.00769523 -0.00948481  -0.0112405  -0.0129716  -0.0146876  -0.0163977  -0.0181109
-0.00195049 -0.00383742  -0.0056711 -0.00746145 -0.00921814  -0.0109506  -0.0126681  -0.0143797  -0.0160948  -0.0178224
-0.00188697 -0.00372094 -0.00551188 -0.00726942 -0.00900301  -0.0107219  -0.0124352  -0.0141521  -0.0158818  -0.0176333
-0.00183402 -0.00362527 -0.00538347 -0.00711801 -0.00883815   -0.010553  -0.0122717  -0.0140034  -0.0157572  -0.0175425
-0.00179132 -0.00354986 -0.00528511  -0.0070063 -0.00872256   -0.010443  -0.0121766  -0.0139326  -0.0157203  -0.0175492
-0.00175861 -0.00349424 -0.00521621 -0.00693361 -0.00865554   -0.010391  -0.0121492  -0.0139393  -0.0157708  -0.0176534
-0.00173571  -0.0034581 -0.00517637 -0.00689956 -0.00863673   -0.010397  -0.0121895  -0.0140237  -0.0159092   -0.017856
-0.00172248 -0.00344121 -0.00516533 -0.00690386  -0.0086659  -0.0104606  -0.0122974  -0.0141858  -0.0161357  -0.0181575
-0.00171882 -0.00344343 -0.00518296 -0.00694646 -0.00874313  -0.0105823  -0.0124734  -0.0144265  -0.0164517  -0.0185595
 -0.0017247 -0.00346475 -0.00522932 -0.00702756 -0.00886878  -0.0107625  -0.0127185   -0.014747  -0.0168585  -0.0190642
-0.00174014 -0.00350526 -0.00530464 -0.00714754 -0.00904349  -0.0110022  -0.0130339   -0.015149  -0.0173585   -0.019674
-0.00176521 -0.00356518 -0.00540929 -0.00730703 -0.00926816  -0.0113027  -0.0134212  -0.0156345  -0.0179542  -0.0203924
-0.00180005 -0.00364479 -0.00554382 -0.00750685 -0.00954395  -0.0116655  -0.0138825  -0.0162062  -0.0186488  -0.0212231
-0.00184482  -0.0037445  -0.0057089 -0.00774802  -0.0098723  -0.0120925  -0.0144201   -0.016867  -0.0194461  -0.0221707
-0.00189976 -0.00386484 -0.00590541 -0.00803183  -0.0102549   -0.012586   -0.015037  -0.0176206  -0.0203503  -0.0232403
-0.00196515 -0.00400644 -0.00613438 -0.00835975  -0.0106939  -0.0131486  -0.0157365  -0.0184711  -0.0213664  -0.0244368
-0.00204136 -0.00417006 -0.00639704 -0.00873354  -0.0111915  -0.0137833  -0.0165224  -0.0194229  -0.0224989  -0.0252812
-0.00212881 -0.00435662 -0.00669486 -0.00915534  -0.0117506  -0.0144939  -0.0173992  -0.0204807  -0.0232684  -0.0254543
-0.00222798 -0.00456716 -0.00702954 -0.00962759  -0.0123746  -0.0152844  -0.0183711  -0.0211639  -0.0233556  -0.0249553
-0.00233944  -0.0048029 -0.00740304  -0.0101531  -0.0130668  -0.0161584  -0.0189561  -0.0211534  -0.0227593  -0.0237802
-0.00246384  -0.0050652 -0.00781748  -0.0107345  -0.0138303  -0.0166325   -0.018835  -0.0204469  -0.0214744  -0.0219209
-0.00260188 -0.00535551 -0.00827493   -0.011374    -0.01418  -0.0163872  -0.0180044   -0.019038  -0.0194913  -0.0193643
-0.00275432 -0.00567521 -0.00877675  -0.0115858   -0.013797  -0.0154189  -0.0164579  -0.0169172  -0.0167969  -0.0160939
-0.00292195 -0.00602541 -0.00883752  -0.0110526  -0.0126794  -0.0137241  -0.0141899  -0.0140767  -0.0133813  -0.0120973
 -0.0031056 -0.00592178 -0.00814263 -0.00977688  -0.0108306  -0.0113069  -0.0112055   -0.010523 -0.00925286 -0.00738489
-0.00282015 -0.00504694 -0.00668941 -0.00775371  -0.0082427 -0.00815613 -0.00749035 -0.00623839 -0.00439001 -0.00212634
-0.00222768 -0.00386939 -0.00493099 -0.00541551 -0.00532267 -0.00464907 -0.00338787 -0.00152908 0.000745964  0.00284236
-0.00164262 -0.00270343 -0.00318514 -0.00308764 -0.00240753  -0.0011382 0.000730207  0.00301615  0.00512464  0.00707016
 -0.00106164   -0.0015424  -0.00144184 -0.000756702  0.000519608    0.0023967   0.00469286   0.00681329   0.00877182    0.0105832
 -0.00048143 -0.000379685  0.000308861   0.00159063   0.00347526   0.00578071   0.00791265     0.009884    0.0117093     0.013403
9.92747e-05 0.000786552  0.00206866  0.00395504  0.00645776  0.00911095   0.0116053    0.013955   0.0161743   0.0182771
0.000686711  0.00197021  0.00386035  0.00636904   0.0090314   0.0115367   0.0138992   0.0161328   0.0182511   0.0202673
0.00128322 0.00317506 0.00568784 0.00835753  0.0108724  0.0132463  0.0154931  0.0176261  0.0196584  0.0216024
0.00189212 0.00440727 0.00708288 0.00960604  0.0119906  0.0142502  0.0163979  0.0184464  0.0204082  0.0222949
0.00251675 0.00519757  0.0077294  0.0101259  0.0124005   0.014566  0.0166351  0.0186194  0.0205307  0.0223798
0.00268411 0.00522278 0.00763024  0.0099199  0.0121045  0.0141961  0.0162062   0.018146  0.0200259  0.0218563
0.00253869 0.00494621 0.00723602 0.00942083  0.0115127  0.0135232  0.0154634  0.0173439   0.019175  0.0209665
0.00240759 0.00469756 0.00688265 0.00897497   0.010986  0.0129269  0.0148082  0.0166401  0.0184327  0.0201956
0.00229004 0.00447532 0.00656799 0.00857956  0.0105211  0.0124031   0.014236  0.0160297  0.0177938   0.019538
0.00218532 0.00427816 0.00629012  0.0082322   0.010115  0.0119488  0.0137436  0.0155089  0.0172545  0.0189896
 0.0020929 0.00410508 0.00604761  0.0079311 0.00976578  0.0115616  0.0133282  0.0150751  0.0168118  0.0185475
0.00201224 0.00395503 0.00583903 0.00767446 0.00947125  0.0112391  0.0129874  0.0147257  0.0164631  0.0182091
0.00194283 0.00382708 0.00566306 0.00746067 0.00922958  0.0109793  0.0127191  0.0144583  0.0162062  0.0179722
0.00188429 0.00372056 0.00551877 0.00728858 0.00903946  0.0107807  0.0125217  0.0142716  0.0160397  0.0178354
 0.0018363 0.00363483 0.00540531 0.00715718 0.00889978  0.0106423  0.0123941  0.0141643  0.0159625   0.017798
0.00179858 0.00356941 0.00532202  0.0070657 0.00880972  0.0105632  0.0123355   0.014136   0.015974  0.0178595
 0.0017709 0.00352392 0.00526844 0.00701366 0.00876881  0.0105431  0.0123458  0.0141864  0.0160747  0.0180206
0.00175311 0.00349807 0.00524421 0.00700067 0.00877669  0.0105815  0.0124247  0.0143157  0.0162647  0.0182817
0.00174507  0.0034917 0.00524914 0.00702659 0.00883333  0.0106787  0.0125725  0.0145244  0.0165448  0.0186442
0.00174674 0.00350472 0.00528322  0.0070915 0.00893895  0.0108351  0.0127899  0.0148135  0.0169165  0.0191098
 0.0017581 0.00353717 0.00534658 0.00719568 0.00909405  0.0110515  0.0130782  0.0151845  0.0173816  0.0196809
 0.0017792 0.00358921 0.00543951 0.00733965 0.00929943  0.0113289  0.0134386  0.0156394  0.0179427  0.0203607
0.00181014 0.00366109 0.00556251 0.00752416 0.00955613  0.0116688  0.0138731  0.0161804  0.0186027  0.0211527
0.00185108 0.00375317 0.00571619 0.00775016  0.0098655   0.012073   0.014384  0.0168105  0.0193651  0.0220613
0.00190222 0.00386594 0.00590135 0.00801881  0.0102291  0.0125436   0.014974  0.0175331  0.0202341  0.0230912
0.00196383 0.00399997 0.00611895 0.00833151  0.0106489   0.013083  0.0156463  0.0183521  0.0212144  0.0242473
0.00203625 0.00415598 0.00637013  0.0086899  0.0111271  0.0136942  0.0164044  0.0192717  0.0223101  0.0250584
0.00211987 0.00433485 0.00665633 0.00909606  0.0116665  0.0143808  0.0172528  0.0202966  0.0230502  0.0252107
0.00221517 0.00453758 0.00697919 0.00955236  0.0122703  0.0151467  0.0181956  0.0209542  0.0231204  0.0247032
 0.0023227 0.00476537  0.0073406  0.0100615  0.0129418  0.0159954  0.0187588  0.0209305  0.0225194  0.0235318
0.00244307 0.00501951 0.00774263  0.0106261  0.0136838  0.0164517  0.0186285  0.0202232  0.0212421  0.0216885
0.00257697 0.00530142 0.00818724  0.0112482  0.0140198  0.0162012  0.0178012  0.0188261   0.019279  0.0191604
0.00272523 0.00561259 0.00867604  0.0114507  0.0136359  0.0152406  0.0162707  0.0167296  0.0166174  0.0159311
0.00288849 0.00595389 0.00873149  0.0109206    0.01253  0.0135657  0.0140309  0.0139257  0.0132469  0.0119881
0.00306753 0.00584912 0.00804393  0.0096606  0.0107052  0.0111807  0.0110871   0.010421 0.00917579 0.00734171
0.00278551 0.00498616 0.00661092 0.00766589 0.00815394 0.00807487 0.00742511 0.00619784 0.00438299 0.00196789
  0.00220155   0.00382559   0.00487792   0.00536157   0.00527633   0.00461887   0.00338249   0.00155738 -0.000868957  -0.00324585
  0.00162497   0.00267657   0.00315751   0.00306772   0.00240387   0.00115952 -0.000675046  -0.00311205  -0.00550087  -0.00773067
   0.0010525   0.00153259   0.00143986  0.000771151 -0.000480015  -0.00232307  -0.00477014  -0.00717071  -0.00941333   -0.0115125
 0.000480883  0.000387119 -0.000284827  -0.00154126  -0.00339163  -0.00584778  -0.00825969   -0.0105149   -0.0126279   -0.0146127
-9.06981e-05 -0.000762406   -0.0020218  -0.00387816  -0.00634331  -0.00895794   -0.0114176   -0.0137364   -0.0159282   -0.0180069
-0.000671214  -0.00193204  -0.00379216  -0.00626326  -0.00888697   -0.0113575   -0.0136889   -0.0158948   -0.0179888   -0.0199838
-0.00126061 -0.00312245 -0.00559764 -0.00822863  -0.0107087  -0.0130514  -0.0152704  -0.0173788  -0.0193897  -0.0213153
-0.00186216 -0.00433972 -0.00697662 -0.00946488  -0.0118182  -0.0140498  -0.0161728  -0.0181997  -0.0201428  -0.0220136
-0.00247917 -0.00512127 -0.00761813 -0.00998315  -0.0122297  -0.0143704  -0.0164175  -0.0183829  -0.0202779  -0.0221134
-0.00264541 -0.00514905 -0.00752497 -0.00978638  -0.0119458  -0.0140153  -0.0160061  -0.0179292  -0.0197952  -0.0216141
-0.00250371 -0.00487973 -0.00714134 -0.00930107  -0.0113709  -0.0133621  -0.0152858  -0.0171524   -0.018972  -0.0207547
-0.00237612 -0.00463792 -0.00679799 -0.00886826  -0.0108601  -0.0127845  -0.0146519  -0.0164726  -0.0182563  -0.0200128
-0.00226192 -0.00442223  -0.0064929 -0.00848534  -0.0104104  -0.0122787  -0.0141004  -0.0158853   -0.017643  -0.0193832
 -0.0021604 -0.00423132 -0.00622421 -0.00814996  -0.0100191  -0.0118417  -0.0136278  -0.0153869  -0.0171285   -0.018862
-0.00207102 -0.00406417 -0.00599042 -0.00786027 -0.00968386   -0.011471  -0.0132314  -0.0149745  -0.0167097  -0.0184462
-0.00199326 -0.00391983 -0.00579024 -0.00761465 -0.00940289  -0.0111646  -0.0129092   -0.014646  -0.0163844  -0.0181336
-0.00192667 -0.00379742 -0.00562244 -0.00741158 -0.00917444  -0.0109204  -0.0126589  -0.0143991  -0.0161504   -0.017922
-0.00187082 -0.00369618 -0.00548598 -0.00724981 -0.00899709  -0.0107371  -0.0124791  -0.0142324  -0.0160063  -0.0178101
-0.00182544 -0.00361561 -0.00538017 -0.00712851 -0.00886994  -0.0106137  -0.0123689   -0.014145  -0.0159513  -0.0177974
-0.00179026 -0.00355522 -0.00530436 -0.00704695  -0.0087922  -0.0105493  -0.0123275  -0.0141362   -0.015985  -0.0178836
-0.00176507 -0.00351467 -0.00525815 -0.00700469 -0.00876349  -0.0105438  -0.0123549  -0.0142063  -0.0161078  -0.0180694
-0.00174974 -0.00349372 -0.00524124 -0.00700144 -0.00878356  -0.0105969  -0.0124509  -0.0143553    -0.01632  -0.0183555
-0.00174415 -0.00349223 -0.00525349 -0.00703713 -0.00885244  -0.0107088   -0.012616  -0.0145839  -0.0166228  -0.0187434
-0.00174827 -0.00351015 -0.00529494 -0.00711189 -0.00897044  -0.0108802  -0.0128511  -0.0148933  -0.0170176  -0.0192351
 -0.0017621 -0.00354755 -0.00536574 -0.00722606 -0.00913811  -0.0111118  -0.0131572  -0.0152851  -0.0175065   -0.019833
-0.00178568 -0.00360459 -0.00546623 -0.00738018 -0.00935629  -0.0114047   -0.013536  -0.0157612  -0.0180919  -0.0205402
-0.00181915 -0.00368155 -0.00559692 -0.00757505  -0.0096261  -0.0117606  -0.0139894  -0.0163242   -0.018777  -0.0213608
-0.00186265 -0.00377882 -0.00575846 -0.00781166 -0.00994893  -0.0121812  -0.0145198   -0.016977  -0.0195655  -0.0222989
-0.00191642  -0.0038969 -0.00595169 -0.00809124  -0.0103265  -0.0126687    -0.01513  -0.0177231  -0.0204616  -0.0233598
-0.00198073  -0.0040364 -0.00617762 -0.00841524  -0.0107606  -0.0132258  -0.0158233  -0.0185667  -0.0214702  -0.0245481
-0.00205592 -0.00419806 -0.00643743 -0.00878536  -0.0112538  -0.0138553  -0.0166034   -0.019512  -0.0225956  -0.0253851
-0.00214242 -0.00438279 -0.00673262 -0.00920376  -0.0118088  -0.0145611  -0.0174748  -0.0205639  -0.0233587  -0.0255515
-0.00224073 -0.00459166 -0.00706487 -0.00967288   -0.012429  -0.0153472  -0.0184417  -0.0212417  -0.0234403  -0.0250466
 -0.0023514 -0.00482587 -0.00743614  -0.0101955  -0.0131178  -0.0162172  -0.0190221  -0.0212263  -0.0228389  -0.0238663
-0.00247508 -0.00508679 -0.00784859  -0.0107744  -0.0138781  -0.0166874  -0.0188969  -0.0205154  -0.0215494  -0.0220023
-0.00261254 -0.00537598  -0.0083044  -0.0114117  -0.0142248  -0.0164389  -0.0180628  -0.0191029  -0.0195625  -0.0194417
-0.00276442 -0.00569459 -0.00880464  -0.0116208  -0.0138387  -0.0154674  -0.0165129  -0.0169786  -0.0168645  -0.0161675
-0.00293148 -0.00604369 -0.00886276  -0.0110846  -0.0127181  -0.0137694  -0.0142415  -0.0141345  -0.0134453  -0.0121673
-0.00311456 -0.00593764 -0.00816529 -0.00980621  -0.0108665  -0.0113491   -0.011254  -0.0105777 -0.00931359 -0.00745159
-0.00282698 -0.00506054 -0.00670969 -0.00778056   -0.008276 -0.00819576 -0.00753618 -0.00629031 -0.00444793  -0.0019962
-0.00223442 -0.00388282 -0.00495103 -0.00544206 -0.00535562  -0.0046883 -0.00343328 -0.00158057 0.000882509  0.00325412
-0.00164934 -0.00271682 -0.00320513 -0.00311414 -0.00244042 -0.00117739 0.000684825  0.00315864  0.00554236  0.00776333
-0.00106841  -0.0015559   -0.001462 -0.00078343 0.000486416  0.00235715  0.00484107  0.00723675  0.00947073   0.0115577
-0.000488342 -0.000393469  0.000288278   0.00156335   0.00344138    0.0059344   0.00834163    0.0105884    0.0126894     0.014659
9.24917e-05 0.000773608  0.00205021  0.00393178   0.0064304  0.00908061   0.0115721    0.013919   0.0161358   0.0182362
0.000680477  0.00195838  0.00384362  0.00634809  0.00900756   0.0115101   0.0138699   0.0161009   0.0182169   0.0202309
0.00127754 0.00316435  0.0056728 0.00833972  0.0108519  0.0132233  0.0154676  0.0175982  0.0196283  0.0215703
  0.001887 0.00439771 0.00707068 0.00959127  0.0119734  0.0142305  0.0163759  0.0184223   0.020382  0.0222668
0.00251224 0.00519053 0.00771989  0.0101139  0.0123862  0.0145496  0.0166165  0.0185988  0.0205082  0.0223555
0.00268167 0.00521794 0.00762306 0.00991047  0.0120929  0.0141824  0.0161906  0.0181285  0.0200066  0.0218354
0.00253637 0.00494163 0.00722925 0.00941195  0.0115018  0.0135104  0.0154488  0.0173275   0.019157   0.020947
0.00240539 0.00469323 0.00687627 0.00896661  0.0109758  0.0129149  0.0147944  0.0166248  0.0184158  0.0201773
0.00228798 0.00447127 0.00656202 0.00857176  0.0105115  0.0123919  0.0142233  0.0160154  0.0177781   0.019521
0.00218342 0.00427443 0.00628462 0.00822502  0.0101062  0.0119385  0.0137318  0.0154958    0.01724  0.0189739
0.00209113 0.00410159 0.00604249 0.00792442 0.00975761   0.011552  0.0133173  0.0150629  0.0167984   0.018533
0.00201058 0.00395179 0.00583427 0.00766825 0.00946366  0.0112302  0.0129773  0.0147143  0.0164507  0.0181956
0.00194133 0.00382414 0.00565874 0.00745503 0.00922268  0.0109712  0.0127098   0.014448  0.0161949  0.0179599
0.00188295 0.00371791 0.00551488  0.0072835 0.00903325  0.0107734  0.0125133  0.0142622  0.0160294  0.0178242
0.00183511 0.00363248 0.00540184 0.00715265 0.00889422  0.0106358  0.0123866  0.0141559  0.0159532  0.0177878
0.00179752 0.00356732 0.00531894 0.00706168 0.00880477  0.0105574  0.0123288  0.0141284  0.0159657  0.0178503
0.00176997 0.00352207 0.00526571 0.00701009 0.00876441  0.0105379  0.0123398  0.0141797  0.0160672  0.0180122
0.00175228 0.00349645  0.0052418 0.00699752  0.0087728  0.0105769  0.0124193  0.0143096  0.0162578   0.018274
0.00174435 0.00349027 0.00524703 0.00702381 0.00882989  0.0106746  0.0125677  0.0145189  0.0165385   0.018637
0.00174611 0.00350348 0.00528139 0.00708907 0.00893592  0.0108315  0.0127856  0.0148085  0.0169106   0.019103
0.00175757 0.00353613 0.00534502  0.0071936 0.00909142  0.0110483  0.0130742  0.0151798  0.0173761  0.0196744
0.00177877 0.00358835 0.00543819 0.00733783 0.00929704  0.0113259  0.0134348  0.0156347   0.017937  0.0203538
 0.0018098 0.00366037 0.00556137 0.00752251 0.00955388  0.0116658  0.0138693  0.0161755  0.0185966  0.0211452
 0.0018508 0.00375256 0.00571515 0.00774857 0.00986324  0.0120699  0.0143799  0.0168052  0.0193584   0.022053
0.00190198 0.00386537 0.00590033 0.00801718  0.0102267  0.0125402  0.0149695  0.0175271  0.0202266  0.0230818
0.00196362 0.00399941 0.00611787 0.00832973  0.0106462  0.0130792  0.0156411  0.0183453  0.0212057  0.0242365
0.00203603 0.00415538 0.00636895 0.00868793  0.0111241  0.0136899  0.0163986  0.0192641  0.0223004  0.0250463
0.00211962 0.00433415 0.00665497 0.00909379  0.0116631  0.0143759  0.0172462  0.0202879   0.023039   0.025197
0.00221486 0.00453675 0.00697757 0.00954968  0.0122663   0.015141  0.0181879  0.0209441  0.0231077  0.0246876
0.00232232 0.00476435 0.00733867  0.0100583  0.0129371  0.0159888  0.0187498  0.0209188  0.0225049  0.0235143
0.00244259 0.00501826  0.0077403  0.0106224  0.0136783  0.0164436  0.0186178  0.0202097  0.0212255  0.0216687
0.00257636 0.00529988 0.00818445  0.0112438  0.0140128  0.0161915  0.0177887  0.0188105  0.0192601  0.0191379
0.00272442 0.00561063 0.00867256  0.0114446  0.0136271  0.0152289   0.016256  0.0167116  0.0165958  0.0159055
 0.0028875 0.00595154 0.00872643  0.0109128  0.0125193   0.013552  0.0140139  0.0139051  0.0132224  0.0119594
0.00306633 0.00584515 0.00803718 0.00965097  0.0106925  0.0111647  0.0110675  0.0103975 0.00914808 0.00730934
0.00278267  0.0049805 0.00660236 0.00765428 0.00813906 0.00805644  0.0074028 0.00617127 0.00435175 0.00193156
  0.00219867   0.00381977   0.00486905   0.00534943   0.00526066   0.00459933   0.00335872   0.00152895 -0.000902492  -0.00318497
  0.00162201   0.00267053   0.00314821    0.0030549   0.00238721   0.00113863 -0.000700578  -0.00314268  -0.00543714  -0.00757311
  0.00104941   0.00152624      0.00143  0.000757468 -0.000497897  -0.00234558  -0.00479773  -0.00710402  -0.00925287   -0.0112588
 0.000477629  0.000380388 -0.000295341  -0.00155593  -0.00341088  -0.00587209   -0.0081898   -0.0103514   -0.0123712   -0.0142635
-9.78342e-05  -0.00077619  -0.00204185  -0.00390417  -0.00637507  -0.00899659   -0.0114636   -0.0137902   -0.0159906   -0.0180784
-0.000677735  -0.00194469  -0.00381066  -0.00628738  -0.00891805    -0.011396   -0.0137353   -0.0159498   -0.0180529   -0.0200579
-0.00126661 -0.00313416 -0.00561484 -0.00825285  -0.0107404  -0.0130911  -0.0153186  -0.0174364  -0.0194572  -0.0213934
-0.00186776  -0.0043507 -0.00699466 -0.00949043  -0.0118518   -0.014092  -0.0162243  -0.0182613  -0.0202151  -0.0220975
-0.00248448 -0.00513364 -0.00763804  -0.0100111  -0.0122664  -0.0144164  -0.0164736  -0.0184498  -0.0203565  -0.0222046
-0.00265244 -0.00516361 -0.00754761 -0.00981772  -0.0119866  -0.0140661  -0.0160678  -0.0180026  -0.0198812  -0.0217138
-0.00251124 -0.00489536 -0.00716569 -0.00933482  -0.0114148   -0.013417  -0.0153524  -0.0172317   -0.019065  -0.0208624
-0.00238421 -0.00465474 -0.00682422 -0.00890465  -0.0109075  -0.0128437  -0.0147239  -0.0165582  -0.0183568  -0.0201292
-0.00227059 -0.00444028  -0.0065211  -0.0085245  -0.0104615  -0.0123425   -0.014178  -0.0159777  -0.0177515  -0.0195088
-0.00216975  -0.0042508 -0.00625465 -0.00819225  -0.0100742  -0.0119107  -0.0137116  -0.0154867  -0.0172456  -0.0189977
-0.00208112 -0.00408522 -0.00602333   -0.007906 -0.00974344  -0.0115456  -0.0133221  -0.0150825  -0.0168363  -0.0185929
-0.00200417 -0.00394257 -0.00582581 -0.00766407 -0.00946729  -0.0112451  -0.0130071  -0.0147626  -0.0165211  -0.0182919
-0.00193848 -0.00382204 -0.00566094 -0.00746507 -0.00924412  -0.0110076  -0.0127648  -0.0145252  -0.0162981  -0.0180929
-0.00188365  -0.0037229 -0.00552774  -0.0073078 -0.00907258  -0.0108315  -0.0125937  -0.0143687  -0.0161659  -0.0179947
-0.00183936 -0.00364458 -0.00542541 -0.00719131 -0.00895165  -0.0107157  -0.0124928  -0.0142922  -0.0161236  -0.0179965
-0.00180534  -0.0035866 -0.00535334 -0.00711489 -0.00888055  -0.0106596  -0.0124613  -0.0142952  -0.0161708  -0.0180982
-0.00178139  -0.0035486 -0.00531106 -0.00707803 -0.00885879  -0.0106626  -0.0124989  -0.0143773  -0.0163077  -0.0183001
-0.00176734 -0.00353032 -0.00529828 -0.00708045 -0.00888614  -0.0107247  -0.0126058  -0.0145391  -0.0165347  -0.0186031
-0.00176311 -0.00353162 -0.00531486 -0.00712209 -0.00896268  -0.0108462  -0.0127823  -0.0147811   -0.016853  -0.0190089
-0.00176865 -0.00355248 -0.00536084 -0.00720309 -0.00908874  -0.0110275  -0.0130294  -0.0151047  -0.0172643  -0.0195194
-0.00178398 -0.00359297 -0.00543643 -0.00732385 -0.00926492  -0.0112696  -0.0133482  -0.0155114  -0.0177706  -0.0201373
-0.00180915 -0.00365328 -0.00554199 -0.00748495  -0.0094921  -0.0115737  -0.0137404  -0.0160035  -0.0183745  -0.0208659
 -0.0018443 -0.00373371 -0.00567805 -0.00768721 -0.00977146  -0.0119414  -0.0142081  -0.0165833  -0.0190793  -0.0217091
-0.00188959 -0.00383467 -0.00584531 -0.00793169  -0.0101044  -0.0123746  -0.0147538  -0.0172542  -0.0198888  -0.0226715
-0.00194526 -0.00395668 -0.00604462 -0.00821965  -0.0104928  -0.0128756  -0.0153802  -0.0180196  -0.0208074  -0.0237583
-0.00201159 -0.00410036 -0.00627704 -0.00855259  -0.0109386   -0.013447  -0.0160909  -0.0188837    -0.02184  -0.0249744
-0.00208895  -0.0042665 -0.00654381 -0.00893234  -0.0114442  -0.0140921  -0.0168897  -0.0198514  -0.0229916  -0.0258415
-0.00217777 -0.00445603 -0.00684644 -0.00936103  -0.0120126  -0.0148146  -0.0177813  -0.0209272  -0.0237828  -0.0260404
-0.00227854 -0.00467003 -0.00718667 -0.00984118  -0.0126471  -0.0156185  -0.0187699  -0.0216309  -0.0238946  -0.0255704
-0.00239186 -0.00490972 -0.00756649  -0.0103756  -0.0133512  -0.0165076  -0.0193738  -0.0216433  -0.0233257  -0.0244276
-0.00251846 -0.00517669 -0.00798833  -0.0109675  -0.0141284  -0.0169992  -0.0192743  -0.0209628  -0.0220716  -0.0226043
-0.00265901 -0.00547227 -0.00845409  -0.0116186  -0.0144935  -0.0167734  -0.0184676  -0.0195827  -0.0201225  -0.0200874
-0.00281419 -0.00579774 -0.00896501   -0.011843  -0.0141271  -0.0158263  -0.0169471  -0.0174932  -0.0174651  -0.0168602
 -0.0029848  -0.0061542 -0.00903533  -0.0113234  -0.0130277  -0.0141544  -0.0147073  -0.0146867  -0.0140898  -0.0129105
-0.00317165 -0.00605685 -0.00835085  -0.0100626  -0.0111987  -0.0117622  -0.0117537    -0.01117  -0.0100049 -0.00824901
-0.00288911 -0.00518904 -0.00690913 -0.00805584 -0.00863239  -0.0086389 -0.00807215 -0.00692565 -0.00518965 -0.00285184
-0.00230075 -0.00402008 -0.00516418 -0.00573639 -0.00573684 -0.00516254  -0.0040071 -0.00226104 8.77987e-05  0.00227458
-0.00172019 -0.00286353 -0.00343305 -0.00342903 -0.00284845 -0.00168518 7.01601e-05  0.00242947  0.00462793  0.00665487
-0.00114416 -0.00171281 -0.00170587 -0.00112049 4.94821e-05  0.00181319  0.00418239   0.0063924   0.0084319    0.010315
 -0.00056937 -0.000561371  2.72177e-05    0.0012024   0.00297331   0.00535148   0.00757264   0.00962456    0.0115211     0.013276
5.91644e-06 0.000593963  0.00177053  0.00354461  0.00592775  0.00845326   0.0108111    0.013015   0.0150784   0.0170144
0.000587555  0.00176553  0.00354331  0.00593228  0.00846672   0.0108353   0.0130516   0.0151288   0.0170798    0.018917
0.00117777 0.00295725 0.00535025 0.00789184  0.0102697  0.0124971  0.0145871  0.0165524  0.0184051  0.0201569
0.00177984 0.00417521 0.00672262 0.00910859  0.0113464  0.0134488  0.0154283  0.0172968  0.0190658  0.0207461
0.00239705 0.00494963 0.00734414 0.00959356  0.0117107  0.0137078  0.0155963  0.0173874  0.0190916  0.0207188
0.00255587 0.00495713 0.00721738 0.00934936   0.011365  0.0132757  0.0150921  0.0168242  0.0184817  0.0200738
0.00240126 0.00466148  0.0067934 0.00880902  0.0107196  0.0125359   0.014268  0.0159254  0.0175174  0.0190527
0.00226023 0.00439219 0.00640787 0.00831858   0.010135  0.0118672  0.0135249  0.0151171  0.0166528  0.0181402
0.00213198 0.00414772 0.00605854 0.00787512 0.00960758  0.0112655  0.0128581  0.0143941   0.015882  0.0173299
0.00201577 0.00392668 0.00574341  0.0074761 0.00913434  0.0107273  0.0122638  0.0137522  0.0152006  0.0166171
0.00191093 0.00372776 0.00546064 0.00711917 0.00871253  0.0102495  0.0117384  0.0131875  0.0146047  0.0159976
0.00181684 0.00354982 0.00520858 0.00680228 0.00833969 0.00982922   0.011279   0.012697  0.0140908   0.015468
0.00173299 0.00339187 0.00498584 0.00652365 0.00801373  0.0094642  0.0108829  0.0122777  0.0136559   0.015025
 0.0016589   0.003253 0.00479113 0.00628168 0.00773278  0.0091523  0.0105479  0.0119272  0.0132975  0.0146662
0.00159413 0.00313242 0.00462333 0.00607497 0.00749521 0.00889171   0.010272  0.0116435  0.0130135  0.0143894
0.00153832 0.00302942 0.00448147 0.00590231 0.00729962 0.00868088  0.0100535  0.0114248  0.0128022  0.0141929
0.00149114  0.0029434  0.0043647 0.00576268 0.00714485 0.00851857 0.00989118    0.01127  0.0126623  0.0140756
0.00145231 0.00287386 0.00427235 0.00565526 0.00702997 0.00840379 0.00978399  0.0111779  0.0125929  0.0140365
0.00142161 0.00282037 0.00420384 0.00557938 0.00695428 0.00833581 0.00973127   0.011148  0.0125935  0.0140755
0.00139885 0.00278264  0.0041588  0.0055346 0.00691732 0.00831422 0.00973265  0.0111801  0.0126641  0.0141925
0.00138388 0.00276039 0.00413688 0.00552058 0.00691878 0.00833877   0.009788  0.0112741  0.0128047  0.0143881
0.00137661 0.00275347 0.00413791 0.00553716 0.00695855 0.00840947  0.0098975  0.0114304  0.0130162  0.0146632
0.00137696 0.00276179 0.00416183 0.00558436 0.00703678 0.00852662  0.0100616  0.0116498  0.0132994  0.0150193
0.00138493 0.00278539 0.00420875 0.00566238 0.00715383 0.00869077  0.0102812  0.0119334   0.013656  0.0154582
0.00140055 0.00282436 0.00427888 0.00577162 0.00731028 0.00890277  0.0105574  0.0122827  0.0140879  0.0159824
0.00142389 0.00287888 0.00437256 0.00591259 0.00750691  0.0091637  0.0108916  0.0126997  0.0145973  0.0165937
0.00145508 0.00294926  0.0044903 0.00608609 0.00774484  0.0094751  0.0112859  0.0131867  0.0151865  0.0168106
0.00149431 0.00303592 0.00463281 0.00629317 0.00802556 0.00983895  0.0117427  0.0137458  0.0153728  0.0163105
0.00154182 0.00313939 0.00480099 0.00653516 0.00835088  0.0102574  0.0122638  0.0138936  0.0148344  0.0150888
 0.0015979 0.00326032 0.00499592 0.00681362 0.00872271  0.0107321  0.0123647  0.0133086  0.0135665  0.0131379
0.00166292  0.0033995 0.00521881 0.00713007 0.00914224  0.0107773  0.0117242  0.0119856  0.0115608  0.0104465
0.00173725 0.00355769 0.00547066 0.00748507  0.0091223  0.0100719  0.0103363 0.00991491 0.00880447  0.0075016
0.00182129 0.00373552 0.00575169 0.00739071 0.00834251 0.00860952 0.00819111 0.00708396 0.00578468 0.00458817
0.00191544 0.00393328  0.0055744 0.00652875 0.00679878  0.0063838 0.00528047 0.00398535  0.0027933 0.00169764
   0.0020201   0.00366476   0.00462388    0.0048998   0.00449186   0.00339654   0.00211035  0.000927991 -0.000157314  -0.00115253
 0.00164841  0.00261283  0.00289583  0.00249681  0.00141214 0.000138194 -0.00103052 -0.00210096  -0.0030803 -0.00397554
  0.00096509   0.00124677  0.000844067 -0.000246486  -0.00152853  -0.00270726   -0.0037895  -0.00478211  -0.00569192  -0.00811142
 0.000282181 -0.000121968   -0.0012163  -0.00250429  -0.00369116  -0.00478344  -0.00578786  -0.00671094  -0.00913797   -0.0115304
-0.000404141  -0.00150051  -0.00279303  -0.00398673  -0.00508817  -0.00610377  -0.00703991  -0.00947451   -0.0118752   -0.0142446
-0.00109763 -0.00239414 -0.00359519 -0.00470708 -0.00573628 -0.00668874 -0.00913301  -0.0115444  -0.0139254  -0.0162785
-0.00129682 -0.00247344 -0.00356484 -0.00457735 -0.00551684 -0.00789633  -0.0102437  -0.0125614  -0.0148516  -0.0171164
-0.00120382 -0.00229423 -0.00330565 -0.00424396 -0.00662283 -0.00896954  -0.0112865   -0.013576  -0.0158401  -0.0180806
-0.00111721 -0.00212741 -0.00306445 -0.00544226 -0.00778789  -0.0101038  -0.0123921  -0.0146551  -0.0168945  -0.0191121
-0.00103645 -0.00197198 -0.00434836 -0.00669253 -0.00900692  -0.0112938  -0.0135552  -0.0157932  -0.0180093  -0.0202054
-0.000961086  -0.00333501  -0.00567671  -0.00798861    -0.010273   -0.0125319   -0.0147673    -0.016981   -0.0191746   -0.0213496
-0.000892967  -0.00323138  -0.00553986  -0.00782068   -0.0100759   -0.0123076   -0.0145174   -0.0167071   -0.0188781   -0.0210318
-0.000829755  -0.00313557  -0.00541362  -0.00766599  -0.00989464   -0.0121014   -0.0142879   -0.0164557   -0.0186062   -0.0207408
-0.000771104  -0.00304669   -0.0052965   -0.0075225   -0.0097265   -0.0119102   -0.0140751   -0.0162227   -0.0183543    -0.020471
-0.00071668 -0.00296514 -0.00518972 -0.00739222 -0.00957433  -0.0117376  -0.0138835  -0.0160134  -0.0181284  -0.0202297
-0.000666201  -0.00288797  -0.00508757  -0.00726671  -0.00942695   -0.0115697   -0.0136964   -0.0158083   -0.0179063   -0.0199917
-0.000619392   -0.0028144  -0.00498884  -0.00714429   -0.0092822   -0.0114039   -0.0135107   -0.0156037    -0.017684   -0.0197524
-0.000575983  -0.00274585  -0.00489663  -0.00702978  -0.00914666   -0.0112485   -0.0133365   -0.0154118   -0.0174752   -0.0195277
-0.000535717  -0.00268334  -0.00481326  -0.00692683  -0.00902532   -0.0111099   -0.0131816   -0.0152415   -0.0172905   -0.0193293
-0.000498362  -0.00262674   -0.0047387  -0.00683552  -0.00891837   -0.0109883   -0.0130464   -0.0150935   -0.0171305   -0.0191582
-0.000463709  -0.00257507  -0.00467123  -0.00675336  -0.00882256   -0.0108798   -0.0129261   -0.0149623    -0.016989   -0.0190072
-0.000431565  -0.00252718  -0.00460871  -0.00667724   -0.0087338   -0.0107793   -0.0128147   -0.0148407    -0.016858   -0.0188673
-0.00040175 -0.00248225 -0.00454969  -0.0066051 -0.00864941  -0.0106835  -0.0127082  -0.0147242  -0.0167322  -0.0187329
-0.000374093  -0.00244019  -0.00449418  -0.00653702  -0.00856959   -0.0105927   -0.0126071   -0.0146135   -0.0166125   -0.0186046
-0.000348433  -0.00240125  -0.00444286  -0.00647413  -0.00849589   -0.0105089   -0.0125138   -0.0145114    -0.016502   -0.0184864
-0.000324622  -0.00236566   -0.0043963  -0.00641737  -0.00842964   -0.0104338   -0.0124305   -0.0144204   -0.0164039   -0.0183816
-0.000302521  -0.00233327  -0.00435439  -0.00636665  -0.00837076   -0.0103674   -0.0123571   -0.0143405   -0.0163181   -0.0182903
-0.000282007  -0.00230351   -0.0043161   -0.0063205  -0.00831736   -0.0103073   -0.0122909   -0.0142686   -0.0162409   -0.0182083
-0.000262967  -0.00227583  -0.00428045  -0.00627747  -0.00826753   -0.0102512    -0.012229   -0.0142014   -0.0161688   -0.0181317
-0.000245293  -0.00224988  -0.00424684  -0.00623677  -0.00822026   -0.0101978     -0.01217   -0.0141372   -0.0160998   -0.0180582
-0.000228886  -0.00222568  -0.00421541  -0.00619864  -0.00817592   -0.0101477   -0.0121145   -0.0140768   -0.0160348   -0.0179889
-0.000213653  -0.00220328  -0.00418636  -0.00616343    -0.008135   -0.0101015   -0.0120634   -0.0140211   -0.0159749   -0.0179252
-0.000199655  -0.00218244  -0.00415918  -0.00613036  -0.00809645   -0.0100579   -0.0120151   -0.0139683   -0.0159181   -0.0159771
-0.000186856  -0.00216354  -0.00413463  -0.00610057  -0.00806182   -0.0100188   -0.0119718   -0.0139212   -0.0139797    -0.014032
-0.000175213  -0.00214598  -0.00411155  -0.00607237  -0.00802886  -0.00998137   -0.0119303   -0.0119882     -0.01204   -0.0120861
-0.000164685  -0.00213054   -0.0040916  -0.00604827  -0.00800092  -0.00994992   -0.0100075   -0.0100589   -0.0101046   -0.0101449
-0.000155236   -0.0021189  -0.00407813  -0.00603331  -0.00798478  -0.00804217  -0.00809333  -0.00813871  -0.00817872  -0.00821371
-0.000146905  -0.00210606  -0.00406111  -0.00601241  -0.00606989  -0.00612104  -0.00616634  -0.00620619  -0.00624099  -0.00627112
-0.000139645  -0.00209376  -0.00404407   -0.0041019  -0.00415329  -0.00419872  -0.00423862  -0.00427339  -0.00430342  -0.00432899
-0.000133448  -0.00208465  -0.00214311  -0.00219501  -0.00224083  -0.00228101  -0.00231595  -0.00234605  -0.00237163  -0.00239302
 -0.00012827 -0.000187683 -0.000240389  -0.00028687 -0.000327574 -0.000362918 -0.000393303 -0.000419064 -0.000440551 -0.000458079
-0.000121212 -0.000173995 -0.000220547 -0.000261316  -0.00029672 -0.000327154 -0.000352961 -0.000374487 -0.000392044 -0.000405926
 -0.00011484 -0.000161545 -0.000202463  -0.00023801 -0.000268565 -0.000294504 -0.000316155 -0.000333829 -0.000347819   0.00156837
-0.000109157  -0.00015029 -0.000186046 -0.000216808 -0.000242944 -0.000264784  -0.00028264 -0.000296801   0.00161806   0.00353481
-0.000104163  -0.00014024 -0.000171297 -0.000197735 -0.000219867 -0.000238003 -0.000252433   0.00166207   0.00357846   0.00549664
-9.98602e-05 -0.000131356 -0.000158264 -0.000180851 -0.000199425 -0.000214277   0.00170081   0.00361778   0.00553653   0.00745698
-9.80252e-05 -0.000127761 -0.000153116  -0.00017427 -0.000191523 -0.000205156   0.00171147   0.00362993   0.00555014     0.007472
-9.80252e-05 -0.000127761 -0.000153116  -0.00017427 -0.000191523 -0.000205156   0.00171147   0.00362993   0.00555014     0.007472
-9.80252e-05 -0.000127761 -0.000153116  -0.00017427 -0.000191523 -0.000205156   0.00171147   0.00362993   0.00555014     0.007472
-9.80252e-05 -0.000127761 -0.000153116  -0.00017427 -0.000191523 -0.000205156   0.00171147   0.00362993   0.00555014     0.007472
-9.80252e-05 -0.000127761 -0.000153116  -0.00017427 -0.000191523 -0.000205156   0.00171147   0.00362993   0.00555014     0.007472
-9.80252e-05 -0.000127761 -0.000153116  -0.00017427 -0.000191523 -0.000205156   0.00171147   0.00362993   0.00555014     0.007472
-9.80252e-05 -0.000127761 -0.000153116  -0.00017427 -0.000191523 -0.000205156   0.00171147   0.00362993   0.00555014     0.007472
-9.80252e-05 -0.000127761 -0.000153116  -0.00017427 -0.000191523 -0.000205156   0.00171147   0.00362993   0.00555014     0.007472
-9.80252e-05 -0.000127761 -0.000153116  -0.00017427 -0.000191523 -0.000205156   0.00171147   0.00362993   0.00555014     0.007472
-9.80252e-05 -0.000127761 -0.000153116  -0.00017427 -0.000191523 -0.000205156   0.00171147   0.00362993   0.00555014     0.007472
-9.80252e-05 -0.000127761 -0.000153116  -0.00017427 -0.000191523 -0.000205156   0.00171147   0.00362993   0.00555014     0.007472
-9.80252e-05 -0.000127761 -0.000153116  -0.00017427 -0.000191523 -0.000205156   0.00171147   0.00362993   0.00555014     0.007472
-9.80252e-05 -0.000127761 -0.000153116  -0.00017427 -0.000191523 -0.000205156   0.00171147   0.00362993   0.00555014     0.007472
-9.80252e-05 -0.000127761 -0.000153116  -0.00017427 -0.000191523 -0.000205156   0.00171147   0.00362993   0.00555014     0.007472
-9.80252e-05 -0.000127761 -0.000153116  -0.00017427 -0.000191523 -0.000205156   0.00171147   0.00362993   0.00555014     0.007472
-9.80252e-05 -0.000127761 -0.000153116  -0.00017427 -0.000191523 -0.000205156   0.00171147   0.00362993   0.00555014     0.007472
-9.80252e-05 -0.000127761 -0.000153116  -0.00017427 -0.000191523 -0.000205156   0.00171147   0.00362993   0.00555014     0.007472
-9.80252e-05 -0.000127761 -0.000153116  -0.00017427 -0.000191523 -0.000205156   0.00171147   0.00362993   0.00555014     0.007472
-9.80252e-05 -0.000127761 -0.000153116  -0.00017427 -0.000191523 -0.000205156   0.00171147   0.00362993   0.00555014     0.007472
-9.80252e-05 -0.000127761 -0.000153116  -0.00017427 -0.000191523 -0.000205156   0.00171147   0.00362993   0.00555014     0.007472
-9.80252e-05 -0.000127761 -0.000153116  -0.00017427 -0.000191523 -0.000205156   0.00171147   0.00362993   0.00555014     0.007472
-9.80252e-05 -0.000127761 -0.000153116  -0.00017427 -0.000191523 -0.000205156   0.00171147   0.00362993   0.00555014     0.007472
-9.80252e-05 -0.000127761 -0.000153116  -0.00017427 -0.000191523 -0.000205156   0.00171147   0.00362993   0.00555014     0.007472
-9.80252e-05 -0.000127761 -0.000153116  -0.00017427 -0.000191523 -0.000205156   0.00171147   0.00362993   0.00555014     0.007472
-9.80252e-05 -0.000127761 -0.000153116  -0.00017427 -0.000191523 -0.000205156   0.00171147   0.00362993   0.00555014     0.007472
-9.80252e-05 -0.000127761 -0.000153116  -0.00017427 -0.000191523 -0.000205156   0.00171147   0.00362993   0.00555014     0.007472
-9.80252e-05 -0.000127761 -0.000153116  -0.00017427 -0.000191523 -0.000205156   0.00171147   0.00362993   0.00555014     0.007472
-9.80252e-05 -0.000127761 -0.000153116  -0.00017427 -0.000191523 -0.000205156   0.00171147   0.00362993   0.00555014     0.007472
-9.80252e-05 -0.000127761 -0.000153116  -0.00017427 -0.000191523 -0.000205156   0.00171147   0.00362993   0.00555014     0.007472
-9.80252e-05 -0.000127761 -0.000153116  -0.00017427 -0.000191523 -0.000205156   0.00171147   0.00362993   0.00555014     0.007472
-9.80252e-05 -0.000127761 -0.000153116  -0.00017427 -0.000191523 -0.000205156   0.00171147   0.00362993   0.00555014     0.007472
-9.80252e-05 -0.000127761 -0.000153116  -0.00017427 -0.000191523 -0.000205156   0.00171147   0.00362993   0.00555014     0.007472
-9.80252e-05 -0.000127761 -0.000153116  -0.00017427 -0.000191523 -0.000205156   0.00171147   0.00362993   0.00555014     0.007472
-9.80252e-05 -0.000127761 -0.000153116  -0.00017427 -0.000191523 -0.000205156   0.00171147   0.00362993   0.00555014     0.007472
-9.80252e-05 -0.000127761 -0.000153116  -0.00017427 -0.000191523 -0.000205156   0.00171147   0.00362993   0.00555014     0.007472
-9.80252e-05 -0.000127761 -0.000153116  -0.00017427 -0.000191523 -0.000205156   0.00171147   0.00362993   0.00555014     0.007472
-9.80252e-05 -0.000127761 -0.000153116  -0.00017427 -0.000191523 -0.000205156   0.00171147   0.00362993   0.00555014     0.007472
-9.80252e-05 -0.000127761 -0.000153116  -0.00017427 -0.000191523 -0.000205156   0.00171147   0.00362993   0.00555014     0.007472
-9.80252e-05 -0.000127761 -0.000153116  -0.00017427 -0.000191523 -0.000205156   0.00171147   0.00362993   0.00555014     0.007472
-9.80252e-05 -0.000127761 -0.000153116  -0.00017427 -0.000191523 -0.000205156   0.00171147   0.00362993   0.00555014     0.007472
-9.80252e-05 -0.000127761 -0.000153116  -0.00017427 -0.000191523 -0.000205156   0.00171147   0.00362993   0.00555014     0.007472
-9.80252e-05 -0.000127761 -0.000153116  -0.00017427 -0.000191523 -0.000205156   0.00171147   0.00362993   0.00555014     0.007472
-9.80252e-05 -0.000127761 -0.000153116  -0.00017427 -0.000191523 -0.000205156   0.00171147   0.00362993   0.00555014     0.007472
-9.80252e-05 -0.000127761 -0.000153116  -0.00017427 -0.000191523 -0.000205156   0.00171147   0.00362993   0.00555014     0.007472
-9.80252e-05 -0.000127761 -0.000153116  -0.00017427 -0.000191523 -0.000205156   0.00171147   0.00362993   0.00555014     0.007472
-9.80252e-05 -0.000127761 -0.000153116  -0.00017427 -0.000191523 -0.000205156   0.00171147   0.00362993   0.00555014     0.007472
-9.80252e-05 -0.000127761 -0.000153116  -0.00017427 -0.000191523 -0.000205156   0.00171147   0.00362993   0.00555014     0.007472
-9.80252e-05 -0.000127761 -0.000153116  -0.00017427 -0.000191523 -0.000205156   0.00171147   0.00362993   0.00555014     0.007472
-9.80252e-05 -0.000127761 -0.000153116  -0.00017427 -0.000191523 -0.000205156   0.00171147   0.00362993   0.00555014     0.007472
-9.80252e-05 -0.000127761 -0.000153116  -0.00017427 -0.000191523 -0.000205156   0.00171147   0.00362993   0.00555014     0.007472
-9.80252e-05 -0.000127761 -0.000153116  -0.00017427 -0.000191523 -0.000205156   0.00171147   0.00362993   0.00555014     0.007472
-9.80252e-05 -0.000127761 -0.000153116  -0.00017427 -0.000191523 -0.000205156   0.00171147   0.00362993   0.00555014     0.007472
-9.80252e-05 -0.000127761 -0.000153116  -0.00017427 -0.000191523 -0.000205156   0.00171147   0.00362993   0.00555014     0.007472
-9.80252e-05 -0.000127761 -0.000153116  -0.00017427 -0.000191523 -0.000205156   0.00171147   0.00362993   0.00555014     0.007472
-9.80252e-05 -0.000127761 -0.000153116  -0.00017427 -0.000191523 -0.000205156   0.00171147   0.00362993   0.00555014     0.007472
-9.80252e-05 -0.000127761 -0.000153116  -0.00017427 -0.000191523 -0.000205156   0.00171147   0.00362993   0.00555014     0.007472
-9.80252e-05 -0.000127761 -0.000153116  -0.00017427 -0.000191523 -0.000205156   0.00171147   0.00362993   0.00555014     0.007472
-9.80252e-05 -0.000127761 -0.000153116  -0.00017427 -0.000191523 -0.000205156   0.00171147   0.00362993   0.00555014     0.007472
-9.80252e-05 -0.000127761 -0.000153116  -0.00017427 -0.000191523 -0.000205156   0.00171147   0.00362993   0.00555014     0.007472
-9.80252e-05 -0.000127761 -0.000153116  -0.00017427 -0.000191523 -0.000205156   0.00171147   0.00362993   0.00555014     0.007472
-9.80252e-05 -0.000127761 -0.000153116  -0.00017427 -0.000191523 -0.000205156   0.00171147   0.00362993   0.00555014     0.007472
-9.80252e-05 -0.000127761 -0.000153116  -0.00017427 -0.000191523 -0.000205156   0.00171147   0.00362993   0.00555014     0.007472
-9.80252e-05 -0.000127761 -0.000153116  -0.00017427 -0.000191523 -0.000205156   0.00171147   0.00362993   0.00555014     0.007472
-9.80252e-05 -0.000127761 -0.000153116  -0.00017427 -0.000191523 -0.000205156   0.00171147   0.00362993   0.00555014     0.007472
-9.80252e-05 -0.000127761 -0.000153116  -0.00017427 -0.000191523 -0.000205156   0.00171147   0.00362993   0.00555014     0.007472
-9.80252e-05 -0.000127761 -0.000153116  -0.00017427 -0.000191523 -0.000205156   0.00171147   0.00362993   0.00555014     0.007472
-9.80252e-05 -0.000127761 -0.000153116  -0.00017427 -0.000191523 -0.000205156   0.00171147   0.00362993   0.00555014     0.007472
-9.80252e-05 -0.000127761 -0.000153116  -0.00017427 -0.000191523 -0.000205156   0.00171147   0.00362993   0.00555014     0.007472
-9.80252e-05 -0.000127761 -0.000153116  -0.00017427 -0.000191523 -0.000205156   0.00171147   0.00362993   0.00555014     0.007472
-9.80252e-05 -0.000127761 -0.000153116  -0.00017427 -0.000191523 -0.000205156   0.00171147   0.00362993   0.00555014     0.007472
-9.80252e-05 -0.000127761 -0.000153116  -0.00017427 -0.000191523 -0.000205156   0.00171147   0.00362993   0.00555014     0.007472
-9.80252e-05 -0.000127761 -0.000153116  -0.00017427 -0.000191523 -0.000205156   0.00171147   0.00362993   0.00555014     0.007472
-9.80252e-05 -0.000127761 -0.000153116  -0.00017427 -0.000191523 -0.000205156   0.00171147   0.00362993   0.00555014     0.007472
-9.80252e-05 -0.000127761 -0.000153116  -0.00017427 -0.000191523 -0.000205156   0.00171147   0.00362993   0.00555014     0.007472
-9.80252e-05 -0.000127761 -0.000153116  -0.00017427 -0.000191523 -0.000205156   0.00171147   0.00362993   0.00555014     0.007472
-9.80252e-05 -0.000127761 -0.000153116  -0.00017427 -0.000191523 -0.000205156   0.00171147   0.00362993   0.00555014     0.007472
-9.80252e-05 -0.000127761 -0.000153116  -0.00017427 -0.000191523 -0.000205156   0.00171147   0.00362993   0.00555014     0.007472
-9.80252e-05 -0.000127761 -0.000153116  -0.00017427 -0.000191523 -0.000205156   0.00171147   0.00362993   0.00555014     0.007472
-9.80252e-05 -0.000127761 -0.000153116  -0.00017427 -0.000191523 -0.000205156   0.00171147   0.00362993   0.00555014     0.007472
-9.80252e-05 -0.000127761 -0.000153116  -0.00017427 -0.000191523 -0.000205156   0.00171147   0.00362993   0.00555014     0.007472
-9.80252e-05 -0.000127761 -0.000153116  -0.00017427 -0.000191523 -0.000205156   0.00171147   0.00362993   0.00555014     0.007472
-9.80252e-05 -0.000127761 -0.000153116  -0.00017427 -0.000191523 -0.000205156   0.00171147   0.00362993   0.00555014     0.007472
-9.80252e-05 -0.000127761 -0.000153116  -0.00017427 -0.000191523 -0.000205156   0.00171147   0.00362993   0.00555014     0.007472
-9.80252e-05 -0.000127761 -0.000153116  -0.00017427 -0.000191523 -0.000205156   0.00171147   0.00362993   0.00555014     0.007472
-9.80252e-05 -0.000127761 -0.000153116  -0.00017427 -0.000191523 -0.000205156   0.00171147   0.00362993   0.00555014     0.007472
-9.80252e-05 -0.000127761 -0.000153116  -0.00017427 -0.000191523 -0.000205156   0.00171147   0.00362993   0.00555014     0.007472
-9.80252e-05 -0.000127761 -0.000153116  -0.00017427 -0.000191523 -0.000205156   0.00171147   0.00362993   0.00555014     0.007472
-9.80252e-05 -0.000127761 -0.000153116  -0.00017427 -0.000191523 -0.000205156   0.00171147   0.00362993   0.00555014     0.007472
-9.80252e-05 -0.000127761 -0.000153116  -0.00017427 -0.000191523 -0.000205156   0.00171147   0.00362993   0.00555014     0.007472
-9.80252e-05 -0.000127761 -0.000153116  -0.00017427 -0.000191523 -0.000205156   0.00171147   0.00362993   0.00555014     0.007472
-9.80252e-05 -0.000127761 -0.000153116  -0.00017427 -0.000191523 -0.000205156   0.00171147   0.00362993   0.00555014     0.007472
-9.80252e-05 -0.000127761 -0.000153116  -0.00017427 -0.000191523 -0.000205156   0.00171147   0.00362993   0.00555014     0.007472
-9.80252e-05 -0.000127761 -0.000153116  -0.00017427 -0.000191523 -0.000205156   0.00171147   0.00362993   0.00555014     0.007472
-9.80252e-05 -0.000127761 -0.000153116  -0.00017427 -0.000191523 -0.000205156   0.00171147   0.00362993   0.00555014     0.007472
-9.80252e-05 -0.000127761 -0.000153116  -0.00017427 -0.000191523 -0.000205156   0.00171147   0.00362993   0.00555014     0.007472
-9.80252e-05 -0.000127761 -0.000153116  -0.00017427 -0.000191523 -0.000205156   0.00171147   0.00362993   0.00555014     0.007472
-9.80252e-05 -0.000127761 -0.000153116  -0.00017427 -0.000191523 -0.000205156   0.00171147   0.00362993   0.00555014     0.007472
-9.80252e-05 -0.000127761 -0.000153116  -0.00017427 -0.000191523 -0.000205156   0.00171147   0.00362993   0.00555014     0.007472
-9.80252e-05 -0.000127761 -0.000153116  -0.00017427 -0.000191523 -0.000205156   0.00171147   0.00362993   0.00555014     0.007472
-9.80252e-05 -0.000127761 -0.000153116  -0.00017427 -0.000191523 -0.000205156   0.00171147   0.00362993   0.00555014     0.007472
-9.80252e-05 -0.000127761 -0.000153116  -0.00017427 -0.000191523 -0.000205156   0.00171147   0.00362993   0.00555014     0.007472
-9.80252e-05 -0.000127761 -0.000153116  -0.00017427 -0.000191523 -0.000205156   0.00171147   0.00362993   0.00555014     0.007472
-9.80252e-05 -0.000127761 -0.000153116  -0.00017427 -0.000191523 -0.000205156   0.00171147   0.00362993   0.00555014     0.007472
-9.80252e-05 -0.000127761 -0.000153116  -0.00017427 -0.000191523 -0.000205156   0.00171147   0.00362993   0.00555014     0.007472
-9.80252e-05 -0.000127761 -0.000153116  -0.00017427 -0.000191523 -0.000205156   0.00171147   0.00362993   0.00555014     0.007472
-9.80252e-05 -0.000127761 -0.000153116  -0.00017427 -0.000191523 -0.000205156   0.00171147   0.00362993   0.00555014     0.007472
-9.80252e-05 -0.000127761 -0.000153116  -0.00017427 -0.000191523 -0.000205156   0.00171147   0.00362993   0.00555014     0.007472
-9.80252e-05 -0.000127761 -0.000153116  -0.00017427 -0.000191523 -0.000205156   0.00171147   0.00362993   0.00555014     0.007472
-9.80252e-05 -0.000127761 -0.000153116  -0.00017427 -0.000191523 -0.000205156   0.00171147   0.00362993   0.00555014     0.007472
-9.80252e-05 -0.000127761 -0.000153116  -0.00017427 -0.000191523 -0.000205156   0.00171147   0.00362993   0.00555014     0.007472
-9.80252e-05 -0.000127761 -0.000153116  -0.00017427 -0.000191523 -0.000205156   0.00171147   0.00362993   0.00555014     0.007472
-9.80252e-05 -0.000127761 -0.000153116  -0.00017427 -0.000191523 -0.000205156   0.00171147   0.00362993   0.00555014     0.007472
-9.80252e-05 -0.000127761 -0.000153116  -0.00017427 -0.000191523 -0.000205156   0.00171147   0.00362993   0.00555014     0.007472
-9.80252e-05 -0.000127761 -0.000153116  -0.00017427 -0.000191523 -0.000205156   0.00171147   0.00362993   0.00555014     0.007472
-9.80252e-05 -0.000127761 -0.000153116  -0.00017427 -0.000191523 -0.000205156   0.00171147   0.00362993   0.00555014     0.007472
-9.80252e-05 -0.000127761 -0.000153116  -0.00017427 -0.000191523 -0.000205156   0.00171147   0.00362993   0.00555014     0.007472
-9.80252e-05 -0.000127761 -0.000153116  -0.00017427 -0.000191523 -0.000205156   0.00171147   0.00362993   0.00555014     0.007472
-9.80252e-05 -0.000127761 -0.000153116  -0.00017427 -0.000191523 -0.000205156   0.00171147   0.00362993   0.00555014     0.007472
-9.80252e-05 -0.000127761 -0.000153116  -0.00017427 -0.000191523 -0.000205156   0.00171147   0.00362993   0.00555014     0.007472
-9.80252e-05 -0.000127761 -0.000153116  -0.00017427 -0.000191523 -0.000205156   0.00171147   0.00362993   0.00555014     0.007472
-9.80252e-05 -0.000127761 -0.000153116  -0.00017427 -0.000191523 -0.000205156   0.00171147   0.00362993   0.00555014     0.007472
-9.80252e-05 -0.000127761 -0.000153116  -0.00017427 -0.000191523 -0.000205156   0.00171147   0.00362993   0.00555014     0.007472
-9.80252e-05 -0.000127761 -0.000153116  -0.00017427 -0.000191523 -0.000205156   0.00171147   0.00362993   0.00555014     0.007472
-9.80252e-05 -0.000127761 -0.000153116  -0.00017427 -0.000191523 -0.000205156   0.00171147   0.00362993   0.00555014     0.007472
-9.80252e-05 -0.000127761 -0.000153116  -0.00017427 -0.000191523 -0.000205156   0.00171147   0.00362993   0.00555014     0.007472
-9.80252e-05 -0.000127761 -0.000153116  -0.00017427 -0.000191523 -0.000205156   0.00171147   0.00362993   0.00555014     0.007472
-9.80252e-05 -0.000127761 -0.000153116  -0.00017427 -0.000191523 -0.000205156   0.00171147   0.00362993   0.00555014     0.007472
-9.80252e-05 -0.000127761 -0.000153116  -0.00017427 -0.000191523 -0.000205156   0.00171147   0.00362993   0.00555014     0.007472
-9.80252e-05 -0.000127761 -0.000153116  -0.00017427 -0.000191523 -0.000205156   0.00171147   0.00362993   0.00555014     0.007472
-9.80252e-05 -0.000127761 -0.000153116  -0.00017427 -0.000191523 -0.000205156   0.00171147   0.00362993   0.00555014     0.007472
-9.80252e-05 -0.000127761 -0.000153116  -0.00017427 -0.000191523 -0.000205156   0.00171147   0.00362993   0.00555014     0.007472
-9.80252e-05 -0.000127761 -0.000153116  -0.00017427 -0.000191523 -0.000205156   0.00171147   0.00362993   0.00555014     0.007472
-9.80252e-05 -0.000127761 -0.000153116  -0.00017427 -0.000191523 -0.000205156   0.00171147   0.00362993   0.00555014     0.007472
-9.80252e-05 -0.000127761 -0.000153116  -0.00017427 -0.000191523 -0.000205156   0.00171147   0.00362993   0.00555014     0.007472
