0.00954804 0.00955863 0.00956921  0.0095798 0.00959038 0.00960097 0.00961155 0.00962214 0.00963272 0.00964331
0.00965392 0.00970404 0.00975415 0.00980426 0.00985437 0.00990448 0.00995459  0.0100047  0.0100548  0.0101049
0.00970182  0.0097746 0.00984739 0.00992017 0.00999295  0.0100657  0.0101385  0.0102113  0.0102841  0.0103568
0.00981392 0.00992758  0.0100412  0.0101549  0.0102686  0.0103822  0.0104959  0.0106095  0.0107232  0.0108368
0.0099527 0.0100937 0.0102347 0.0103757 0.0105167 0.0106577 0.0107987 0.0109396 0.0110806 0.0112216
 0.01014 0.010308 0.010476 0.010644 0.010812  0.01098 0.011148 0.011316 0.011484 0.011652
0.0104004 0.0106115 0.0108226 0.0110337 0.0112448 0.0114559  0.011667  0.011878 0.0120891 0.0123002
0.0106974 0.0109534 0.0112094 0.0114654 0.0117214 0.0119774 0.0122333 0.0124893 0.0127453 0.0130013
0.0110023 0.0112873 0.0115722 0.0118572 0.0121422 0.0124272 0.0127121 0.0129971 0.0132821 0.0135671
0.0112947 0.0115866 0.0118785 0.0121705 0.0124624 0.0127543 0.0130462 0.0133382 0.0136301  0.013922
0.0115657 0.0118481 0.0121305 0.0124128 0.0126952 0.0129776   0.01326 0.0135423 0.0138247 0.0141071
 0.011816 0.0120815  0.012347 0.0126124 0.0128779 0.0131433 0.0134088 0.0136742 0.0139397 0.0142052
0.0120479 0.0122946 0.0125413  0.012788 0.0130347 0.0132814 0.0135281 0.0137748 0.0140215 0.0142682
  0.01226 0.0124865  0.012713 0.0129395  0.013166 0.0133925  0.013619 0.0138455 0.0140719 0.0142984
0.0124468 0.0126494 0.0128519 0.0130545 0.0132571 0.0134597 0.0136623 0.0138649 0.0140674   0.01427
0.0126009  0.012774  0.012947   0.01312  0.013293 0.0134661 0.0136391 0.0138121 0.0139852 0.0141582
0.0127165  0.012854 0.0129916 0.0131292 0.0132668 0.0134043 0.0135419 0.0136795 0.0138171 0.0139546
0.0127894 0.0128868 0.0129841 0.0130814 0.0131788 0.0132761 0.0133734 0.0134707 0.0135681 0.0136654
0.0128173 0.0128709 0.0129246 0.0129782 0.0130318 0.0130854  0.013139 0.0131926 0.0132463 0.0132999
0.0127981 0.0128054 0.0128128 0.0128201 0.0128275 0.0128348 0.0128422 0.0128495 0.0128569 0.0128642
  0.01273  0.012689 0.0126481 0.0126071 0.0125662 0.0125252 0.0124843 0.0124433 0.0124024 0.0123614
0.0126116 0.0125208 0.0124299 0.0123391 0.0122483 0.0121574 0.0120666 0.0119757 0.0118849  0.011794
0.0124421 0.0123003 0.0121584 0.0120166 0.0118747 0.0117329  0.011591 0.0114491 0.0113073 0.0111654
0.0122212 0.0120278 0.0118344  0.011641 0.0114475 0.0112541 0.0110607 0.0108673 0.0106739 0.0104805
 0.0119492  0.0117043  0.0114594  0.0112145  0.0109696  0.0107246  0.0104797  0.0102348 0.00998989 0.00974497
 0.0116271  0.0113312  0.0110354  0.0107395  0.0104437  0.0101478 0.00985199 0.00955614  0.0092603 0.00896445
 0.0112559  0.0109102  0.0105644  0.0102186 0.00987285 0.00952709 0.00918132 0.00883555 0.00848978 0.00814401
 0.0108373   0.010443  0.0100487 0.00965435 0.00926002 0.00886569 0.00847135 0.00807702 0.00768269 0.00728836
 0.0103731  0.0099319 0.00949069 0.00904949 0.00860828 0.00816707 0.00772587 0.00728466 0.00684346 0.00640225
0.00986541 0.00937934 0.00889328 0.00840721 0.00792114 0.00743507   0.006949 0.00646294 0.00597687  0.0054908
0.00931671 0.00878811 0.00825951 0.00773091 0.00720232 0.00667372 0.00614512 0.00561652 0.00508793 0.00455933
 0.0087298  0.0081613 0.00759281 0.00702432 0.00645583 0.00588733 0.00531884 0.00475035 0.00418186 0.00361336
0.00810769  0.0075022 0.00689672 0.00629124 0.00568576 0.00508027 0.00447479 0.00386931 0.00326383 0.00265835
0.00745359 0.00681427 0.00617494 0.00553561 0.00489629 0.00425696 0.00361764 0.00297831 0.00233899 0.00169966
0.00677101  0.0061012  0.0054314  0.0047616 0.00409179 0.00342199 0.00275219 0.00208238 0.00141258 0.00074278
  0.00606357   0.00536687   0.00467016   0.00397346   0.00327676   0.00258005   0.00188335   0.00118665  0.000489947 -0.000206755
  0.00533517   0.00461535   0.00389553   0.00317572    0.0024559   0.00173608   0.00101627  0.000296451 -0.000423364  -0.00114318
  0.00458988   0.00385095   0.00311202   0.00237308   0.00163415  0.000895219  0.000156288 -0.000582642  -0.00132157   -0.0020605
  0.00383204   0.00307821   0.00232439   0.00157057  0.000816743  6.29204e-05 -0.000690902  -0.00144472  -0.00219854  -0.00295237
  0.00306625   0.00230214   0.00153802  0.000773907  9.79396e-06 -0.000754319  -0.00151843  -0.00228254  -0.00304665  -0.00381077
  0.00229693   0.00153116  0.000765391 -3.76856e-07 -0.000766144  -0.00153191  -0.00229768  -0.00306344  -0.00382921  -0.00459497
  0.00153338  0.000773144  1.29106e-05 -0.000747322  -0.00150755  -0.00226779  -0.00302802  -0.00378825  -0.00454848  -0.00530871
 0.000782604  3.39587e-05 -0.000714685  -0.00146333  -0.00221197  -0.00296061  -0.00370925  -0.00445789  -0.00520653  -0.00595517
 5.09074e-05 -0.000679951  -0.00141081  -0.00214166  -0.00287252  -0.00360337  -0.00433423  -0.00506508  -0.00579593  -0.00652679
-0.000654002  -0.00136002  -0.00206603  -0.00277205  -0.00347806  -0.00418407  -0.00489008  -0.00559609   -0.0063021  -0.00700811
-0.00132324 -0.00199645 -0.00266966 -0.00334287 -0.00401608 -0.00468929  -0.0053625 -0.00603571 -0.00670891 -0.00738212
-0.00194735 -0.00257908 -0.00321082 -0.00384255 -0.00447428 -0.00510601 -0.00573774 -0.00636948 -0.00700121 -0.00763294
-0.00251679 -0.00309786 -0.00367893    -0.00426 -0.00484106 -0.00542213 -0.00600319 -0.00658426 -0.00716532 -0.00774639
-0.00301849 -0.00353974   -0.004061 -0.00458225  -0.0051035 -0.00562475   -0.006146 -0.00666725 -0.00718849 -0.00770974
-0.00343045  -0.0038811 -0.00433175  -0.0047824 -0.00523304 -0.00568369 -0.00613433 -0.00658498 -0.00703562 -0.00748627
-0.00374854 -0.00412083 -0.00449311  -0.0048654 -0.00523769 -0.00560997 -0.00598226 -0.00635454 -0.00672683 -0.00709911
 -0.0039787 -0.00426738 -0.00455607 -0.00484476 -0.00513344 -0.00542213 -0.00571081  -0.0059995 -0.00628818 -0.00657687
-0.00411848 -0.00431993 -0.00452137 -0.00472282 -0.00492426 -0.00512571 -0.00532715  -0.0055286 -0.00573004 -0.00593149
-0.00416059 -0.00426987 -0.00437915 -0.00448843  -0.0045977 -0.00470698 -0.00481626 -0.00492553 -0.00503481 -0.00514408
 -0.0041076 -0.00412204 -0.00413647 -0.00415091 -0.00416535 -0.00417978 -0.00419421 -0.00420865 -0.00422308 -0.00423752
-0.00397303 -0.00389304 -0.00381305 -0.00373305 -0.00365306 -0.00357306 -0.00349307 -0.00341307 -0.00333308 -0.00325308
-0.00377215 -0.00360523  -0.0034383 -0.00327137 -0.00310444 -0.00293751 -0.00277058 -0.00260365 -0.00243672  -0.0022698
-0.00352278 -0.00328348 -0.00304418 -0.00280489 -0.00256559 -0.00232629 -0.00208699 -0.00184769 -0.00160839 -0.00136909
  -0.0032396  -0.00295059  -0.00266158  -0.00237257  -0.00208356  -0.00179455  -0.00150554  -0.00121653 -0.000927523 -0.000638513
 -0.00290276  -0.00257853   -0.0022543  -0.00193006  -0.00160583   -0.0012816 -0.000957364  -0.00063313 -0.000308897  1.53361e-05
  -0.0025532  -0.00220471  -0.00185622  -0.00150772  -0.00115923 -0.000810739 -0.000462247 -0.000113754  0.000234738  0.000583231
 -0.00220503  -0.00184509  -0.00148514   -0.0011252 -0.000765257 -0.000405314 -4.53704e-05  0.000314573  0.000674516   0.00103446
 -0.00186375  -0.00150317  -0.00114259 -0.000782015 -0.000421437  -6.0859e-05  0.000299719  0.000660297   0.00102087   0.00138145
 -0.00154008  -0.00118915 -0.000838225   -0.0004873 -0.000136374  0.000214551  0.000565475    0.0009164   0.00126732   0.00161825
  -0.0012525 -0.000921921 -0.000591345 -0.000260769  6.98073e-05  0.000400383  0.000730959   0.00106153   0.00139211   0.00172268
 -0.00099278 -0.000691572 -0.000390363 -8.91554e-05  0.000212053   0.00051326  0.000814468   0.00111568   0.00141688   0.00171809
-0.000753136 -0.000483557 -0.000213978  5.56011e-05   0.00032518  0.000594758  0.000864337   0.00113392   0.00140349   0.00167307
-0.000521611 -0.000278154 -3.46961e-05  0.000208761  0.000452218  0.000695675  0.000939132   0.00118259   0.00142605    0.0016695
-0.000298527 -7.51538e-05  0.000148219  0.000371591  0.000594964  0.000818336   0.00104171   0.00126508   0.00148845   0.00171182
-8.61423e-05  0.000120824  0.000327791  0.000534757  0.000741723  0.000948689   0.00115565   0.00136262   0.00156959   0.00177655
0.000115462 0.000308947 0.000502432 0.000695916   0.0008894  0.00108288  0.00127637  0.00146985  0.00166334  0.00185682
0.000311475 0.000494289 0.000677103 0.000859917  0.00104273  0.00122555  0.00140836  0.00159117  0.00177399   0.0019568
0.000508052 0.000681572 0.000855092  0.00102861  0.00120213  0.00137565  0.00154917  0.00172269  0.00189621  0.00206973
0.000690752 0.000854498  0.00101824  0.00118199  0.00134573  0.00150948  0.00167322  0.00183696  0.00200071  0.00216445
0.000866837  0.00102604  0.00118523  0.00134443  0.00150363  0.00166282  0.00182202  0.00198122  0.00214041  0.00229961
0.00103452 0.00119308 0.00135165 0.00151021 0.00166878 0.00182734 0.00198591 0.00214447 0.00230304  0.0024616
0.00117439 0.00132398 0.00147356 0.00162314 0.00177272  0.0019223 0.00207188 0.00222146 0.00237103 0.00252061
0.00127791 0.00140703 0.00153614 0.00166526 0.00179437 0.00192348  0.0020526 0.00218171 0.00231082 0.00243994
0.00134699 0.00144759  0.0015482  0.0016488 0.00174941 0.00185001 0.00195062 0.00205122 0.00215182 0.00225243
0.00138639 0.00145527 0.00152414 0.00159302 0.00166189 0.00173077 0.00179964 0.00186851 0.00193739 0.00200626
0.00139959 0.00143692 0.00147425 0.00151159 0.00154892 0.00158625 0.00162358 0.00166092 0.00169825 0.00173558
0.00138828 0.00139586 0.00140343 0.00141101 0.00141858 0.00142616 0.00143373  0.0014413 0.00144888 0.00145645
0.00135365 0.00133373 0.00131381 0.00129389 0.00127397 0.00125404 0.00123412  0.0012142 0.00119428 0.00117436
 0.00129725  0.00125219  0.00120714  0.00116209  0.00111703  0.00107198  0.00102692  0.00098187 0.000936816 0.000891762
 0.00122124  0.00115349  0.00108573  0.00101797  0.00095021 0.000882452 0.000814693 0.000746935 0.000679176 0.000611418
 0.00112831  0.00104042 0.000952524 0.000864631 0.000776739 0.000688847 0.000600954 0.000513062  0.00042517 0.000337277
 0.00102184  0.00091669 0.000811543 0.000706396 0.000601249 0.000496101 0.000390954 0.000285807  0.00018066 7.55124e-05
 0.000905844  0.000786783  0.000667721   0.00054866  0.000429598  0.000310537  0.000191475   7.2414e-05 -4.66475e-05 -0.000165709
 0.000784866  0.000655724  0.000526582  0.000397439  0.000268297  0.000139155  1.00124e-05  -0.00011913 -0.000248272 -0.000377414
 0.000663596  0.000528618   0.00039364  0.000258663  0.000123685 -1.12926e-05  -0.00014627 -0.000281248 -0.000416225 -0.000551203
 0.000546997   0.00041076  0.000274523  0.000138285  2.04799e-06 -0.000134189 -0.000270426 -0.000406664 -0.000542901 -0.000679138
 0.000440298   0.00030764  0.000174981  4.23219e-05 -9.03369e-05 -0.000222996 -0.000355654 -0.000488313 -0.000620972 -0.000753631
 0.000348748  0.000224699   0.00010065 -2.33987e-05 -0.000147447 -0.000271496 -0.000395545 -0.000519594 -0.000643642 -0.000767691
 0.000277848  0.000167508  5.71688e-05 -5.31706e-05  -0.00016351 -0.000273849 -0.000384189 -0.000494528 -0.000604867 -0.000715207
 0.000234167  0.000142752  5.13374e-05 -4.00776e-05 -0.000131493 -0.000222908 -0.000314323 -0.000405738 -0.000497153 -0.000588568
 0.000222389  0.000156095  8.98019e-05  2.35085e-05  -4.2785e-05 -0.000109079 -0.000175372 -0.000241666 -0.000307959 -0.000374253
 0.000240871  0.000209088  0.000177305  0.000145522  0.000113739  8.19564e-05  5.01732e-05  1.83901e-05  -1.3393e-05 -4.51761e-05
0.000266958 0.000274386 0.000281814 0.000289241 0.000296669 0.000304097 0.000311524 0.000318952  0.00032638 0.000333807
0.000320325 0.000364903 0.000409481  0.00045406 0.000498638 0.000543216 0.000587794 0.000632372  0.00067695 0.000721529
0.000405628 0.000486869 0.000568111 0.000649352 0.000730594 0.000811835 0.000893077 0.000974318  0.00105556   0.0011368
0.000520028 0.000635013 0.000749998 0.000864983 0.000979968  0.00109495  0.00120994  0.00132492  0.00143991  0.00155489
0.000663614 0.000811328 0.000959043  0.00110676  0.00125447  0.00140219   0.0015499  0.00169761  0.00184533  0.00199304
0.000854408  0.00103663  0.00121884  0.00140106  0.00158328   0.0017655  0.00194771  0.00212993  0.00231215  0.00249437
0.00109193 0.00131195 0.00153196 0.00175197 0.00197198 0.00219199   0.002412 0.00263201 0.00285202 0.00307203
0.00136465 0.00161878  0.0018729 0.00212703 0.00238115 0.00263527  0.0028894 0.00314352 0.00339765 0.00365177
  0.001712 0.00200673 0.00230145 0.00259618 0.00289091 0.00318564 0.00348037 0.00377509 0.00406982 0.00436455
0.00206118 0.00240425 0.00274731 0.00309038 0.00343345 0.00377651 0.00411957 0.00446264  0.0048057 0.00514877
0.00241185 0.00278405 0.00315625 0.00352844 0.00390064 0.00427284 0.00464504 0.00501723 0.00538943 0.00576163
 0.0027587 0.00313953 0.00352035 0.00390117   0.004282 0.00466282 0.00504364 0.00542447 0.00580529 0.00618611
0.00314079 0.00354518 0.00394957 0.00435396 0.00475834 0.00516273 0.00556711  0.0059715 0.00637588 0.00678027
0.00356482 0.00398365 0.00440249 0.00482132 0.00524016 0.00565899 0.00607782 0.00649666 0.00691549 0.00733432
0.00404122 0.00447422 0.00490722 0.00534022 0.00577322 0.00620622 0.00663921 0.00707221 0.00750521  0.0079382
0.00452483 0.00497731  0.0054298 0.00588228 0.00633476 0.00678725 0.00723973 0.00769221 0.00814469 0.00859717
0.00500283 0.00546889 0.00593495 0.00640101 0.00686706 0.00733312 0.00779917 0.00826523 0.00873128 0.00919734
0.00545253  0.0059106 0.00636868 0.00682675 0.00728482 0.00774289 0.00820096 0.00865903  0.0091171 0.00957517
0.00584679  0.0062687  0.0066906  0.0071125 0.00753441 0.00795631 0.00837821 0.00880011 0.00922201 0.00964391
0.00616049 0.00651861 0.00687673 0.00723486 0.00759298  0.0079511 0.00830922 0.00866734 0.00902546 0.00938358
0.00637387 0.00664354 0.00691322 0.00718289 0.00745256 0.00772223  0.0079919 0.00826157 0.00853124 0.00880091
0.00647084 0.00663273 0.00679463 0.00695652 0.00711842 0.00728031 0.00744221  0.0076041 0.00776599 0.00792789
0.00643357 0.00647974  0.0065259 0.00657207 0.00661823 0.00666439 0.00671056 0.00675672 0.00680288 0.00684905
0.00627363 0.00620963 0.00614564 0.00608165 0.00601765 0.00595366 0.00588966 0.00582567 0.00576167 0.00569768
0.00603829 0.00587021 0.00570212 0.00553404 0.00536595 0.00519787 0.00502978  0.0048617 0.00469361 0.00452552
0.00576089 0.00550941 0.00525793 0.00500644 0.00475496 0.00450348 0.00425199 0.00400051 0.00374902 0.00349754
0.00541543 0.00508324 0.00475106 0.00441887 0.00408669 0.00375451 0.00342232 0.00309014 0.00275795 0.00242577
0.00497655 0.00455117 0.00412578  0.0037004 0.00327501 0.00284963 0.00242424 0.00199886 0.00157347 0.00114809
0.00448026 0.00398442 0.00348859 0.00299276 0.00249692 0.00200109 0.00150526 0.00100942 0.00051359 1.7757e-05
  0.00390943   0.00336391   0.00281839   0.00227287   0.00172735   0.00118183  0.000636314  9.07947e-05 -0.000454725  -0.00100024
  0.00331413   0.00273513   0.00215613   0.00157713  0.000998124  0.000419121 -0.000159882 -0.000738884  -0.00131789  -0.00189689
  0.00272455   0.00213359   0.00154264  0.000951681  0.000360725 -0.000230231 -0.000821187  -0.00141214   -0.0020031  -0.00259405
 0.00216915  0.00159277  0.00101639 0.000440011 -0.00013637 -0.00071275 -0.00128913 -0.00186551 -0.00244189 -0.00301827
  0.00167286   0.00113854  0.000604232  6.99203e-05 -0.000464391 -0.000998702  -0.00153301  -0.00206732  -0.00260163  -0.00313594
  0.00125554  0.000787947  0.000320349 -0.000147249 -0.000614846  -0.00108244  -0.00155004  -0.00201763  -0.00248523  -0.00295283
 0.000942539  0.000557325  0.000172113   -0.0002131 -0.000598312 -0.000983523  -0.00136873  -0.00175394  -0.00213916  -0.00252437
 0.000743092  0.000457406   0.00017172 -0.000113965  -0.00039965 -0.000685334 -0.000971019   -0.0012567  -0.00154239  -0.00182807
  0.00065961   0.00048748   0.00031535   0.00014322  -2.8909e-05 -0.000201038 -0.000373167 -0.000545296 -0.000717424 -0.000889553
 0.000643752  0.000558749  0.000473746  0.000388743  0.000303741  0.000218739  0.000133736  4.87344e-05 -3.62675e-05 -0.000121269
0.000662185 0.000652996 0.000643807 0.000634618 0.000625429 0.000616241 0.000607052 0.000597864 0.000588675 0.000579487
0.000730185 0.000811011 0.000891838 0.000972664  0.00105349  0.00113432  0.00121514  0.00129597   0.0013768  0.00145763
0.000890206  0.00104777  0.00120533   0.0013629  0.00152046  0.00167802  0.00183559  0.00199315  0.00215071  0.00230828
0.00123457 0.00127439 0.00131422 0.00135405 0.00139388 0.00143371 0.00147354 0.00151337  0.0015532 0.00159303
0.000845079 0.000763782 0.000682486  0.00060119 0.000519894 0.000438598 0.000357302 0.000276006  0.00019471 0.000113414
 0.000649497  0.000516885  0.000384274  0.000251664  0.000119053 -1.35582e-05 -0.000146169  -0.00027878 -0.000411391 -0.000544002
 0.000527128  0.000390029   0.00025293  0.000115831 -2.12675e-05 -0.000158366 -0.000295465 -0.000432564 -0.000569663 -0.000706762
 0.000451028  0.000339173  0.000227318  0.000115463  3.60851e-06 -0.000108246 -0.000220101 -0.000331956 -0.000443811 -0.000555666
 0.000389854  0.000300052  0.000210249  0.000120447  3.06439e-05 -5.91587e-05 -0.000148961 -0.000238764 -0.000328567 -0.000418369
 0.000317517  0.000248775  0.000180033  0.000111291  4.25483e-05 -2.61938e-05 -9.49359e-05 -0.000163678  -0.00023242 -0.000301162
 0.000224565  0.000184376  0.000144187  0.000103998  6.38091e-05  2.36202e-05 -1.65686e-05 -5.67574e-05 -9.69461e-05 -0.000137135
0.000268094 0.000315289 0.000362483 0.000409677 0.000456872 0.000504066  0.00055126 0.000598455 0.000645649 0.000692844
0.000448821 0.000581676 0.000714531 0.000847385  0.00098024   0.0011131  0.00124595   0.0013788  0.00151166  0.00164451
0.000682624 0.000870503  0.00105838  0.00124626  0.00143414  0.00162202   0.0018099  0.00199778  0.00218566  0.00237354
0.000960292  0.00117979  0.00139929  0.00161878  0.00183828  0.00205778  0.00227728  0.00249677  0.00271627  0.00293577
0.00124635 0.00149476 0.00174316 0.00199157 0.00223998 0.00248839  0.0027368 0.00298521 0.00323362 0.00348203
0.00154475 0.00182049 0.00209623 0.00237196  0.0026477 0.00292344 0.00319917 0.00347491 0.00375065 0.00402638
0.00184773 0.00214021 0.00243268 0.00272516 0.00301763 0.00331011 0.00360258 0.00389506 0.00418754 0.00448001
0.00213228 0.00242143 0.00271058 0.00299974 0.00328889 0.00357804  0.0038672 0.00415635  0.0044455 0.00473466
0.00237213 0.00263303 0.00289393 0.00315483 0.00341574 0.00367664 0.00393754 0.00419845 0.00445935 0.00472025
0.00254931 0.00276033 0.00297136 0.00318238  0.0033934 0.00360443 0.00381545 0.00402648  0.0042375 0.00444853
0.00265181 0.00279634 0.00294088 0.00308542 0.00322996  0.0033745 0.00351903 0.00366357 0.00380811 0.00395265
0.00265931 0.00273371  0.0028081  0.0028825 0.00295689 0.00303128 0.00310568 0.00318008 0.00325447 0.00332887
0.00258036 0.00258693  0.0025935 0.00260007 0.00260664 0.00261321 0.00261978 0.00262635 0.00263292 0.00263949
0.00246554 0.00241467  0.0023638 0.00231293 0.00226206  0.0022112 0.00216033 0.00210946 0.00205859 0.00200772
0.00234326  0.0022448 0.00214633 0.00204787  0.0019494 0.00185094 0.00175247 0.00165401 0.00155554 0.00145708
 0.00218843  0.00205063  0.00191283  0.00177502  0.00163722  0.00149942  0.00136162  0.00122382  0.00108603 0.000948227
 0.00197826  0.00177179  0.00156533  0.00135887   0.0011524 0.000945939 0.000739476 0.000533014 0.000326552 0.000120091
  0.00179001   0.00153949   0.00128896   0.00103844  0.000787914  0.000537391  0.000286868  3.63457e-05 -0.000214177 -0.000464699
  0.00154725   0.00126953  0.000991819  0.000714106  0.000436394  0.000158682 -0.000119029  -0.00039674  -0.00067445  -0.00095216
   0.0012714   0.00097513  0.000678856  0.000382584  8.63126e-05 -0.000209958 -0.000506228 -0.000802498  -0.00109877  -0.00139504
 0.000989609  0.000691578  0.000393548   9.5519e-05 -0.000202509 -0.000500536 -0.000798562  -0.00109659  -0.00139461  -0.00169264
 0.000728548  0.000453458  0.000178368 -9.67197e-05 -0.000371807 -0.000646893 -0.000921979  -0.00119706  -0.00147215  -0.00174723
 0.000529925  0.000301586   7.3247e-05  -0.00015509 -0.000383427 -0.000611762 -0.000840095  -0.00106843  -0.00129676  -0.00152509
 0.000427914  0.000268707  0.000109501 -4.97028e-05 -0.000208905 -0.000368105 -0.000527303 -0.000686499 -0.000845695  -0.00100489
 0.000439914  0.000369423  0.000298934  0.000228448  0.000157964  8.74826e-05  1.70033e-05 -5.34746e-05 -0.000123951 -0.000194428
0.000585088 0.000617545 0.000650004 0.000682467 0.000714933 0.000747402 0.000779872 0.000812344 0.000844817 0.000877291
0.000845529 0.000999175  0.00115283  0.00130648  0.00146014   0.0016138  0.00176746  0.00192112  0.00207479  0.00222845
0.00119684 0.00148339 0.00176994 0.00205649 0.00234305 0.00262961 0.00291617 0.00320274  0.0034893 0.00377587
0.00164312 0.00205943 0.00247574 0.00289206 0.00330837  0.0037247 0.00414102 0.00455734 0.00497367    0.00539
0.00212969 0.00264585   0.003162 0.00367816 0.00419433 0.00471049 0.00522666 0.00574283 0.00625901 0.00677518
0.00275717  0.0033641 0.00397104 0.00457798 0.00518492 0.00579187 0.00639881 0.00700576 0.00761271 0.00821966
0.00347534 0.00415726  0.0048392 0.00552113 0.00620308 0.00688502 0.00756697 0.00824891 0.00893086 0.00961281
 0.0035206 0.00421668 0.00491277 0.00560887 0.00630496 0.00700107 0.00769717 0.00839327 0.00908938 0.00978548
0.00308108 0.00366762 0.00425416 0.00484071 0.00542727 0.00601383 0.00660038 0.00718694 0.00777351 0.00836007
 0.0032135 0.00373563 0.00425777 0.00477992 0.00530206 0.00582421 0.00634637 0.00686852 0.00739067 0.00791283
0.00353245 0.00404301 0.00455358 0.00506416 0.00557473 0.00608531 0.00659589 0.00710647 0.00761706 0.00812764
0.00400021 0.00457241 0.00514461 0.00571682 0.00628903 0.00686124 0.00743346 0.00800568 0.00857789 0.00915011
0.00459934 0.00532417 0.00604901 0.00677385  0.0074987 0.00822354 0.00894839 0.00967324  0.0103981  0.0111229
0.00519191  0.0059906 0.00678928 0.00758798 0.00838667 0.00918537 0.00998407  0.0107828  0.0115815  0.0123802
0.00615043 0.00710007 0.00804972 0.00899938 0.00994904  0.0108987  0.0118484   0.012798  0.0137477  0.0146974
0.00744357 0.00862135 0.00979913  0.0109769  0.0121547  0.0133325  0.0145103  0.0156881  0.0168659  0.0180437
0.00890616   0.010288  0.0116699  0.0130518  0.0144337  0.0158156  0.0171975  0.0185794  0.0199613  0.0213431
 0.010672 0.0122898 0.0139076 0.0155253 0.0171431 0.0187609 0.0203787 0.0219965 0.0236143 0.0252321
0.0127267 0.0145876 0.0164485 0.0183094 0.0201703 0.0220313 0.0238922 0.0257531  0.027614  0.029475
0.0150158 0.0171129 0.0192101 0.0213073 0.0234045 0.0255017 0.0275989 0.0296961 0.0317933 0.0338905
0.0175023 0.0198189 0.0221355 0.0244522 0.0267688 0.0290854 0.0314021 0.0337187 0.0360354  0.038352
0.0201528 0.0226583 0.0251638 0.0276694 0.0301749 0.0326804  0.035186 0.0376915 0.0401971 0.0427026
0.0228649 0.0255004 0.0281359 0.0307714 0.0334069 0.0360424 0.0386779 0.0413135  0.043949 0.0465845
0.0255696 0.0282652 0.0309609 0.0336566 0.0363522 0.0390479 0.0417436 0.0444393  0.047135 0.0498307
0.0282149 0.0309062 0.0335975 0.0362887   0.03898 0.0416713 0.0443626 0.0470539 0.0497452 0.0524366
0.0308344 0.0334991 0.0361638 0.0388285 0.0414932 0.0441579 0.0468227 0.0494874 0.0521521 0.0548168
0.0334455 0.0360814 0.0387174 0.0413534 0.0439893 0.0466253 0.0492613 0.0518973 0.0545333 0.0571692
0.0360257 0.0386209 0.0412161 0.0438112 0.0464064 0.0490016 0.0515968  0.054192 0.0567872 0.0593824
0.0385173 0.0410341 0.0435508 0.0460675 0.0485843 0.0511011 0.0536178 0.0561346 0.0586514 0.0611682
0.0408962 0.0433204 0.0457447 0.0481689 0.0505931 0.0530174 0.0554416 0.0578659 0.0602901 0.0627144
 0.043267  0.045664 0.0480609 0.0504579 0.0528549 0.0552519 0.0576489 0.0600459 0.0624429   0.06484
0.0457493 0.0481894 0.0506296 0.0530698   0.05551 0.0579502 0.0603905 0.0628307 0.0652709 0.0677112
0.0483453  0.050853 0.0533608 0.0558686 0.0583764 0.0608842 0.0633921 0.0658999 0.0684078 0.0709156
0.0509701 0.0535343 0.0560986 0.0586628 0.0612271 0.0637914 0.0663557   0.06892 0.0714843 0.0740486
0.0536203 0.0562189 0.0588176 0.0614163  0.064015 0.0666137 0.0692124 0.0718111 0.0744099 0.0770086
0.0563061 0.0589348 0.0615636 0.0641924 0.0668212   0.06945 0.0720789 0.0747077 0.0773366 0.0799655
 0.059031 0.0617028 0.0643747 0.0670465 0.0697184 0.0723904 0.0750623 0.0777342 0.0804062 0.0830782
0.0618306 0.0645682 0.0673058 0.0700434  0.072781 0.0755187 0.0782564 0.0809941 0.0837318 0.0864695
0.0647516  0.067587 0.0704225 0.0732579 0.0760934 0.0789289 0.0817645    0.0846 0.0874356 0.0902712
0.0678433 0.0708144 0.0737855 0.0767567 0.0797279 0.0826991 0.0856704 0.0886416 0.0916129 0.0945842
0.0711496 0.0743005 0.0774514 0.0806023 0.0837533 0.0869043 0.0900554 0.0932064 0.0963574 0.0995085
0.0747207  0.078102 0.0814833 0.0848647 0.0882461 0.0916275 0.0950089 0.0983904  0.101772  0.105153
0.0786132 0.0822849 0.0859567 0.0896285 0.0933003 0.0969721  0.100644  0.104316  0.107988  0.111659
0.0828949 0.0869225 0.0909502  0.094978 0.0990057  0.103033  0.107061  0.111089  0.115117  0.119144
0.0875739 0.0919979 0.0964219  0.100846   0.10527  0.109694  0.114118  0.118542  0.122966   0.12739
 0.092688 0.0975491   0.10241  0.107271  0.112132  0.116993  0.121854  0.126715  0.131576  0.136437
0.0982706   0.10361   0.10895   0.11429  0.119629  0.124969  0.130309  0.135648  0.140988  0.146327
-0.0812502  -0.075614 -0.0699779 -0.0643417 -0.0587056 -0.0530695 -0.0474334 -0.0417973 -0.0361612 -0.0305251
-0.0753282 -0.0697277 -0.0641272 -0.0585267 -0.0529262 -0.0473257 -0.0417253 -0.0361248 -0.0305244 -0.0249239
-0.0693987 -0.0636221 -0.0578455  -0.052069 -0.0462924 -0.0405159 -0.0347393 -0.0289628 -0.0231863 -0.0174098
 -0.0634573  -0.0573918  -0.0513263  -0.0452608  -0.0391954  -0.0331299  -0.0270645  -0.0209991  -0.0149337 -0.00886826
   -0.057699   -0.0512948   -0.0448906   -0.0384864   -0.0320822    -0.025678   -0.0192738   -0.0128697  -0.00646549 -6.13319e-05
 -0.0526858  -0.0460527  -0.0394197  -0.0327868  -0.0261538  -0.0195208  -0.0128879  -0.0062549 0.000378046  0.00701099
 -0.0487252  -0.0419979  -0.0352706  -0.0285433  -0.0218161  -0.0150888 -0.00836161 -0.00163438  0.00509285   0.0118201
 -0.0453605  -0.0387382  -0.0321158  -0.0254935  -0.0188712  -0.0122489 -0.00562657 0.000995727  0.00761802   0.0142403
 -0.0413821  -0.0349459  -0.0285098  -0.0220736  -0.0156375 -0.00920136 -0.00276525  0.00367087    0.010107   0.0165431
 -0.0367401  -0.0300032  -0.0232664  -0.0165296 -0.00979273  -0.0030559  0.00368091   0.0104177   0.0171545   0.0238913
 -0.0311597  -0.0243458   -0.017532  -0.0107182 -0.00390436  0.00290945  0.00972326   0.0165371   0.0233509   0.0301647
 -0.0245068  -0.0177145  -0.0109221 -0.00412982   0.0026625  0.00945481   0.0162471   0.0230394   0.0298317    0.036624
 -0.0168812 -0.00961694 -0.00235267  0.00491159   0.0121758   0.0194401   0.0267044   0.0339686   0.0412329   0.0484971
 -0.00869699 -0.000927193    0.0068426    0.0146124    0.0223822     0.030152    0.0379217    0.0456915    0.0534613    0.0612311
-0.000110462   0.00810451    0.0163195    0.0245344    0.0327494    0.0409644    0.0491793    0.0573943    0.0656092    0.0738242
0.00856799  0.0170258  0.0254836  0.0339414  0.0423991  0.0508569  0.0593147  0.0677725  0.0762303   0.084688
0.0170145 0.0254438 0.0338732 0.0423025 0.0507319 0.0591612 0.0675906 0.0760199 0.0844492 0.0928786
0.0249901 0.0331317 0.0412732 0.0494148 0.0575564  0.065698 0.0738396 0.0819812 0.0901227 0.0982643
0.0323463  0.039996 0.0476456 0.0552953  0.062945 0.0705947 0.0782443  0.085894 0.0935437  0.101193
0.0390471  0.046096 0.0531448 0.0601936 0.0672424 0.0742913 0.0813401 0.0883889 0.0954377  0.102487
0.0451177 0.0515152 0.0579127 0.0643103 0.0707078 0.0771053 0.0835028 0.0899004 0.0962979  0.102695
0.0505426 0.0562878 0.0620329  0.067778 0.0735232 0.0792683 0.0850135 0.0907587 0.0965038  0.102249
0.0553324  0.060437 0.0655415 0.0706461 0.0757507 0.0808553 0.0859598 0.0910644  0.096169  0.101274
  0.05954 0.0640795 0.0686191 0.0731587 0.0776983 0.0822378 0.0867774  0.091317 0.0958566  0.100396
0.0633817 0.0674815 0.0715813 0.0756811 0.0797809 0.0838807 0.0879805 0.0920804 0.0961802   0.10028
0.0671081 0.0709168 0.0747255 0.0785342 0.0823429 0.0861516 0.0899603  0.093769 0.0975778  0.101387
0.0707528 0.0744149 0.0780771 0.0817393 0.0854015 0.0890637 0.0927259 0.0963882   0.10005  0.103713
0.0743133 0.0778872 0.0814612 0.0850351 0.0886091 0.0921831 0.0957571 0.0993311  0.102905  0.106479
0.0778175 0.0813135 0.0848095 0.0883056 0.0918017 0.0952978 0.0987939   0.10229  0.105786  0.109282
0.0811544 0.0845572   0.08796 0.0913628 0.0947656 0.0981684  0.101571  0.104974  0.108377   0.11178
0.0843199 0.0876117 0.0909035 0.0941953 0.0974871  0.100779  0.104071  0.107363  0.110654  0.113946
0.0874856  0.090686 0.0938864 0.0970868  0.100287  0.103488  0.106688  0.109889  0.113089   0.11629
0.0889242 0.0909026 0.0928811 0.0948595  0.096838 0.0988165  0.100795  0.102774  0.104752  0.106731
 0.089791 0.0909242 0.0920574 0.0931907 0.0943239 0.0954572 0.0965905 0.0977238 0.0988572 0.0999905
0.0908331 0.0917497 0.0926663 0.0935829 0.0944996 0.0954162 0.0963329 0.0972496 0.0981663  0.099083
0.0923427 0.0934673 0.0945918 0.0957165 0.0968411 0.0979657 0.0990904  0.100215   0.10134  0.102464
0.0943341 0.0959478 0.0975616 0.0991753  0.100789  0.102403  0.104017   0.10563  0.107244  0.108858
0.0968224  0.098964  0.101106  0.103247  0.105389  0.107531  0.109672  0.111814  0.113956  0.116097
0.0996258  0.102193  0.104759  0.107326  0.109893   0.11246  0.115027  0.117594  0.120161  0.122727
0.102925 0.106002  0.10908 0.112157 0.115234 0.118311 0.121388 0.124466 0.127543  0.13062
-0.0677808 -0.0647294 -0.0616781 -0.0586268 -0.0555755 -0.0525242  -0.049473 -0.0464217 -0.0433704 -0.0403192
-0.0682459 -0.0657116 -0.0631773  -0.060643 -0.0581087 -0.0555744 -0.0530401 -0.0505059 -0.0479716 -0.0454373
 -0.068665 -0.0663291 -0.0639932 -0.0616574 -0.0593215 -0.0569857 -0.0546499  -0.052314 -0.0499782 -0.0476424
-0.0683381 -0.0660446 -0.0637511 -0.0614575  -0.059164 -0.0568705  -0.054577 -0.0522836 -0.0499901 -0.0476966
-0.0668781 -0.0645473 -0.0622165 -0.0598856 -0.0575549 -0.0552241 -0.0528933 -0.0505625 -0.0482317  -0.045901
-0.0645551 -0.0622299 -0.0599047 -0.0575795 -0.0552543 -0.0529291  -0.050604 -0.0482788 -0.0459536 -0.0436285
-0.0617645  -0.059447 -0.0571296 -0.0548121 -0.0524947 -0.0501773 -0.0478599 -0.0455425 -0.0432251 -0.0409077
-0.0590574 -0.0568208 -0.0545842 -0.0523477 -0.0501112 -0.0478746 -0.0456381 -0.0434016 -0.0411651 -0.0389286
-0.0564023 -0.0544689 -0.0525355 -0.0506021 -0.0486687 -0.0467353 -0.0448019 -0.0428686 -0.0409352 -0.0390018
-0.0532924 -0.0513549 -0.0494174 -0.0474799 -0.0455424  -0.043605 -0.0416675   -0.03973 -0.0377925 -0.0358551
-0.0523446 -0.0500048 -0.0476649 -0.0453251 -0.0429852 -0.0406453 -0.0383055 -0.0359656 -0.0336258  -0.031286
-0.0509967 -0.0483397 -0.0456826 -0.0430255 -0.0403684 -0.0377114 -0.0350543 -0.0323972 -0.0297402 -0.0270831
-0.0482892 -0.0451569 -0.0420247 -0.0388925 -0.0357603  -0.032628 -0.0294958 -0.0263636 -0.0232314 -0.0200991
 -0.0434623  -0.0393137  -0.0351652  -0.0310167  -0.0268681  -0.0227196  -0.0185711  -0.0144226  -0.0102741 -0.00612554
  -0.037782  -0.0327745  -0.0277671  -0.0227596  -0.0177522  -0.0127447 -0.00773727 -0.00272982  0.00227763  0.00728508
 -0.0315623  -0.0258255  -0.0200886  -0.0143518 -0.00861493 -0.00287809  0.00285875  0.00859559   0.0143324   0.0200693
   -0.025009   -0.0187835   -0.0125581  -0.00633265 -0.000107205   0.00611824    0.0123437    0.0185691    0.0247946      0.03102
 -0.0185616   -0.012199 -0.00583644  0.00052613   0.0068887   0.0132513   0.0196138   0.0259764    0.032339   0.0387015
  -0.0126066  -0.00646548 -0.000324334   0.00581682     0.011958    0.0180991    0.0242403    0.0303814    0.0365226    0.0426638
-0.00736751 -0.00174511  0.00387729  0.00949969   0.0151221   0.0207445   0.0263669   0.0319893   0.0376118   0.0432342
-0.00282144  0.00213411  0.00708966   0.0120452   0.0170008   0.0219563   0.0269119   0.0318675    0.036823   0.0417786
0.00113804  0.0054021 0.00966617  0.0139302  0.0181943  0.0224584  0.0267225  0.0309866  0.0352507  0.0395148
0.00444702 0.00802152   0.011596  0.0151705  0.0187451  0.0223196  0.0258941  0.0294687  0.0330432  0.0366178
0.00722607  0.0101986  0.0131712  0.0161438  0.0191164  0.0220889  0.0250615  0.0280341  0.0310068  0.0339794
0.0096905  0.012244 0.0147975  0.017351 0.0199045 0.0224581 0.0250116 0.0275652 0.0301187 0.0326723
0.0120856 0.0144376 0.0167896 0.0191417 0.0214938 0.0238459  0.026198 0.0285501 0.0309022 0.0332543
0.0146765 0.0170224 0.0193683 0.0217143 0.0240602 0.0264061 0.0287521 0.0310981  0.033444   0.03579
0.0174029 0.0198342 0.0222655 0.0246969 0.0271283 0.0295597 0.0319911 0.0344225 0.0368539 0.0392853
0.0202756 0.0228449 0.0254143 0.0279837  0.030553 0.0331224 0.0356918 0.0382613 0.0408307 0.0434001
0.0232118 0.0259518 0.0286918 0.0314318 0.0341718 0.0369119  0.039652  0.042392 0.0451321 0.0478722
0.0258124 0.0281623 0.0305122 0.0328622 0.0352122 0.0375621 0.0399122 0.0422622 0.0446122 0.0469623
0.0277036 0.0284938  0.029284 0.0300743 0.0308645 0.0316548 0.0324451 0.0332354 0.0340258 0.0348161
0.0297089 0.0293271 0.0289454 0.0285638 0.0281821 0.0278005 0.0274189 0.0270374 0.0266558 0.0262742
0.0314605 0.0307526 0.0300446 0.0293368 0.0286289 0.0279211 0.0272133 0.0265056 0.0257978   0.02509
0.0345701 0.0340913 0.0336124 0.0331336 0.0326548 0.0321761 0.0316974 0.0312186 0.0307399 0.0302612
0.0400289 0.0399041 0.0397794 0.0396547   0.03953 0.0394053 0.0392806  0.039156 0.0390314 0.0389067
0.0473141 0.0476687 0.0480233 0.0483779 0.0487325 0.0490872 0.0494419 0.0497965 0.0501512 0.0505059
 0.053998 0.0546942 0.0553903 0.0560864 0.0567826 0.0574788 0.0581749 0.0588711 0.0595673 0.0602634
0.0570248 0.0581281 0.0592315 0.0603348 0.0614381 0.0625414 0.0636448 0.0647481 0.0658514 0.0669548
0.0569341 0.0580625 0.0591909 0.0603192 0.0614476  0.062576 0.0637043 0.0648327 0.0659611 0.0670894
-0.135977 -0.134736 -0.133495 -0.132254 -0.131012 -0.129771  -0.12853 -0.127288 -0.126047 -0.124806
-0.133554 -0.132205 -0.130856 -0.129508 -0.128159  -0.12681 -0.125462 -0.124113 -0.122764 -0.121416
-0.130685 -0.129234 -0.127783 -0.126332 -0.124881  -0.12343 -0.121979 -0.120528 -0.119077 -0.117626
-0.127448 -0.125808 -0.124167 -0.122527 -0.120886 -0.119245 -0.117605 -0.115964 -0.114324 -0.112683
-0.123765 -0.121755 -0.119746 -0.117736 -0.115726 -0.113717 -0.111707 -0.109697 -0.107688 -0.105678
 -0.120009  -0.117703  -0.115396   -0.11309  -0.110784  -0.108477  -0.106171  -0.103865  -0.101559 -0.0992522
 -0.116654  -0.114027    -0.1114  -0.108773  -0.106145  -0.103518  -0.100891 -0.0982641  -0.095637 -0.0930099
 -0.113343  -0.110436  -0.107529  -0.104622  -0.101714 -0.0988071 -0.0958999 -0.0929927 -0.0900855 -0.0871782
 -0.110244  -0.107197   -0.10415  -0.101103 -0.0980558 -0.0950087 -0.0919616 -0.0889145 -0.0858675 -0.0828204
 -0.107067  -0.103544  -0.100022 -0.0964989 -0.0929762 -0.0894536 -0.0859309 -0.0824083 -0.0788856  -0.075363
 -0.103128 -0.0989141 -0.0947007 -0.0904873 -0.0862739 -0.0820605 -0.0778471 -0.0736337 -0.0694203  -0.065207
 -0.098367 -0.0935308 -0.0886947 -0.0838585 -0.0790224 -0.0741863 -0.0693501  -0.064514 -0.0596779 -0.0548418
-0.0930032 -0.0876424 -0.0822816 -0.0769208 -0.0715601 -0.0661993 -0.0608386 -0.0554778  -0.050117 -0.0447563
-0.0872083 -0.0814208 -0.0756333 -0.0698459 -0.0640584  -0.058271 -0.0524835 -0.0466961 -0.0409086 -0.0351212
-0.0812659  -0.075143 -0.0690201 -0.0628972 -0.0567743 -0.0506514 -0.0445285 -0.0384056 -0.0322827 -0.0261598
-0.0752293  -0.068824 -0.0624187 -0.0560134 -0.0496081 -0.0432028 -0.0367975 -0.0303922 -0.0239869 -0.0175816
  -0.069095  -0.0624649  -0.0558348  -0.0492047  -0.0425745  -0.0359444  -0.0293143  -0.0226841   -0.016054 -0.00942388
 -0.0630018  -0.0562292  -0.0494565  -0.0426839  -0.0359112  -0.0291386  -0.0223659  -0.0155933 -0.00882061 -0.00204796
  -0.056964  -0.0501066  -0.0432492  -0.0363918  -0.0295344   -0.022677  -0.0158196 -0.00896221 -0.00210481   0.0047526
 -0.0509554  -0.0440876  -0.0372198  -0.0303519  -0.0234841  -0.0166163 -0.00974842 -0.00288058  0.00398727   0.0108551
 -0.0446116  -0.0380115  -0.0314114  -0.0248113  -0.0182111   -0.011611 -0.00501084   0.0015893  0.00818945   0.0147896
 -0.0385183  -0.0323194  -0.0261205  -0.0199215  -0.0137226 -0.00752362 -0.00132465  0.00487431   0.0110733   0.0172722
  -0.032825  -0.0270221  -0.0212192  -0.0154162 -0.00961332 -0.00381038  0.00199256  0.00779551   0.0135985   0.0194014
 -0.0273665  -0.0218595  -0.0163525  -0.0108455 -0.00533854 0.000168475   0.0056755   0.0111825   0.0166895   0.0221966
  -0.0220779   -0.0167855   -0.0114932  -0.00620079 -0.000908408   0.00438399   0.00967639    0.0149688    0.0202612    0.0255536
 -0.0168533  -0.0116819  -0.0065105 -0.00133907  0.00383237  0.00900383   0.0141753   0.0193468   0.0245182   0.0296897
 -0.0115734  -0.0064261 -0.00127874  0.00386864  0.00901603   0.0141634   0.0193108   0.0244583   0.0296057   0.0347531
   -0.006115 -0.000858004   0.00439901   0.00965603    0.0149131    0.0201701    0.0254272    0.0306842    0.0359413    0.0411984
-0.000353742   0.00513408    0.0106219    0.0161098    0.0215976    0.0270855    0.0325734    0.0380613    0.0435492    0.0490371
0.00560487  0.0112853  0.0169658  0.0226463  0.0283268  0.0340074  0.0396879  0.0453685   0.051049  0.0567296
0.0118033 0.0176905 0.0235776 0.0294648 0.0353519 0.0412391 0.0471263 0.0530136 0.0589008 0.0647881
 0.018412  0.024309 0.0302061 0.0361032 0.0420003 0.0478974 0.0537945 0.0596917 0.0655889 0.0714861
0.0247678 0.0300309 0.0352941 0.0405573 0.0458205 0.0510837  0.056347 0.0616103 0.0668736 0.0721368
0.0307273 0.0350298 0.0393324  0.043635 0.0479376 0.0522402 0.0565429 0.0608455 0.0651482 0.0694509
0.0369893 0.0410933 0.0451974 0.0493015 0.0534056 0.0575097 0.0616139  0.065718 0.0698222 0.0739264
0.0433781 0.0478152 0.0522524 0.0566897 0.0611269 0.0655642 0.0700014 0.0744387  0.078876 0.0833133
0.0505132 0.0553485 0.0601839 0.0650193 0.0698547 0.0746901 0.0795255  0.084361 0.0891964 0.0940318
0.0583316 0.0634573  0.068583 0.0737086 0.0788343   0.08396 0.0890856 0.0942113  0.099337  0.104463
 0.065547 0.0707483 0.0759495 0.0811507 0.0863519 0.0915531 0.0967543  0.101956  0.107157  0.112358
0.0706832 0.0757746  0.080866 0.0859574 0.0910488 0.0961401  0.101232  0.106323  0.111414  0.116506
   -0.1199   -0.11493  -0.109959  -0.104989  -0.100019 -0.0950483 -0.0900779 -0.0851076 -0.0801372 -0.0751668
 -0.114989  -0.110116  -0.105242  -0.100368 -0.0954945 -0.0906208  -0.085747 -0.0808733 -0.0759996 -0.0711259
 -0.110042  -0.105184  -0.100326  -0.095468 -0.0906101 -0.0857522 -0.0808943 -0.0760364 -0.0711785 -0.0663206
 -0.104912 -0.0999383 -0.0949642 -0.0899901  -0.085016  -0.080042  -0.075068 -0.0700939 -0.0651199 -0.0601458
-0.0994292 -0.0941961 -0.0889631   -0.08373 -0.0784969 -0.0732639 -0.0680308 -0.0627978 -0.0575647 -0.0523317
 -0.093745 -0.0883514 -0.0829579 -0.0775643 -0.0721707 -0.0667772 -0.0613837 -0.0559901 -0.0505966 -0.0452031
-0.0884311 -0.0830349 -0.0776387 -0.0722426 -0.0668464 -0.0614503 -0.0560541  -0.050658 -0.0452618 -0.0398657
-0.0830371 -0.0776656  -0.072294 -0.0669225  -0.061551 -0.0561794 -0.0508079 -0.0454364 -0.0400649 -0.0346934
-0.0770983 -0.0714034 -0.0657084 -0.0600135 -0.0543186 -0.0486237 -0.0429288  -0.037234 -0.0315391 -0.0258442
-0.0707311  -0.064639 -0.0585469 -0.0524547 -0.0463626 -0.0402705 -0.0341784 -0.0280863 -0.0219941  -0.015902
 -0.0640205  -0.0575115  -0.0510025  -0.0444935  -0.0379845  -0.0314755  -0.0249665  -0.0184575  -0.0119485 -0.00543948
 -0.0569937  -0.0501163  -0.0432388  -0.0363614   -0.029484  -0.0226065  -0.0157291  -0.0088517 -0.00197429  0.00490313
 -0.0497859  -0.0426407  -0.0354955  -0.0283503  -0.0212051  -0.0140599 -0.00691471 0.000230472  0.00737566   0.0145208
 -0.0424759  -0.0351269   -0.027778  -0.0204291  -0.0130801 -0.00573121  0.00161771  0.00896663   0.0163155   0.0236645
  -0.035115  -0.0276626  -0.0202102  -0.0127578 -0.00530542  0.00214696  0.00959935   0.0170517   0.0245041   0.0319565
 -0.0277568  -0.0203036  -0.0128503 -0.00539697  0.00205631   0.0095096   0.0169629   0.0244162   0.0318694   0.0393227
 -0.0204867  -0.0131038 -0.00572083   0.0016621  0.00904503    0.016428   0.0238109   0.0311938   0.0385767   0.0459597
   -0.01332 -0.00605515  0.00120967  0.00847448   0.0157393   0.0230041   0.0302689   0.0375337   0.0447986   0.0520634
-0.00628815 0.000827806  0.00794376   0.0150597   0.0221757   0.0292916   0.0364076   0.0435235   0.0506395   0.0577554
0.00057713 0.00752846  0.0144798  0.0214311  0.0283825  0.0353338  0.0422851  0.0492365  0.0561878  0.0631391
0.00724863  0.0140237  0.0207988  0.0275739   0.034349  0.0411241  0.0478992  0.0546743  0.0614494  0.0682245
0.0137286 0.0203147 0.0269009 0.0334871 0.0400733 0.0466595 0.0532456 0.0598318  0.066418 0.0730042
0.0199647 0.0263211 0.0326776 0.0390341 0.0453905  0.051747 0.0581035   0.06446 0.0708164 0.0771729
0.0259273 0.0320305 0.0381337 0.0442369 0.0503401 0.0564433 0.0625465 0.0686497  0.074753 0.0808562
0.0316992 0.0375629 0.0434266 0.0492903  0.055154 0.0610177 0.0668814 0.0727451 0.0786088 0.0844726
0.0373157 0.0429802 0.0486446 0.0543091 0.0599736 0.0656381 0.0713026 0.0769671 0.0826317 0.0882962
0.0428253 0.0483468 0.0538683 0.0593898 0.0649113 0.0704328 0.0759543 0.0814759 0.0869974 0.0925189
 0.048229  0.053631 0.0590331 0.0644352 0.0698372 0.0752393 0.0806414 0.0860435 0.0914457 0.0968478
0.0535043 0.0587833 0.0640623 0.0693413 0.0746203 0.0798994 0.0851785 0.0904575 0.0957366  0.101016
0.0586292 0.0637697 0.0689102 0.0740508 0.0791913 0.0843319 0.0894725 0.0946131 0.0997537  0.104894
0.0617214 0.0653475 0.0689736 0.0725998 0.0762259 0.0798521 0.0834783 0.0871045 0.0907307 0.0943569
0.0626637 0.0642644 0.0658651 0.0674658 0.0690666 0.0706674 0.0722682  0.073869 0.0754698 0.0770706
0.0632051 0.0631634 0.0631217   0.06308 0.0630383 0.0629967  0.062955 0.0629134 0.0628718 0.0628303
0.0650467 0.0641402 0.0632338 0.0623273 0.0614209 0.0605145 0.0596082 0.0587018 0.0577955 0.0568891
0.0699685 0.0690902 0.0682119 0.0673337 0.0664555 0.0655773 0.0646991  0.063821 0.0629428 0.0620646
0.0774128 0.0767886 0.0761644 0.0755402 0.0749161 0.0742919 0.0736678 0.0730437 0.0724196 0.0717955
 0.085261 0.0848076 0.0843543 0.0839009 0.0834476 0.0829942 0.0825409 0.0820876 0.0816343  0.081181
0.0908258 0.0900894  0.089353 0.0886165 0.0878801 0.0871437 0.0864073 0.0856708 0.0849344  0.084198
0.0933371 0.0923027 0.0912683 0.0902338 0.0891994  0.088165 0.0871306 0.0860961 0.0850617 0.0840272
0.0925796  0.091273 0.0899663 0.0886596 0.0873529 0.0860463 0.0847396 0.0834328 0.0821261 0.0808194
-0.107642 -0.109065 -0.110489 -0.111912 -0.113336  -0.11476 -0.116183 -0.117607 -0.119031 -0.120454
 -0.10888 -0.110141 -0.111402 -0.112664 -0.113925 -0.115187 -0.116448  -0.11771 -0.118971 -0.120233
-0.109381  -0.11045 -0.111518 -0.112587 -0.113656 -0.114725 -0.115794 -0.116863 -0.117932 -0.119001
-0.109443 -0.110321 -0.111199 -0.112077 -0.112956 -0.113834 -0.114712 -0.115591 -0.116469 -0.117347
-0.109125 -0.109723 -0.110322  -0.11092 -0.111518 -0.112116 -0.112714 -0.113313 -0.113911 -0.114509
-0.108242 -0.108514 -0.108785 -0.109057 -0.109328   -0.1096 -0.109872 -0.110143 -0.110415 -0.110686
-0.107006 -0.106961 -0.106916 -0.106872 -0.106827 -0.106782 -0.106738 -0.106693 -0.106649 -0.106604
-0.105752 -0.105355 -0.104958  -0.10456 -0.104163 -0.103766 -0.103368 -0.102971 -0.102574 -0.102176
 -0.104857  -0.104226  -0.103596  -0.102965  -0.102335  -0.101704  -0.101074  -0.100443 -0.0998125 -0.0991819
 -0.104331  -0.103546   -0.10276  -0.101975   -0.10119  -0.100404 -0.0996189 -0.0988336 -0.0980483  -0.097263
 -0.103559  -0.102359  -0.101159 -0.0999594 -0.0987594 -0.0975594 -0.0963595 -0.0951595 -0.0939595 -0.0927596
 -0.101875 -0.0999314 -0.0979882 -0.0960451  -0.094102 -0.0921588 -0.0902157 -0.0882726 -0.0863295 -0.0843864
-0.0991905 -0.0965525 -0.0939145 -0.0912766 -0.0886386 -0.0860006 -0.0833627 -0.0807248 -0.0780868 -0.0754489
-0.0958156 -0.0926489 -0.0894823 -0.0863157  -0.083149 -0.0799824 -0.0768158 -0.0736492 -0.0704826 -0.0673159
-0.0922087 -0.0886874 -0.0851662 -0.0816449 -0.0781236 -0.0746024 -0.0710812 -0.0675599 -0.0640387 -0.0605175
-0.0887627 -0.0850496 -0.0813366 -0.0776235 -0.0739105 -0.0701974 -0.0664844 -0.0627714 -0.0590584 -0.0553453
-0.0855793 -0.0817628 -0.0779463 -0.0741298 -0.0703133 -0.0664968 -0.0626804 -0.0588639 -0.0550474 -0.0512309
-0.0825422 -0.0787159 -0.0748896 -0.0710633  -0.067237 -0.0634108 -0.0595845 -0.0557582 -0.0519319 -0.0481056
-0.0796997 -0.0760233  -0.072347 -0.0686707 -0.0649944 -0.0613181 -0.0576418 -0.0539655 -0.0502892 -0.0466129
-0.0769202 -0.0737676  -0.070615 -0.0674625 -0.0643099 -0.0611574 -0.0580048 -0.0548523 -0.0516997 -0.0485472
 -0.074675 -0.0721599 -0.0696448 -0.0671297 -0.0646146 -0.0620995 -0.0595844 -0.0570694 -0.0545543 -0.0520392
-0.0729357 -0.0709692 -0.0690026  -0.067036 -0.0650695 -0.0631029 -0.0611363 -0.0591698 -0.0572032 -0.0552366
-0.0713942 -0.0697874 -0.0681806 -0.0665738 -0.0649671 -0.0633603 -0.0617535 -0.0601467 -0.0585399 -0.0569332
-0.0699696 -0.0685904 -0.0672112 -0.0658319 -0.0644527 -0.0630735 -0.0616943 -0.0603151 -0.0589359 -0.0575566
-0.0686404  -0.067394 -0.0661475 -0.0649011 -0.0636547 -0.0624083 -0.0611619 -0.0599154  -0.058669 -0.0574226
-0.0671812 -0.0659017 -0.0646222 -0.0633427 -0.0620633 -0.0607838 -0.0595043 -0.0582249 -0.0569454 -0.0556659
-0.0655691 -0.0641427 -0.0627163 -0.0612899 -0.0598635 -0.0584372 -0.0570108 -0.0555844  -0.054158 -0.0527316
-0.0636891 -0.0620554 -0.0604218 -0.0587881 -0.0571544 -0.0555208 -0.0538871 -0.0522534 -0.0506197 -0.0489861
-0.0614214 -0.0595668 -0.0577121 -0.0558575 -0.0540029 -0.0521482 -0.0502936 -0.0484389 -0.0465843 -0.0447296
-0.0587911   -0.05672 -0.0546489 -0.0525778 -0.0505068 -0.0484357 -0.0463646 -0.0442935 -0.0422224 -0.0401513
-0.0558748 -0.0536923 -0.0515098 -0.0493273 -0.0471448 -0.0449623 -0.0427797 -0.0405972 -0.0384147 -0.0362322
 -0.052763 -0.0504865 -0.0482101 -0.0459337 -0.0436573 -0.0413809 -0.0391044  -0.036828 -0.0345515 -0.0322751
-0.0495377 -0.0471004 -0.0446631 -0.0422257 -0.0397883  -0.037351 -0.0349136 -0.0324762 -0.0300388 -0.0276015
-0.0462039 -0.0435075  -0.040811 -0.0381146 -0.0354181 -0.0327216 -0.0300251 -0.0273286  -0.024632 -0.0219355
-0.0428394 -0.0397989 -0.0367584 -0.0337179 -0.0306774 -0.0276369 -0.0245963 -0.0215557 -0.0185152 -0.0154746
 -0.0395558  -0.0361094   -0.032663  -0.0292165    -0.02577  -0.0223235   -0.018877  -0.0154305  -0.0119839 -0.00853734
 -0.0363362   -0.032422  -0.0285077  -0.0245934  -0.0206791  -0.0167648  -0.0128504 -0.00893602 -0.00502162 -0.00110721
  -0.0334066   -0.0293019   -0.0251971   -0.0210923   -0.0169875   -0.0128826  -0.00877774  -0.00467282 -0.000567884   0.00353705
 -0.0306095  -0.0265499  -0.0224903  -0.0184306  -0.0143709  -0.0103112 -0.00625141 -0.00219163  0.00186817  0.00592797
  -0.0277773   -0.0238465   -0.0199157   -0.0159848   -0.0120539  -0.00812288  -0.00419188 -0.000260863   0.00367016   0.00760119
 -0.0248374  -0.0210166  -0.0171957  -0.0133748 -0.00955392 -0.00573303 -0.00191214  0.00190875  0.00572964  0.00955054
 -0.0217876    -0.01802  -0.0142525   -0.010485 -0.00671741 -0.00294986  0.00081769  0.00458524   0.0083528   0.0121204
 -0.0187328  -0.0149747  -0.0112167 -0.00745865  -0.0037006 5.74556e-05  0.00381551  0.00757357   0.0113316   0.0150897
  -0.0156631   -0.0118934  -0.00812357  -0.00435379 -0.000584012   0.00318577   0.00695556    0.0107253    0.0144951    0.0182649
  -0.0124404  -0.00862356  -0.00480672 -0.000989868   0.00282698   0.00664384    0.0104607    0.0142775    0.0180944    0.0219113
-0.00918307 -0.00559895 -0.00201483   0.0015693  0.00515343  0.00873756   0.0123217   0.0159058     0.01949   0.0230741
-0.00596626 -0.00261778 0.000730714  0.00407921   0.0074277   0.0107762   0.0141247   0.0174732   0.0208217   0.0241702
-0.00282297 0.000402512    0.003628  0.00685349    0.010079   0.0133045     0.01653   0.0197555    0.022981   0.0262065
0.000294112  0.00348853  0.00668295  0.00987738   0.0130718   0.0162662   0.0194607   0.0226551   0.0258495    0.029044
0.00346812 0.00669581  0.0099235  0.0131512  0.0163789  0.0196066  0.0228343   0.026062  0.0292897  0.0325174
0.00653035 0.00971245  0.0128946  0.0160767  0.0192588  0.0224409   0.025623  0.0288051  0.0319872  0.0351693
0.00937058  0.0124028  0.0154351  0.0184673  0.0214996  0.0245318   0.027564  0.0305963  0.0336285  0.0366608
0.0118868 0.0146642 0.0174415 0.0202189 0.0229963 0.0257736  0.028551 0.0313284 0.0341057 0.0368831
0.0140115 0.0164478 0.0188841 0.0213204 0.0237567  0.026193 0.0286293 0.0310656  0.033502 0.0359383
 0.015721 0.0177626 0.0198043 0.0218459 0.0238875 0.0259292 0.0279708 0.0300124  0.032054 0.0340957
0.0170242 0.0186548 0.0202853 0.0219159 0.0235465  0.025177 0.0268076 0.0284381 0.0300687 0.0316992
0.0179299 0.0191746 0.0204192 0.0216639 0.0229086 0.0241533  0.025398 0.0266427 0.0278874 0.0291321
 0.018543 0.0194337 0.0203245 0.0212152 0.0221059 0.0229966 0.0238873 0.0247781 0.0256688 0.0265595
0.0189181 0.0194929 0.0200677 0.0206425 0.0212174 0.0217922  0.022367 0.0229418 0.0235167 0.0240915
0.0190831 0.0193792 0.0196753 0.0199714 0.0202676 0.0205637 0.0208598  0.021156 0.0214521 0.0217482
0.0190802 0.0191425 0.0192048 0.0192671 0.0193293 0.0193916 0.0194539 0.0195162 0.0195785 0.0196408
0.0189411 0.0188167 0.0186923 0.0185679 0.0184436 0.0183192 0.0181948 0.0180704 0.0179461 0.0178217
0.0186283 0.0183603 0.0180924 0.0178244 0.0175565 0.0172885 0.0170206 0.0167527 0.0164847 0.0162168
0.018191 0.017802 0.017413 0.017024 0.016635 0.016246 0.015857 0.015468 0.015079  0.01469
0.0176516 0.0171501 0.0166486 0.0161472 0.0156457 0.0151442 0.0146428 0.0141413 0.0136398 0.0131384
0.0170006 0.0163864 0.0157721 0.0151579 0.0145437 0.0139295 0.0133153 0.0127011 0.0120869 0.0114727
 0.0162033  0.0154732   0.014743  0.0140129  0.0132828  0.0125526  0.0118225  0.0110924  0.0103623 0.00963213
 0.0152751   0.014415  0.0135548  0.0126947  0.0118346  0.0109745  0.0101144 0.00925426 0.00839415 0.00753403
 0.0142065  0.0131998   0.012193  0.0111863  0.0101795 0.00917279 0.00816605  0.0071593 0.00615255  0.0051458
 0.0129984  0.0118458  0.0106932 0.00954056 0.00838795 0.00723534 0.00608272  0.0049301 0.00377748 0.00262485
  0.0117718   0.0105557  0.00933958  0.00812347  0.00690736  0.00569125  0.00447513    0.003259  0.00204286 0.000826724
   0.0104867   0.00923785   0.00798897   0.00674008   0.00549119   0.00424228   0.00299337   0.00174444  0.000495504 -0.000753435
 0.00917788  0.00789971  0.00662154  0.00534336  0.00406515  0.00278693  0.00150869 0.000230445 -0.00104781 -0.00232608
  0.00774598   0.00637422   0.00500244   0.00363064   0.00225881   0.00088695 -0.000484925  -0.00185682  -0.00322872  -0.00460063
  0.00627545   0.00486611   0.00345673   0.00204731  0.000637861 -0.000771618  -0.00218112  -0.00359064  -0.00500018  -0.00640972
  0.00492111   0.00354088   0.00216061  0.000780307 -0.000600031   -0.0019804  -0.00336079   -0.0047412  -0.00612163  -0.00750206
  0.00366741    0.0023458   0.00102415 -0.000297532  -0.00161925  -0.00294099  -0.00426276  -0.00558455  -0.00690636  -0.00822817
 0.00256129  0.00132912 9.69207e-05 -0.00113532 -0.00236759 -0.00359989 -0.00483222 -0.00606457 -0.00729692 -0.00852928
  0.00143858  0.000344933 -0.000748757  -0.00184248  -0.00293624  -0.00403003  -0.00512384  -0.00621767   -0.0073115  -0.00840534
 8.76838e-05 -0.000809983  -0.00170769  -0.00260543   -0.0035032  -0.00440101  -0.00529883  -0.00619666   -0.0070945  -0.00799234
-0.000734413  -0.00159625  -0.00245813  -0.00332004  -0.00418199  -0.00504397  -0.00590596  -0.00676796  -0.00762997  -0.00849199
-0.000734413  -0.00159625  -0.00245813  -0.00332004  -0.00418199  -0.00504397  -0.00590596  -0.00676796  -0.00762997  -0.00849199
-0.000734413  -0.00159625  -0.00245813  -0.00332004  -0.00418199  -0.00504397  -0.00590596  -0.00676796  -0.00762997  -0.00849199
-0.000734413  -0.00159625  -0.00245813  -0.00332004  -0.00418199  -0.00504397  -0.00590596  -0.00676796  -0.00762997  -0.00849199
-0.000734413  -0.00159625  -0.00245813  -0.00332004  -0.00418199  -0.00504397  -0.00590596  -0.00676796  -0.00762997  -0.00849199
-0.000734413  -0.00159625  -0.00245813  -0.00332004  -0.00418199  -0.00504397  -0.00590596  -0.00676796  -0.00762997  -0.00849199
-0.000734413  -0.00159625  -0.00245813  -0.00332004  -0.00418199  -0.00504397  -0.00590596  -0.00676796  -0.00762997  -0.00849199
-0.000734413  -0.00159625  -0.00245813  -0.00332004  -0.00418199  -0.00504397  -0.00590596  -0.00676796  -0.00762997  -0.00849199
-0.000734413  -0.00159625  -0.00245813  -0.00332004  -0.00418199  -0.00504397  -0.00590596  -0.00676796  -0.00762997  -0.00849199
-0.000734413  -0.00159625  -0.00245813  -0.00332004  -0.00418199  -0.00504397  -0.00590596  -0.00676796  -0.00762997  -0.00849199
-0.000734413  -0.00159625  -0.00245813  -0.00332004  -0.00418199  -0.00504397  -0.00590596  -0.00676796  -0.00762997  -0.00849199
-0.000734413  -0.00159625  -0.00245813  -0.00332004  -0.00418199  -0.00504397  -0.00590596  -0.00676796  -0.00762997  -0.00849199
-0.000734413  -0.00159625  -0.00245813  -0.00332004  -0.00418199  -0.00504397  -0.00590596  -0.00676796  -0.00762997  -0.00849199
-0.000734413  -0.00159625  -0.00245813  -0.00332004  -0.00418199  -0.00504397  -0.00590596  -0.00676796  -0.00762997  -0.00849199
-0.000734413  -0.00159625  -0.00245813  -0.00332004  -0.00418199  -0.00504397  -0.00590596  -0.00676796  -0.00762997  -0.00849199
-0.000734413  -0.00159625  -0.00245813  -0.00332004  -0.00418199  -0.00504397  -0.00590596  -0.00676796  -0.00762997  -0.00849199
-0.000734413  -0.00159625  -0.00245813  -0.00332004  -0.00418199  -0.00504397  -0.00590596  -0.00676796  -0.00762997  -0.00849199
-0.000734413  -0.00159625  -0.00245813  -0.00332004  -0.00418199  -0.00504397  -0.00590596  -0.00676796  -0.00762997  -0.00849199
-0.000734413  -0.00159625  -0.00245813  -0.00332004  -0.00418199  -0.00504397  -0.00590596  -0.00676796  -0.00762997  -0.00849199
-0.000734413  -0.00159625  -0.00245813  -0.00332004  -0.00418199  -0.00504397  -0.00590596  -0.00676796  -0.00762997  -0.00849199
-0.000734413  -0.00159625  -0.00245813  -0.00332004  -0.00418199  -0.00504397  -0.00590596  -0.00676796  -0.00762997  -0.00849199
-0.000734413  -0.00159625  -0.00245813  -0.00332004  -0.00418199  -0.00504397  -0.00590596  -0.00676796  -0.00762997  -0.00849199
-0.000734413  -0.00159625  -0.00245813  -0.00332004  -0.00418199  -0.00504397  -0.00590596  -0.00676796  -0.00762997  -0.00849199
-0.000734413  -0.00159625  -0.00245813  -0.00332004  -0.00418199  -0.00504397  -0.00590596  -0.00676796  -0.00762997  -0.00849199
-0.000734413  -0.00159625  -0.00245813  -0.00332004  -0.00418199  -0.00504397  -0.00590596  -0.00676796  -0.00762997  -0.00849199
-0.000734413  -0.00159625  -0.00245813  -0.00332004  -0.00418199  -0.00504397  -0.00590596  -0.00676796  -0.00762997  -0.00849199
-0.000734413  -0.00159625  -0.00245813  -0.00332004  -0.00418199  -0.00504397  -0.00590596  -0.00676796  -0.00762997  -0.00849199
-0.000734413  -0.00159625  -0.00245813  -0.00332004  -0.00418199  -0.00504397  -0.00590596  -0.00676796  -0.00762997  -0.00849199
-0.000734413  -0.00159625  -0.00245813  -0.00332004  -0.00418199  -0.00504397  -0.00590596  -0.00676796  -0.00762997  -0.00849199
-0.000734413  -0.00159625  -0.00245813  -0.00332004  -0.00418199  -0.00504397  -0.00590596  -0.00676796  -0.00762997  -0.00849199
-0.000734413  -0.00159625  -0.00245813  -0.00332004  -0.00418199  -0.00504397  -0.00590596  -0.00676796  -0.00762997  -0.00849199
-0.000734413  -0.00159625  -0.00245813  -0.00332004  -0.00418199  -0.00504397  -0.00590596  -0.00676796  -0.00762997  -0.00849199
-0.000734413  -0.00159625  -0.00245813  -0.00332004  -0.00418199  -0.00504397  -0.00590596  -0.00676796  -0.00762997  -0.00849199
-0.000734413  -0.00159625  -0.00245813  -0.00332004  -0.00418199  -0.00504397  -0.00590596  -0.00676796  -0.00762997  -0.00849199
-0.000734413  -0.00159625  -0.00245813  -0.00332004  -0.00418199  -0.00504397  -0.00590596  -0.00676796  -0.00762997  -0.00849199
-0.000734413  -0.00159625  -0.00245813  -0.00332004  -0.00418199  -0.00504397  -0.00590596  -0.00676796  -0.00762997  -0.00849199
-0.000734413  -0.00159625  -0.00245813  -0.00332004  -0.00418199  -0.00504397  -0.00590596  -0.00676796  -0.00762997  -0.00849199
-0.000734413  -0.00159625  -0.00245813  -0.00332004  -0.00418199  -0.00504397  -0.00590596  -0.00676796  -0.00762997  -0.00849199
-0.000734413  -0.00159625  -0.00245813  -0.00332004  -0.00418199  -0.00504397  -0.00590596  -0.00676796  -0.00762997  -0.00849199
-0.000734413  -0.00159625  -0.00245813  -0.00332004  -0.00418199  -0.00504397  -0.00590596  -0.00676796  -0.00762997  -0.00849199
-0.000734413  -0.00159625  -0.00245813  -0.00332004  -0.00418199  -0.00504397  -0.00590596  -0.00676796  -0.00762997  -0.00849199
-0.000734413  -0.00159625  -0.00245813  -0.00332004  -0.00418199  -0.00504397  -0.00590596  -0.00676796  -0.00762997  -0.00849199
-0.000734413  -0.00159625  -0.00245813  -0.00332004  -0.00418199  -0.00504397  -0.00590596  -0.00676796  -0.00762997  -0.00849199
-0.000734413  -0.00159625  -0.00245813  -0.00332004  -0.00418199  -0.00504397  -0.00590596  -0.00676796  -0.00762997  -0.00849199
-0.000734413  -0.00159625  -0.00245813  -0.00332004  -0.00418199  -0.00504397  -0.00590596  -0.00676796  -0.00762997  -0.00849199
-0.000734413  -0.00159625  -0.00245813  -0.00332004  -0.00418199  -0.00504397  -0.00590596  -0.00676796  -0.00762997  -0.00849199
-0.000734413  -0.00159625  -0.00245813  -0.00332004  -0.00418199  -0.00504397  -0.00590596  -0.00676796  -0.00762997  -0.00849199
-0.000734413  -0.00159625  -0.00245813  -0.00332004  -0.00418199  -0.00504397  -0.00590596  -0.00676796  -0.00762997  -0.00849199
-0.000734413  -0.00159625  -0.00245813  -0.00332004  -0.00418199  -0.00504397  -0.00590596  -0.00676796  -0.00762997  -0.00849199
-0.000734413  -0.00159625  -0.00245813  -0.00332004  -0.00418199  -0.00504397  -0.00590596  -0.00676796  -0.00762997  -0.00849199
-0.000734413  -0.00159625  -0.00245813  -0.00332004  -0.00418199  -0.00504397  -0.00590596  -0.00676796  -0.00762997  -0.00849199
-0.000734413  -0.00159625  -0.00245813  -0.00332004  -0.00418199  -0.00504397  -0.00590596  -0.00676796  -0.00762997  -0.00849199
-0.000734413  -0.00159625  -0.00245813  -0.00332004  -0.00418199  -0.00504397  -0.00590596  -0.00676796  -0.00762997  -0.00849199
-0.000734413  -0.00159625  -0.00245813  -0.00332004  -0.00418199  -0.00504397  -0.00590596  -0.00676796  -0.00762997  -0.00849199
-0.000734413  -0.00159625  -0.00245813  -0.00332004  -0.00418199  -0.00504397  -0.00590596  -0.00676796  -0.00762997  -0.00849199
-0.000734413  -0.00159625  -0.00245813  -0.00332004  -0.00418199  -0.00504397  -0.00590596  -0.00676796  -0.00762997  -0.00849199
-0.000734413  -0.00159625  -0.00245813  -0.00332004  -0.00418199  -0.00504397  -0.00590596  -0.00676796  -0.00762997  -0.00849199
-0.000734413  -0.00159625  -0.00245813  -0.00332004  -0.00418199  -0.00504397  -0.00590596  -0.00676796  -0.00762997  -0.00849199
-0.000734413  -0.00159625  -0.00245813  -0.00332004  -0.00418199  -0.00504397  -0.00590596  -0.00676796  -0.00762997  -0.00849199
-0.000734413  -0.00159625  -0.00245813  -0.00332004  -0.00418199  -0.00504397  -0.00590596  -0.00676796  -0.00762997  -0.00849199
-0.000734413  -0.00159625  -0.00245813  -0.00332004  -0.00418199  -0.00504397  -0.00590596  -0.00676796  -0.00762997  -0.00849199
-0.000734413  -0.00159625  -0.00245813  -0.00332004  -0.00418199  -0.00504397  -0.00590596  -0.00676796  -0.00762997  -0.00849199
-0.000734413  -0.00159625  -0.00245813  -0.00332004  -0.00418199  -0.00504397  -0.00590596  -0.00676796  -0.00762997  -0.00849199
-0.000734413  -0.00159625  -0.00245813  -0.00332004  -0.00418199  -0.00504397  -0.00590596  -0.00676796  -0.00762997  -0.00849199
-0.000734413  -0.00159625  -0.00245813  -0.00332004  -0.00418199  -0.00504397  -0.00590596  -0.00676796  -0.00762997  -0.00849199
-0.000734413  -0.00159625  -0.00245813  -0.00332004  -0.00418199  -0.00504397  -0.00590596  -0.00676796  -0.00762997  -0.00849199
-0.000734413  -0.00159625  -0.00245813  -0.00332004  -0.00418199  -0.00504397  -0.00590596  -0.00676796  -0.00762997  -0.00849199
-0.000734413  -0.00159625  -0.00245813  -0.00332004  -0.00418199  -0.00504397  -0.00590596  -0.00676796  -0.00762997  -0.00849199
-0.000734413  -0.00159625  -0.00245813  -0.00332004  -0.00418199  -0.00504397  -0.00590596  -0.00676796  -0.00762997  -0.00849199
-0.000734413  -0.00159625  -0.00245813  -0.00332004  -0.00418199  -0.00504397  -0.00590596  -0.00676796  -0.00762997  -0.00849199
-0.000734413  -0.00159625  -0.00245813  -0.00332004  -0.00418199  -0.00504397  -0.00590596  -0.00676796  -0.00762997  -0.00849199
-0.000734413  -0.00159625  -0.00245813  -0.00332004  -0.00418199  -0.00504397  -0.00590596  -0.00676796  -0.00762997  -0.00849199
-0.000734413  -0.00159625  -0.00245813  -0.00332004  -0.00418199  -0.00504397  -0.00590596  -0.00676796  -0.00762997  -0.00849199
-0.000734413  -0.00159625  -0.00245813  -0.00332004  -0.00418199  -0.00504397  -0.00590596  -0.00676796  -0.00762997  -0.00849199
-0.000734413  -0.00159625  -0.00245813  -0.00332004  -0.00418199  -0.00504397  -0.00590596  -0.00676796  -0.00762997  -0.00849199
-0.000734413  -0.00159625  -0.00245813  -0.00332004  -0.00418199  -0.00504397  -0.00590596  -0.00676796  -0.00762997  -0.00849199
-0.000734413  -0.00159625  -0.00245813  -0.00332004  -0.00418199  -0.00504397  -0.00590596  -0.00676796  -0.00762997  -0.00849199
-0.000734413  -0.00159625  -0.00245813  -0.00332004  -0.00418199  -0.00504397  -0.00590596  -0.00676796  -0.00762997  -0.00849199
-0.000734413  -0.00159625  -0.00245813  -0.00332004  -0.00418199  -0.00504397  -0.00590596  -0.00676796  -0.00762997  -0.00849199
-0.000734413  -0.00159625  -0.00245813  -0.00332004  -0.00418199  -0.00504397  -0.00590596  -0.00676796  -0.00762997  -0.00849199
-0.000734413  -0.00159625  -0.00245813  -0.00332004  -0.00418199  -0.00504397  -0.00590596  -0.00676796  -0.00762997  -0.00849199
-0.000734413  -0.00159625  -0.00245813  -0.00332004  -0.00418199  -0.00504397  -0.00590596  -0.00676796  -0.00762997  -0.00849199
-0.000734413  -0.00159625  -0.00245813  -0.00332004  -0.00418199  -0.00504397  -0.00590596  -0.00676796  -0.00762997  -0.00849199
-0.000734413  -0.00159625  -0.00245813  -0.00332004  -0.00418199  -0.00504397  -0.00590596  -0.00676796  -0.00762997  -0.00849199
-0.000734413  -0.00159625  -0.00245813  -0.00332004  -0.00418199  -0.00504397  -0.00590596  -0.00676796  -0.00762997  -0.00849199
-0.000734413  -0.00159625  -0.00245813  -0.00332004  -0.00418199  -0.00504397  -0.00590596  -0.00676796  -0.00762997  -0.00849199
-0.000734413  -0.00159625  -0.00245813  -0.00332004  -0.00418199  -0.00504397  -0.00590596  -0.00676796  -0.00762997  -0.00849199
-0.000734413  -0.00159625  -0.00245813  -0.00332004  -0.00418199  -0.00504397  -0.00590596  -0.00676796  -0.00762997  -0.00849199
-0.000734413  -0.00159625  -0.00245813  -0.00332004  -0.00418199  -0.00504397  -0.00590596  -0.00676796  -0.00762997  -0.00849199
-0.000734413  -0.00159625  -0.00245813  -0.00332004  -0.00418199  -0.00504397  -0.00590596  -0.00676796  -0.00762997  -0.00849199
-0.000734413  -0.00159625  -0.00245813  -0.00332004  -0.00418199  -0.00504397  -0.00590596  -0.00676796  -0.00762997  -0.00849199
-0.000734413  -0.00159625  -0.00245813  -0.00332004  -0.00418199  -0.00504397  -0.00590596  -0.00676796  -0.00762997  -0.00849199
-0.000734413  -0.00159625  -0.00245813  -0.00332004  -0.00418199  -0.00504397  -0.00590596  -0.00676796  -0.00762997  -0.00849199
-0.000734413  -0.00159625  -0.00245813  -0.00332004  -0.00418199  -0.00504397  -0.00590596  -0.00676796  -0.00762997  -0.00849199
-0.000734413  -0.00159625  -0.00245813  -0.00332004  -0.00418199  -0.00504397  -0.00590596  -0.00676796  -0.00762997  -0.00849199
-0.000734413  -0.00159625  -0.00245813  -0.00332004  -0.00418199  -0.00504397  -0.00590596  -0.00676796  -0.00762997  -0.00849199
-0.000734413  -0.00159625  -0.00245813  -0.00332004  -0.00418199  -0.00504397  -0.00590596  -0.00676796  -0.00762997  -0.00849199
-0.000734413  -0.00159625  -0.00245813  -0.00332004  -0.00418199  -0.00504397  -0.00590596  -0.00676796  -0.00762997  -0.00849199
-0.000734413  -0.00159625  -0.00245813  -0.00332004  -0.00418199  -0.00504397  -0.00590596  -0.00676796  -0.00762997  -0.00849199
-0.000734413  -0.00159625  -0.00245813  -0.00332004  -0.00418199  -0.00504397  -0.00590596  -0.00676796  -0.00762997  -0.00849199
-0.000734413  -0.00159625  -0.00245813  -0.00332004  -0.00418199  -0.00504397  -0.00590596  -0.00676796  -0.00762997  -0.00849199
-0.000734413  -0.00159625  -0.00245813  -0.00332004  -0.00418199  -0.00504397  -0.00590596  -0.00676796  -0.00762997  -0.00849199
-0.000734413  -0.00159625  -0.00245813  -0.00332004  -0.00418199  -0.00504397  -0.00590596  -0.00676796  -0.00762997  -0.00849199
-0.000734413  -0.00159625  -0.00245813  -0.00332004  -0.00418199  -0.00504397  -0.00590596  -0.00676796  -0.00762997  -0.00849199
-0.000734413  -0.00159625  -0.00245813  -0.00332004  -0.00418199  -0.00504397  -0.00590596  -0.00676796  -0.00762997  -0.00849199
-0.000734413  -0.00159625  -0.00245813  -0.00332004  -0.00418199  -0.00504397  -0.00590596  -0.00676796  -0.00762997  -0.00849199
-0.000734413  -0.00159625  -0.00245813  -0.00332004  -0.00418199  -0.00504397  -0.00590596  -0.00676796  -0.00762997  -0.00849199
-0.000734413  -0.00159625  -0.00245813  -0.00332004  -0.00418199  -0.00504397  -0.00590596  -0.00676796  -0.00762997  -0.00849199
-0.000734413  -0.00159625  -0.00245813  -0.00332004  -0.00418199  -0.00504397  -0.00590596  -0.00676796  -0.00762997  -0.00849199
-0.000734413  -0.00159625  -0.00245813  -0.00332004  -0.00418199  -0.00504397  -0.00590596  -0.00676796  -0.00762997  -0.00849199
-0.000734413  -0.00159625  -0.00245813  -0.00332004  -0.00418199  -0.00504397  -0.00590596  -0.00676796  -0.00762997  -0.00849199
-0.000734413  -0.00159625  -0.00245813  -0.00332004  -0.00418199  -0.00504397  -0.00590596  -0.00676796  -0.00762997  -0.00849199
-0.000734413  -0.00159625  -0.00245813  -0.00332004  -0.00418199  -0.00504397  -0.00590596  -0.00676796  -0.00762997  -0.00849199
-0.000734413  -0.00159625  -0.00245813  -0.00332004  -0.00418199  -0.00504397  -0.00590596  -0.00676796  -0.00762997  -0.00849199
-0.000734413  -0.00159625  -0.00245813  -0.00332004  -0.00418199  -0.00504397  -0.00590596  -0.00676796  -0.00762997  -0.00849199
-0.000734413  -0.00159625  -0.00245813  -0.00332004  -0.00418199  -0.00504397  -0.00590596  -0.00676796  -0.00762997  -0.00849199
-0.000734413  -0.00159625  -0.00245813  -0.00332004  -0.00418199  -0.00504397  -0.00590596  -0.00676796  -0.00762997  -0.00849199
-0.000734413  -0.00159625  -0.00245813  -0.00332004  -0.00418199  -0.00504397  -0.00590596  -0.00676796  -0.00762997  -0.00849199
-0.000734413  -0.00159625  -0.00245813  -0.00332004  -0.00418199  -0.00504397  -0.00590596  -0.00676796  -0.00762997  -0.00849199
-0.000734413  -0.00159625  -0.00245813  -0.00332004  -0.00418199  -0.00504397  -0.00590596  -0.00676796  -0.00762997  -0.00849199
-0.000734413  -0.00159625  -0.00245813  -0.00332004  -0.00418199  -0.00504397  -0.00590596  -0.00676796  -0.00762997  -0.00849199
-0.000734413  -0.00159625  -0.00245813  -0.00332004  -0.00418199  -0.00504397  -0.00590596  -0.00676796  -0.00762997  -0.00849199
-0.000734413  -0.00159625  -0.00245813  -0.00332004  -0.00418199  -0.00504397  -0.00590596  -0.00676796  -0.00762997  -0.00849199
-0.000734413  -0.00159625  -0.00245813  -0.00332004  -0.00418199  -0.00504397  -0.00590596  -0.00676796  -0.00762997  -0.00849199
-0.000734413  -0.00159625  -0.00245813  -0.00332004  -0.00418199  -0.00504397  -0.00590596  -0.00676796  -0.00762997  -0.00849199
-0.000734413  -0.00159625  -0.00245813  -0.00332004  -0.00418199  -0.00504397  -0.00590596  -0.00676796  -0.00762997  -0.00849199
-0.000734413  -0.00159625  -0.00245813  -0.00332004  -0.00418199  -0.00504397  -0.00590596  -0.00676796  -0.00762997  -0.00849199
-0.000734413  -0.00159625  -0.00245813  -0.00332004  -0.00418199  -0.00504397  -0.00590596  -0.00676796  -0.00762997  -0.00849199
-0.000734413  -0.00159625  -0.00245813  -0.00332004  -0.00418199  -0.00504397  -0.00590596  -0.00676796  -0.00762997  -0.00849199
-0.000734413  -0.00159625  -0.00245813  -0.00332004  -0.00418199  -0.00504397  -0.00590596  -0.00676796  -0.00762997  -0.00849199
-0.000734413  -0.00159625  -0.00245813  -0.00332004  -0.00418199  -0.00504397  -0.00590596  -0.00676796  -0.00762997  -0.00849199
-0.000734413  -0.00159625  -0.00245813  -0.00332004  -0.00418199  -0.00504397  -0.00590596  -0.00676796  -0.00762997  -0.00849199
-0.000734413  -0.00159625  -0.00245813  -0.00332004  -0.00418199  -0.00504397  -0.00590596  -0.00676796  -0.00762997  -0.00849199
-0.000734413  -0.00159625  -0.00245813  -0.00332004  -0.00418199  -0.00504397  -0.00590596  -0.00676796  -0.00762997  -0.00849199
