0,2
0.0005,2
0.001,2
0.0015,2
0.002,2
0.0025,2
0.003,2
0.0035,2
0.004,2
0.0045,2
0.005,2
0.0055,2
0.006,2
0.0065,2
0.007,2
0.0075,2
0.008,2
0.0085,2
0.009,2
0.0095,2
0.01,2
0.0105,2
0.011,2
0.0115,2
0.012,2
0.0125,2
0.013,2
0.0135,2
0.014,2
0.0145,2
0.015,2
0.0155,2
0.016,2
0.0165,2
0.017,2
0.0175,2
0.018,2
0.0185,2
0.019,2
0.0195,2
0.02,2
0.0205,2
0.021,2
0.0215,2
0.022,2
0.0225,2
0.023,2
0.0235,2
0.024,2
0.0245,2
0.025,2
0.0255,2
0.026,2
0.0265,2
0.027,2
0.0275,2
0.028,2
0.0285,2
0.029,2
0.0295,2
0.03,2
0.0305,2
0.031,2
0.0315,2
0.032,2
0.0325,2
0.033,2
0.0335,2
0.034,2
0.0345,2
0.035,2
0.0355,2
0.036,2
0.0365,2
0.037,2
0.0375,2
0.038,2
0.0385,2
0.039,2
0.0395,2
0.04,2
0.0405,2
0.041,2
0.0415,2
0.042,2
0.0425,2
0.043,2
0.0435,2
0.044,2
0.0445,2
0.045,2
0.0455,2
0.046,2
0.0465,2
0.047,2
0.0475,2
0.048,2
0.0485,2
0.049,2
0.0495,2
0.05,2
0.0505,2
0.051,2
0.0515,2
0.052,2
0.0525,2
0.053,2
0.0535,2
0.054,2
0.0545,2
0.055,2
0.0555,2
0.056,2
0.0565,2
0.057,2
0.0575,2
0.058,2
0.0585,2
0.059,2
0.0595,2
0.06,2
0.0605,2
0.061,2
0.0615,2
0.062,2
0.0625,2
0.063,2
0.0635,2
0.064,2
0.0645,2
0.065,2
0.0655,2
0.066,2
0.0665,2
0.067,2
0.0675,2
0.068,2
0.0685,2
0.069,2
0.0695,2
0.07,2
0.0705,2
0.071,2
0.0715,2
0.072,2
0.0725,2
0.073,2
0.0735,2
0.074,2
0.0745,2
0.075,2
0.0755,2
0.076,2
0.0765,2
0.077,2
0.0775,2
0.078,2
0.0785,2
0.079,2
0.0795,2
0.08,2
0.0805,2
0.081,2
0.0815,2
0.082,2
0.0825,2
0.083,2
0.0835,2
0.084,2
0.0845,2
0.085,2
0.0855,2
0.086,2
0.0865,2
0.087,2
0.0875,2
0.088,2
0.0885,2
0.089,2
0.0895,2
0.09,2
0.0905,2
0.091,2
0.0915,2
0.092,2
0.0925,2
0.093,2
0.0935,2
0.094,2
0.0945,2
0.095,2
0.0955,2
0.096,2
0.0965,2
0.097,2
0.0975,2
0.098,2
0.0985,2
0.099,2
0.0995,2
0.1,2
0.1005,2
0.101,2
0.1015,2
0.102,2
0.1025,2
0.103,2
0.1035,2
0.104,2
0.1045,2
0.105,2
0.1055,2
0.106,2
0.1065,2
0.107,2
0.1075,2
0.108,2
0.1085,2
0.109,2
0.1095,2
0.11,2
0.1105,2
0.111,2
0.1115,2
0.112,2
0.1125,2
0.113,2
0.1135,2
0.114,2
0.1145,2
0.115,2
0.1155,2
0.116,2
0.1165,2
0.117,2
0.1175,2
0.118,2
0.1185,2
0.119,2
0.1195,2
0.12,2
0.1205,2
0.121,2
0.1215,2
0.122,2
0.1225,2
0.123,2
0.1235,2
0.124,2
0.1245,2
0.125,2
0.1255,2
0.126,2
0.1265,2
0.127,2
0.1275,2
0.128,2
0.1285,2
0.129,2
0.1295,2
0.13,2
0.1305,2
0.131,2
0.1315,2
0.132,2
0.1325,2
0.133,2
0.1335,2
0.134,2
0.1345,2
0.135,2
0.1355,2
0.136,2
0.1365,2
0.137,2
0.1375,2
0.138,2
0.1385,2
0.139,2
0.1395,2
0.14,2
0.1405,2
0.141,2
0.1415,2
0.142,2
0.1425,2
0.143,2
0.1435,2
0.144,2
0.1445,2
0.145,2
0.1455,2
0.146,2
0.1465,2
0.147,2
0.1475,2
0.148,2
0.1485,2
0.149,2
0.1495,2
0.15,2
0.1505,2
0.151,2
0.1515,2
0.152,2
0.1525,2
0.153,2
0.1535,2
0.154,2
0.1545,2
0.155,2
0.1555,2
0.156,2
0.1565,2
0.157,2
0.1575,2
0.158,2
0.1585,2
0.159,2
0.1595,2
0.16,2
0.1605,2
0.161,2
0.1615,2
0.162,2
0.1625,2
0.163,2
0.1635,2
0.164,2
0.1645,2
0.165,2
0.1655,2
0.166,2
0.1665,2
0.167,2
0.1675,2
0.168,2
0.1685,2
0.169,2
0.1695,2
0.17,2
0.1705,2
0.171,2
0.1715,2
0.172,2
0.1725,2
0.173,2
0.1735,2
0.174,2
0.1745,2
0.175,2
0.1755,2
0.176,2
0.1765,2
0.177,2
0.1775,2
0.178,2
0.1785,2
0.179,2
0.1795,2
0.18,2
0.1805,2
0.181,2
0.1815,2
0.182,2
0.1825,2
0.183,2
0.1835,2
0.184,2
0.1845,2
0.185,2
0.1855,2
0.186,2
0.1865,2
0.187,2
0.1875,2
0.188,2
0.1885,2
0.189,2
0.1895,2
0.19,2
0.1905,2
0.191,2
0.1915,2
0.192,2
0.1925,2
0.193,2
0.1935,2
0.194,2
0.1945,2
0.195,2
0.1955,2
0.196,2
0.1965,2
0.197,2
0.1975,2
0.198,2
0.1985,2
0.199,2
0.1995,2
0.2,2
0.2005,2
0.201,2
0.2015,2
0.202,2
0.2025,2
0.203,2
0.2035,2
0.204,2
0.2045,2
0.205,2
0.2055,2
0.206,2
0.2065,2
0.207,2
0.2075,2
0.208,2
0.2085,2
0.209,2
0.2095,2
0.21,2
0.2105,2
0.211,2
0.2115,2
0.212,2
0.2125,2
0.213,2
0.2135,2
0.214,2
0.2145,2
0.215,2
0.2155,2
0.216,2
0.2165,2
0.217,2
0.2175,2
0.218,2
0.2185,2
0.219,2
0.2195,2
0.22,2
0.2205,2
0.221,2
0.2215,2
0.222,2
0.2225,2
0.223,2
0.2235,2
0.224,2
0.2245,2
0.225,2
0.2255,2
0.226,2
0.2265,2
0.227,2
0.2275,2
0.228,2
0.2285,2
0.229,2
0.2295,2
0.23,2
0.2305,2
0.231,2
0.2315,2
0.232,2
0.2325,2
0.233,2
0.2335,2
0.234,2
0.2345,2
0.235,2
0.2355,2
0.236,2
0.2365,2
0.237,2
0.2375,2
0.238,2
0.2385,2
0.239,2
0.2395,2
0.24,2
0.2405,2
0.241,2
0.2415,2
0.242,2
0.2425,2
0.243,2
0.2435,2
0.244,2
0.2445,2
0.245,2
0.2455,2
0.246,2
0.2465,2
0.247,2
0.2475,2
0.248,2
0.2485,2
0.249,2
0.2495,2
0.25,2
0.2505,2
0.251,2
0.2515,2
0.252,2
0.2525,2
0.253,2
0.2535,2
0.254,2
0.2545,2
0.255,2
0.2555,2
0.256,2
0.2565,2
0.257,2
0.2575,2
0.258,2
0.2585,2
0.259,2
0.2595,2
0.26,2
0.2605,2
0.261,2
0.2615,2
0.262,2
0.2625,2
0.263,2
0.2635,2
0.264,2
0.2645,2
0.265,2
0.2655,2
0.266,2
0.2665,2
0.267,2
0.2675,2
0.268,2
0.2685,2
0.269,2
0.2695,2
0.27,2
0.2705,2
0.271,2
0.2715,2
0.272,2
0.2725,2
0.273,2
0.2735,2
0.274,2
0.2745,2
0.275,2
0.2755,2
0.276,2
0.2765,2
0.277,2
0.2775,2
0.278,2
0.2785,2
0.279,2
0.2795,2
0.28,2
0.2805,2
0.281,2
0.2815,2
0.282,2
0.2825,2
0.283,2
0.2835,2
0.284,2
0.2845,2
0.285,2
0.2855,2
0.286,2
0.2865,2
0.287,2
0.2875,2
0.288,2
0.2885,2
0.289,2
0.2895,2
0.29,2
0.2905,2
0.291,2
0.2915,2
0.292,2
0.2925,2
0.293,2
0.2935,2
0.294,2
0.2945,2
0.295,2
0.2955,2
0.296,2
0.2965,2
0.297,2
0.2975,2
0.298,2
0.2985,2
0.299,2
0.2995,2
0.3,2
0.3005,2
0.301,2
0.3015,2
0.302,2
0.3025,2
0.303,2
0.3035,2
0.304,2
0.3045,2
0.305,2
0.3055,2
0.306,2
0.3065,2
0.307,2
0.3075,2
0.308,2
0.3085,2
0.309,2
0.3095,2
0.31,2
0.3105,2
0.311,2
0.3115,2
0.312,2
0.3125,2
0.313,2
0.3135,2
0.314,2
0.3145,2
0.315,2
0.3155,2
0.316,2
0.3165,2
0.317,2
0.3175,2
0.318,2
0.3185,2
0.319,2
0.3195,2
0.32,2
0.3205,2
0.321,2
0.3215,2
0.322,2
0.3225,2
0.323,2
0.3235,2
0.324,2
0.3245,2
0.325,2
0.3255,2
0.326,2
0.3265,2
0.327,2
0.3275,2
0.328,2
0.3285,2
0.329,2
0.3295,2
0.33,2
0.3305,2
0.331,2
0.3315,2
0.332,2
0.3325,2
0.333,2
0.3335,2
0.334,2
0.3345,2
0.335,2
0.3355,2
0.336,2
0.3365,2
0.337,2
0.3375,2
0.338,2
0.3385,2
0.339,2
0.3395,2
0.34,2
0.3405,2
0.341,2
0.3415,2
0.342,2
0.3425,2
0.343,2
0.3435,2
0.344,2
0.3445,2
0.345,2
0.3455,2
0.346,2
0.3465,2
0.347,2
0.3475,2
0.348,2
0.3485,2
0.349,2
0.3495,2
0.35,2
0.3505,2
0.351,2
0.3515,2
0.352,2
0.3525,2
0.353,2
0.3535,2
0.354,2
0.3545,2
0.355,2
0.3555,2
0.356,2
0.3565,2
0.357,2
0.3575,2
0.358,2
0.3585,2
0.359,2
0.3595,2
0.36,2
0.3605,2
0.361,2
0.3615,2
0.362,2
0.3625,2
0.363,2
0.3635,2
0.364,2
0.3645,2
0.365,2
0.3655,2
0.366,2
0.3665,2
0.367,2
0.3675,2
0.368,2
0.3685,2
0.369,2
0.3695,2
0.37,2
0.3705,2
0.371,2
0.3715,2
0.372,2
0.3725,2
0.373,2
0.3735,2
0.374,2
0.3745,2
0.375,2
0.3755,2
0.376,2
0.3765,2
0.377,2
0.3775,2
0.378,2
0.3785,2
0.379,2
0.3795,2
0.38,2
0.3805,2
0.381,2
0.3815,2
0.382,2
0.3825,2
0.383,2
0.3835,2
0.384,2
0.3845,2
0.385,2
0.3855,2
0.386,2
0.3865,2
0.387,2
0.3875,2
0.388,2
0.3885,2
0.389,2
0.3895,2
0.39,2
0.3905,2
0.391,2
0.3915,2
0.392,2
0.3925,2
0.393,2
0.3935,2
0.394,2
0.3945,2
0.395,2
0.3955,2
0.396,2
0.3965,2
0.397,2
0.3975,2
0.398,2
0.3985,2
0.399,2
0.3995,2
0.4,2
0.4005,2
0.401,2
0.4015,2
0.402,2
0.4025,2
0.403,2
0.4035,2
0.404,2
0.4045,2
0.405,2
0.4055,2
0.406,2
0.4065,2
0.407,2
0.4075,2
0.408,2
0.4085,2
0.409,2
0.4095,2
0.41,2
0.4105,2
0.411,2
0.4115,2
0.412,2
0.4125,2
0.413,2
0.4135,2
0.414,2
0.4145,2
0.415,2
0.4155,2
0.416,2
0.4165,2
0.417,2
0.4175,2
0.418,2
0.4185,2
0.419,2
0.4195,2
0.42,2
0.4205,2
0.421,2
0.4215,2
0.422,2
0.4225,2
0.423,2
0.4235,2
0.424,2
0.4245,2
0.425,2
0.4255,2
0.426,2
0.4265,2
0.427,2
0.4275,2
0.428,2
0.4285,2
0.429,2
0.4295,2
0.43,2
0.4305,2
0.431,2
0.4315,2
0.432,2
0.4325,2
0.433,2
0.4335,2
0.434,2
0.4345,2
0.435,2
0.4355,2
0.436,2
0.4365,2
0.437,2
0.4375,2
0.438,2
0.4385,2
0.439,2
0.4395,2
0.44,2
0.4405,2
0.441,2
0.4415,2
0.442,2
0.4425,2
0.443,2
0.4435,2
0.444,2
0.4445,2
0.445,2
0.4455,2
0.446,2
0.4465,2
0.447,2
0.4475,2
0.448,2
0.4485,2
0.449,2
0.4495,2
0.45,2
0.4505,2
0.451,2
0.4515,2
0.452,2
0.4525,2
0.453,2
0.4535,2
0.454,2
0.4545,2
0.455,2
0.4555,2
0.456,2
0.4565,2
0.457,2
0.4575,2
0.458,2
0.4585,2
0.459,2
0.4595,2
0.46,2
0.4605,2
0.461,2
0.4615,2
0.462,2
0.4625,2
0.463,2
0.4635,2
0.464,2
0.4645,2
0.465,2
0.4655,2
0.466,2
0.4665,2
0.467,2
0.4675,2
0.468,2
0.4685,2
0.469,2
0.4695,2
0.47,2
0.4705,2
0.471,2
0.4715,2
0.472,2
0.4725,2
0.473,2
0.4735,2
0.474,2
0.4745,2
0.475,2
0.4755,2
0.476,2
0.4765,2
0.477,2
0.4775,2
0.478,2
0.4785,2
0.479,2
0.4795,2
0.48,2
0.4805,2
0.481,2
0.4815,2
0.482,2
0.4825,2
0.483,2
0.4835,2
0.484,2
0.4845,2
0.485,2
0.4855,2
0.486,2
0.4865,2
0.487,2
0.4875,2
0.488,2
0.4885,2
0.489,2
0.4895,2
0.49,2
0.4905,2
0.491,2
0.4915,2
0.492,2
0.4925,2
0.493,2
0.4935,2
0.494,2
0.4945,2
0.495,2
0.4955,2
0.496,2
0.4965,2
0.497,2
0.4975,2
0.498,2
0.4985,2
0.499,2
0.4995,2
0.5,2
0.5005,2
0.501,2
0.5015,2
0.502,2
0.5025,2
0.503,2
0.5035,2
0.504,2
0.5045,2
0.505,2
0.5055,2
0.506,2
0.5065,2
0.507,2
0.5075,2
0.508,2
0.5085,2
0.509,2
0.5095,2
0.51,2
0.5105,2
0.511,2
0.5115,2
0.512,2
0.5125,2
0.513,2
0.5135,2
0.514,2
0.5145,2
0.515,2
0.5155,2
0.516,2
0.5165,2
0.517,2
0.5175,2
0.518,2
0.5185,2
0.519,2
0.5195,2
0.52,2
0.5205,2
0.521,2
0.5215,2
0.522,2
0.5225,2
0.523,2
0.5235,2
0.524,2
0.5245,2
0.525,2
0.5255,2
0.526,2
0.5265,2
0.527,2
0.5275,2
0.528,2
0.5285,2
0.529,2
0.5295,2
0.53,2
0.5305,2
0.531,2
0.5315,2
0.532,2
0.5325,2
0.533,2
0.5335,2
0.534,2
0.5345,2
0.535,2
0.5355,2
0.536,2
0.5365,2
0.537,2
0.5375,2
0.538,2
0.5385,2
0.539,2
0.5395,2
0.54,2
0.5405,2
0.541,2
0.5415,2
0.542,2
0.5425,2
0.543,2
0.5435,2
0.544,2
0.5445,2
0.545,2
0.5455,2
0.546,2
0.5465,2
0.547,2
0.5475,2
0.548,2
0.5485,2
0.549,2
0.5495,2
0.55,2
0.5505,2
0.551,2
0.5515,2
0.552,2
0.5525,2
0.553,2
0.5535,2
0.554,2
0.5545,2
0.555,2
0.5555,2
0.556,2
0.5565,2
0.557,2
0.5575,2
0.558,2
0.5585,2
0.559,2
0.5595,2
0.56,2
0.5605,2
0.561,2
0.5615,2
0.562,2
0.5625,2
0.563,2
0.5635,2
0.564,2
0.5645,2
0.565,2
0.5655,2
0.566,2
0.5665,2
0.567,2
0.5675,2
0.568,2
0.5685,2
0.569,2
0.5695,2
0.57,2
0.5705,2
0.571,2
0.5715,2
0.572,2
0.5725,2
0.573,2
0.5735,2
0.574,2
0.5745,2
0.575,2
0.5755,2
0.576,2
0.5765,2
0.577,2
0.5775,2
0.578,2
0.5785,2
0.579,2
0.5795,2
0.58,2
0.5805,2
0.581,2
0.5815,2
0.582,2
0.5825,2
0.583,2
0.5835,2
0.584,2
0.5845,2
0.585,2
0.5855,2
0.586,2
0.5865,2
0.587,2
0.5875,2
0.588,2
0.5885,2
0.589,2
0.5895,2
0.59,2
0.5905,2
0.591,2
0.5915,2
0.592,2
0.5925,2
0.593,2
0.5935,2
0.594,2
0.5945,2
0.595,2
0.5955,2
0.596,2
0.5965,2
0.597,2
0.5975,2
0.598,2
0.5985,2
0.599,2
0.5995,2
0.6,2
0.6005,2
0.601,2
0.6015,2
0.602,2
0.6025,2
0.603,2
0.6035,2
0.604,2
0.6045,2
0.605,2
0.6055,2
0.606,2
0.6065,2
0.607,2
0.6075,2
0.608,2
0.6085,2
0.609,2
0.6095,2
0.61,2
0.6105,2
0.611,2
0.6115,2
0.612,2
0.6125,2
0.613,2
0.6135,2
0.614,2
0.6145,2
0.615,2
0.6155,2
0.616,2
0.6165,2
0.617,2
0.6175,2
0.618,2
0.6185,2
0.619,2
0.6195,2
0.62,2
0.6205,2
0.621,2
0.6215,2
0.622,2
0.6225,2
0.623,2
0.6235,2
0.624,2
0.6245,2
0.625,2
0.6255,2
0.626,2
0.6265,2
0.627,2
0.6275,2
0.628,2
0.6285,2
0.629,2
0.6295,2
0.63,2
0.6305,2
0.631,2
0.6315,2
0.632,2
0.6325,2
0.633,2
0.6335,2
0.634,2
0.6345,2
0.635,2
0.6355,2
0.636,2
0.6365,2
0.637,2
0.6375,2
0.638,2
0.6385,2
0.639,2
0.6395,2
0.64,2
0.6405,2
0.641,2
0.6415,2
0.642,2
0.6425,2
0.643,2
0.6435,2
0.644,2
0.6445,2
0.645,2
0.6455,2
0.646,2
0.6465,2
0.647,2
0.6475,2
0.648,2
0.6485,2
0.649,2
0.6495,2
0.65,2
0.6505,2
0.651,2
0.6515,2
0.652,2
0.6525,2
0.653,2
0.6535,2
0.654,2
0.6545,2
0.655,2
0.6555,2
0.656,2
0.6565,2
0.657,2
0.6575,2
0.658,2
0.6585,2
0.659,2
0.6595,2
0.66,2
0.6605,2
0.661,2
0.6615,2
0.662,2
0.6625,2
0.663,2
0.6635,2
0.664,2
0.6645,2
0.665,2
0.6655,2
0.666,2
0.6665,2
0.667,2
0.6675,2
0.668,2
0.6685,2
0.669,2
0.6695,2
0.67,2
0.6705,2
0.671,2
0.6715,2
0.672,2
0.6725,2
0.673,2
0.6735,2
0.674,2
0.6745,2
0.675,2
0.6755,2
0.676,2
0.6765,2
0.677,2
0.6775,2
0.678,2
0.6785,2
0.679,2
0.6795,2
0.68,2
0.6805,2
0.681,2
0.6815,2
0.682,2
0.6825,2
0.683,2
0.6835,2
0.684,2
0.6845,2
0.685,2
0.6855,2
0.686,2
0.6865,2
0.687,2
0.6875,2
0.688,2
0.6885,2
0.689,2
0.6895,2
0.69,2
0.6905,2
0.691,2
0.6915,2
0.692,2
0.6925,2
0.693,2
0.6935,2
0.694,2
0.6945,2
0.695,2
0.6955,2
0.696,2
0.6965,2
0.697,2
0.6975,2
0.698,2
0.6985,2
0.699,2
0.6995,2
0.7,2
0.7005,2
0.701,2
0.7015,2
0.702,2
0.7025,2
0.703,2
0.7035,2
0.704,2
0.7045,2
0.705,2
0.7055,2
0.706,2
0.7065,2
0.707,2
0.7075,2
0.708,2
0.7085,2
0.709,2
0.7095,2
0.71,2
0.7105,2
0.711,2
0.7115,2
0.712,2
0.7125,2
0.713,2
0.7135,2
0.714,2
0.7145,2
0.715,2
0.7155,2
0.716,2
0.7165,2
0.717,2
0.7175,2
0.718,2
0.7185,2
0.719,2
0.7195,2
0.72,2
0.7205,2
0.721,2
0.7215,2
0.722,2
0.7225,2
0.723,2
0.7235,2
0.724,2
0.7245,2
0.725,2
0.7255,2
0.726,2
0.7265,2
0.727,2
0.7275,2
0.728,2
0.7285,2
0.729,2
0.7295,2
0.73,2
0.7305,2
0.731,2
0.7315,2
0.732,2
0.7325,2
0.733,2
0.7335,2
0.734,2
0.7345,2
0.735,2
0.7355,2
0.736,2
0.7365,2
0.737,2
0.7375,2
0.738,2
0.7385,2
0.739,2
0.7395,2
0.74,2
0.7405,2
0.741,2
0.7415,2
0.742,2
0.7425,2
0.743,2
0.7435,2
0.744,2
0.7445,2
0.745,2
0.7455,2
0.746,2
0.7465,2
0.747,2
0.7475,2
0.748,2
0.7485,2
0.749,2
0.7495,2
0.75,2
0.7505,2
0.751,2
0.7515,2
0.752,2
0.7525,2
0.753,2
0.7535,2
0.754,2
0.7545,2
0.755,2
0.7555,2
0.756,2
0.7565,2
0.757,2
0.7575,2
0.758,2
0.7585,2
0.759,2
0.7595,2
0.76,2
0.7605,2
0.761,2
0.7615,2
0.762,2
0.7625,2
0.763,2
0.7635,2
0.764,2
0.7645,2
0.765,2
0.7655,2
0.766,2
0.7665,2
0.767,2
0.7675,2
0.768,2
0.7685,2
0.769,2
0.7695,2
0.77,2
0.7705,2
0.771,2
0.7715,2
0.772,2
0.7725,2
0.773,2
0.7735,2
0.774,2
0.7745,2
0.775,2
0.7755,2
0.776,2
0.7765,2
0.777,2
0.7775,2
0.778,2
0.7785,2
0.779,2
0.7795,2
0.78,2
0.7805,2
0.781,2
0.7815,2
0.782,2
0.7825,2
0.783,2
0.7835,2
0.784,2
0.7845,2
0.785,2
0.7855,2
0.786,2
0.7865,2
0.787,2
0.7875,2
0.788,2
0.7885,2
0.789,2
0.7895,2
0.79,2
0.7905,2
0.791,2
0.7915,2
0.792,2
0.7925,2
0.793,2
0.7935,2
0.794,2
0.7945,2
0.795,2
0.7955,2
0.796,2
0.7965,2
0.797,2
0.7975,2
0.798,2
0.7985,2
0.799,2
0.7995,2
0.8,2
0.8005,2
0.801,2
0.8015,2
0.802,2
0.8025,2
0.803,2
0.8035,2
0.804,2
0.8045,2
0.805,2
0.8055,2
0.806,2
0.8065,2
0.807,2
0.8075,2
0.808,2
0.8085,2
0.809,2
0.8095,2
0.81,2
0.8105,2
0.811,2
0.8115,2
0.812,2
0.8125,2
0.813,2
0.8135,2
0.814,2
0.8145,2
0.815,2
0.8155,2
0.816,2
0.8165,2
0.817,2
0.8175,2
0.818,2
0.8185,2
0.819,2
0.8195,2
0.82,2
0.8205,2
0.821,2
0.8215,2
0.822,2
0.8225,2
0.823,2
0.8235,2
0.824,2
0.8245,2
0.825,2
0.8255,2
0.826,2
0.8265,2
0.827,2
0.8275,2
0.828,2
0.8285,2
0.829,2
0.8295,2
0.83,2
0.8305,2
0.831,2
0.8315,2
0.832,2
0.8325,2
0.833,2
0.8335,2
0.834,2
0.8345,2
0.835,2
0.8355,2
0.836,2
0.8365,2
0.837,2
0.8375,2
0.838,2
0.8385,2
0.839,2
0.8395,2
0.84,2
0.8405,2
0.841,2
0.8415,2
0.842,2
0.8425,2
0.843,2
0.8435,2
0.844,2
0.8445,2
0.845,2
0.8455,2
0.846,2
0.8465,2
0.847,2
0.8475,2
0.848,2
0.8485,2
0.849,2
0.8495,2
0.85,2
0.8505,2
0.851,2
0.8515,2
0.852,2
0.8525,2
0.853,2
0.8535,2
0.854,2
0.8545,2
0.855,2
0.8555,2
0.856,2
0.8565,2
0.857,2
0.8575,2
0.858,2
0.8585,2
0.859,2
0.8595,2
0.86,2
0.8605,2
0.861,2
0.8615,2
0.862,2
0.8625,2
0.863,2
0.8635,2
0.864,2
0.8645,2
0.865,2
0.8655,2
0.866,2
0.8665,2
0.867,2
0.8675,2
0.868,2
0.8685,2
0.869,2
0.8695,2
0.87,2
0.8705,2
0.871,2
0.8715,2
0.872,2
0.8725,2
0.873,2
0.8735,2
0.874,2
0.8745,2
0.875,2
0.8755,2
0.876,2
0.8765,2
0.877,2
0.8775,2
0.878,2
0.8785,2
0.879,2
0.8795,2
0.88,2
0.8805,2
0.881,2
0.8815,2
0.882,2
0.8825,2
0.883,2
0.8835,2
0.884,2
0.8845,2
0.885,2
0.8855,2
0.886,2
0.8865,2
0.887,2
0.8875,2
0.888,2
0.8885,2
0.889,2
0.8895,2
0.89,2
0.8905,2
0.891,2
0.8915,2
0.892,2
0.8925,2
0.893,2
0.8935,2
0.894,2
0.8945,2
0.895,2
0.8955,2
0.896,2
0.8965,2
0.897,2
0.8975,2
0.898,2
0.8985,2
0.899,2
0.8995,2
0.9,2
0.9005,2
0.901,2
0.9015,2
0.902,2
0.9025,2
0.903,2
0.9035,2
0.904,2
0.9045,2
0.905,2
0.9055,2
0.906,2
0.9065,2
0.907,2
0.9075,2
0.908,2
0.9085,2
0.909,2
0.9095,2
0.91,2
0.9105,2
0.911,2
0.9115,2
0.912,2
0.9125,2
0.913,2
0.9135,2
0.914,2
0.9145,2
0.915,2
0.9155,2
0.916,2
0.9165,2
0.917,2
0.9175,2
0.918,2
0.9185,2
0.919,2
0.9195,2
0.92,2
0.9205,2
0.921,2
0.9215,2
0.922,2
0.9225,2
0.923,2
0.9235,2
0.924,2
0.9245,2
0.925,2
0.9255,2
0.926,2
0.9265,2
0.927,2
0.9275,2
0.928,2
0.9285,2
0.929,2
0.9295,2
0.93,2
0.9305,2
0.931,2
0.9315,2
0.932,2
0.9325,2
0.933,2
0.9335,2
0.934,2
0.9345,2
0.935,2
0.9355,2
0.936,2
0.9365,2
0.937,2
0.9375,2
0.938,2
0.9385,2
0.939,2
0.9395,2
0.94,2
0.9405,2
0.941,2
0.9415,2
0.942,2
0.9425,2
0.943,2
0.9435,2
0.944,2
0.9445,2
0.945,2
0.9455,2
0.946,2
0.9465,2
0.947,2
0.9475,2
0.948,2
0.9485,2
0.949,2
0.9495,2
0.95,2
0.9505,2
0.951,2
0.9515,2
0.952,2
0.9525,2
0.953,2
0.9535,2
0.954,2
0.9545,2
0.955,2
0.9555,2
0.956,2
0.9565,2
0.957,2
0.9575,2
0.958,2
0.9585,2
0.959,2
0.9595,2
0.96,2
0.9605,2
0.961,2
0.9615,2
0.962,2
0.9625,2
0.963,2
0.9635,2
0.964,2
0.9645,2
0.965,2
0.9655,2
0.966,2
0.9665,2
0.967,2
0.9675,2
0.968,2
0.9685,2
0.969,2
0.9695,2
0.97,2
0.9705,2
0.971,2
0.9715,2
0.972,2
0.9725,2
0.973,2
0.9735,2
0.974,2
0.9745,2
0.975,2
0.9755,2
0.976,2
0.9765,2
0.977,2
0.9775,2
0.978,2
0.9785,2
0.979,2
0.9795,2
0.98,2
0.9805,2
0.981,2
0.9815,2
0.982,2
0.9825,2
0.983,2
0.9835,2
0.984,2
0.9845,2
0.985,2
0.9855,2
0.986,2
0.9865,2
0.987,2
0.9875,2
0.988,2
0.9885,2
0.989,2
0.9895,2
0.99,2
0.9905,2
0.991,2
0.9915,2
0.992,2
0.9925,2
0.993,2
0.9935,2
0.994,2
0.9945,2
0.995,2
0.9955,2
0.996,2
0.9965,2
0.997,2
0.9975,2
0.998,2
0.9985,2
0.999,2
0.9995,2
1,2
1.0005,2
1.001,2
1.0015,2
1.002,2
1.0025,2
1.003,2
1.0035,2
1.004,2
1.0045,2
1.005,2
1.0055,2
1.006,2
1.0065,2
1.007,2
1.0075,2
1.008,2
1.0085,2
1.009,2
1.0095,2
1.01,2
1.0105,2
1.011,2
1.0115,2
1.012,2
1.0125,2
1.013,2
1.0135,2
1.014,2
1.0145,2
1.015,2
1.0155,2
1.016,2
1.0165,2
1.017,2
1.0175,2
1.018,2
1.0185,2
1.019,2
1.0195,2
1.02,2
1.0205,2
1.021,2
1.0215,2
1.022,2
1.0225,2
1.023,2
1.0235,2
1.024,2
1.0245,2
1.025,2
1.0255,2
1.026,2
1.0265,2
1.027,2
1.0275,2
1.028,2
1.0285,2
1.029,2
1.0295,2
1.03,2
1.0305,2
1.031,2
1.0315,2
1.032,2
1.0325,2
1.033,2
1.0335,2
1.034,2
1.0345,2
1.035,2
1.0355,2
1.036,2
1.0365,2
1.037,2
1.0375,2
1.038,2
1.0385,2
1.039,2
1.0395,2
1.04,2
1.0405,2
1.041,2
1.0415,2
1.042,2
1.0425,2
1.043,2
1.0435,2
1.044,2
1.0445,2
1.045,2
1.0455,2
1.046,2
1.0465,2
1.047,2
1.0475,2
1.048,2
1.0485,2
1.049,2
1.0495,2
1.05,2
1.0505,2
1.051,2
1.0515,2
1.052,2
1.0525,2
1.053,2
1.0535,2
1.054,2
1.0545,2
1.055,2
1.0555,2
1.056,2
1.0565,2
1.057,2
1.0575,2
1.058,2
1.0585,2
1.059,2
1.0595,2
1.06,2
1.0605,2
1.061,2
1.0615,2
1.062,2
1.0625,2
1.063,2
1.0635,2
1.064,2
1.0645,2
1.065,2
1.0655,2
1.066,2
1.0665,2
1.067,2
1.0675,2
1.068,2
1.0685,2
1.069,2
1.0695,2
1.07,2
1.0705,2
1.071,2
1.0715,2
1.072,2
1.0725,2
1.073,2
1.0735,2
1.074,2
1.0745,2
1.075,2
1.0755,2
1.076,2
1.0765,2
1.077,2
1.0775,2
1.078,2
1.0785,2
1.079,2
1.0795,2
1.08,2
1.0805,2
1.081,2
1.0815,2
1.082,2
1.0825,2
1.083,2
1.0835,2
1.084,2
1.0845,2
1.085,2
1.0855,2
1.086,2
1.0865,2
1.087,2
1.0875,2
1.088,2
1.0885,2
1.089,2
1.0895,2
1.09,2
1.0905,2
1.091,2
1.0915,2
1.092,2
1.0925,2
1.093,2
1.0935,2
1.094,2
1.0945,2
1.095,2
1.0955,2
1.096,2
1.0965,2
1.097,2
1.0975,2
1.098,2
1.0985,2
1.099,2
1.0995,2
1.1,2
1.1005,2
1.101,2
1.1015,2
1.102,2
1.1025,2
1.103,2
1.1035,2
1.104,2
1.1045,2
1.105,2
1.1055,2
1.106,2
1.1065,2
1.107,2
1.1075,2
1.108,2
1.1085,2
1.109,2
1.1095,2
1.11,2
1.1105,2
1.111,2
1.1115,2
1.112,2
1.1125,2
1.113,2
1.1135,2
1.114,2
1.1145,2
1.115,2
1.1155,2
1.116,2
1.1165,2
1.117,2
1.1175,2
1.118,2
1.1185,2
1.119,2
1.1195,2
1.12,2
1.1205,2
1.121,2
1.1215,2
1.122,2
1.1225,2
1.123,2
1.1235,2
1.124,2
1.1245,2
1.125,2
1.1255,2
1.126,2
1.1265,2
1.127,2
1.1275,2
1.128,2
1.1285,2
1.129,2
1.1295,2
1.13,2
1.1305,2
1.131,2
1.1315,2
1.132,2
1.1325,2
1.133,2
1.1335,2
1.134,2
1.1345,2
1.135,2
1.1355,2
1.136,2
1.1365,2
1.137,2
1.1375,2
1.138,2
1.1385,2
1.139,2
1.1395,2
1.14,2
1.1405,2
1.141,2
1.1415,2
1.142,2
1.1425,2
1.143,2
1.1435,2
1.144,2
1.1445,2
1.145,2
1.1455,2
1.146,2
1.1465,2
1.147,2
1.1475,2
1.148,2
1.1485,2
1.149,2
1.1495,2
1.15,2
1.1505,2
1.151,2
1.1515,2
1.152,2
1.1525,2
1.153,2
1.1535,2
1.154,2
1.1545,2
1.155,2
1.1555,2
1.156,2
1.1565,2
1.157,2
1.1575,2
1.158,2
1.1585,2
1.159,2
1.1595,2
1.16,2
1.1605,2
1.161,2
1.1615,2
1.162,2
1.1625,2
1.163,2
1.1635,2
1.164,2
1.1645,2
1.165,2
1.1655,2
1.166,2
1.1665,2
1.167,2
1.1675,2
1.168,2
1.1685,2
1.169,2
1.1695,2
1.17,2
1.1705,2
1.171,2
1.1715,2
1.172,2
1.1725,2
1.173,2
1.1735,2
1.174,2
1.1745,2
1.175,2
1.1755,2
1.176,2
1.1765,2
1.177,2
1.1775,2
1.178,2
1.1785,2
1.179,2
1.1795,2
1.18,2
1.1805,2
1.181,2
1.1815,2
1.182,2
1.1825,2
1.183,2
1.1835,2
1.184,2
1.1845,2
1.185,2
1.1855,2
1.186,2
1.1865,2
1.187,2
1.1875,2
1.188,2
1.1885,2
1.189,2
1.1895,2
1.19,2
1.1905,2
1.191,2
1.1915,2
1.192,2
1.1925,2
1.193,2
1.1935,2
1.194,2
1.1945,2
1.195,2
1.1955,2
1.196,2
1.1965,2
1.197,2
1.1975,2
1.198,2
1.1985,2
1.199,2
1.1995,2
1.2,2
1.2005,2
1.201,2
1.2015,2
1.202,2
1.2025,2
1.203,2
1.2035,2
1.204,2
1.2045,2
1.205,2
1.2055,2
1.206,2
1.2065,2
1.207,2
1.2075,2
1.208,2
1.2085,2
1.209,2
1.2095,2
1.21,2
1.2105,2
1.211,2
1.2115,2
1.212,2
1.2125,2
1.213,2
1.2135,2
1.214,2
1.2145,2
1.215,2
1.2155,2
1.216,2
1.2165,2
1.217,2
1.2175,2
1.218,2
1.2185,2
1.219,2
1.2195,2
1.22,2
1.2205,2
1.221,2
1.2215,2
1.222,2
1.2225,2
1.223,2
1.2235,2
1.224,2
1.2245,2
1.225,2
1.2255,2
1.226,2
1.2265,2
1.227,2
1.2275,2
1.228,2
1.2285,2
1.229,2
1.2295,2
1.23,2
1.2305,2
1.231,2
1.2315,2
1.232,2
1.2325,2
1.233,2
1.2335,2
1.234,2
1.2345,2
1.235,2
1.2355,2
1.236,2
1.2365,2
1.237,2
1.2375,2
1.238,2
1.2385,2
1.239,2
1.2395,2
1.24,2
1.2405,2
1.241,2
1.2415,2
1.242,2
1.2425,2
1.243,2
1.2435,2
1.244,2
1.2445,2
1.245,2
1.2455,2
1.246,2
1.2465,2
1.247,2
1.2475,2
1.248,2
1.2485,2
1.249,2
1.2495,2
1.25,2
1.2505,2
1.251,2
1.2515,2
1.252,2
1.2525,2
1.253,2
1.2535,2
1.254,2
1.2545,2
1.255,2
1.2555,2
1.256,2
1.2565,2
1.257,2
1.2575,2
1.258,2
1.2585,2
1.259,2
1.2595,2
1.26,2
1.2605,2
1.261,2
1.2615,2
1.262,2
1.2625,2
1.263,2
1.2635,2
1.264,2
1.2645,2
1.265,2
1.2655,2
1.266,2
1.2665,2
1.267,2
1.2675,2
1.268,2
1.2685,2
1.269,2
1.2695,2
1.27,2
1.2705,2
1.271,2
1.2715,2
1.272,2
1.2725,2
1.273,2
1.2735,2
1.274,2
1.2745,2
1.275,2
1.2755,2
1.276,2
1.2765,2
1.277,2
1.2775,2
1.278,2
1.2785,2
1.279,2
1.2795,2
1.28,2
1.2805,2
1.281,2
1.2815,2
1.282,2
1.2825,2
1.283,2
1.2835,2
1.284,2
1.2845,2
1.285,2
1.2855,2
1.286,2
1.2865,2
1.287,2
1.2875,2
1.288,2
1.2885,2
1.289,2
1.2895,2
1.29,2
1.2905,2
1.291,2
1.2915,2
1.292,2
1.2925,2
1.293,2
1.2935,2
1.294,2
1.2945,2
1.295,2
1.2955,2
1.296,2
1.2965,2
1.297,2
1.2975,2
1.298,2
1.2985,2
1.299,2
1.2995,2
1.3,2
1.3005,2
1.301,2
1.3015,2
1.302,2
1.3025,2
1.303,2
1.3035,2
1.304,2
1.3045,2
1.305,2
1.3055,2
1.306,2
1.3065,2
1.307,2
1.3075,2
1.308,2
1.3085,2
1.309,2
1.3095,2
1.31,2
1.3105,2
1.311,2
1.3115,2
1.312,2
1.3125,2
1.313,2
1.3135,2
1.314,2
1.3145,2
1.315,2
1.3155,2
1.316,2
1.3165,2
1.317,2
1.3175,2
1.318,2
1.3185,2
1.319,2
1.3195,2
1.32,2
1.3205,2
1.321,2
1.3215,2
1.322,2
1.3225,2
1.323,2
1.3235,2
1.324,2
1.3245,2
1.325,2
1.3255,2
1.326,2
1.3265,2
1.327,2
1.3275,2
1.328,2
1.3285,2
1.329,2
1.3295,2
1.33,2
1.3305,2
1.331,2
1.3315,2
1.332,2
1.3325,2
1.333,2
1.3335,2
1.334,2
1.3345,2
1.335,2
1.3355,2
1.336,2
1.3365,2
1.337,2
1.3375,2
1.338,2
1.3385,2
1.339,2
1.3395,2
1.34,2
1.3405,2
1.341,2
1.3415,2
1.342,2
1.3425,2
1.343,2
1.3435,2
1.344,2
1.3445,2
1.345,2
1.3455,2
1.346,2
1.3465,2
1.347,2
1.3475,2
1.348,2
1.3485,2
1.349,2
1.3495,2
1.35,2
1.3505,2
1.351,2
1.3515,2
1.352,2
1.3525,2
1.353,2
1.3535,2
1.354,2
1.3545,2
1.355,2
1.3555,2
1.356,2
1.3565,2
1.357,2
1.3575,2
1.358,2
1.3585,2
1.359,2
1.3595,2
1.36,2
1.3605,2
1.361,2
1.3615,2
1.362,2
1.3625,2
1.363,2
1.3635,2
1.364,2
1.3645,2
1.365,2
1.3655,2
1.366,2
1.3665,2
1.367,2
1.3675,2
1.368,2
1.3685,2
1.369,2
1.3695,2
1.37,2
1.3705,2
1.371,2
1.3715,2
1.372,2
1.3725,2
1.373,2
1.3735,2
1.374,2
1.3745,2
1.375,2
1.3755,2
1.376,2
1.3765,2
1.377,2
1.3775,2
1.378,2
1.3785,2
1.379,2
1.3795,2
1.38,2
1.3805,2
1.381,2
1.3815,2
1.382,2
1.3825,2
1.383,2
1.3835,2
1.384,2
1.3845,2
1.385,2
1.3855,2
1.386,2
1.3865,2
1.387,2
1.3875,2
1.388,2
1.3885,2
1.389,2
1.3895,2
1.39,2
1.3905,2
1.391,2
1.3915,2
1.392,2
1.3925,2
1.393,2
1.3935,2
1.394,2
1.3945,2
1.395,2
1.3955,2
1.396,2
1.3965,2
1.397,2
1.3975,2
1.398,2
1.3985,2
1.399,2
1.3995,2
1.4,2
1.4005,2
1.401,2
1.4015,2
1.402,2
1.4025,2
1.403,2
1.4035,2
1.404,2
1.4045,2
1.405,2
1.4055,2
1.406,2
1.4065,2
1.407,2
1.4075,2
1.408,2
1.4085,2
1.409,2
1.4095,2
1.41,2
1.4105,2
1.411,2
1.4115,2
1.412,2
1.4125,2
1.413,2
1.4135,2
1.414,2
1.4145,2
1.415,2
1.4155,2
1.416,2
1.4165,2
1.417,2
1.4175,2
1.418,2
1.4185,2
1.419,2
1.4195,2
1.42,2
1.4205,2
1.421,2
1.4215,2
1.422,2
1.4225,2
1.423,2
1.4235,2
1.424,2
1.4245,2
1.425,2
1.4255,2
1.426,2
1.4265,2
1.427,2
1.4275,2
1.428,2
1.4285,2
1.429,2
1.4295,2
1.43,2
1.4305,2
1.431,2
1.4315,2
1.432,2
1.4325,2
1.433,2
1.4335,2
1.434,2
1.4345,2
1.435,2
1.4355,2
1.436,2
1.4365,2
1.437,2
1.4375,2
1.438,2
1.4385,2
1.439,2
1.4395,2
1.44,2
1.4405,2
1.441,2
1.4415,2
1.442,2
1.4425,2
1.443,2
1.4435,2
1.444,2
1.4445,2
1.445,2
1.4455,2
1.446,2
1.4465,2
1.447,2
1.4475,2
1.448,2
1.4485,2
1.449,2
1.4495,2
1.45,2
1.4505,2
1.451,2
1.4515,2
1.452,2
1.4525,2
1.453,2
1.4535,2
1.454,2
1.4545,2
1.455,2
1.4555,2
1.456,2
1.4565,2
1.457,2
1.4575,2
1.458,2
1.4585,2
1.459,2
1.4595,2
1.46,2
1.4605,2
1.461,2
1.4615,2
1.462,2
1.4625,2
1.463,2
1.4635,2
1.464,2
1.4645,2
1.465,2
1.4655,2
1.466,2
1.4665,2
1.467,2
1.4675,2
1.468,2
1.4685,2
1.469,2
1.4695,2
1.47,2
1.4705,2
1.471,2
1.4715,2
1.472,2
1.4725,2
1.473,2
1.4735,2
1.474,2
1.4745,2
1.475,2
1.4755,2
1.476,2
1.4765,2
1.477,2
1.4775,2
1.478,2
1.4785,2
1.479,2
1.4795,2
1.48,2
1.4805,2
1.481,2
1.4815,2
1.482,2
1.4825,2
1.483,2
1.4835,2
1.484,2
1.4845,2
1.485,2
1.4855,2
1.486,2
1.4865,2
1.487,2
1.4875,2
1.488,2
1.4885,2
1.489,2
1.4895,2
1.49,2
1.4905,2
1.491,2
1.4915,2
1.492,2
1.4925,2
1.493,2
1.4935,2
1.494,2
1.4945,2
1.495,2
1.4955,2
1.496,2
1.4965,2
1.497,2
1.4975,2
1.498,2
1.4985,2
1.499,2
1.4995,2
1.5,2
1.5005,2
1.501,2
1.5015,2
1.502,2
1.5025,2
1.503,2
1.5035,2
1.504,2
1.5045,2
1.505,2
1.5055,2
1.506,2
1.5065,2
1.507,2
1.5075,2
1.508,2
1.5085,2
1.509,2
1.5095,2
1.51,2
1.5105,2
1.511,2
1.5115,2
1.512,2
1.5125,2
1.513,2
1.5135,2
1.514,2
1.5145,2
1.515,2
1.5155,2
1.516,2
1.5165,2
1.517,2
1.5175,2
1.518,2
1.5185,2
1.519,2
1.5195,2
1.52,2
1.5205,2
1.521,2
1.5215,2
1.522,2
1.5225,2
1.523,2
1.5235,2
1.524,2
1.5245,2
1.525,2
1.5255,2
1.526,2
1.5265,2
1.527,2
1.5275,2
1.528,2
1.5285,2
1.529,2
1.5295,2
1.53,2
1.5305,2
1.531,2
1.5315,2
1.532,2
1.5325,2
1.533,2
1.5335,2
1.534,2
1.5345,2
1.535,2
1.5355,2
1.536,2
1.5365,2
1.537,2
1.5375,2
1.538,2
1.5385,2
1.539,2
1.5395,2
1.54,2
1.5405,2
1.541,2
1.5415,2
1.542,2
1.5425,2
1.543,2
1.5435,2
1.544,2
1.5445,2
1.545,2
1.5455,2
1.546,2
1.5465,2
1.547,2
1.5475,2
1.548,2
1.5485,2
1.549,2
1.5495,2
1.55,2
1.5505,2
1.551,2
1.5515,2
1.552,2
1.5525,2
1.553,2
1.5535,2
1.554,2
1.5545,2
1.555,2
1.5555,2
1.556,2
1.5565,2
1.557,2
1.5575,2
1.558,2
1.5585,2
1.559,2
1.5595,2
1.56,2
1.5605,2
1.561,2
1.5615,2
1.562,2
1.5625,2
1.563,2
1.5635,2
1.564,2
1.5645,2
1.565,2
1.5655,2
1.566,2
1.5665,2
1.567,2
1.5675,2
1.568,2
1.5685,2
1.569,2
1.5695,2
1.57,2
1.5705,2
1.571,2
1.5715,2
1.572,2
1.5725,2
1.573,2
1.5735,2
1.574,2
1.5745,2
1.575,2
1.5755,2
1.576,2
1.5765,2
1.577,2
1.5775,2
1.578,2
1.5785,2
1.579,2
1.5795,2
1.58,2
1.5805,2
1.581,2
1.5815,2
1.582,2
1.5825,2
1.583,2
1.5835,2
1.584,2
1.5845,2
1.585,2
1.5855,2
1.586,2
1.5865,2
1.587,2
1.5875,2
1.588,2
1.5885,2
1.589,2
1.5895,2
1.59,2
1.5905,2
1.591,2
1.5915,2
1.592,2
1.5925,2
1.593,2
1.5935,2
1.594,2
1.5945,2
1.595,2
1.5955,2
1.596,2
1.5965,2
1.597,2
1.5975,2
1.598,2
1.5985,2
1.599,2
1.5995,2
1.6,2
1.6005,2
1.601,2
1.6015,2
1.602,2
1.6025,2
1.603,2
1.6035,2
1.604,2
1.6045,2
1.605,2
1.6055,2
1.606,2
1.6065,2
1.607,2
1.6075,2
1.608,2
1.6085,2
1.609,2
1.6095,2
1.61,2
1.6105,2
1.611,2
1.6115,2
1.612,2
1.6125,2
1.613,2
1.6135,2
1.614,2
1.6145,2
1.615,2
1.6155,2
1.616,2
1.6165,2
1.617,2
1.6175,2
1.618,2
1.6185,2
1.619,2
1.6195,2
1.62,2
1.6205,2
1.621,2
1.6215,2
1.622,2
1.6225,2
1.623,2
1.6235,2
1.624,2
1.6245,2
1.625,2
1.6255,2
1.626,2
1.6265,2
1.627,2
1.6275,2
1.628,2
1.6285,2
1.629,2
1.6295,2
1.63,2
1.6305,2
1.631,2
1.6315,2
1.632,2
1.6325,2
1.633,2
1.6335,2
1.634,2
1.6345,2
1.635,2
1.6355,2
1.636,2
1.6365,2
1.637,2
1.6375,2
1.638,2
1.6385,2
1.639,2
1.6395,2
1.64,2
1.6405,2
1.641,2
1.6415,2
1.642,2
1.6425,2
1.643,2
1.6435,2
1.644,2
1.6445,2
1.645,2
1.6455,2
1.646,2
1.6465,2
1.647,2
1.6475,2
1.648,2
1.6485,2
1.649,2
1.6495,2
1.65,2
1.6505,2
1.651,2
1.6515,2
1.652,2
1.6525,2
1.653,2
1.6535,2
1.654,2
1.6545,2
1.655,2
1.6555,2
1.656,2
1.6565,2
1.657,2
1.6575,2
1.658,2
1.6585,2
1.659,2
1.6595,2
1.66,2
1.6605,2
1.661,2
1.6615,2
1.662,2
1.6625,2
1.663,2
1.6635,2
1.664,2
1.6645,2
1.665,2
1.6655,2
1.666,2
1.6665,2
1.667,2
1.6675,2
1.668,2
1.6685,2
1.669,2
1.6695,2
1.67,2
1.6705,2
1.671,2
1.6715,2
1.672,2
1.6725,2
1.673,2
1.6735,2
1.674,2
1.6745,2
1.675,2
1.6755,2
1.676,2
1.6765,2
1.677,2
1.6775,2
1.678,2
1.6785,2
1.679,2
1.6795,2
1.68,2
1.6805,2
1.681,2
1.6815,2
1.682,2
1.6825,2
1.683,2
1.6835,2
1.684,2
1.6845,2
1.685,2
1.6855,2
1.686,2
1.6865,2
1.687,2
1.6875,2
1.688,2
1.6885,2
1.689,2
1.6895,2
1.69,2
1.6905,2
1.691,2
1.6915,2
1.692,2
1.6925,2
1.693,2
1.6935,2
1.694,2
1.6945,2
1.695,2
1.6955,2
1.696,2
1.6965,2
1.697,2
1.6975,2
1.698,2
1.6985,2
1.699,2
1.6995,2
1.7,2
1.7005,2
1.701,2
1.7015,2
1.702,2
1.7025,2
1.703,2
1.7035,2
1.704,2
1.7045,2
1.705,2
1.7055,2
1.706,2
1.7065,2
1.707,2
1.7075,2
1.708,2
1.7085,2
1.709,2
1.7095,2
1.71,2
1.7105,2
1.711,2
1.7115,2
1.712,2
1.7125,2
1.713,2
1.7135,2
1.714,2
1.7145,2
1.715,2
1.7155,2
1.716,2
1.7165,2
1.717,2
1.7175,2
1.718,2
1.7185,2
1.719,2
1.7195,2
1.72,2
1.7205,2
1.721,2
1.7215,2
1.722,2
1.7225,2
1.723,2
1.7235,2
1.724,2
1.7245,2
1.725,2
1.7255,2
1.726,2
1.7265,2
1.727,2
1.7275,2
1.728,2
1.7285,2
1.729,2
1.7295,2
1.73,2
1.7305,2
1.731,2
1.7315,2
1.732,2
1.7325,2
1.733,2
1.7335,2
1.734,2
1.7345,2
1.735,2
1.7355,2
1.736,2
1.7365,2
1.737,2
1.7375,2
1.738,2
1.7385,2
1.739,2
1.7395,2
1.74,2
1.7405,2
1.741,2
1.7415,2
1.742,2
1.7425,2
1.743,2
1.7435,2
1.744,2
1.7445,2
1.745,2
1.7455,2
1.746,2
1.7465,2
1.747,2
1.7475,2
1.748,2
1.7485,2
1.749,2
1.7495,2
1.75,2
1.7505,2
1.751,2
1.7515,2
1.752,2
1.7525,2
1.753,2
1.7535,2
1.754,2
1.7545,2
1.755,2
1.7555,2
1.756,2
1.7565,2
1.757,2
1.7575,2
1.758,2
1.7585,2
1.759,2
1.7595,2
1.76,2
1.7605,2
1.761,2
1.7615,2
1.762,2
1.7625,2
1.763,2
1.7635,2
1.764,2
1.7645,2
1.765,2
1.7655,2
1.766,2
1.7665,2
1.767,2
1.7675,2
1.768,2
1.7685,2
1.769,2
1.7695,2
1.77,2
1.7705,2
1.771,2
1.7715,2
1.772,2
1.7725,2
1.773,2
1.7735,2
1.774,2
1.7745,2
1.775,2
1.7755,2
1.776,2
1.7765,2
1.777,2
1.7775,2
1.778,2
1.7785,2
1.779,2
1.7795,2
1.78,2
1.7805,2
1.781,2
1.7815,2
1.782,2
1.7825,2
1.783,2
1.7835,2
1.784,2
1.7845,2
1.785,2
1.7855,2
1.786,2
1.7865,2
1.787,2
1.7875,2
1.788,2
1.7885,2
1.789,2
1.7895,2
1.79,2
1.7905,2
1.791,2
1.7915,2
1.792,2
1.7925,2
1.793,2
1.7935,2
1.794,2
1.7945,2
1.795,2
1.7955,2
1.796,2
1.7965,2
1.797,2
1.7975,2
1.798,2
1.7985,2
1.799,2
1.7995,2
1.8,2
1.8005,2
1.801,2
1.8015,2
1.802,2
1.8025,2
1.803,2
1.8035,2
1.804,2
1.8045,2
1.805,2
1.8055,2
1.806,2
1.8065,2
1.807,2
1.8075,2
1.808,2
1.8085,2
1.809,2
1.8095,2
1.81,2
1.8105,2
1.811,2
1.8115,2
1.812,2
1.8125,2
1.813,2
1.8135,2
1.814,2
1.8145,2
1.815,2
1.8155,2
1.816,2
1.8165,2
1.817,2
1.8175,2
1.818,2
1.8185,2
1.819,2
1.8195,2
1.82,2
1.8205,2
1.821,2
1.8215,2
1.822,2
1.8225,2
1.823,2
1.8235,2
1.824,2
1.8245,2
1.825,2
1.8255,2
1.826,2
1.8265,2
1.827,2
1.8275,2
1.828,2
1.8285,2
1.829,2
1.8295,2
1.83,2
1.8305,2
1.831,2
1.8315,2
1.832,2
1.8325,2
1.833,2
1.8335,2
1.834,2
1.8345,2
1.835,2
1.8355,2
1.836,2
1.8365,2
1.837,2
1.8375,2
1.838,2
1.8385,2
1.839,2
1.8395,2
1.84,2
1.8405,2
1.841,2
1.8415,2
1.842,2
1.8425,2
1.843,2
1.8435,2
1.844,2
1.8445,2
1.845,2
1.8455,2
1.846,2
1.8465,2
1.847,2
1.8475,2
1.848,2
1.8485,2
1.849,2
1.8495,2
1.85,2
1.8505,2
1.851,2
1.8515,2
1.852,2
1.8525,2
1.853,2
1.8535,2
1.854,2
1.8545,2
1.855,2
1.8555,2
1.856,2
1.8565,2
1.857,2
1.8575,2
1.858,2
1.8585,2
1.859,2
1.8595,2
1.86,2
1.8605,2
1.861,2
1.8615,2
1.862,2
1.8625,2
1.863,2
1.8635,2
1.864,2
1.8645,2
1.865,2
1.8655,2
1.866,2
1.8665,2
1.867,2
1.8675,2
1.868,2
1.8685,2
1.869,2
1.8695,2
1.87,2
1.8705,2
1.871,2
1.8715,2
1.872,2
1.8725,2
1.873,2
1.8735,2
1.874,2
1.8745,2
1.875,2
1.8755,2
1.876,2
1.8765,2
1.877,2
1.8775,2
1.878,2
1.8785,2
1.879,2
1.8795,2
1.88,2
1.8805,2
1.881,2
1.8815,2
1.882,2
1.8825,2
1.883,2
1.8835,2
1.884,2
1.8845,2
1.885,2
1.8855,2
1.886,2
1.8865,2
1.887,2
1.8875,2
1.888,2
1.8885,2
1.889,2
1.8895,2
1.89,2
1.8905,2
1.891,2
1.8915,2
1.892,2
1.8925,2
1.893,2
1.8935,2
1.894,2
1.8945,2
1.895,2
1.8955,2
1.896,2
1.8965,2
1.897,2
1.8975,2
1.898,2
1.8985,2
1.899,2
1.8995,2
1.9,2
1.9005,2
1.901,2
1.9015,2
1.902,2
1.9025,2
1.903,2
1.9035,2
1.904,2
1.9045,2
1.905,2
1.9055,2
1.906,2
1.9065,2
1.907,2
1.9075,2
1.908,2
1.9085,2
1.909,2
1.9095,2
1.91,2
1.9105,2
1.911,2
1.9115,2
1.912,2
1.9125,2
1.913,2
1.9135,2
1.914,2
1.9145,2
1.915,2
1.9155,2
1.916,2
1.9165,2
1.917,2
1.9175,2
1.918,2
1.9185,2
1.919,2
1.9195,2
1.92,2
1.9205,2
1.921,2
1.9215,2
1.922,2
1.9225,2
1.923,2
1.9235,2
1.924,2
1.9245,2
1.925,2
1.9255,2
1.926,2
1.9265,2
1.927,2
1.9275,2
1.928,2
1.9285,2
1.929,2
1.9295,2
1.93,2
1.9305,2
1.931,2
1.9315,2
1.932,2
1.9325,2
1.933,2
1.9335,2
1.934,2
1.9345,2
1.935,2
1.9355,2
1.936,2
1.9365,2
1.937,2
1.9375,2
1.938,2
1.9385,2
1.939,2
1.9395,2
1.94,2
1.9405,2
1.941,2
1.9415,2
1.942,2
1.9425,2
1.943,2
1.9435,2
1.944,2
1.9445,2
1.945,2
1.9455,2
1.946,2
1.9465,2
1.947,2
1.9475,2
1.948,2
1.9485,2
1.949,2
1.9495,2
1.95,2
1.9505,2
1.951,2
1.9515,2
1.952,2
1.9525,2
1.953,2
1.9535,2
1.954,2
1.9545,2
1.955,2
1.9555,2
1.956,2
1.9565,2
1.957,2
1.9575,2
1.958,2
1.9585,2
1.959,2
1.9595,2
1.96,2
1.9605,2
1.961,2
1.9615,2
1.962,2
1.9625,2
1.963,2
1.9635,2
1.964,2
1.9645,2
1.965,2
1.9655,2
1.966,2
1.9665,2
1.967,2
1.9675,2
1.968,2
1.9685,2
1.969,2
1.9695,2
1.97,2
1.9705,2
1.971,2
1.9715,2
1.972,2
1.9725,2
1.973,2
1.9735,2
1.974,2
1.9745,2
1.975,2
1.9755,2
1.976,2
1.9765,2
1.977,2
1.9775,2
1.978,2
1.9785,2
1.979,2
1.9795,2
1.98,2
1.9805,2
1.981,2
1.9815,2
1.982,2
1.9825,2
1.983,2
1.9835,2
1.984,2
1.9845,2
1.985,2
1.9855,2
1.986,2
1.9865,2
1.987,2
1.9875,2
1.988,2
1.9885,2
1.989,2
1.9895,2
1.99,2
1.9905,2
1.991,2
1.9915,2
1.992,2
1.9925,2
1.993,2
1.9935,2
1.994,2
1.9945,2
1.995,2
1.9955,2
1.996,2
1.9965,2
1.997,2
1.9975,2
1.998,2
1.9985,2
1.999,2
1.9995,2
0,0.6
0.0005,0.6
0.001,0.6
0.0015,0.6
0.002,0.6
0.0025,0.6
0.003,0.6
0.0035,0.6
0.004,0.6
0.0045,0.6
0.005,0.6
0.0055,0.6
0.006,0.6
0.0065,0.6
0.007,0.6
0.0075,0.6
0.008,0.6
0.0085,0.6
0.009,0.6
0.0095,0.6
0.01,0.6
0.0105,0.6
0.011,0.6
0.0115,0.6
0.012,0.6
0.0125,0.6
0.013,0.6
0.0135,0.6
0.014,0.6
0.0145,0.6
0.015,0.6
0.0155,0.6
0.016,0.6
0.0165,0.6
0.017,0.6
0.0175,0.6
0.018,0.6
0.0185,0.6
0.019,0.6
0.0195,0.6
0.02,0.6
0.0205,0.6
0.021,0.6
0.0215,0.6
0.022,0.6
0.0225,0.6
0.023,0.6
0.0235,0.6
0.024,0.6
0.0245,0.6
0.025,0.6
0.0255,0.6
0.026,0.6
0.0265,0.6
0.027,0.6
0.0275,0.6
0.028,0.6
0.0285,0.6
0.029,0.6
0.0295,0.6
0.03,0.6
0.0305,0.6
0.031,0.6
0.0315,0.6
0.032,0.6
0.0325,0.6
0.033,0.6
0.0335,0.6
0.034,0.6
0.0345,0.6
0.035,0.6
0.0355,0.6
0.036,0.6
0.0365,0.6
0.037,0.6
0.0375,0.6
0.038,0.6
0.0385,0.6
0.039,0.6
0.0395,0.6
0.04,0.6
0.0405,0.6
0.041,0.6
0.0415,0.6
0.042,0.6
0.0425,0.6
0.043,0.6
0.0435,0.6
0.044,0.6
0.0445,0.6
0.045,0.6
0.0455,0.6
0.046,0.6
0.0465,0.6
0.047,0.6
0.0475,0.6
0.048,0.6
0.0485,0.6
0.049,0.6
0.0495,0.6
0.05,0.6
0.0505,0.6
0.051,0.6
0.0515,0.6
0.052,0.6
0.0525,0.6
0.053,0.6
0.0535,0.6
0.054,0.6
0.0545,0.6
0.055,0.6
0.0555,0.6
0.056,0.6
0.0565,0.6
0.057,0.6
0.0575,0.6
0.058,0.6
0.0585,0.6
0.059,0.6
0.0595,0.6
0.06,0.6
0.0605,0.6
0.061,0.6
0.0615,0.6
0.062,0.6
0.0625,0.6
0.063,0.6
0.0635,0.6
0.064,0.6
0.0645,0.6
0.065,0.6
0.0655,0.6
0.066,0.6
0.0665,0.6
0.067,0.6
0.0675,0.6
0.068,0.6
0.0685,0.6
0.069,0.6
0.0695,0.6
0.07,0.6
0.0705,0.6
0.071,0.6
0.0715,0.6
0.072,0.6
0.0725,0.6
0.073,0.6
0.0735,0.6
0.074,0.6
0.0745,0.6
0.075,0.6
0.0755,0.6
0.076,0.6
0.0765,0.6
0.077,0.6
0.0775,0.6
0.078,0.6
0.0785,0.6
0.079,0.6
0.0795,0.6
0.08,0.6
0.0805,0.6
0.081,0.6
0.0815,0.6
0.082,0.6
0.0825,0.6
0.083,0.6
0.0835,0.6
0.084,0.6
0.0845,0.6
0.085,0.6
0.0855,0.6
0.086,0.6
0.0865,0.6
0.087,0.6
0.0875,0.6
0.088,0.6
0.0885,0.6
0.089,0.6
0.0895,0.6
0.09,0.6
0.0905,0.6
0.091,0.6
0.0915,0.6
0.092,0.6
0.0925,0.6
0.093,0.6
0.0935,0.6
0.094,0.6
0.0945,0.6
0.095,0.6
0.0955,0.6
0.096,0.6
0.0965,0.6
0.097,0.6
0.0975,0.6
0.098,0.6
0.0985,0.6
0.099,0.6
0.0995,0.6
0.1,0.6
0.1005,0.6
0.101,0.6
0.1015,0.6
0.102,0.6
0.1025,0.6
0.103,0.6
0.1035,0.6
0.104,0.6
0.1045,0.6
0.105,0.6
0.1055,0.6
0.106,0.6
0.1065,0.6
0.107,0.6
0.1075,0.6
0.108,0.6
0.1085,0.6
0.109,0.6
0.1095,0.6
0.11,0.6
0.1105,0.6
0.111,0.6
0.1115,0.6
0.112,0.6
0.1125,0.6
0.113,0.6
0.1135,0.6
0.114,0.6
0.1145,0.6
0.115,0.6
0.1155,0.6
0.116,0.6
0.1165,0.6
0.117,0.6
0.1175,0.6
0.118,0.6
0.1185,0.6
0.119,0.6
0.1195,0.6
0.12,0.6
0.1205,0.6
0.121,0.6
0.1215,0.6
0.122,0.6
0.1225,0.6
0.123,0.6
0.1235,0.6
0.124,0.6
0.1245,0.6
0.125,0.6
0.1255,0.6
0.126,0.6
0.1265,0.6
0.127,0.6
0.1275,0.6
0.128,0.6
0.1285,0.6
0.129,0.6
0.1295,0.6
0.13,0.6
0.1305,0.6
0.131,0.6
0.1315,0.6
0.132,0.6
0.1325,0.6
0.133,0.6
0.1335,0.6
0.134,0.6
0.1345,0.6
0.135,0.6
0.1355,0.6
0.136,0.6
0.1365,0.6
0.137,0.6
0.1375,0.6
0.138,0.6
0.1385,0.6
0.139,0.6
0.1395,0.6
0.14,0.6
0.1405,0.6
0.141,0.6
0.1415,0.6
0.142,0.6
0.1425,0.6
0.143,0.6
0.1435,0.6
0.144,0.6
0.1445,0.6
0.145,0.6
0.1455,0.6
0.146,0.6
0.1465,0.6
0.147,0.6
0.1475,0.6
0.148,0.6
0.1485,0.6
0.149,0.6
0.1495,0.6
0.15,0.6
0.1505,0.6
0.151,0.6
0.1515,0.6
0.152,0.6
0.1525,0.6
0.153,0.6
0.1535,0.6
0.154,0.6
0.1545,0.6
0.155,0.6
0.1555,0.6
0.156,0.6
0.1565,0.6
0.157,0.6
0.1575,0.6
0.158,0.6
0.1585,0.6
0.159,0.6
0.1595,0.6
0.16,0.6
0.1605,0.6
0.161,0.6
0.1615,0.6
0.162,0.6
0.1625,0.6
0.163,0.6
0.1635,0.6
0.164,0.6
0.1645,0.6
0.165,0.6
0.1655,0.6
0.166,0.6
0.1665,0.6
0.167,0.6
0.1675,0.6
0.168,0.6
0.1685,0.6
0.169,0.6
0.1695,0.6
0.17,0.6
0.1705,0.6
0.171,0.6
0.1715,0.6
0.172,0.6
0.1725,0.6
0.173,0.6
0.1735,0.6
0.174,0.6
0.1745,0.6
0.175,0.6
0.1755,0.6
0.176,0.6
0.1765,0.6
0.177,0.6
0.1775,0.6
0.178,0.6
0.1785,0.6
0.179,0.6
0.1795,0.6
0.18,0.6
0.1805,0.6
0.181,0.6
0.1815,0.6
0.182,0.6
0.1825,0.6
0.183,0.6
0.1835,0.6
0.184,0.6
0.1845,0.6
0.185,0.6
0.1855,0.6
0.186,0.6
0.1865,0.6
0.187,0.6
0.1875,0.6
0.188,0.6
0.1885,0.6
0.189,0.6
0.1895,0.6
0.19,0.6
0.1905,0.6
0.191,0.6
0.1915,0.6
0.192,0.6
0.1925,0.6
0.193,0.6
0.1935,0.6
0.194,0.6
0.1945,0.6
0.195,0.6
0.1955,0.6
0.196,0.6
0.1965,0.6
0.197,0.6
0.1975,0.6
0.198,0.6
0.1985,0.6
0.199,0.6
0.1995,0.6
0.2,0.6
0.2005,0.6
0.201,0.6
0.2015,0.6
0.202,0.6
0.2025,0.6
0.203,0.6
0.2035,0.6
0.204,0.6
0.2045,0.6
0.205,0.6
0.2055,0.6
0.206,0.6
0.2065,0.6
0.207,0.6
0.2075,0.6
0.208,0.6
0.2085,0.6
0.209,0.6
0.2095,0.6
0.21,0.6
0.2105,0.6
0.211,0.6
0.2115,0.6
0.212,0.6
0.2125,0.6
0.213,0.6
0.2135,0.6
0.214,0.6
0.2145,0.6
0.215,0.6
0.2155,0.6
0.216,0.6
0.2165,0.6
0.217,0.6
0.2175,0.6
0.218,0.6
0.2185,0.6
0.219,0.6
0.2195,0.6
0.22,0.6
0.2205,0.6
0.221,0.6
0.2215,0.6
0.222,0.6
0.2225,0.6
0.223,0.6
0.2235,0.6
0.224,0.6
0.2245,0.6
0.225,0.6
0.2255,0.6
0.226,0.6
0.2265,0.6
0.227,0.6
0.2275,0.6
0.228,0.6
0.2285,0.6
0.229,0.6
0.2295,0.6
0.23,0.6
0.2305,0.6
0.231,0.6
0.2315,0.6
0.232,0.6
0.2325,0.6
0.233,0.6
0.2335,0.6
0.234,0.6
0.2345,0.6
0.235,0.6
0.2355,0.6
0.236,0.6
0.2365,0.6
0.237,0.6
0.2375,0.6
0.238,0.6
0.2385,0.6
0.239,0.6
0.2395,0.6
0.24,0.6
0.2405,0.6
0.241,0.6
0.2415,0.6
0.242,0.6
0.2425,0.6
0.243,0.6
0.2435,0.6
0.244,0.6
0.2445,0.6
0.245,0.6
0.2455,0.6
0.246,0.6
0.2465,0.6
0.247,0.6
0.2475,0.6
0.248,0.6
0.2485,0.6
0.249,0.6
0.2495,0.6
0.25,0.6
0.2505,0.6
0.251,0.6
0.2515,0.6
0.252,0.6
0.2525,0.6
0.253,0.6
0.2535,0.6
0.254,0.6
0.2545,0.6
0.255,0.6
0.2555,0.6
0.256,0.6
0.2565,0.6
0.257,0.6
0.2575,0.6
0.258,0.6
0.2585,0.6
0.259,0.6
0.2595,0.6
0.26,0.6
0.2605,0.6
0.261,0.6
0.2615,0.6
0.262,0.6
0.2625,0.6
0.263,0.6
0.2635,0.6
0.264,0.6
0.2645,0.6
0.265,0.6
0.2655,0.6
0.266,0.6
0.2665,0.6
0.267,0.6
0.2675,0.6
0.268,0.6
0.2685,0.6
0.269,0.6
0.2695,0.6
0.27,0.6
0.2705,0.6
0.271,0.6
0.2715,0.6
0.272,0.6
0.2725,0.6
0.273,0.6
0.2735,0.6
0.274,0.6
0.2745,0.6
0.275,0.6
0.2755,0.6
0.276,0.6
0.2765,0.6
0.277,0.6
0.2775,0.6
0.278,0.6
0.2785,0.6
0.279,0.6
0.2795,0.6
0.28,0.6
0.2805,0.6
0.281,0.6
0.2815,0.6
0.282,0.6
0.2825,0.6
0.283,0.6
0.2835,0.6
0.284,0.6
0.2845,0.6
0.285,0.6
0.2855,0.6
0.286,0.6
0.2865,0.6
0.287,0.6
0.2875,0.6
0.288,0.6
0.2885,0.6
0.289,0.6
0.2895,0.6
0.29,0.6
0.2905,0.6
0.291,0.6
0.2915,0.6
0.292,0.6
0.2925,0.6
0.293,0.6
0.2935,0.6
0.294,0.6
0.2945,0.6
0.295,0.6
0.2955,0.6
0.296,0.6
0.2965,0.6
0.297,0.6
0.2975,0.6
0.298,0.6
0.2985,0.6
0.299,0.6
0.2995,0.6
0.3,0.6
0.3005,0.6
0.301,0.6
0.3015,0.6
0.302,0.6
0.3025,0.6
0.303,0.6
0.3035,0.6
0.304,0.6
0.3045,0.6
0.305,0.6
0.3055,0.6
0.306,0.6
0.3065,0.6
0.307,0.6
0.3075,0.6
0.308,0.6
0.3085,0.6
0.309,0.6
0.3095,0.6
0.31,0.6
0.3105,0.6
0.311,0.6
0.3115,0.6
0.312,0.6
0.3125,0.6
0.313,0.6
0.3135,0.6
0.314,0.6
0.3145,0.6
0.315,0.6
0.3155,0.6
0.316,0.6
0.3165,0.6
0.317,0.6
0.3175,0.6
0.318,0.6
0.3185,0.6
0.319,0.6
0.3195,0.6
0.32,0.6
0.3205,0.6
0.321,0.6
0.3215,0.6
0.322,0.6
0.3225,0.6
0.323,0.6
0.3235,0.6
0.324,0.6
0.3245,0.6
0.325,0.6
0.3255,0.6
0.326,0.6
0.3265,0.6
0.327,0.6
0.3275,0.6
0.328,0.6
0.3285,0.6
0.329,0.6
0.3295,0.6
0.33,0.6
0.3305,0.6
0.331,0.6
0.3315,0.6
0.332,0.6
0.3325,0.6
0.333,0.6
0.3335,0.6
0.334,0.6
0.3345,0.6
0.335,0.6
0.3355,0.6
0.336,0.6
0.3365,0.6
0.337,0.6
0.3375,0.6
0.338,0.6
0.3385,0.6
0.339,0.6
0.3395,0.6
0.34,0.6
0.3405,0.6
0.341,0.6
0.3415,0.6
0.342,0.6
0.3425,0.6
0.343,0.6
0.3435,0.6
0.344,0.6
0.3445,0.6
0.345,0.6
0.3455,0.6
0.346,0.6
0.3465,0.6
0.347,0.6
0.3475,0.6
0.348,0.6
0.3485,0.6
0.349,0.6
0.3495,0.6
0.35,0.6
0.3505,0.6
0.351,0.6
0.3515,0.6
0.352,0.6
0.3525,0.6
0.353,0.6
0.3535,0.6
0.354,0.6
0.3545,0.6
0.355,0.6
0.3555,0.6
0.356,0.6
0.3565,0.6
0.357,0.6
0.3575,0.6
0.358,0.6
0.3585,0.6
0.359,0.6
0.3595,0.6
0.36,0.6
0.3605,0.6
0.361,0.6
0.3615,0.6
0.362,0.6
0.3625,0.6
0.363,0.6
0.3635,0.6
0.364,0.6
0.3645,0.6
0.365,0.6
0.3655,0.6
0.366,0.6
0.3665,0.6
0.367,0.6
0.3675,0.6
0.368,0.6
0.3685,0.6
0.369,0.6
0.3695,0.6
0.37,0.6
0.3705,0.6
0.371,0.6
0.3715,0.6
0.372,0.6
0.3725,0.6
0.373,0.6
0.3735,0.6
0.374,0.6
0.3745,0.6
0.375,0.6
0.3755,0.6
0.376,0.6
0.3765,0.6
0.377,0.6
0.3775,0.6
0.378,0.6
0.3785,0.6
0.379,0.6
0.3795,0.6
0.38,0.6
0.3805,0.6
0.381,0.6
0.3815,0.6
0.382,0.6
0.3825,0.6
0.383,0.6
0.3835,0.6
0.384,0.6
0.3845,0.6
0.385,0.6
0.3855,0.6
0.386,0.6
0.3865,0.6
0.387,0.6
0.3875,0.6
0.388,0.6
0.3885,0.6
0.389,0.6
0.3895,0.6
0.39,0.6
0.3905,0.6
0.391,0.6
0.3915,0.6
0.392,0.6
0.3925,0.6
0.393,0.6
0.3935,0.6
0.394,0.6
0.3945,0.6
0.395,0.6
0.3955,0.6
0.396,0.6
0.3965,0.6
0.397,0.6
0.3975,0.6
0.398,0.6
0.3985,0.6
0.399,0.6
0.3995,0.6
0.4,0.6
0.4005,0.6
0.401,0.6
0.4015,0.6
0.402,0.6
0.4025,0.6
0.403,0.6
0.4035,0.6
0.404,0.6
0.4045,0.6
0.405,0.6
0.4055,0.6
0.406,0.6
0.4065,0.6
0.407,0.6
0.4075,0.6
0.408,0.6
0.4085,0.6
0.409,0.6
0.4095,0.6
0.41,0.6
0.4105,0.6
0.411,0.6
0.4115,0.6
0.412,0.6
0.4125,0.6
0.413,0.6
0.4135,0.6
0.414,0.6
0.4145,0.6
0.415,0.6
0.4155,0.6
0.416,0.6
0.4165,0.6
0.417,0.6
0.4175,0.6
0.418,0.6
0.4185,0.6
0.419,0.6
0.4195,0.6
0.42,0.6
0.4205,0.6
0.421,0.6
0.4215,0.6
0.422,0.6
0.4225,0.6
0.423,0.6
0.4235,0.6
0.424,0.6
0.4245,0.6
0.425,0.6
0.4255,0.6
0.426,0.6
0.4265,0.6
0.427,0.6
0.4275,0.6
0.428,0.6
0.4285,0.6
0.429,0.6
0.4295,0.6
0.43,0.6
0.4305,0.6
0.431,0.6
0.4315,0.6
0.432,0.6
0.4325,0.6
0.433,0.6
0.4335,0.6
0.434,0.6
0.4345,0.6
0.435,0.6
0.4355,0.6
0.436,0.6
0.4365,0.6
0.437,0.6
0.4375,0.6
0.438,0.6
0.4385,0.6
0.439,0.6
0.4395,0.6
0.44,0.6
0.4405,0.6
0.441,0.6
0.4415,0.6
0.442,0.6
0.4425,0.6
0.443,0.6
0.4435,0.6
0.444,0.6
0.4445,0.6
0.445,0.6
0.4455,0.6
0.446,0.6
0.4465,0.6
0.447,0.6
0.4475,0.6
0.448,0.6
0.4485,0.6
0.449,0.6
0.4495,0.6
0.45,0.6
0.4505,0.6
0.451,0.6
0.4515,0.6
0.452,0.6
0.4525,0.6
0.453,0.6
0.4535,0.6
0.454,0.6
0.4545,0.6
0.455,0.6
0.4555,0.6
0.456,0.6
0.4565,0.6
0.457,0.6
0.4575,0.6
0.458,0.6
0.4585,0.6
0.459,0.6
0.4595,0.6
0.46,0.6
0.4605,0.6
0.461,0.6
0.4615,0.6
0.462,0.6
0.4625,0.6
0.463,0.6
0.4635,0.6
0.464,0.6
0.4645,0.6
0.465,0.6
0.4655,0.6
0.466,0.6
0.4665,0.6
0.467,0.6
0.4675,0.6
0.468,0.6
0.4685,0.6
0.469,0.6
0.4695,0.6
0.47,0.6
0.4705,0.6
0.471,0.6
0.4715,0.6
0.472,0.6
0.4725,0.6
0.473,0.6
0.4735,0.6
0.474,0.6
0.4745,0.6
0.475,0.6
0.4755,0.6
0.476,0.6
0.4765,0.6
0.477,0.6
0.4775,0.6
0.478,0.6
0.4785,0.6
0.479,0.6
0.4795,0.6
0.48,0.6
0.4805,0.6
0.481,0.6
0.4815,0.6
0.482,0.6
0.4825,0.6
0.483,0.6
0.4835,0.6
0.484,0.6
0.4845,0.6
0.485,0.6
0.4855,0.6
0.486,0.6
0.4865,0.6
0.487,0.6
0.4875,0.6
0.488,0.6
0.4885,0.6
0.489,0.6
0.4895,0.6
0.49,0.6
0.4905,0.6
0.491,0.6
0.4915,0.6
0.492,0.6
0.4925,0.6
0.493,0.6
0.4935,0.6
0.494,0.6
0.4945,0.6
0.495,0.6
0.4955,0.6
0.496,0.6
0.4965,0.6
0.497,0.6
0.4975,0.6
0.498,0.6
0.4985,0.6
0.499,0.6
0.4995,0.6
0.5,0.6
0.5005,0.6
0.501,0.6
0.5015,0.6
0.502,0.6
0.5025,0.6
0.503,0.6
0.5035,0.6
0.504,0.6
0.5045,0.6
0.505,0.6
0.5055,0.6
0.506,0.6
0.5065,0.6
0.507,0.6
0.5075,0.6
0.508,0.6
0.5085,0.6
0.509,0.6
0.5095,0.6
0.51,0.6
0.5105,0.6
0.511,0.6
0.5115,0.6
0.512,0.6
0.5125,0.6
0.513,0.6
0.5135,0.6
0.514,0.6
0.5145,0.6
0.515,0.6
0.5155,0.6
0.516,0.6
0.5165,0.6
0.517,0.6
0.5175,0.6
0.518,0.6
0.5185,0.6
0.519,0.6
0.5195,0.6
0.52,0.6
0.5205,0.6
0.521,0.6
0.5215,0.6
0.522,0.6
0.5225,0.6
0.523,0.6
0.5235,0.6
0.524,0.6
0.5245,0.6
0.525,0.6
0.5255,0.6
0.526,0.6
0.5265,0.6
0.527,0.6
0.5275,0.6
0.528,0.6
0.5285,0.6
0.529,0.6
0.5295,0.6
0.53,0.6
0.5305,0.6
0.531,0.6
0.5315,0.6
0.532,0.6
0.5325,0.6
0.533,0.6
0.5335,0.6
0.534,0.6
0.5345,0.6
0.535,0.6
0.5355,0.6
0.536,0.6
0.5365,0.6
0.537,0.6
0.5375,0.6
0.538,0.6
0.5385,0.6
0.539,0.6
0.5395,0.6
0.54,0.6
0.5405,0.6
0.541,0.6
0.5415,0.6
0.542,0.6
0.5425,0.6
0.543,0.6
0.5435,0.6
0.544,0.6
0.5445,0.6
0.545,0.6
0.5455,0.6
0.546,0.6
0.5465,0.6
0.547,0.6
0.5475,0.6
0.548,0.6
0.5485,0.6
0.549,0.6
0.5495,0.6
0.55,0.6
0.5505,0.6
0.551,0.6
0.5515,0.6
0.552,0.6
0.5525,0.6
0.553,0.6
0.5535,0.6
0.554,0.6
0.5545,0.6
0.555,0.6
0.5555,0.6
0.556,0.6
0.5565,0.6
0.557,0.6
0.5575,0.6
0.558,0.6
0.5585,0.6
0.559,0.6
0.5595,0.6
0.56,0.6
0.5605,0.6
0.561,0.6
0.5615,0.6
0.562,0.6
0.5625,0.6
0.563,0.6
0.5635,0.6
0.564,0.6
0.5645,0.6
0.565,0.6
0.5655,0.6
0.566,0.6
0.5665,0.6
0.567,0.6
0.5675,0.6
0.568,0.6
0.5685,0.6
0.569,0.6
0.5695,0.6
0.57,0.6
0.5705,0.6
0.571,0.6
0.5715,0.6
0.572,0.6
0.5725,0.6
0.573,0.6
0.5735,0.6
0.574,0.6
0.5745,0.6
0.575,0.6
0.5755,0.6
0.576,0.6
0.5765,0.6
0.577,0.6
0.5775,0.6
0.578,0.6
0.5785,0.6
0.579,0.6
0.5795,0.6
0.58,0.6
0.5805,0.6
0.581,0.6
0.5815,0.6
0.582,0.6
0.5825,0.6
0.583,0.6
0.5835,0.6
0.584,0.6
0.5845,0.6
0.585,0.6
0.5855,0.6
0.586,0.6
0.5865,0.6
0.587,0.6
0.5875,0.6
0.588,0.6
0.5885,0.6
0.589,0.6
0.5895,0.6
0.59,0.6
0.5905,0.6
0.591,0.6
0.5915,0.6
0.592,0.6
0.5925,0.6
0.593,0.6
0.5935,0.6
0.594,0.6
0.5945,0.6
0.595,0.6
0.5955,0.6
0.596,0.6
0.5965,0.6
0.597,0.6
0.5975,0.6
0.598,0.6
0.5985,0.6
0.599,0.6
0,0.6
0.0005,0.6
0.001,0.6
0.0015,0.6
0.002,0.6
0.0025,0.6
0.003,0.6
0.0035,0.6
0.004,0.6
0.0045,0.6
0.005,0.6
0.0055,0.6
0.006,0.6
0.0065,0.6
0.007,0.6
0.0075,0.6
0.008,0.6
0.0085,0.6
0.009,0.6
0.0095,0.6
0.01,0.6
0.0105,0.6
0.011,0.6
0.0115,0.6
0.012,0.6
0.0125,0.6
0.013,0.6
0.0135,0.6
0.014,0.6
0.0145,0.6
0.015,0.6
0.0155,0.6
0.016,0.6
0.0165,0.6
0.017,0.6
0.0175,0.6
0.018,0.6
0.0185,0.6
0.019,0.6
0.0195,0.6
0.02,0.6
0.0205,0.6
0.021,0.6
0.0215,0.6
0.022,0.6
0.0225,0.6
0.023,0.6
0.0235,0.6
0.024,0.6
0.0245,0.6
0.025,0.6
0.0255,0.6
0.026,0.6
0.0265,0.6
0.027,0.6
0.0275,0.6
0.028,0.6
0.0285,0.6
0.029,0.6
0.0295,0.6
0.03,0.6
0.0305,0.6
0.031,0.6
0.0315,0.6
0.032,0.6
0.0325,0.6
0.033,0.6
0.0335,0.6
0.034,0.6
0.0345,0.6
0.035,0.6
0.0355,0.6
0.036,0.6
0.0365,0.6
0.037,0.6
0.0375,0.6
0.038,0.6
0.0385,0.6
0.039,0.6
0.0395,0.6
0.04,0.6
0.0405,0.6
0.041,0.6
0.0415,0.6
0.042,0.6
0.0425,0.6
0.043,0.6
0.0435,0.6
0.044,0.6
0.0445,0.6
0.045,0.6
0.0455,0.6
0.046,0.6
0.0465,0.6
0.047,0.6
0.0475,0.6
0.048,0.6
0.0485,0.6
0.049,0.6
0.0495,0.6
0.05,0.6
0.0505,0.6
0.051,0.6
0.0515,0.6
0.052,0.6
0.0525,0.6
0.053,0.6
0.0535,0.6
0.054,0.6
0.0545,0.6
0.055,0.6
0.0555,0.6
0.056,0.6
0.0565,0.6
0.057,0.6
0.0575,0.6
0.058,0.6
0.0585,0.6
0.059,0.6
0.0595,0.6
0.06,0.6
0.0605,0.6
0.061,0.6
0.0615,0.6
0.062,0.6
0.0625,0.6
0.063,0.6
0.0635,0.6
0.064,0.6
0.0645,0.6
0.065,0.6
0.0655,0.6
0.066,0.6
0.0665,0.6
0.067,0.6
0.0675,0.6
0.068,0.6
0.0685,0.6
0.069,0.6
0.0695,0.6
0.07,0.6
0.0705,0.6
0.071,0.6
0.0715,0.6
0.072,0.6
0.0725,0.6
0.073,0.6
0.0735,0.6
0.074,0.6
0.0745,0.6
0.075,0.6
0.0755,0.6
0.076,0.6
0.0765,0.6
0.077,0.6
0.0775,0.6
0.078,0.6
0.0785,0.6
0.079,0.6
0.0795,0.6
0.08,0.6
0.0805,0.6
0.081,0.6
0.0815,0.6
0.082,0.6
0.0825,0.6
0.083,0.6
0.0835,0.6
0.084,0.6
0.0845,0.6
0.085,0.6
0.0855,0.6
0.086,0.6
0.0865,0.6
0.087,0.6
0.0875,0.6
0.088,0.6
0.0885,0.6
0.089,0.6
0.0895,0.6
0.09,0.6
0.0905,0.6
0.091,0.6
0.0915,0.6
0.092,0.6
0.0925,0.6
0.093,0.6
0.0935,0.6
0.094,0.6
0.0945,0.6
0.095,0.6
0.0955,0.6
0.096,0.6
0.0965,0.6
0.097,0.6
0.0975,0.6
0.098,0.6
0.0985,0.6
0.099,0.6
0.0995,0.6
0.1,0.6
0.1005,0.6
0.101,0.6
0.1015,0.6
0.102,0.6
