1.67379e-07 1.59916e-07 1.52397e-07 1.44599e-07 1.36088e-07 1.26098e-07 1.13477e-07 9.66512e-08  7.3669e-08 4.22695e-08
7.94518e-07  7.4913e-07   7.011e-07 6.48932e-07 5.90833e-07 5.24755e-07 4.48503e-07 3.59846e-07 2.56677e-07 1.37175e-07
9.63319e-07 9.07045e-07 8.47244e-07  7.8214e-07 7.09696e-07 6.27682e-07 5.33808e-07 4.25852e-07 3.01835e-07 1.60196e-07
1.34593e-06 1.26437e-06 1.17712e-06 1.08184e-06 9.76079e-07 8.57316e-07  7.2318e-07 5.71593e-07  4.0097e-07 2.10427e-07
 1.8374e-06 1.72249e-06 1.59883e-06 1.46359e-06 1.31389e-06 1.14706e-06 9.60803e-07 7.53372e-07 5.23829e-07 2.72256e-07
2.33739e-06 2.18716e-06 2.02476e-06 1.84704e-06 1.65102e-06 1.43412e-06 1.19436e-06 9.30538e-07 6.42517e-07  3.3144e-07
2.90147e-06 2.71091e-06 2.50418e-06 2.27791e-06 2.02909e-06 1.75533e-06 1.45507e-06 1.12778e-06 7.74285e-07  3.9695e-07
3.52862e-06 3.29279e-06 3.03629e-06 2.75553e-06 2.44757e-06 2.11029e-06 1.74264e-06 1.34493e-06 9.19047e-07 4.68759e-07
4.21876e-06  3.9328e-06 3.62111e-06 3.27998e-06 2.90658e-06 2.49914e-06 2.05726e-06 1.58215e-06 1.07695e-06 5.46955e-07
4.97245e-06 4.63145e-06 4.25916e-06 3.85178e-06 3.40661e-06 2.92236e-06 2.39933e-06  1.8398e-06 1.24824e-06  6.3168e-07
5.79078e-06 5.38981e-06 4.95145e-06 4.47185e-06 3.94853e-06 3.38071e-06 2.76954e-06 2.11841e-06 1.43332e-06 7.23134e-07
6.67543e-06 6.20946e-06 5.69945e-06 5.14155e-06 4.53357e-06 3.87528e-06 3.16877e-06 2.41869e-06 1.63266e-06 8.21572e-07
7.62864e-06 7.09247e-06 6.50509e-06 5.86265e-06 5.16329e-06 4.40744e-06 3.59816e-06 2.74152e-06 1.84687e-06 9.27304e-07
 8.6532e-06 8.04146e-06 7.37078e-06 6.63734e-06 5.83964e-06 4.97884e-06  4.0591e-06 3.08795e-06 2.07668e-06 1.04069e-06
9.75243e-06 9.05954e-06 8.29938e-06  7.4682e-06 6.56491e-06 5.59145e-06 4.55318e-06 3.45922e-06 2.32291e-06 1.16217e-06
1.09303e-05 1.01503e-05 9.29423e-06 8.35824e-06 7.34175e-06 6.24756e-06 5.08227e-06 3.85676e-06 2.58652e-06  1.2922e-06
1.21912e-05  1.1318e-05 1.03591e-05 9.31091e-06  8.1732e-06 6.94973e-06 5.64848e-06 4.28215e-06  2.8686e-06 1.43133e-06
1.35402e-05 1.25673e-05 1.14984e-05 1.03301e-05 9.06267e-06 7.70087e-06 6.25416e-06 4.73719e-06 3.17033e-06 1.58016e-06
 1.4983e-05 1.39035e-05 1.27169e-05 1.14201e-05 1.00139e-05 8.50422e-06 6.90193e-06 5.22387e-06 3.49306e-06 1.73935e-06
 1.6526e-05 1.53323e-05   1.402e-05 1.25857e-05 1.10312e-05 9.36333e-06 7.59471e-06 5.74438e-06 3.83824e-06 1.90964e-06
1.81759e-05 1.68603e-05 1.54134e-05 1.38323e-05 1.21192e-05 1.02822e-05 8.33567e-06 6.30114e-06 4.20749e-06 2.09181e-06
1.99406e-05 1.84944e-05 1.69037e-05 1.51656e-05 1.32829e-05  1.1265e-05 9.12831e-06 6.89677e-06 4.60256e-06 2.28675e-06
2.18282e-05 2.02426e-05  1.8498e-05 1.65919e-05 1.45278e-05 1.23165e-05 9.97642e-06 7.53416e-06 5.02538e-06 2.49541e-06
2.38479e-05  2.2113e-05  2.0204e-05 1.81182e-05 1.58601e-05 1.34419e-05 1.08842e-05 8.21641e-06 5.47801e-06 2.71882e-06
2.60096e-05  2.4115e-05 2.20299e-05 1.97519e-05 1.72862e-05 1.46467e-05  1.1856e-05 8.94694e-06 5.96273e-06 2.95809e-06
 2.8324e-05 2.62585e-05  2.3985e-05 2.15012e-05 1.88134e-05 1.59368e-05 1.28968e-05 9.72939e-06 6.48196e-06 3.21443e-06
3.08025e-05 2.85541e-05 2.60788e-05 2.33748e-05 2.04491e-05 1.73188e-05 1.40118e-05 1.05677e-05 7.03827e-06 3.48908e-06
3.34576e-05 3.10132e-05 2.83219e-05  2.5382e-05 2.22015e-05 1.87995e-05 1.52065e-05 1.14658e-05 7.63431e-06 3.78332e-06
3.63021e-05 3.36477e-05 3.07251e-05 2.75324e-05  2.4079e-05 2.03858e-05 1.64864e-05  1.2428e-05 8.27274e-06 4.09841e-06
3.93495e-05 3.64701e-05 3.32995e-05 2.98362e-05 2.60903e-05 2.20851e-05 1.78572e-05 1.34584e-05 8.95622e-06 4.43561e-06
4.26133e-05  3.9493e-05 3.60568e-05 3.23033e-05 2.82441e-05 2.39044e-05 1.93246e-05  1.4561e-05 9.68739e-06 4.79618e-06
4.61076e-05 4.27291e-05 3.90083e-05 3.49439e-05 3.05489e-05  2.5851e-05 2.08942e-05 1.57401e-05 1.04689e-05 5.18139e-06
4.98458e-05 4.61909e-05 4.21653e-05 3.77681e-05 3.30135e-05 2.79319e-05 2.25716e-05 1.69995e-05 1.13033e-05  5.5925e-06
5.38412e-05 4.98906e-05 4.55388e-05 4.07853e-05 3.56459e-05 3.01539e-05  2.4362e-05 1.83434e-05 1.21934e-05 6.03079e-06
5.81008e-05 5.38344e-05 4.91344e-05 4.40005e-05 3.84502e-05 3.25203e-05 2.62683e-05 1.97737e-05 1.31403e-05 6.49691e-06
6.25584e-05 5.79602e-05  5.2894e-05 4.73602e-05 4.13784e-05 3.49891e-05 2.82551e-05  2.1263e-05 1.41251e-05 6.98115e-06
6.72842e-05 6.23341e-05 5.68794e-05 5.09214e-05 4.44821e-05 3.76057e-05 3.03608e-05 2.28413e-05 1.51689e-05 7.49444e-06
7.22909e-05 6.69678e-05 6.11016e-05 5.46942e-05 4.77701e-05 4.03778e-05 3.25917e-05 2.45136e-05  1.6275e-05 8.03853e-06
7.75943e-05 7.18763e-05 6.55741e-05 5.86908e-05 5.12534e-05 4.33148e-05 3.49557e-05 2.62861e-05 1.74478e-05 8.61558e-06
8.32134e-05 7.70771e-05 7.03134e-05 6.29261e-05 5.49452e-05 4.64281e-05 3.74621e-05  2.8166e-05  1.8692e-05 9.22815e-06
8.91705e-05 8.25911e-05 7.53384e-05 6.74174e-05 5.88607e-05 4.97309e-05 4.01219e-05 3.01617e-05 2.00136e-05 9.87916e-06
9.54917e-05 8.84426e-05 8.06716e-05 7.21849e-05  6.3018e-05 5.32386e-05 4.29479e-05 3.22829e-05 2.14191e-05  1.0572e-05
0.000102207 9.46595e-05 8.63388e-05 7.72519e-05 6.74378e-05  5.6969e-05 4.59544e-05 3.45409e-05  2.2916e-05 1.13103e-05
0.000109351 0.000101274 9.23695e-05 8.26453e-05 7.21435e-05 6.09423e-05 4.91581e-05 3.69481e-05 2.45128e-05 1.20984e-05
0.000116969 0.000108329 9.88024e-05 8.83998e-05  7.7166e-05 6.51845e-05 5.25801e-05 3.95206e-05   2.622e-05 1.29415e-05
0.000125185 0.000115938 0.000105744 9.46121e-05  8.2591e-05 6.97698e-05 5.62814e-05 4.23052e-05 2.80697e-05 1.38558e-05
0.000133988 0.000124093 0.000113184 0.000101272 8.84079e-05 7.46873e-05 6.02519e-05 4.52931e-05 3.00549e-05 1.48374e-05
0.000143435 0.000132844 0.000121169  0.00010842 9.46524e-05 7.99672e-05 6.45158e-05 4.85025e-05 3.21878e-05 1.58922e-05
0.000153582 0.000142245 0.000129747   0.0001161 0.000101362 8.56411e-05 6.90985e-05 5.19524e-05 3.44809e-05 1.70265e-05
 0.00016449  0.00015235 0.000138969 0.000124357 0.000108576 9.17425e-05 7.40271e-05 5.56631e-05 3.69477e-05 1.82469e-05
0.000176222  0.00016322 0.000148889 0.000133239 0.000116338 9.83071e-05 7.93303e-05 5.96563e-05 3.96025e-05 1.95605e-05
0.000188847 0.000174917 0.000159564 0.000142799 0.000124691 0.000105373 8.50388e-05 6.39549e-05 4.24607e-05 2.09748e-05
0.000202437  0.00018751 0.000171056  0.00015309 0.000133685  0.00011298 9.11851e-05 6.85834e-05 4.55384e-05 2.24978e-05
0.000217071 0.000201068 0.000183431 0.000164172  0.00014337 0.000121172 9.78043e-05 7.35683e-05 4.88531e-05 2.41382e-05
0.000232831 0.000215671 0.000196759 0.000176107   0.0001538 0.000129996 0.000104934 7.89375e-05 5.24236e-05 2.59052e-05
0.000249806 0.000231399 0.000211114 0.000188963 0.000165035   0.0001395 0.000112613 8.47212e-05 5.62697e-05 2.78086e-05
 0.00026809 0.000248341 0.000226577 0.000202811 0.000177138 0.000149738 0.000120886 9.09516e-05 6.04129e-05 2.98592e-05
0.000287787 0.000266592 0.000243234 0.000217729 0.000190175 0.000160768 0.000129798 9.76635e-05 6.48764e-05 3.20682e-05
0.000309005 0.000286252 0.000261179 0.000233799  0.00020422 0.000172649 0.000139398 0.000104894 6.96847e-05 3.44479e-05
0.000331863 0.000307431 0.000280509  0.00025111  0.00021935 0.000185448  0.00014974 0.000112683 7.48644e-05 3.70114e-05
0.000356485 0.000330246 0.000301332 0.000269759 0.000235648 0.000199235  0.00016088 0.000121073 8.04441e-05 3.97729e-05
0.000383008 0.000354821 0.000323762 0.000289846 0.000253203 0.000214087 0.000172881 0.000130111 8.64544e-05 4.27475e-05
0.000411577 0.000381293 0.000347923 0.000311484 0.000272114 0.000230084 0.000185807 0.000139846 9.29282e-05 4.59515e-05
0.000442349 0.000409805 0.000373947 0.000334789 0.000292482 0.000247314 0.000199729 0.000150332 9.99012e-05 4.94024e-05
0.000475492 0.000440515 0.000401976 0.000359891 0.000314419 0.000265872 0.000214724 0.000161625 0.000107411 5.31192e-05
0.000511188  0.00047359 0.000432163 0.000386925 0.000338046 0.000285859 0.000230874 0.000173788   0.0001155 5.71222e-05
0.000549631  0.00050921 0.000464674  0.00041604 0.000363491 0.000307384 0.000248267 0.000186887  0.00012421 6.14333e-05
0.000591031 0.000547571 0.000499686 0.000447395 0.000390893 0.000330565 0.000266997 0.000200993 0.000133591 6.60761e-05
0.000635615  0.00058888 0.000537389  0.00048116 0.000420403 0.000355528 0.000287168 0.000216185 0.000143694 7.10762e-05
0.000683626 0.000633366 0.000577992 0.000517522 0.000452181 0.000382412  0.00030889 0.000232545 0.000154574 7.64613e-05
0.000735329 0.000681273 0.000621716  0.00055668 0.000486404 0.000411363 0.000332284 0.000250165 0.000166292 8.22613e-05
0.000791007 0.000732863 0.000668804  0.00059885 0.000523259 0.000442542 0.000357479 0.000269141 0.000178913 8.85085e-05
0.000850969 0.000788423 0.000719514 0.000644265 0.000562952 0.000476121 0.000384614  0.00028958 0.000192507 9.52376e-05
0.000915548 0.000848261  0.00077413 0.000693178 0.000605702 0.000512289 0.000413841 0.000311596  0.00020715 0.000102486
0.000985109 0.000912716 0.000832961 0.000745868 0.000651753  0.00055125 0.000445327 0.000335313 0.000222925 0.000110296
 0.00106013 0.000982229  0.00089641 0.000802695 0.000701425 0.000593276 0.000479291 0.000360899 0.000239945 0.000118722
 0.00114096  0.00105713 0.000964777 0.000863928 0.000754946  0.00063856 0.000515889 0.000388469 0.000258284 0.000127801
 0.00122806  0.00113784  0.00103844 0.000929908 0.000812617 0.000687355 0.000555324 0.000418175 0.000278045 0.000137584
  0.0013219   0.0012248  0.00111782    0.001001 0.000874757 0.000739931 0.000597814 0.000450184 0.000299336 0.000148125
 0.00142302   0.0013185  0.00120335   0.0010776  0.00094171 0.000796578 0.000643595  0.00048467 0.000322276 0.000159481
 0.00153197  0.00141945  0.00129549  0.00116013  0.00101384 0.000857608 0.000692916 0.000521824 0.000346988 0.000171715
 0.00164933   0.0015282  0.00139476  0.00124903  0.00109155 0.000923355 0.000746049 0.000561847 0.000373609 0.000184893
 0.00177577  0.00164535  0.00150169  0.00134481  0.00117526 0.000994175 0.000803281 0.000604957 0.000402283 0.000199086
 0.00191195  0.00177154  0.00161687  0.00144796  0.00126542  0.00107045 0.000864922 0.000651387 0.000433164 0.000214372
 0.00205862  0.00190745  0.00174091  0.00155905  0.00136252   0.0011526 0.000931303 0.000701387 0.000466418 0.000230833
 0.00221648  0.00205371  0.00187441  0.00167862  0.00146701    0.001241  0.00100274 0.000755192 0.000502202 0.000248545
 0.00238644   0.0022112  0.00201815  0.00180734  0.00157952  0.00133618  0.00107965 0.000813122 0.000540731 0.000267617
 0.00256943  0.00238075  0.00217291  0.00194594  0.00170065  0.00143866  0.00116246 0.000875496 0.000582218 0.000288155
 0.00276644   0.0025633  0.00233952  0.00209516  0.00183107  0.00154899  0.00125162 0.000942659 0.000626891  0.00031027
 0.00297852  0.00275981  0.00251889  0.00225579  0.00197146  0.00166777   0.0013476  0.00101496 0.000674973 0.000334062
 0.00319114  0.00295594  0.00269681  0.00241382  0.00210796  0.00178126  0.00143682  0.00107893 0.000713138 0.000346359
 0.00337456   0.0031228   0.0028453  0.00254209  0.00221427  0.00186401  0.00149464  0.00111079 0.000718434 0.000338068
 0.00349141  0.00322481  0.00293049   0.0026085     0.00226  0.00188733   0.0014941  0.00108528 0.000680355 0.000308651
 0.00349736  0.00322027  0.00291334  0.00257661  0.00221135  0.00182005  0.00140662 0.000989469 0.000596829 0.000257465
 0.00334163  0.00306198  0.00275019  0.00240632  0.00203173  0.00162913  0.00121576 0.000818689 0.000465532 0.000183752
 0.00298309  0.00271305  0.00240841  0.00206924  0.00169701  0.00130769 0.000927094 0.000581585 0.000297375 9.98727e-05
 0.00239074  0.00214699    0.001866  0.00154787  0.00120721 0.000868497 0.000556717 0.000296745 0.000112641 1.39889e-05
  0.00153829   0.00134205   0.00110573  0.000842485  0.000575327   0.00032779  0.000123288  -1.5571e-05 -8.06504e-05 -7.41809e-05
 0.000408258  0.000284984    0.0001316 -3.04837e-05 -0.000179317  -0.00029307 -0.000350704 -0.000345647 -0.000281677  -0.00016417
 -0.00101978  -0.00102685  -0.00104608  -0.00105725  -0.00104024 -0.000975739 -0.000858865 -0.000695084 -0.000491435 -0.000256435
 -0.00246454  -0.00234049  -0.00221086  -0.00205675   -0.0018601  -0.00161727  -0.00133499  -0.00102159 -0.000686905 -0.000342173
 -0.00364059  -0.00340301  -0.00314195   -0.0028398  -0.00249343  -0.00211008   -0.0016986  -0.00126935 -0.000834156 -0.000406199
 -0.00449333  -0.00416538  -0.00379582  -0.00338124  -0.00292863  -0.00244659  -0.00194526  -0.00143626 -0.000932581 -0.000448603
 -0.00496973  -0.00458081   -0.0041448  -0.00366763  -0.00315689  -0.00262169  -0.00207267  -0.00152188 -0.000982759 -0.000470095
 -0.00500744  -0.00460757  -0.00416292  -0.00367922  -0.00316379  -0.00262547  -0.00207456  -0.00152276 -0.000983197 -0.000470337
 -0.00483964  -0.00445442   -0.0040262  -0.00356031   -0.0030636  -0.00254439  -0.00201242  -0.00147882 -0.000956099 -0.000458097
 -0.00469916  -0.00432641   -0.0039122  -0.00346149   -0.0029807  -0.00247767  -0.00196165  -0.00144324 -0.000934407  -0.00044845
 -0.00458495  -0.00422259  -0.00382008  -0.00338203  -0.00291446   -0.0024248  -0.00192184  -0.00141572 -0.000917933 -0.000441305
 -0.00449634  -0.00414234  -0.00374928  -0.00332144  -0.00286449  -0.00238546  -0.00189274  -0.00139609 -0.000906576  -0.00043662
  -0.0044328  -0.00408519  -0.00369939  -0.00327937  -0.00283048   -0.0023594   -0.0018742  -0.00138424 -0.000900265 -0.000434365
 -0.00439394  -0.00405077  -0.00367007  -0.00325554  -0.00281221  -0.00234647  -0.00186607  -0.00138008 -0.000898958 -0.000434523
 -0.00437949  -0.00403886  -0.00366115   -0.0032498  -0.00280956  -0.00234657   -0.0018683  -0.00138359 -0.000902641 -0.000437092
 -0.00438934  -0.00404936  -0.00367254  -0.00326208   -0.0028225  -0.00235969  -0.00188089  -0.00139476 -0.000911326 -0.000442083
  -0.0044235  -0.00408229  -0.00370428  -0.00329243  -0.00285107  -0.00238587   -0.0019039  -0.00141365 -0.000925056 -0.000449522
 -0.00448215  -0.00413781  -0.00375651    -0.003341  -0.00289541  -0.00242524  -0.00193744  -0.00144037 -0.000943902 -0.000459445
 -0.00456566  -0.00421628  -0.00382957   -0.0034081  -0.00295581  -0.00247808  -0.00198173  -0.00147508 -0.000967986 -0.000471919
  -0.0046744  -0.00431805   -0.0039238  -0.00349403  -0.00303255   -0.0025446  -0.00203696  -0.00151793 -0.000997416 -0.000486999
 -0.00480894  -0.00444366  -0.00403969  -0.00359925  -0.00312602  -0.00262517  -0.00210344  -0.00156916  -0.00103235 -0.000504766
    -0.00497  -0.00459377  -0.00417785  -0.00372431  -0.00323672   -0.0027202   -0.0021815  -0.00162904  -0.00107297 -0.000525313
 -0.00515843  -0.00476918  -0.00433901  -0.00386988  -0.00336524  -0.00283022  -0.00227158  -0.00169788   -0.0011195 -0.000548751
 -0.00537524  -0.00497082  -0.00452405  -0.00403673  -0.00351228   -0.0029558  -0.00237415  -0.00177606  -0.00117218 -0.000575207
  -0.0056216  -0.00519979  -0.00473395  -0.00422577  -0.00367861  -0.00309762  -0.00248977    -0.001864   -0.0012313 -0.000604824
 -0.00589882   -0.0054573  -0.00496984  -0.00443801  -0.00386515  -0.00325644  -0.00261905  -0.00196217  -0.00129719 -0.000637765
  -0.0062084  -0.00574476    -0.005233   -0.0046746  -0.00407288  -0.00343314  -0.00276271  -0.00207112   -0.0013702 -0.000674207
 -0.00655199  -0.00606368  -0.00552482  -0.00493679  -0.00430293  -0.00362863  -0.00292149   -0.0021914   -0.0014507 -0.000714324
 -0.00691489  -0.00639952  -0.00583089  -0.00521029   -0.0045411  -0.00382885  -0.00308141   -0.0023091  -0.00152485 -0.000744371
 -0.00726671  -0.00672275  -0.00612253  -0.00546727  -0.00476037  -0.00400756  -0.00321703  -0.00239957  -0.00156879 -0.000754917
 -0.00756912  -0.00699683  -0.00636497  -0.00567469  -0.00492945   -0.0041352  -0.00330047  -0.00243664  -0.00157171 -0.000745505
 -0.00777659  -0.00717893  -0.00651807  -0.00579509  -0.00501354  -0.00417959  -0.00330222  -0.00240709  -0.00153167 -0.000715574
  -0.0078369  -0.00722051  -0.00653695  -0.00578722  -0.00497498   -0.0041067  -0.00320552  -0.00230639  -0.00144646 -0.000664435
 -0.00769168  -0.00706785   -0.0063725  -0.00560659  -0.00477392  -0.00389495  -0.00300199  -0.00212951  -0.00131357 -0.000591244
 -0.00727726  -0.00666292  -0.00597233  -0.00520644  -0.00438286  -0.00353106   -0.0026827    -0.001871  -0.00113022 -0.000495036
   -0.006527  -0.00594566  -0.00528294  -0.00455344   -0.0037836  -0.00300204  -0.00223899  -0.00152569 -0.000893822 -0.000374966
  -0.0053762  -0.00485861  -0.00426774  -0.00362677  -0.00296108  -0.00229767  -0.00166456  -0.00109025 -0.000603109 -0.000230868
 -0.00375219  -0.00335144  -0.00289362  -0.00240064  -0.00189602  -0.00140431 -0.000950558 -0.000559741 -0.000256185 -2.87493e-06
 -0.00191864  -0.00166228  -0.00136463  -0.00104613 -0.000728297 -0.000433087 -0.000182386  2.57789e-06  2.18878e-06 -1.87779e-15
-0.000146101 -3.19281e-05  0.000107867  0.000254174  0.000387415  0.000488109  0.000537445   1.8879e-05  1.53078e-16 -1.74146e-15
   0.0015321   0.00150785   0.00149356   0.00147136   0.00142351   0.00133293  4.69361e-05  1.96884e-15 -1.48061e-16 -1.74146e-15
   0.0030755    0.0029191   0.00275691   0.00257224   0.00234908   8.5293e-05  1.83842e-15  6.54208e-16 -1.48061e-16 -1.74146e-15
  0.00471494   0.00442335   0.00411007   0.00375949   0.00335725  1.51508e-15  6.17141e-16  6.54208e-16 -1.48061e-16 -1.74146e-15
  0.00597151   0.00556368     0.005118   0.00461986  8.67362e-19  1.17892e-15  6.17141e-16  6.54208e-16 -1.48061e-16 -1.74146e-15
  0.00696578   0.00645855   0.00589699  8.67362e-19  9.62965e-35  1.17892e-15  6.17141e-16  6.54208e-16 -1.48061e-16 -1.74146e-15
  0.00763892   0.00705511            0  9.62965e-35  1.06911e-50  1.17892e-15  6.17141e-16  6.54208e-16 -1.48061e-16 -1.74146e-15
  0.00793407  8.67362e-19            0  1.06911e-50  1.18695e-66  1.17892e-15  6.17141e-16  6.54208e-16 -1.48061e-16 -1.74146e-15
           0  9.62965e-35            0  1.18695e-66  1.31777e-82  1.17892e-15  6.17141e-16  6.54208e-16 -1.48061e-16 -1.74146e-15
           0  1.06911e-50            0  1.31777e-82  1.46302e-98  1.17892e-15  6.17141e-16  6.54208e-16 -1.48061e-16 -1.74146e-15
           0  1.18695e-66            0  1.46302e-98 1.62428e-114  1.17892e-15  6.17141e-16  6.54208e-16 -1.48061e-16 -1.74146e-15
           0  1.31777e-82            0 1.62428e-114 1.80332e-130  1.17892e-15  6.17141e-16  6.54208e-16 -1.48061e-16 -1.74146e-15
           0  1.46302e-98            0 1.80332e-130 2.00208e-146  1.17892e-15  6.17141e-16  6.54208e-16 -1.48061e-16 -1.74146e-15
           0 1.62428e-114            0 2.00208e-146 2.22276e-162  1.17892e-15  6.17141e-16  6.54208e-16 -1.48061e-16 -1.74146e-15
           0 1.80332e-130            0 2.22276e-162 2.46776e-178  1.17892e-15  6.17141e-16  6.54208e-16 -1.48061e-16 -1.74146e-15
           0 2.00208e-146            0 2.46776e-178 2.73976e-194  1.17892e-15  6.17141e-16  6.54208e-16 -1.48061e-16 -1.74146e-15
           0 2.22276e-162            0 2.73976e-194 3.04175e-210  1.17892e-15  6.17141e-16  6.54208e-16 -1.48061e-16 -1.74146e-15
           0 2.46776e-178            0 3.04175e-210 3.37702e-226  1.17892e-15  6.17141e-16  6.54208e-16 -1.48061e-16 -1.74146e-15
           0 2.73976e-194            0 3.37702e-226 3.74924e-242  1.17892e-15  6.17141e-16  6.54208e-16 -1.48061e-16 -1.74146e-15
           0 3.04175e-210            0 3.74924e-242 4.16249e-258  1.17892e-15  6.17141e-16  6.54208e-16 -1.48061e-16 -1.74146e-15
           0 3.37702e-226            0 4.16249e-258  4.6213e-274  1.17892e-15  6.17141e-16  6.54208e-16 -1.48061e-16 -1.74146e-15
           0 3.74924e-242            0  4.6213e-274 5.13067e-290  1.17892e-15  6.17141e-16  6.54208e-16 -1.48061e-16 -1.74146e-15
           0 4.16249e-258            0 5.13067e-290 5.69619e-306  1.17892e-15  6.17141e-16  6.54208e-16 -1.48061e-16 -1.74146e-15
           0  4.6213e-274            0 5.69619e-306 6.32404e-322  1.17892e-15  6.17141e-16  6.54208e-16 -1.48061e-16 -1.74146e-15
           0 5.13067e-290            0 6.32404e-322            0  1.17892e-15  6.17141e-16  6.54208e-16 -1.48061e-16 -1.74146e-15
           0 5.69619e-306            0            0            0  1.17892e-15  6.17141e-16  6.54208e-16 -1.48061e-16 -1.74146e-15
           0 6.32404e-322            0            0            0  1.17892e-15  6.17141e-16  6.54208e-16 -1.48061e-16 -1.74146e-15
           0            0            0            0            0  1.17892e-15  6.17141e-16  6.54208e-16 -1.48061e-16 -1.74146e-15
           0            0            0            0            0  1.17892e-15  6.17141e-16  6.54208e-16 -1.48061e-16 -1.74146e-15
           0            0            0            0            0  1.17892e-15  6.17141e-16  6.54208e-16 -1.48061e-16  0.000857096
          0           0           0           0           0 1.17892e-15 6.17141e-16 6.54208e-16  0.00180069 0.000865757
          0           0           0           0           0 1.17892e-15 6.17141e-16  0.00278902  0.00179827 0.000852831
          0           0           0           0           0 1.17892e-15  0.00377096  0.00274862  0.00174934 0.000817692
          0           0           0           0           0  0.00468144  0.00365497   0.0026311  0.00165148 0.000759573
          0           0           0           0  0.00543686  0.00443793  0.00342309  0.00243094  0.00150189 0.000677538
          0           0           0  0.00593063  0.00499598  0.00402914  0.00306547  0.00214214  0.00129752 0.000570522
         0          0 0.00603028 0.00520249  0.0043287 0.00344082 0.00257261 0.00175901 0.00103551 0.00043759
          0  0.00557783  0.00490568  0.00417647  0.00341847  0.00266174  0.00193758  0.00127788 0.000714474 0.000278551
 0.00439421  0.00393362  0.00340813  0.00284205  0.00226154  0.00169399   0.0011674 0.000709767 0.000348433 0.000109495
  0.00241802   0.00211526   0.00176497   0.00138987   0.00101388   0.00066152  0.000357288  0.000125037 -1.26641e-05 -5.23058e-05
  0.00053925  0.000390215  0.000210924  2.25853e-05 -0.000153002  -0.00029407 -0.000379514 -0.000389526 -0.000323378 -0.000189984
 -0.00120137  -0.00120309  -0.00121782  -0.00122576   -0.0012071  -0.00114276  -0.00101493 -0.000824912 -0.000583672 -0.000303939
 -0.00275591   -0.0026201  -0.00247998  -0.00231704  -0.00211342  -0.00185258  -0.00153713  -0.00117932 -0.000793198 -0.000394413
 -0.00494017  -0.00463857  -0.00431519  -0.00395269  -0.00353508  -0.00304837  -0.00249616  -0.00189486  -0.00126359 -0.000623967
   -0.006322  -0.00589262  -0.00542371  -0.00489906  -0.00430448  -0.00364337  -0.00293197  -0.00218925   -0.0014367 -0.000698234
 -0.00741598  -0.00687733  -0.00628105  -0.00561199  -0.00487262  -0.00407825  -0.00324693  -0.00239927  -0.00155832 -0.000749391
 -0.00815785  -0.00753496  -0.00683589  -0.00606141  -0.00522513  -0.00434341  -0.00343523  -0.00252199  -0.00162739 -0.000777382
  -0.0084855  -0.00781066  -0.00705543  -0.00623094  -0.00535107  -0.00443234  -0.00349372  -0.00255653  -0.00164435 -0.000782899
  -0.0083262  -0.00765545  -0.00690886  -0.00609702  -0.00523317  -0.00433302  -0.00341469  -0.00249856  -0.00160723 -0.000765449
 -0.00794596  -0.00730742  -0.00659688  -0.00582415  -0.00500159  -0.00414391  -0.00326813  -0.00239347  -0.00154128 -0.000734975
 -0.00761066  -0.00700073  -0.00632221  -0.00558423  -0.00479831  -0.00397826  -0.00314008  -0.00230194  -0.00148405 -0.000708665
-0.00731813 -0.00673338 -0.00608307 -0.00537569 -0.00462199 -0.00383494 -0.00302966 -0.00222333 -0.00143516 -0.00068633
 -0.00706668  -0.00650382  -0.00587807   -0.0051973  -0.00447159  -0.00371314  -0.00293623  -0.00215718   -0.0013943 -0.000667841
 -0.00685483   -0.0063107  -0.00570601  -0.00504804  -0.00434624  -0.00361213  -0.00285924  -0.00210312  -0.00136125 -0.000653088
 -0.00668135  -0.00615291  -0.00556588  -0.00492702  -0.00424521  -0.00353132  -0.00279824   -0.0020608  -0.00133581 -0.000641984
 -0.00654521   -0.0060295  -0.00545684  -0.00483353  -0.00416789  -0.00347024  -0.00275286     -0.00203  -0.00131782 -0.000634462
 -0.00644559  -0.00593973  -0.00537825    -0.004767  -0.00411382  -0.00342851  -0.00272283   -0.0020105  -0.00130718 -0.000630474
 -0.00638188  -0.00588305  -0.00532962  -0.00472702  -0.00408265  -0.00340586  -0.00270796   -0.0020022  -0.00130381 -0.000629994
 -0.00635369  -0.00585911  -0.00531064  -0.00471334   -0.0040742  -0.00340216  -0.00270815  -0.00200503  -0.00130768 -0.000633014
-0.00636088  -0.0058678 -0.00532124 -0.00472591 -0.00408843 -0.00341741 -0.00272341 -0.00201902 -0.00131884 -0.00063956
 -0.00640339  -0.00590906  -0.00536139  -0.00476471  -0.00412536  -0.00345162  -0.00275379  -0.00204422  -0.00133731 -0.000649651
-0.00648141 -0.00598309 -0.00543125 -0.00482992 -0.00418515 -0.00350495 -0.00279943 -0.00208073 -0.00136319 -0.00066334
 -0.00659531  -0.00609025  -0.00553118  -0.00492187   -0.0042681  -0.00357769  -0.00286055  -0.00212876  -0.00139661 -0.000680696
 -0.00674568  -0.00623107  -0.00566169  -0.00504103  -0.00437464  -0.00367019  -0.00293748  -0.00218855  -0.00143774 -0.000701811
 -0.00693329   -0.0064063  -0.00582345  -0.00518801  -0.00450533  -0.00378295  -0.00303062  -0.00226041   -0.0014868 -0.000726796
 -0.00715913  -0.00661685  -0.00601732  -0.00536359  -0.00466085  -0.00391655  -0.00314045  -0.00234472  -0.00154406 -0.000755786
 -0.0074244 -0.00686384 -0.00624433  -0.0055687 -0.00484204 -0.00407172 -0.00326758 -0.00244195 -0.00160981 -0.00078894
 -0.00773052  -0.00714859  -0.00650569  -0.00580445  -0.00504986  -0.00424929  -0.00341268  -0.00255261  -0.00168443 -0.000826434
 -0.00807908  -0.00747259  -0.00680276  -0.00607207  -0.00528539  -0.00445018  -0.00357651  -0.00267727  -0.00176827 -0.000868443
 -0.00845311  -0.00781905  -0.00711894   -0.0063551  -0.00553236  -0.00465823  -0.00374303  -0.00280001  -0.00184554 -0.000899282
 -0.00881774   -0.0081541  -0.00742135  -0.00662164  -0.00575979  -0.00484344  -0.00388316  -0.00289266  -0.00188897 -0.000908182
 -0.00912907   -0.0084359  -0.00767017  -0.00683389   -0.0059319  -0.00497197  -0.00396503  -0.00292533  -0.00188621 -0.000894601
   -0.009335  -0.00861546   -0.0078195  -0.00694903  -0.00600889  -0.00500708  -0.00395494  -0.00288291  -0.00183502 -0.000857885
 -0.00937586  -0.00863729  -0.00781804  -0.00691989  -0.00594775  -0.00490989   -0.0038337  -0.00276016  -0.00173285 -0.000797235
 -0.00918496  -0.00844001  -0.00760969  -0.00669566  -0.00570295  -0.00465571  -0.00359172  -0.00255133  -0.00157681 -0.000711673
-0.00868956 -0.00795736 -0.00713461 -0.00622293 -0.00524305 -0.00422933 -0.00321874 -0.00225016  -0.0013637 -0.00060009
-0.00781359 -0.00712074 -0.00633171 -0.00546363 -0.00454724 -0.00361589 -0.00270486  -0.0018507 -0.00109055 -0.00046151
 -0.00648317  -0.00586457  -0.00515919  -0.00439392  -0.00359827  -0.00280367  -0.00204285  -0.00134915  -0.00075589 -0.000295734
 -0.00462086  -0.00413675  -0.00358452  -0.00298956  -0.00237921  -0.00178209  -0.00122748 -0.000744662 -0.000362287 -7.29049e-06
 -0.00252878  -0.00221014   -0.0018415  -0.00144659  -0.00105038 -0.000678519 -0.000356634 -0.000109695  6.51311e-06 -3.87148e-16
-0.000516655 -0.000360364 -0.000172078  2.60581e-05  0.000211265  0.000360782   0.00045252  1.93481e-05  2.75585e-15  1.20371e-17
  0.00137631   0.00137532   0.00138836   0.00139473   0.00137375   0.00130545  5.53068e-05  4.40804e-16 -2.91409e-16  1.20371e-17
  0.00310296    0.0029528   0.00279862   0.00262108   0.00240151  0.000106476 -1.06821e-17  6.26212e-18 -2.91409e-16  1.20371e-17
  0.00509172   0.00478173   0.00444951   0.00407695   0.00364733    4.975e-16 -3.30995e-17  6.26212e-18 -2.91409e-16  1.20371e-17
  0.00653027   0.00608721   0.00560342   0.00506197  4.33681e-19  1.03155e-16 -3.30995e-17  6.26212e-18 -2.91409e-16  1.20371e-17
  0.00766831    0.0071115    0.0064951  8.67362e-19  4.81482e-35  1.03155e-16 -3.30995e-17  6.26212e-18 -2.91409e-16  1.20371e-17
  0.00843882   0.00779438  8.67362e-19  9.62965e-35  5.34553e-51  1.03155e-16 -3.30995e-17  6.26212e-18 -2.91409e-16  1.20371e-17
  0.00877701  8.67362e-19  9.62965e-35  1.06911e-50  5.93473e-67  1.03155e-16 -3.30995e-17  6.26212e-18 -2.91409e-16  1.20371e-17
 1.73472e-18  9.62965e-35  1.06911e-50  1.18695e-66  6.58887e-83  1.03155e-16 -3.30995e-17  6.26212e-18 -2.91409e-16  1.20371e-17
 1.92593e-34  1.06911e-50  1.18695e-66  1.31777e-82  7.31512e-99  1.03155e-16 -3.30995e-17  6.26212e-18 -2.91409e-16  1.20371e-17
 2.13821e-50  1.18695e-66  1.31777e-82  1.46302e-98 8.12141e-115  1.03155e-16 -3.30995e-17  6.26212e-18 -2.91409e-16  1.20371e-17
 2.37389e-66  1.31777e-82  1.46302e-98 1.62428e-114 9.01658e-131  1.03155e-16 -3.30995e-17  6.26212e-18 -2.91409e-16  1.20371e-17
 2.63555e-82  1.46302e-98 1.62428e-114 1.80332e-130 1.00104e-146  1.03155e-16 -3.30995e-17  6.26212e-18 -2.91409e-16  1.20371e-17
 2.92605e-98 1.62428e-114 1.80332e-130 2.00208e-146 1.11138e-162  1.03155e-16 -3.30995e-17  6.26212e-18 -2.91409e-16  1.20371e-17
3.24857e-114 1.80332e-130 2.00208e-146 2.22276e-162 1.23388e-178  1.03155e-16 -3.30995e-17  6.26212e-18 -2.91409e-16  1.20371e-17
3.60663e-130 2.00208e-146 2.22276e-162 2.46776e-178 1.36988e-194  1.03155e-16 -3.30995e-17  6.26212e-18 -2.91409e-16  1.20371e-17
4.00417e-146 2.22276e-162 2.46776e-178 2.73976e-194 1.52087e-210  1.03155e-16 -3.30995e-17  6.26212e-18 -2.91409e-16  1.20371e-17
4.44552e-162 2.46776e-178 2.73976e-194 3.04175e-210 1.68851e-226  1.03155e-16 -3.30995e-17  6.26212e-18 -2.91409e-16  1.20371e-17
4.93552e-178 2.73976e-194 3.04175e-210 3.37702e-226 1.87462e-242  1.03155e-16 -3.30995e-17  6.26212e-18 -2.91409e-16  1.20371e-17
5.47952e-194 3.04175e-210 3.37702e-226 3.74924e-242 2.08125e-258  1.03155e-16 -3.30995e-17  6.26212e-18 -2.91409e-16  1.20371e-17
6.08349e-210 3.37702e-226 3.74924e-242 4.16249e-258 2.31065e-274  1.03155e-16 -3.30995e-17  6.26212e-18 -2.91409e-16  1.20371e-17
6.75403e-226 3.74924e-242 4.16249e-258  4.6213e-274 2.56534e-290  1.03155e-16 -3.30995e-17  6.26212e-18 -2.91409e-16  1.20371e-17
7.49848e-242 4.16249e-258  4.6213e-274 5.13067e-290 2.84809e-306  1.03155e-16 -3.30995e-17  6.26212e-18 -2.91409e-16  1.20371e-17
8.32499e-258  4.6213e-274 5.13067e-290 5.69619e-306 3.16202e-322  1.03155e-16 -3.30995e-17  6.26212e-18 -2.91409e-16  1.20371e-17
 9.2426e-274 5.13067e-290 5.69619e-306 6.32404e-322            0  1.03155e-16 -3.30995e-17  6.26212e-18 -2.91409e-16  1.20371e-17
1.02613e-289 5.69619e-306 6.32404e-322            0            0  1.03155e-16 -3.30995e-17  6.26212e-18 -2.91409e-16  1.20371e-17
1.13924e-305 6.32404e-322            0            0            0  1.03155e-16 -3.30995e-17  6.26212e-18 -2.91409e-16  1.20371e-17
1.26481e-321            0            0            0            0  1.03155e-16 -3.30995e-17  6.26212e-18 -2.91409e-16  1.20371e-17
           0            0            0            0            0  1.03155e-16 -3.30995e-17  6.26212e-18 -2.91409e-16  1.20371e-17
           0            0            0            0            0  1.03155e-16 -3.30995e-17  6.26212e-18 -2.91409e-16   0.00090397
           0            0            0            0            0  1.03155e-16 -3.30995e-17  6.26212e-18   0.00189813  0.000912492
           0            0            0            0            0  1.03155e-16 -3.30995e-17   0.00293857   0.00189464  0.000898571
          0           0           0           0           0 1.03155e-16  0.00397173   0.0028951  0.00184279  0.00086155
          0           0           0           0           0  0.00492966  0.00384918  0.00277142  0.00174004 0.000800629
          0           0           0           0  0.00572509  0.00467397  0.00360604  0.00256176  0.00158348 0.000714829
          0           0           0  0.00624691  0.00526357  0.00424628  0.00323206  0.00225986  0.00136992 0.000603038
         0          0 0.00635705 0.00548596 0.00456638 0.00363171 0.00271731 0.00185979 0.00109638 0.00046428
          0  0.00589091  0.00518295  0.00441488  0.00361625  0.00281855  0.00205457  0.00135772 0.000761399 0.000298356
  0.0046405  0.00415433  0.00359979  0.00300232  0.00238928  0.00178935  0.00123188 0.000746203 0.000361047 0.000103834
    0.002525     0.002205   0.00183476   0.00143804   0.00103987  0.000665927    0.0003419  9.28217e-05 -5.75868e-05 -8.76081e-05
 0.000471426  0.000315325  0.000127004 -7.13592e-05 -0.000256951 -0.000406965  -0.00049926 -0.000513025 -0.000429471 -0.000254304
 -0.00148415  -0.00148013  -0.00149035  -0.00149409  -0.00147064  -0.00139997   -0.0012634  -0.00104427 -0.000750479 -0.000396671
 -0.00329727  -0.00313954  -0.00297799  -0.00279326  -0.00256665  -0.00228082  -0.00192051  -0.00149496  -0.00102025 -0.000514962
-0.00506999 -0.00476175 -0.00443147 -0.00406103 -0.00363368 -0.00313471 -0.00256777 -0.00194981 -0.00130056 -0.00064236
-0.00650954 -0.00606815 -0.00558622 -0.00504681 -0.00443503 -0.00375434 -0.00302155 -0.00225626 -0.00148072 -0.00071962
 -0.00764861  -0.00709339  -0.00647877  -0.00578891   -0.0050263  -0.00420682  -0.00334915  -0.00247464   -0.0016071 -0.000772746
 -0.00842018  -0.00777726  -0.00705561  -0.00625599  -0.00539251  -0.00448215  -0.00354455  -0.00260186  -0.00167863 -0.000801676
 -0.00875951  -0.00806258  -0.00728256  -0.00643098  -0.00552227  -0.00457353  -0.00360442  -0.00263702  -0.00169572 -0.000807134
 -0.00859079   -0.0078983  -0.00712747  -0.00628931  -0.00539753  -0.00446842  -0.00352074  -0.00257559  -0.00165636 -0.000788602
 -0.00819133  -0.00753264  -0.00679962  -0.00600248  -0.00515401  -0.00426947  -0.00336648  -0.00246491  -0.00158684 -0.000756445
 -0.00783822   -0.0072096  -0.00651024  -0.00574961  -0.00493967   -0.0040947  -0.00323129   -0.0023682   -0.0015263 -0.000728576
 -0.00752917  -0.00692708  -0.00625745  -0.00552906  -0.00475308  -0.00394293  -0.00311425  -0.00228478  -0.00147434 -0.000704796
 -0.00726241  -0.00668347  -0.00603979  -0.00533955  -0.00459317  -0.00381329  -0.00301468  -0.00221417  -0.00143064 -0.000684967
 -0.00703636  -0.00647732    -0.005856  -0.00517997    -0.004459  -0.00370502    -0.002932  -0.00215597  -0.00139496 -0.000668972
 -0.00684971  -0.00630744  -0.00570498  -0.00504938  -0.00434979  -0.00361747  -0.00286572  -0.00210982  -0.00136707 -0.000656715
 -0.00670136  -0.00617282  -0.00558586  -0.00494701  -0.00426488  -0.00355014  -0.00281545  -0.00207546  -0.00134681 -0.000648124
 -0.00659041  -0.00607265  -0.00549791  -0.00487225  -0.00420377  -0.00350261  -0.00278088  -0.00205267  -0.00133406 -0.000643145
  -0.0065162  -0.00600633   -0.0054406  -0.00482464  -0.00416608  -0.00347459  -0.00276179  -0.00204131  -0.00132874 -0.000641746
 -0.00647826  -0.00597345  -0.00541358  -0.00480387  -0.00415158  -0.00346591  -0.00275807   -0.0020413  -0.00133081 -0.000643914
 -0.00647642  -0.00597385  -0.00541671  -0.00480988   -0.0041602  -0.00347653  -0.00276972  -0.00205266  -0.00134029 -0.000649669
 -0.00651056  -0.00600743  -0.00544994   -0.0048426  -0.00419193  -0.00350646  -0.00279674  -0.00207542  -0.00135721 -0.000659027
 -0.00658081  -0.00607433  -0.00551338  -0.00490217  -0.00424689  -0.00355582  -0.00283927  -0.00210967  -0.00138165 -0.000672036
 -0.00668751  -0.00617488  -0.00560737  -0.00498888  -0.00432537  -0.00362487   -0.0028975   -0.0021556  -0.00141373 -0.000688763
  -0.0068312  -0.00630958  -0.00573236  -0.00510318  -0.00442777  -0.00371395  -0.00297176  -0.00221345  -0.00145362 -0.000709293
 -0.00701262  -0.00647912    -0.005889  -0.00524566  -0.00455461  -0.00382354  -0.00306241   -0.0022835  -0.00150153 -0.000733736
 -0.00723272  -0.00668439  -0.00607813  -0.00541707  -0.00470656  -0.00395421  -0.00316994  -0.00236615  -0.00155772 -0.000762223
-0.00749266 -0.00692649 -0.00630073 -0.00561831 -0.00488444 -0.00410665 -0.00329494 -0.00246182 -0.00162249 -0.00079491
 -0.00779384  -0.00720671    -0.006558  -0.00585047  -0.00508919  -0.00428169  -0.00343806  -0.00257104  -0.00169618 -0.000831972
-0.00813782  -0.0075265 -0.00685129 -0.00611475 -0.00532188 -0.00448023 -0.00360005 -0.00269437 -0.00177918 -0.00087358
  -0.0085076  -0.00786906  -0.00716396  -0.00639469   -0.0055662  -0.00468611  -0.00376487  -0.00281587  -0.00185565 -0.000904048
 -0.00886829   -0.0082005  -0.00746311  -0.00665837  -0.00579119   -0.0048693  -0.00390342  -0.00290737  -0.00189835 -0.000912603
 -0.00917597  -0.00847894  -0.00770891  -0.00686797  -0.00596102  -0.00499597  -0.00398382  -0.00293898  -0.00189491 -0.000898702
 -0.00937851  -0.00865539  -0.00785545  -0.00698065  -0.00603592  -0.00502935  -0.00397238  -0.00289557  -0.00184309 -0.000861692
 -0.00941623  -0.00867434   -0.0078514  -0.00694923  -0.00597283  -0.00493055  -0.00384988  -0.00277192  -0.00174035 -0.000800767
 -0.00922242   -0.0084744  -0.00764064  -0.00672288  -0.00572622  -0.00467488  -0.00360673  -0.00256224  -0.00158377 -0.000714952
 -0.00872432  -0.00798927  -0.00716334  -0.00624819  -0.00526465  -0.00424713  -0.00323268  -0.00226028  -0.00137015 -0.000603133
 -0.00784586  -0.00715036  -0.00635838  -0.00548708  -0.00456729  -0.00363241   -0.0027178   -0.0018601  -0.00109654 -0.000464335
 -0.00651314  -0.00589208  -0.00518395   -0.0044157  -0.00361689  -0.00281901  -0.00205486  -0.00135787 -0.000761456 -0.000298357
 -0.00464122  -0.00415494  -0.00360029  -0.00300269  -0.00238952  -0.00178947   -0.0012319 -0.000746158 -0.000360971  -0.00010377
 -0.00252654  -0.00220646  -0.00183614  -0.00143933  -0.00104108 -0.000667076 -0.000343008 -9.39182e-05  5.64647e-05 -1.35525e-20
 -0.00047581  -0.00031959 -0.000131147  6.73356e-05  0.000253035  0.000403137  0.000495496  0.000509292  6.77626e-21 -1.50463e-36
  0.00147443   0.00147071   0.00148123   0.00148525   0.00146207   0.00139164   0.00125528   1.0842e-19  7.52316e-37 -1.67048e-52
 0.00327936  0.00312229  0.00296139   0.0027773   0.0025513  0.00226606  2.1684e-19 1.20371e-35 8.35239e-53 -1.8546e-68
  0.00507256   0.00476415   0.00443369   0.00406304   0.00363545  4.33681e-19  2.40741e-35  1.33638e-51  9.27302e-69 -2.05902e-84
   0.00651254    0.00607094    0.00558877    0.00504909   4.33681e-19   4.81482e-35   2.67276e-51   1.48368e-67   1.02951e-84 -2.28597e-100
   0.00765191    0.00709645    0.00648155   8.67362e-19   4.81482e-35   5.34553e-51   2.96736e-67   1.64722e-83  1.14299e-100 -2.53794e-116
   0.00842365    0.00778046   8.67362e-19   9.62965e-35   5.34553e-51   5.93473e-67   3.29444e-83   1.82878e-99  1.26897e-116 -2.81768e-132
   0.00876298   8.67362e-19   9.62965e-35   1.06911e-50   5.93473e-67   6.58887e-83   3.65756e-99  2.03035e-115  1.40884e-132 -3.12825e-148
  1.73472e-18   9.62965e-35   1.06911e-50   1.18695e-66   6.58887e-83   7.31512e-99  4.06071e-115  2.25415e-131  1.56413e-148 -3.47306e-164
  1.92593e-34   1.06911e-50   1.18695e-66   1.31777e-82   7.31512e-99  8.12141e-115  4.50829e-131   2.5026e-147  1.73653e-164 -3.85587e-180
  2.13821e-50   1.18695e-66   1.31777e-82   1.46302e-98  8.12141e-115  9.01658e-131  5.00521e-147  2.77845e-163  1.92794e-180 -4.28088e-196
  2.37389e-66   1.31777e-82   1.46302e-98  1.62428e-114  9.01658e-131  1.00104e-146   5.5569e-163   3.0847e-179  2.14044e-196 -4.75273e-212
  2.63555e-82   1.46302e-98  1.62428e-114  1.80332e-130  1.00104e-146  1.11138e-162  6.16939e-179   3.4247e-195  2.37636e-212 -5.27659e-228
  2.92605e-98  1.62428e-114  1.80332e-130  2.00208e-146  1.11138e-162  1.23388e-178   6.8494e-195  3.80218e-211  2.63829e-228 -5.85819e-244
3.24857e-114 1.80332e-130 2.00208e-146 2.22276e-162 1.23388e-178 1.36988e-194 7.60437e-211 4.22127e-227  2.9291e-244 -6.5039e-260
 3.60663e-130  2.00208e-146  2.22276e-162  2.46776e-178  1.36988e-194  1.52087e-210  8.44254e-227  4.68655e-243  3.25195e-260 -7.22078e-276
 4.00417e-146  2.22276e-162  2.46776e-178  2.73976e-194  1.52087e-210  1.68851e-226  9.37311e-243  5.20312e-259  3.61039e-276 -8.01667e-292
4.44552e-162 2.46776e-178 2.73976e-194 3.04175e-210 1.68851e-226 1.87462e-242 1.04062e-258 5.77662e-275 4.00834e-292 -8.9003e-308
 4.93552e-178  2.73976e-194  3.04175e-210  3.37702e-226  1.87462e-242  2.08125e-258  1.15532e-274  6.41334e-291  4.45015e-308 -9.88131e-324
5.47952e-194 3.04175e-210 3.37702e-226 3.74924e-242 2.08125e-258 2.31065e-274 1.28267e-290 7.12024e-307 4.94066e-324            0
6.08349e-210 3.37702e-226 3.74924e-242 4.16249e-258 2.31065e-274 2.56534e-290 1.42405e-306 7.90505e-323            0            0
6.75403e-226 3.74924e-242 4.16249e-258  4.6213e-274 2.56534e-290 2.84809e-306 1.58101e-322            0            0            0
7.49848e-242 4.16249e-258  4.6213e-274 5.13067e-290 2.84809e-306 3.16202e-322            0            0            0            0
8.32499e-258  4.6213e-274 5.13067e-290 5.69619e-306 3.16202e-322            0            0            0            0            0
 9.2426e-274 5.13067e-290 5.69619e-306 6.32404e-322            0            0            0            0            0            0
1.02613e-289 5.69619e-306 6.32404e-322            0            0            0            0            0            0            0
1.13924e-305 6.32404e-322            0            0            0            0            0            0            0            0
1.26481e-321            0            0            0            0            0            0            0            0            0
0 0 0 0 0 0 0 0 0 0
          0           0           0           0           0           0           0           0           0 0.000903349
          0           0           0           0           0           0           0           0  0.00189676 0.000911809
          0           0           0           0           0           0           0  0.00293633  0.00189313 0.000897819
         0          0          0          0          0          0 0.00396847 0.00289262 0.00184113 0.00086072
          0           0           0           0           0  0.00492523  0.00384558  0.00276868  0.00173821 0.000799712
          0           0           0           0  0.00571933  0.00466907  0.00360206  0.00255873  0.00158145 0.000713816
          0           0           0  0.00623966  0.00525721  0.00424087  0.00322766  0.00225652  0.00136768 0.000601921
          0           0  0.00634815  0.00547796  0.00455936  0.00362574  0.00271245  0.00185611  0.00109391 0.000463049
          0  0.00588019  0.00517314  0.00440607  0.00360851  0.00281198  0.00204922  0.00135366 0.000758684 0.000297001
 0.00462779  0.00414253    0.003589  0.00299262  0.00238077  0.00178212    0.001226 0.000741748 0.000358064 0.000102346
  0.00251492   0.00219585   0.00182666   0.00143108   0.00103415  0.000661556  0.000338961  9.13874e-05 -5.74651e-05 -8.59066e-05
 0.000468963  0.000313644  0.000126215 -7.11425e-05 -0.000255616 -0.000404404 -0.000495378 -0.000507743 -0.000422734  -0.00024936
 -0.00147293  -0.00146861  -0.00147841   -0.0014816  -0.00145748  -0.00138602  -0.00124855  -0.00102845 -0.000736889  -0.00038843
 -0.00326538  -0.00310829  -0.00294724  -0.00276287  -0.00253649  -0.00225076  -0.00189042  -0.00146804  -0.00099957 -0.000503372
 -0.00509063  -0.00478089  -0.00444897  -0.00407673  -0.00364742  -0.00314637  -0.00257722  -0.00195694  -0.00130532 -0.000644726
 -0.00653208  -0.00608905  -0.00560532  -0.00506393  -0.00445003  -0.00376706  -0.00303185  -0.00226405  -0.00148591 -0.000722198
 -0.00767318  -0.00711618  -0.00649959  -0.00580759  -0.00504266  -0.00422069  -0.00336038  -0.00248311  -0.00161276 -0.000775552
 -0.00844698  -0.00780211  -0.00707832  -0.00627635  -0.00541033  -0.00449726  -0.00355678  -0.00261109  -0.00168478 -0.000804729
 -0.00878871  -0.00808966  -0.00730729  -0.00645315  -0.00554167  -0.00458997  -0.00361773  -0.00264706  -0.00170241 -0.000810452
  -0.0086226   -0.0079278  -0.00715441  -0.00631345  -0.00541865  -0.00448631  -0.00353521  -0.00258651  -0.00166363 -0.000792207
  -0.0082259  -0.00756468  -0.00682888   -0.0060287  -0.00517695   -0.0042889   -0.0033822  -0.00247676  -0.00159473 -0.000760355
 -0.00787573  -0.00724437  -0.00654199  -0.00577807  -0.00496455  -0.00411577  -0.00324833  -0.00238104  -0.00153486 -0.000732814
 -0.00756985  -0.00696479  -0.00629188  -0.00555991  -0.00478006  -0.00396577  -0.00313272  -0.00229869   -0.0014836 -0.000709385
 -0.00730647  -0.00672431  -0.00607708  -0.00537296  -0.00462238  -0.00383802  -0.00303467  -0.00222924  -0.00144067 -0.000689932
 -0.00708406  -0.00652153  -0.00589636  -0.00521612  -0.00449062  -0.00373177  -0.00295363  -0.00217226   -0.0014058 -0.000674339
 -0.00690131  -0.00635525  -0.00574863  -0.00508848  -0.00438397   -0.0036464   -0.0028891  -0.00212743  -0.00137878 -0.000662514
 -0.00675712   -0.0062245  -0.00563304  -0.00498927  -0.00430182  -0.00358139   -0.0028407  -0.00209448  -0.00135946 -0.000654383
 -0.00665065  -0.00612847  -0.00554886  -0.00491788  -0.00424366  -0.00353635  -0.00280814   -0.0020732  -0.00134771 -0.000649897
 -0.00658122  -0.00606658  -0.00549559  -0.00487388  -0.00420912    -0.003511   -0.0027912  -0.00206344  -0.00134346 -0.000649023
-0.00654838 -0.00603842 -0.00547287 -0.00485697 -0.00419797 -0.00350514 -0.00278977 -0.00206515 -0.00134666 -0.00065175
 -0.00655189  -0.00604377  -0.00548052  -0.00486701  -0.00421011  -0.00351873   -0.0028038   -0.0020783  -0.00135733 -0.000658087
  -0.0065917   -0.0060826  -0.00551853    -0.004904  -0.00424556   -0.0035518  -0.00283335  -0.00210296   -0.0013755 -0.000668063
 -0.00666797  -0.00615508  -0.00558705  -0.00496811  -0.00430449   -0.0036045  -0.00287856  -0.00213923  -0.00140127 -0.000681727
 -0.00678106  -0.00626153  -0.00568642  -0.00505964  -0.00438716  -0.00367709  -0.00293964  -0.00218729  -0.00143476 -0.000699149
 -0.00693152   -0.0064025  -0.00581712  -0.00517904  -0.00449401  -0.00376993  -0.00301692   -0.0022474  -0.00147616 -0.000720419
 -0.00712013  -0.00657869  -0.00597983  -0.00532694  -0.00462558   -0.0038835  -0.00311079  -0.00231987  -0.00152566 -0.000745649
 -0.00734786  -0.00679104   -0.0061754  -0.00550411  -0.00478255  -0.00401841  -0.00322174  -0.00240508  -0.00158355 -0.000774974
 -0.00761593  -0.00704065  -0.00640486  -0.00571148  -0.00496577  -0.00417536  -0.00335037  -0.00250348  -0.00165013 -0.000808555
 -0.00792574  -0.00732887  -0.00666943  -0.00595017  -0.00517622  -0.00435521  -0.00349737  -0.00261562  -0.00172576 -0.000846572
 -0.00827895  -0.00765721  -0.00697051  -0.00622142  -0.00541499  -0.00455889   -0.0036635  -0.00274206  -0.00181082 -0.000889201
 -0.00865868  -0.00800898  -0.00729158  -0.00650888  -0.00566588  -0.00477032  -0.00383281  -0.00286694  -0.00188954 -0.000920776
-0.00903003  -0.0083503 -0.00759975 -0.00678063 -0.00589792 -0.00495947 -0.00397616 -0.00296206 -0.00193464 -0.00093052
 -0.00934915  -0.00863934  -0.00785522  -0.00699888  -0.00607532  -0.00509253  -0.00406174  -0.00299756  -0.00193379 -0.000917898
 -0.00956399  -0.00882718  -0.00801215  -0.00712087  -0.00615834  -0.00513279  -0.00405584  -0.00295833  -0.00188475 -0.000882261
 -0.00961493  -0.00885838  -0.00801927  -0.00709945  -0.00610399  -0.00504139  -0.00393932  -0.00283917  -0.00178499 -0.000822815
 -0.00943532   -0.0086716  -0.00782053  -0.00688387  -0.00586678  -0.00479367  -0.00370259  -0.00263433  -0.00163163 -0.000738592
 -0.00895252  -0.00820064  -0.00735615  -0.00642076  -0.00541533  -0.00437447  -0.00333545  -0.00233758  -0.00142147 -0.000628486
 -0.00809052  -0.00737698  -0.00656511  -0.00567211  -0.00472887  -0.00376897  -0.00282802    -0.001943  -0.00115159 -0.000491532
 -0.00677553  -0.00613512  -0.00540568  -0.00461415   -0.0037902  -0.00296549   -0.0021731  -0.00144681  -0.00082052 -0.000327542
 -0.00492269  -0.00441567  -0.00383816  -0.00321559  -0.00257546  -0.00194664  -0.00135877 -0.000841601 -0.000424359 -0.000135095
 -0.00283098   -0.0024886  -0.00209372   -0.0016701  -0.00124288 -0.000837963 -0.000481347 -0.000198493 -1.36671e-05 -2.71051e-20
-0.000807945 -0.000627645 -0.000412685 -0.000185265  3.16776e-05  0.000215112  0.000342561  0.000392758 -1.69407e-21 -3.00927e-36
  0.00110912    0.0011316   0.00117092   0.00120635   0.00121705   0.00118275   0.00108441  5.42101e-20 -1.88079e-37 -3.34096e-52
  0.00287468   0.00274633   0.00261698    0.0024672   0.00227819   0.00203234   2.1684e-19  6.01853e-36  -2.0881e-53 -3.70921e-68
  0.00467114   0.00439227   0.00409437   0.00375928    0.0033701            0  2.40741e-35  6.68191e-52 -2.31825e-69 -4.11805e-84
   0.00608127    0.00567141    0.00522422    0.00472273   8.67362e-19             0   2.67276e-51   7.41841e-68  -2.57378e-85 -4.57195e-100
   0.00718848    0.00666712     0.0060898   8.67362e-19   9.62965e-35             0   2.96736e-67   8.23609e-84 -2.85747e-101 -5.07588e-116
   0.00792558    0.00731903   1.73472e-18   9.62965e-35   1.06911e-50             0   3.29444e-83   9.1439e-100 -3.17243e-117 -5.63536e-132
   0.00822759   8.67362e-19   1.92593e-34   1.06911e-50   1.18695e-66             0   3.65756e-99  1.01518e-115  -3.5221e-133 -6.25651e-148
            0   9.62965e-35   2.13821e-50   1.18695e-66   1.31777e-82             0  4.06071e-115  1.12707e-131 -3.91032e-149 -6.94612e-164
            0   1.06911e-50   2.37389e-66   1.31777e-82   1.46302e-98             0  4.50829e-131   1.2513e-147 -4.34133e-165 -7.71174e-180
            0   1.18695e-66   2.63555e-82   1.46302e-98  1.62428e-114             0  5.00521e-147  1.38922e-163 -4.81984e-181 -8.56176e-196
            0   1.31777e-82   2.92605e-98  1.62428e-114  1.80332e-130             0   5.5569e-163  1.54235e-179  -5.3511e-197 -9.50546e-212
            0   1.46302e-98  3.24857e-114  1.80332e-130  2.00208e-146             0  6.16939e-179  1.71235e-195 -5.94091e-213 -1.05532e-227
            0  1.62428e-114  3.60663e-130  2.00208e-146  2.22276e-162             0   6.8494e-195  1.90109e-211 -6.59574e-229 -1.17164e-243
            0  1.80332e-130  4.00417e-146  2.22276e-162  2.46776e-178             0  7.60437e-211  2.11064e-227 -7.32274e-245 -1.30078e-259
            0  2.00208e-146  4.44552e-162  2.46776e-178  2.73976e-194             0  8.44254e-227  2.34328e-243 -8.12987e-261 -1.44416e-275
            0  2.22276e-162  4.93552e-178  2.73976e-194  3.04175e-210             0  9.37311e-243  2.60156e-259 -9.02597e-277 -1.60333e-291
            0  2.46776e-178  5.47952e-194  3.04175e-210  3.37702e-226             0  1.04062e-258  2.88831e-275 -1.00208e-292 -1.78006e-307
            0  2.73976e-194  6.08349e-210  3.37702e-226  3.74924e-242             0  1.15532e-274  3.20667e-291 -1.11254e-308 -1.97626e-323
           0 3.04175e-210 6.75403e-226 3.74924e-242 4.16249e-258            0 1.28267e-290 3.56012e-307            0            0
           0 3.37702e-226 7.49848e-242 4.16249e-258  4.6213e-274            0 1.42405e-306 3.95253e-323            0            0
           0 3.74924e-242 8.32499e-258  4.6213e-274 5.13067e-290            0 1.58101e-322            0            0            0
           0 4.16249e-258  9.2426e-274 5.13067e-290 5.69619e-306            0            0            0            0            0
           0  4.6213e-274 1.02613e-289 5.69619e-306 6.32404e-322            0            0            0            0            0
           0 5.13067e-290 1.13924e-305 6.32404e-322            0            0            0            0            0            0
           0 5.69619e-306 1.26481e-321            0            0            0            0            0            0            0
           0 6.32404e-322            0            0            0            0            0            0            0            0
0 0 0 0 0 0 0 0 0 0
0 0 0 0 0 0 0 0 0 0
          0           0           0           0           0           0           0           0           0 0.000602918
          0           0           0           0           0           0           0           0  0.00124321 0.000588371
          0           0           0           0           0           0           0  0.00187825  0.00118953 0.000549596
          0           0           0           0           0           0  0.00245596   0.0017535   0.0010836 0.000485802
          0           0           0           0           0  0.00290998  0.00221723   0.0015423 0.000922634 0.000396067
          0           0           0           0  0.00317288  0.00251737  0.00186653  0.00125562 0.000720303 0.000295817
          0           0           0  0.00316971  0.00258331  0.00199012  0.00142313 0.000915724 0.000500875 0.000194159
          0           0  0.00281012  0.00232885  0.00183117  0.00134769 0.000909386 0.000546856 0.000273297 9.07633e-05
           0   0.00199301    0.0016566   0.00129614   0.00093969  0.000615703  0.000352247  0.000160015  3.85749e-05 -1.38007e-05
 0.000594243  0.000446581  0.000269471  8.82608e-05 -7.12883e-05 -0.000183793 -0.000241225  -0.00024666 -0.000204443 -0.000120057
 -0.00115992  -0.00115179  -0.00115199  -0.00113685  -0.00108311 -0.000984865 -0.000847341 -0.000677049 -0.000481658 -0.000269885
 -0.00266169  -0.00251663  -0.00235868  -0.00216578  -0.00193325  -0.00166756  -0.00137647  -0.00106893 -0.000754945 -0.000394369
 -0.00386233  -0.00360382  -0.00331102  -0.00297956  -0.00261622  -0.00222913  -0.00182758  -0.00142199 -0.000972853 -0.000493435
 -0.00471178  -0.00436878  -0.00398594  -0.00356943  -0.00312678  -0.00266673  -0.00219915  -0.00168437  -0.00113519 -0.000567449
 -0.00510583  -0.00473257  -0.00432263  -0.00388203  -0.00341799  -0.00293891  -0.00240541  -0.00182889  -0.00122376 -0.000607365
 -0.00542573  -0.00503905  -0.00461836  -0.00416923  -0.00369838  -0.00316477  -0.00257813  -0.00195118  -0.00129962 -0.000642046
 -0.00591126  -0.00549605   -0.0050493  -0.00457618  -0.00403412  -0.00343131  -0.00277892  -0.00209107  -0.00138484 -0.000680203
 -0.00656836  -0.00610747  -0.00561735    -0.005054  -0.00442418  -0.00373762  -0.00300701  -0.00224797  -0.00147905 -0.000721642
 -0.00739912   -0.0068735  -0.00627205  -0.00560018  -0.00486629  -0.00408174  -0.00326081  -0.00242069  -0.00158144 -0.000765968
 -0.00725787  -0.00674486  -0.00615709  -0.00549975    -0.004781   -0.0040119  -0.00320642  -0.00238141  -0.00155653 -0.000754299
 -0.00712805  -0.00662666  -0.00605149  -0.00540753   -0.0047027  -0.00394781  -0.00315654  -0.00234539  -0.00153371 -0.000743614
 -0.00700783  -0.00651721   -0.0059537  -0.00532214   -0.0046302  -0.00388848  -0.00311036  -0.00231206  -0.00151259 -0.000733727
 -0.00689945  -0.00641862  -0.00586571  -0.00524536   -0.0045651  -0.00383525  -0.00306898  -0.00228224  -0.00149372 -0.000724912
 -0.00679497  -0.00632346  -0.00578067  -0.00517108  -0.00450201   -0.0037836  -0.00302877  -0.00225319  -0.00147531 -0.000716289
 -0.00669261  -0.00623011  -0.00569711  -0.00509796   -0.0044398  -0.00373257  -0.00298895  -0.00222437  -0.00145699 -0.000707679
 -0.00659695  -0.00614285  -0.00561899  -0.00502959  -0.00438162  -0.00368482  -0.00295168  -0.00219738  -0.00143983 -0.000699615
 -0.00651143  -0.00606491  -0.00554929  -0.00496866  -0.00432983  -0.00364239   -0.0029186  -0.00217347  -0.00142465 -0.000692497
 -0.00643605  -0.00599631  -0.00548804  -0.00491519  -0.00428447  -0.00360529  -0.00288975  -0.00215266  -0.00141148 -0.000686339
-0.00636839 -0.00593479 -0.00543316 -0.00486735 -0.00424393 -0.00357217 -0.00286404 -0.00213414 -0.00139978 -0.00068088
 -0.00630545  -0.00587757  -0.00538211  -0.00482284  -0.00420621  -0.00354136   -0.0028401  -0.00211691  -0.00138889 -0.000675797
 -0.00624528  -0.00582281  -0.00533322  -0.00478016     -0.00417  -0.00351174  -0.00281707   -0.0021003  -0.00137838 -0.000670881
 -0.00618809  -0.00577072  -0.00528667   -0.0047395  -0.00413547  -0.00348348  -0.00279507  -0.00208441  -0.00136831 -0.000666166
 -0.00613505  -0.00572243  -0.00524351   -0.0047018  -0.00410346  -0.00345727  -0.00277467  -0.00206968  -0.00135897 -0.000661795
 -0.00608723   -0.0056789  -0.00520465  -0.00466789  -0.00407469  -0.00343375  -0.00275637  -0.00205649  -0.00135062 -0.000657893
 -0.00604464   -0.0056402  -0.00517014  -0.00463781  -0.00404922  -0.00341295  -0.00274023  -0.00204487  -0.00134329 -0.000654472
 -0.00600601  -0.00560511  -0.00513887  -0.00461058  -0.00402617  -0.00339415  -0.00272565  -0.00203439  -0.00133668 -0.000651396
    -0.00597   -0.0055724  -0.00510972  -0.00458519  -0.00400468  -0.00337662  -0.00271205  -0.00202461  -0.00133051 -0.000648523
 -0.00593595  -0.00554144  -0.00508211  -0.00456113   -0.0039843  -0.00335997  -0.00269913  -0.00201532  -0.00132464 -0.000645785
 -0.00590415  -0.00551254  -0.00505633  -0.00453866  -0.00396525  -0.00334442  -0.00268705  -0.00200662  -0.00131914 -0.000643222
-0.00587498 -0.00548602 -0.00503269 -0.00451806  -0.0039478 -0.00333017   -0.002676 -0.00199866 -0.00131412 -0.00064088
 -0.00577515   -0.0053899  -0.00494047  -0.00442991  -0.00386383  -0.00325044  -0.00260048  -0.00192728  -0.00124672 -0.000577231
 -0.00558368  -0.00520556  -0.00476344  -0.00426032  -0.00370178  -0.00309596  -0.00245356  -0.00178785  -0.00111463 -0.000512492
 -0.00527926  -0.00491424  -0.00448539  -0.00399568  -0.00345064  -0.00285837  -0.00222952  -0.00157727 -0.000977616 -0.000446508
  -0.0048467  -0.00450306  -0.00409573  -0.00362766  -0.00310432  -0.00253378  -0.00192663  -0.00135628 -0.000836065  -0.00037946
 -0.00427414  -0.00396239  -0.00358701  -0.00315091  -0.00265956  -0.00212096  -0.00160603  -0.00112555   -0.0006904 -0.000311535
 -0.00353781  -0.00327172  -0.00294215  -0.00255196  -0.00210658  -0.00167434  -0.00126342 -0.000882119 -0.000538798 -0.000241916
 -0.00263303  -0.00242849  -0.00216062  -0.00183225   -0.0015091  -0.00119678 -0.000900988 -0.000627507 -0.000382208 -0.000171035
 -0.00155544  -0.00143055   -0.0012424  -0.00105417 -0.000868897 -0.000689694 -0.000519782 -0.000362452 -0.000221076 -9.90908e-05
-0.000296655  -0.00027222 -0.000244988  -0.00021542 -0.000184074 -0.000151593   -0.0001187 -8.61942e-05 -5.49441e-05 -2.58821e-05
-0.000274984 -0.000252328 -0.000227081  -0.00019967 -0.000170612 -0.000140502 -0.000110013 -7.98835e-05 -5.09197e-05 -2.39854e-05
-0.000179759 -0.000160015 -0.000137868 -0.000113718 -8.80408e-05 -6.13906e-05 -3.43896e-05 -7.72421e-06  1.78596e-05 -3.38813e-21
 1.16843e-05  2.48548e-05  4.02514e-05  5.75055e-05  7.61733e-05  9.57422e-05  0.000115635  0.000135215  3.38813e-21 -3.76158e-37
 0.000319691  0.000320092  0.000322557  0.000326744   0.00033224  0.000338571    0.0003452  2.71051e-20  3.76158e-37 -4.17619e-53
 0.000762376  0.000741268  0.000722073  0.000704473  0.000688088  0.000672475  5.42101e-20  3.00927e-36  4.17619e-53 -4.63651e-69
 0.000768254  0.000746671  0.000726947  0.000708773  0.000691779  0.000675536  6.01853e-36  3.34096e-52  4.63651e-69 -5.14756e-85
  0.000768254   0.000746671   0.000726947   0.000708773   0.000691779   0.000675536   6.68191e-52   3.70921e-68   5.14756e-85 -5.71494e-101
  0.000768254   0.000746671   0.000726947   0.000708773   0.000691779   0.000675536   7.41841e-68   4.11805e-84  5.71494e-101 -6.34485e-117
 0.000768254  0.000746671  0.000726947  0.000708773  0.000691779  0.000675536  8.23609e-84 4.57195e-100 6.34485e-117 -7.0442e-133
  0.000768254   0.000746671   0.000726947   0.000708773   0.000691779   0.000675536   9.1439e-100  5.07588e-116   7.0442e-133 -7.82064e-149
  0.000768254   0.000746671   0.000726947   0.000708773   0.000691779   0.000675536  1.01518e-115  5.63536e-132  7.82064e-149 -8.68265e-165
  0.000768254   0.000746671   0.000726947   0.000708773   0.000691779   0.000675536  1.12707e-131  6.25651e-148  8.68265e-165 -9.63968e-181
  0.000768254   0.000746671   0.000726947   0.000708773   0.000691779   0.000675536   1.2513e-147  6.94612e-164  9.63968e-181 -1.07022e-196
  0.000768254   0.000746671   0.000726947   0.000708773   0.000691779   0.000675536  1.38922e-163  7.71174e-180  1.07022e-196 -1.18818e-212
  0.000768254   0.000746671   0.000726947   0.000708773   0.000691779   0.000675536  1.54235e-179  8.56176e-196  1.18818e-212 -1.31915e-228
  0.000768254   0.000746671   0.000726947   0.000708773   0.000691779   0.000675536  1.71235e-195  9.50546e-212  1.31915e-228 -1.46455e-244
  0.000768254   0.000746671   0.000726947   0.000708773   0.000691779   0.000675536  1.90109e-211  1.05532e-227  1.46455e-244 -1.62597e-260
  0.000768254   0.000746671   0.000726947   0.000708773   0.000691779   0.000675536  2.11064e-227  1.17164e-243  1.62597e-260 -1.80519e-276
  0.000768254   0.000746671   0.000726947   0.000708773   0.000691779   0.000675536  2.34328e-243  1.30078e-259  1.80519e-276 -2.00417e-292
  0.000768254   0.000746671   0.000726947   0.000708773   0.000691779   0.000675536  2.60156e-259  1.44416e-275  2.00417e-292 -2.22507e-308
  0.000768254   0.000746671   0.000726947   0.000708773   0.000691779   0.000675536  2.88831e-275  1.60333e-291  2.22507e-308 -4.94066e-324
 0.000768254  0.000746671  0.000726947  0.000708773  0.000691779  0.000675536 3.20667e-291 1.78006e-307 4.94066e-324            0
 0.000768254  0.000746671  0.000726947  0.000708773  0.000691779  0.000675536 3.56012e-307 1.97626e-323            0            0
 0.000768254  0.000746671  0.000726947  0.000708773  0.000691779  0.000675536 3.95253e-323            0            0            0
0.000768254 0.000746671 0.000726947 0.000708773 0.000691779 0.000675536           0           0           0           0
0.000768254 0.000746671 0.000726947 0.000708773 0.000691779 0.000675536           0           0           0           0
0.000768254 0.000746671 0.000726947 0.000708773 0.000691779 0.000675536           0           0           0           0
0.000768254 0.000746671 0.000726947 0.000708773 0.000691779 0.000675536           0           0           0           0
0.000768254 0.000746671 0.000726947 0.000708773 0.000691779 0.000675536           0           0           0           0
0.000768254 0.000746671 0.000726947 0.000708773 0.000691779 0.000675536           0           0           0           0
0.000768254 0.000746671 0.000726947 0.000708773 0.000691779 0.000675536           0           0           0           0
0.000768254 0.000746671 0.000726947 0.000708773 0.000691779 0.000675536           0           0           0           0
0.000768254 0.000746671 0.000726947 0.000708773 0.000691779 0.000675536           0           0           0           0
0.000768254 0.000746671 0.000726947 0.000708773 0.000691779 0.000675536           0           0           0           0
0.000768254 0.000746671 0.000726947 0.000708773 0.000691779 0.000675536           0           0           0           0
0.000768254 0.000746671 0.000726947 0.000708773 0.000691779 0.000675536           0           0           0           0
0.000768254 0.000746671 0.000726947 0.000708773 0.000691779 0.000675536           0           0           0           0
0.000768254 0.000746671 0.000726947 0.000708773 0.000691779 0.000675536           0           0           0           0
0.000768254 0.000746671 0.000726947 0.000708773 0.000691779 0.000675536           0           0           0           0
0.000768254 0.000746671 0.000726947 0.000708773 0.000691779 0.000675536           0           0           0           0
0.000768254 0.000746671 0.000726947 0.000708773 0.000691779 0.000675536           0           0           0           0
0.000768254 0.000746671 0.000726947 0.000708773 0.000691779 0.000675536           0           0           0           0
0.000768254 0.000746671 0.000726947 0.000708773 0.000691779 0.000675536           0           0           0           0
0.000768254 0.000746671 0.000726947 0.000708773 0.000691779 0.000675536           0           0           0           0
0.000768254 0.000746671 0.000726947 0.000708773 0.000691779 0.000675536           0           0           0           0
0.000768254 0.000746671 0.000726947 0.000708773 0.000691779 0.000675536           0           0           0           0
0.000768254 0.000746671 0.000726947 0.000708773 0.000691779 0.000675536           0           0           0           0
0.000768254 0.000746671 0.000726947 0.000708773 0.000691779 0.000675536           0           0           0           0
0.000768254 0.000746671 0.000726947 0.000708773 0.000691779 0.000675536           0           0           0           0
0.000768254 0.000746671 0.000726947 0.000708773 0.000691779 0.000675536           0           0           0           0
0.000768254 0.000746671 0.000726947 0.000708773 0.000691779 0.000675536           0           0           0           0
0.000768254 0.000746671 0.000726947 0.000708773 0.000691779 0.000675536           0           0           0           0
0.000768254 0.000746671 0.000726947 0.000708773 0.000691779 0.000675536           0           0           0           0
0.000768254 0.000746671 0.000726947 0.000708773 0.000691779 0.000675536           0           0           0           0
0.000768254 0.000746671 0.000726947 0.000708773 0.000691779 0.000675536           0           0           0           0
0.000768254 0.000746671 0.000726947 0.000708773 0.000691779 0.000675536           0           0           0           0
0.000768254 0.000746671 0.000726947 0.000708773 0.000691779 0.000675536           0           0           0           0
0.000768254 0.000746671 0.000726947 0.000708773 0.000691779 0.000675536           0           0           0           0
0.000768254 0.000746671 0.000726947 0.000708773 0.000691779 0.000675536           0           0           0           0
0.000768254 0.000746671 0.000726947 0.000708773 0.000691779 0.000675536           0           0           0           0
0.000768254 0.000746671 0.000726947 0.000708773 0.000691779 0.000675536           0           0           0           0
0.000768254 0.000746671 0.000726947 0.000708773 0.000691779 0.000675536           0           0           0           0
0.000768254 0.000746671 0.000726947 0.000708773 0.000691779 0.000675536           0           0           0           0
0.000768254 0.000746671 0.000726947 0.000708773 0.000691779 0.000675536           0           0           0           0
0.000768254 0.000746671 0.000726947 0.000708773 0.000691779 0.000675536           0           0           0           0
0.000768254 0.000746671 0.000726947 0.000708773 0.000691779 0.000675536           0           0           0           0
0.000768254 0.000746671 0.000726947 0.000708773 0.000691779 0.000675536           0           0           0           0
0.000768254 0.000746671 0.000726947 0.000708773 0.000691779 0.000675536           0           0           0           0
0.000768254 0.000746671 0.000726947 0.000708773 0.000691779 0.000675536           0           0           0           0
0.000768254 0.000746671 0.000726947 0.000708773 0.000691779 0.000675536           0           0           0           0
0.000768254 0.000746671 0.000726947 0.000708773 0.000691779 0.000675536           0           0           0           0
0.000768254 0.000746671 0.000726947 0.000708773 0.000691779 0.000675536           0           0           0           0
0.000768254 0.000746671 0.000726947 0.000708773 0.000691779 0.000675536           0           0           0           0
0.000768254 0.000746671 0.000726947 0.000708773 0.000691779 0.000675536           0           0           0           0
0.000768254 0.000746671 0.000726947 0.000708773 0.000691779 0.000675536           0           0           0           0
0.000768254 0.000746671 0.000726947 0.000708773 0.000691779 0.000675536           0           0           0           0
0.000768254 0.000746671 0.000726947 0.000708773 0.000691779 0.000675536           0           0           0           0
0.000768254 0.000746671 0.000726947 0.000708773 0.000691779 0.000675536           0           0           0           0
0.000768254 0.000746671 0.000726947 0.000708773 0.000691779 0.000675536           0           0           0           0
0.000768254 0.000746671 0.000726947 0.000708773 0.000691779 0.000675536           0           0           0           0
0.000768254 0.000746671 0.000726947 0.000708773 0.000691779 0.000675536           0           0           0           0
0.000768254 0.000746671 0.000726947 0.000708773 0.000691779 0.000675536           0           0           0           0
0.000768254 0.000746671 0.000726947 0.000708773 0.000691779 0.000675536           0           0           0           0
0.000768254 0.000746671 0.000726947 0.000708773 0.000691779 0.000675536           0           0           0           0
0.000768254 0.000746671 0.000726947 0.000708773 0.000691779 0.000675536           0           0           0           0
0.000768254 0.000746671 0.000726947 0.000708773 0.000691779 0.000675536           0           0           0           0
0.000768254 0.000746671 0.000726947 0.000708773 0.000691779 0.000675536           0           0           0           0
0.000768254 0.000746671 0.000726947 0.000708773 0.000691779 0.000675536           0           0           0           0
0.000768254 0.000746671 0.000726947 0.000708773 0.000691779 0.000675536           0           0           0           0
0.000768254 0.000746671 0.000726947 0.000708773 0.000691779 0.000675536           0           0           0           0
0.000768254 0.000746671 0.000726947 0.000708773 0.000691779 0.000675536           0           0           0           0
0.000768254 0.000746671 0.000726947 0.000708773 0.000691779 0.000675536           0           0           0           0
0.000768254 0.000746671 0.000726947 0.000708773 0.000691779 0.000675536           0           0           0           0
0.000768254 0.000746671 0.000726947 0.000708773 0.000691779 0.000675536           0           0           0           0
0.000768254 0.000746671 0.000726947 0.000708773 0.000691779 0.000675536           0           0           0           0
0.000768254 0.000746671 0.000726947 0.000708773 0.000691779 0.000675536           0           0           0           0
0.000768254 0.000746671 0.000726947 0.000708773 0.000691779 0.000675536           0           0           0           0
0.000768254 0.000746671 0.000726947 0.000708773 0.000691779 0.000675536           0           0           0           0
0.000768254 0.000746671 0.000726947 0.000708773 0.000691779 0.000675536           0           0           0           0
0.000768254 0.000746671 0.000726947 0.000708773 0.000691779 0.000675536           0           0           0           0
0.000768254 0.000746671 0.000726947 0.000708773 0.000691779 0.000675536           0           0           0           0
0.000768254 0.000746671 0.000726947 0.000708773 0.000691779 0.000675536           0           0           0           0
0.000768254 0.000746671 0.000726947 0.000708773 0.000691779 0.000675536           0           0           0           0
0.000768254 0.000746671 0.000726947 0.000708773 0.000691779 0.000675536           0           0           0           0
0.000768254 0.000746671 0.000726947 0.000708773 0.000691779 0.000675536           0           0           0           0
0.000768254 0.000746671 0.000726947 0.000708773 0.000691779 0.000675536           0           0           0           0
0.000768254 0.000746671 0.000726947 0.000708773 0.000691779 0.000675536           0           0           0           0
0.000768254 0.000746671 0.000726947 0.000708773 0.000691779 0.000675536           0           0           0           0
0.000768254 0.000746671 0.000726947 0.000708773 0.000691779 0.000675536           0           0           0           0
0.000768254 0.000746671 0.000726947 0.000708773 0.000691779 0.000675536           0           0           0           0
0.000768254 0.000746671 0.000726947 0.000708773 0.000691779 0.000675536           0           0           0           0
0.000768254 0.000746671 0.000726947 0.000708773 0.000691779 0.000675536           0           0           0           0
0.000768254 0.000746671 0.000726947 0.000708773 0.000691779 0.000675536           0           0           0           0
0.000768254 0.000746671 0.000726947 0.000708773 0.000691779 0.000675536           0           0           0           0
0.000768254 0.000746671 0.000726947 0.000708773 0.000691779 0.000675536           0           0           0           0
0.000768254 0.000746671 0.000726947 0.000708773 0.000691779 0.000675536           0           0           0           0
0.000768254 0.000746671 0.000726947 0.000708773 0.000691779 0.000675536           0           0           0           0
0.000768254 0.000746671 0.000726947 0.000708773 0.000691779 0.000675536           0           0           0           0
0.000768254 0.000746671 0.000726947 0.000708773 0.000691779 0.000675536           0           0           0           0
0.000768254 0.000746671 0.000726947 0.000708773 0.000691779 0.000675536           0           0           0           0
0.000768254 0.000746671 0.000726947 0.000708773 0.000691779 0.000675536           0           0           0           0
0.000768254 0.000746671 0.000726947 0.000708773 0.000691779 0.000675536           0           0           0           0
0.000768254 0.000746671 0.000726947 0.000708773 0.000691779 0.000675536           0           0           0           0
0.000768254 0.000746671 0.000726947 0.000708773 0.000691779 0.000675536           0           0           0           0
0.000768254 0.000746671 0.000726947 0.000708773 0.000691779 0.000675536           0           0           0           0
0.000768254 0.000746671 0.000726947 0.000708773 0.000691779 0.000675536           0           0           0           0
0.000768254 0.000746671 0.000726947 0.000708773 0.000691779 0.000675536           0           0           0           0
0.000768254 0.000746671 0.000726947 0.000708773 0.000691779 0.000675536           0           0           0           0
0.000768254 0.000746671 0.000726947 0.000708773 0.000691779 0.000675536           0           0           0           0
0.000768254 0.000746671 0.000726947 0.000708773 0.000691779 0.000675536           0           0           0           0
0.000768254 0.000746671 0.000726947 0.000708773 0.000691779 0.000675536           0           0           0           0
0.000768254 0.000746671 0.000726947 0.000708773 0.000691779 0.000675536           0           0           0           0
0.000768254 0.000746671 0.000726947 0.000708773 0.000691779 0.000675536           0           0           0           0
0.000768254 0.000746671 0.000726947 0.000708773 0.000691779 0.000675536           0           0           0           0
0.000768254 0.000746671 0.000726947 0.000708773 0.000691779 0.000675536           0           0           0           0
0.000768254 0.000746671 0.000726947 0.000708773 0.000691779 0.000675536           0           0           0           0
0.000768254 0.000746671 0.000726947 0.000708773 0.000691779 0.000675536           0           0           0           0
0.000768254 0.000746671 0.000726947 0.000708773 0.000691779 0.000675536           0           0           0           0
0.000768254 0.000746671 0.000726947 0.000708773 0.000691779 0.000675536           0           0           0           0
