-0.71 -0.71 -0.71 -0.71 -0.71 -0.71 -0.71 -0.71 -0.71 -0.71
-0.71 -0.71 -0.71 -0.71 -0.71 -0.71 -0.71 -0.71 -0.71 -0.71
-0.71 -0.71 -0.71 -0.71 -0.71 -0.71 -0.71 -0.71 -0.71 -0.71
-0.71 -0.71 -0.71 -0.71 -0.71 -0.71 -0.71 -0.71 -0.71 -0.71
-0.71 -0.71 -0.71 -0.71 -0.71 -0.71 -0.71 -0.71 -0.71 -0.71
-0.71 -0.71 -0.71 -0.71 -0.71 -0.71 -0.71 -0.71 -0.71 -0.71
-0.71 -0.71 -0.71 -0.71 -0.71 -0.71 -0.71 -0.71 -0.71 -0.71
-0.71 -0.71 -0.71 -0.71 -0.71 -0.71 -0.71 -0.71 -0.71 -0.71
-0.71 -0.71 -0.71 -0.71 -0.71 -0.71 -0.71 -0.71 -0.71 -0.71
-0.71 -0.71 -0.71 -0.71 -0.71 -0.71 -0.71 -0.71 -0.71 -0.71
-0.71 -0.71 -0.71 -0.71 -0.71 -0.71 -0.71 -0.71 -0.71 -0.71
-0.71 -0.71 -0.71 -0.71 -0.71 -0.71 -0.71 -0.71 -0.71 -0.71
-0.71 -0.71 -0.71 -0.71 -0.71 -0.71 -0.71 -0.71 -0.71 -0.71
-0.71 -0.71 -0.71 -0.71 -0.71 -0.71 -0.71 -0.71 -0.71 -0.71
-0.71 -0.71 -0.71 -0.71 -0.71 -0.71 -0.71 -0.71 -0.71 -0.71
-0.71 -0.71 -0.71 -0.71 -0.71 -0.71 -0.71 -0.71 -0.71 -0.71
-0.71 -0.71 -0.71 -0.71 -0.71 -0.71 -0.71 -0.71 -0.71 -0.71
-0.71 -0.71 -0.71 -0.71 -0.71 -0.71 -0.71 -0.71 -0.71 -0.71
-0.71 -0.71 -0.71 -0.71 -0.71 -0.71 -0.71 -0.71 -0.71 -0.71
-0.71 -0.71 -0.71 -0.71 -0.71 -0.71 -0.71 -0.71 -0.71 -0.71
-0.71 -0.71 -0.71 -0.71 -0.71 -0.71 -0.71 -0.71 -0.71 -0.71
-0.71 -0.71 -0.71 -0.71 -0.71 -0.71 -0.71 -0.71 -0.71 -0.71
-0.71 -0.71 -0.71 -0.71 -0.71 -0.71 -0.71 -0.71 -0.71 -0.71
-0.71 -0.71 -0.71 -0.71 -0.71 -0.71 -0.71 -0.71 -0.71 -0.71
-0.71 -0.71 -0.71 -0.71 -0.71 -0.71 -0.71 -0.71 -0.71 -0.71
-0.71 -0.71 -0.71 -0.71 -0.71 -0.71 -0.71 -0.71 -0.71 -0.71
-0.71 -0.71 -0.71 -0.71 -0.71 -0.71 -0.71 -0.71 -0.71 -0.71
-0.71 -0.71 -0.71 -0.71 -0.71 -0.71 -0.71 -0.71 -0.71 -0.71
-0.71 -0.71 -0.71 -0.71 -0.71 -0.71 -0.71 -0.71 -0.71 -0.71
-0.71 -0.71 -0.71 -0.71 -0.71 -0.71 -0.71 -0.71 -0.71 -0.71
-0.71 -0.71 -0.71 -0.71 -0.71 -0.71 -0.71 -0.71 -0.71 -0.71
-0.71 -0.71 -0.71 -0.71 -0.71 -0.71 -0.71 -0.71 -0.71 -0.71
-0.71 -0.71 -0.71 -0.71 -0.71 -0.71 -0.71 -0.71 -0.71 -0.71
-0.71 -0.71 -0.71 -0.71 -0.71 -0.71 -0.71 -0.71 -0.71 -0.71
-0.71 -0.71 -0.71 -0.71 -0.71 -0.71 -0.71 -0.71 -0.71 -0.71
-0.71 -0.71 -0.71 -0.71 -0.71 -0.71 -0.71 -0.71 -0.71 -0.71
-0.71 -0.71 -0.71 -0.71 -0.71 -0.71 -0.71 -0.71 -0.71 -0.71
-0.71 -0.71 -0.71 -0.71 -0.71 -0.71 -0.71 -0.71 -0.71 -0.71
-0.71 -0.71 -0.71 -0.71 -0.71 -0.71 -0.71 -0.71 -0.71 -0.71
-0.71 -0.71 -0.71 -0.71 -0.71 -0.71 -0.71 -0.71 -0.71 -0.71
-0.71 -0.71 -0.71 -0.71 -0.71 -0.71 -0.71 -0.71 -0.71 -0.71
-0.71 -0.71 -0.71 -0.71 -0.71 -0.71 -0.71 -0.71 -0.71 -0.71
-0.71 -0.71 -0.71 -0.71 -0.71 -0.71 -0.71 -0.71 -0.71 -0.71
-0.71 -0.71 -0.71 -0.71 -0.71 -0.71 -0.71 -0.71 -0.71 -0.71
-0.71 -0.71 -0.71 -0.71 -0.71 -0.71 -0.71 -0.71 -0.71 -0.71
-0.71 -0.71 -0.71 -0.71 -0.71 -0.71 -0.71 -0.71 -0.71 -0.71
-0.71 -0.71 -0.71 -0.71 -0.71 -0.71 -0.71 -0.71 -0.71 -0.71
-0.71 -0.71 -0.71 -0.71 -0.71 -0.71 -0.71 -0.71 -0.71 -0.71
-0.71 -0.71 -0.71 -0.71 -0.71 -0.71 -0.71 -0.71 -0.71 -0.71
-0.71 -0.71 -0.71 -0.71 -0.71 -0.71 -0.71 -0.71 -0.71 -0.71
-0.71 -0.71 -0.71 -0.71 -0.71 -0.71 -0.71 -0.71 -0.71 -0.71
-0.71 -0.71 -0.71 -0.71 -0.71 -0.71 -0.71 -0.71 -0.71 -0.71
-0.71 -0.71 -0.71 -0.71 -0.71 -0.71 -0.71 -0.71 -0.71 -0.71
-0.71 -0.71 -0.71 -0.71 -0.71 -0.71 -0.71 -0.71 -0.71 -0.71
-0.71 -0.71 -0.71 -0.71 -0.71 -0.71 -0.71 -0.71 -0.71 -0.71
-0.71 -0.71 -0.71 -0.71 -0.71 -0.71 -0.71 -0.71 -0.71 -0.71
-0.71 -0.71 -0.71 -0.71 -0.71 -0.71 -0.71 -0.71 -0.71 -0.71
-0.71 -0.71 -0.71 -0.71 -0.71 -0.71 -0.71 -0.71 -0.71 -0.71
-0.71 -0.71 -0.71 -0.71 -0.71 -0.71 -0.71 -0.71 -0.71 -0.71
-0.71 -0.71 -0.71 -0.71 -0.71 -0.71 -0.71 -0.71 -0.71 -0.71
-0.71 -0.71 -0.71 -0.71 -0.71 -0.71 -0.71 -0.71 -0.71 -0.71
-0.71 -0.71 -0.71 -0.71 -0.71 -0.71 -0.71 -0.71 -0.71 -0.71
-0.71 -0.71 -0.71 -0.71 -0.71 -0.71 -0.71 -0.71 -0.71 -0.71
-0.71 -0.71 -0.71 -0.71 -0.71 -0.71 -0.71 -0.71 -0.71 -0.71
-0.71 -0.71 -0.71 -0.71 -0.71 -0.71 -0.71 -0.71 -0.71 -0.71
-0.71 -0.71 -0.71 -0.71 -0.71 -0.71 -0.71 -0.71 -0.71 -0.71
-0.71 -0.71 -0.71 -0.71 -0.71 -0.71 -0.71 -0.71 -0.71 -0.71
-0.71 -0.71 -0.71 -0.71 -0.71 -0.71 -0.71 -0.71 -0.71 -0.71
-0.71 -0.71 -0.71 -0.71 -0.71 -0.71 -0.71 -0.71 -0.71 -0.71
-0.71 -0.71 -0.71 -0.71 -0.71 -0.71 -0.71 -0.71 -0.71 -0.71
-0.71 -0.71 -0.71 -0.71 -0.71 -0.71 -0.71 -0.71 -0.71 -0.71
-0.71 -0.71 -0.71 -0.71 -0.71 -0.71 -0.71 -0.71 -0.71 -0.71
-0.71 -0.71 -0.71 -0.71 -0.71 -0.71 -0.71 -0.71 -0.71 -0.71
-0.71 -0.71 -0.71 -0.71 -0.71 -0.71 -0.71 -0.71 -0.71 -0.71
-0.71 -0.71 -0.71 -0.71 -0.71 -0.71 -0.71 -0.71 -0.71 -0.71
-0.71 -0.71 -0.71 -0.71 -0.71 -0.71 -0.71 -0.71 -0.71 -0.71
-0.71 -0.71 -0.71 -0.71 -0.71 -0.71 -0.71 -0.71 -0.71 -0.71
-0.71 -0.71 -0.71 -0.71 -0.71 -0.71 -0.71 -0.71 -0.71 -0.71
-0.71 -0.71 -0.71 -0.71 -0.71 -0.71 -0.71 -0.71 -0.71 -0.71
-0.71 -0.71 -0.71 -0.71 -0.71 -0.71 -0.71 -0.71 -0.71 -0.71
-0.71 -0.71 -0.71 -0.71 -0.71 -0.71 -0.71 -0.71 -0.71 -0.71
-0.71 -0.71 -0.71 -0.71 -0.71 -0.71 -0.71 -0.71 -0.71 -0.71
-0.71 -0.71 -0.71 -0.71 -0.71 -0.71 -0.71 -0.71 -0.71 -0.71
-0.71 -0.71 -0.71 -0.71 -0.71 -0.71 -0.71 -0.71 -0.71 -0.71
-0.71 -0.71 -0.71 -0.71 -0.71 -0.71 -0.71 -0.71 -0.71 -0.71
-0.71 -0.71 -0.71 -0.71 -0.71 -0.71 -0.71 -0.71 -0.71 -0.71
-0.71 -0.71 -0.71 -0.71 -0.71 -0.71 -0.71 -0.71 -0.71 -0.71
-0.71 -0.71 -0.71 -0.71 -0.71 -0.71 -0.71 -0.71 -0.71 -0.71
-0.71 -0.71 -0.71 -0.71 -0.71 -0.71 -0.71 -0.71 -0.71 -0.71
-0.71 -0.71 -0.71 -0.71 -0.71 -0.71 -0.71 -0.71 -0.71 -0.71
-0.71 -0.71 -0.71 -0.71 -0.71 -0.71 -0.71 -0.71 -0.71 -0.71
-0.71 -0.71 -0.71 -0.71 -0.71 -0.71 -0.71 -0.71 -0.71 -0.71
-0.71 -0.71 -0.71 -0.71 -0.71 -0.71 -0.71 -0.71 -0.71 -0.71
-0.71 -0.71 -0.71 -0.71 -0.71 -0.71 -0.71 -0.71 -0.71 -0.71
-0.71 -0.71 -0.71 -0.71 -0.71 -0.71 -0.71 -0.71 -0.71 -0.71
-0.71 -0.71 -0.71 -0.71 -0.71 -0.71 -0.71 -0.71 -0.71 -0.71
-0.71 -0.71 -0.71 -0.71 -0.71 -0.71 -0.71 -0.71 -0.71 -0.71
-0.71 -0.71 -0.71 -0.71 -0.71 -0.71 -0.71 -0.71 -0.71 -0.71
-0.71 -0.71 -0.71 -0.71 -0.71 -0.71 -0.71 -0.71 -0.71 -0.71
-0.71 -0.71 -0.71 -0.71 -0.71 -0.71 -0.71 -0.71 -0.71 -0.71
-0.71 -0.71 -0.71 -0.71 -0.71 -0.71 -0.71 -0.71 -0.71 -0.71
-0.71 -0.71 -0.71 -0.71 -0.71 -0.71 -0.71 -0.71 -0.71 -0.71
-0.71 -0.71 -0.71 -0.71 -0.71 -0.71 -0.71 -0.71 -0.71 -0.71
-0.71 -0.71 -0.71 -0.71 -0.71 -0.71 -0.71 -0.71 -0.71 -0.71
-0.71 -0.71 -0.71 -0.71 -0.71 -0.71 -0.71 -0.71 -0.71 -0.71
-0.71 -0.71 -0.71 -0.71 -0.71 -0.71 -0.71 -0.71 -0.71 -0.71
-0.71 -0.71 -0.71 -0.71 -0.71 -0.71 -0.71 -0.71 -0.71 -0.71
-0.71 -0.71 -0.71 -0.71 -0.71 -0.71 -0.71 -0.71 -0.71 -0.71
-0.71 -0.71 -0.71 -0.71 -0.71 -0.71 -0.71 -0.71 -0.71 -0.71
-0.71 -0.71 -0.71 -0.71 -0.71 -0.71 -0.71 -0.71 -0.71 -0.71
-0.71 -0.71 -0.71 -0.71 -0.71 -0.71 -0.71 -0.71 -0.71 -0.71
-0.71 -0.71 -0.71 -0.71 -0.71 -0.71 -0.71 -0.71 -0.71 -0.71
-0.71 -0.71 -0.71 -0.71 -0.71 -0.71 -0.71 -0.71 -0.71 -0.71
-0.71 -0.71 -0.71 -0.71 -0.71 -0.71 -0.71 -0.71 -0.71 -0.71
-0.71 -0.71 -0.71 -0.71 -0.71 -0.71 -0.71 -0.71 -0.71 -0.71
-0.71 -0.71 -0.71 -0.71 -0.71 -0.71 -0.71 -0.71 -0.71 -0.71
-0.71 -0.71 -0.71 -0.71 -0.71 -0.71 -0.71 -0.71 -0.71 -0.71
-0.71 -0.71 -0.71 -0.71 -0.71 -0.71 -0.71 -0.71 -0.71 -0.71
-0.71 -0.71 -0.71 -0.71 -0.71 -0.71 -0.71 -0.71 -0.71 -0.71
-0.71 -0.71 -0.71 -0.71 -0.71 -0.71 -0.71 -0.71 -0.71 -0.71
-0.71 -0.71 -0.71 -0.71 -0.71 -0.71 -0.71 -0.71 -0.71 -0.71
-0.71 -0.71 -0.71 -0.71 -0.71 -0.71 -0.71 -0.71 -0.71 -0.71
-0.71 -0.71 -0.71 -0.71 -0.71 -0.71 -0.71 -0.71 -0.71 -0.71
-0.71 -0.71 -0.71 -0.71 -0.71 -0.71 -0.71 -0.71 -0.71 -0.71
-0.71 -0.71 -0.71 -0.71 -0.71 -0.71 -0.71 -0.71 -0.71 -0.71
-0.71 -0.71 -0.71 -0.71 -0.71 -0.71 -0.71 -0.71 -0.71 -0.71
-0.71 -0.71 -0.71 -0.71 -0.71 -0.71 -0.71 -0.71 -0.71 -0.71
-0.71 -0.71 -0.71 -0.71 -0.71 -0.71 -0.71 -0.71 -0.71 -0.71
-0.71 -0.71 -0.71 -0.71 -0.71 -0.71 -0.71 -0.71 -0.71 -0.71
-0.71 -0.71 -0.71 -0.71 -0.71 -0.71 -0.71 -0.71 -0.71 -0.71
-0.71 -0.71 -0.71 -0.71 -0.71 -0.71 -0.71 -0.71 -0.71 -0.71
-0.71 -0.71 -0.71 -0.71 -0.71 -0.71 -0.71 -0.71 -0.71 -0.71
-0.71 -0.71 -0.71 -0.71 -0.71 -0.71 -0.71 -0.71 -0.71 -0.71
-0.71 -0.71 -0.71 -0.71 -0.71 -0.71 -0.71 -0.71 -0.71 -0.71
-0.71 -0.71 -0.71 -0.71 -0.71 -0.71 -0.71 -0.71 -0.71 -0.71
-0.71 -0.71 -0.71 -0.71 -0.71 -0.71 -0.71 -0.71 -0.71 -0.71
-0.71 -0.71 -0.71 -0.71 -0.71 -0.71 -0.71 -0.71 -0.71 -0.71
-0.71 -0.71 -0.71 -0.71 -0.71 -0.71 -0.71 -0.71 -0.71 -0.71
-0.71 -0.71 -0.71 -0.71 -0.71 -0.71 -0.71 -0.71 -0.71 -0.71
-0.710784 -0.710784 -0.710784 -0.710784 -0.710784 -0.710784 -0.710784 -0.710784 -0.710784 -0.710784
-0.710784 -0.710784 -0.710784 -0.710784 -0.710784 -0.710784 -0.710784 -0.710784 -0.710784 -0.710784
-0.710784 -0.710784 -0.710784 -0.710784 -0.710784 -0.710784 -0.710784 -0.710784 -0.710784 -0.710784
-0.710784 -0.710784 -0.710784 -0.710784 -0.710784 -0.710784 -0.710784 -0.710784 -0.710784 -0.710784
-0.710784 -0.710784 -0.710784 -0.710784 -0.710784 -0.710784 -0.710784 -0.710784 -0.710784 -0.710784
-0.710784 -0.710784 -0.710784 -0.710784 -0.710784 -0.710784 -0.710784 -0.710784 -0.710784 -0.710784
-0.710784 -0.710784 -0.710784 -0.710784 -0.710784 -0.710784 -0.710784 -0.710784 -0.710784 -0.710784
-0.710784 -0.710784 -0.710784 -0.710784 -0.710784 -0.710784 -0.710784 -0.710784 -0.710784 -0.710784
-0.710784 -0.710784 -0.710784 -0.710784 -0.710784 -0.710784 -0.710784 -0.710784 -0.710784 -0.710784
-0.710784 -0.710784 -0.710784 -0.710784 -0.710784 -0.710784 -0.710784 -0.710784 -0.710784 -0.710784
-0.710784 -0.710784 -0.710784 -0.710784 -0.710784 -0.710784 -0.710784 -0.710784 -0.710784 -0.710784
-0.710784 -0.710784 -0.710784 -0.710784 -0.710784 -0.710784 -0.710784 -0.710784 -0.710784 -0.710784
-0.710784 -0.710784 -0.710784 -0.710784 -0.710784 -0.710784 -0.710784 -0.710784 -0.710784 -0.710784
-0.710784 -0.710784 -0.710784 -0.710784 -0.710784 -0.710784 -0.710784 -0.710784 -0.710784 -0.710784
-0.710784 -0.710784 -0.710784 -0.710784 -0.710784 -0.710784 -0.710784 -0.710784 -0.710784 -0.710784
-0.710784 -0.710784 -0.710784 -0.710784 -0.710784 -0.710784 -0.710784 -0.710784 -0.710784 -0.710784
-0.710784 -0.710784 -0.710784 -0.710784 -0.710784 -0.710784 -0.710784 -0.710784 -0.710784 -0.710784
-0.710784 -0.710784 -0.710784 -0.710784 -0.710784 -0.710784 -0.710784 -0.710784 -0.710784 -0.710784
-0.710784 -0.710784 -0.710784 -0.710784 -0.710784 -0.710784 -0.710784 -0.710784 -0.710784 -0.710784
-0.710784 -0.710784 -0.710784 -0.710784 -0.710784 -0.710784 -0.710784 -0.710784 -0.710784 -0.710784
-0.710784 -0.710784 -0.710784 -0.710784 -0.710784 -0.710784 -0.710784 -0.710784 -0.710784 -0.710784
-0.710784 -0.710784 -0.710784 -0.710784 -0.710784 -0.710784 -0.710784 -0.710784 -0.710784 -0.710784
-0.710784 -0.710784 -0.710784 -0.710784 -0.710784 -0.710784 -0.710784 -0.710784 -0.710784 -0.710784
-0.710784 -0.710784 -0.710784 -0.710784 -0.710784 -0.710784 -0.710784 -0.710784 -0.710784 -0.710784
-0.710784 -0.710784 -0.710784 -0.710784 -0.710784 -0.710784 -0.710784 -0.710784 -0.710784 -0.710784
-0.710784 -0.710784 -0.710784 -0.710784 -0.710784 -0.710784 -0.710784 -0.710784 -0.710784 -0.710784
-0.710784 -0.710784 -0.710784 -0.710784 -0.710784 -0.710784 -0.710784 -0.710784 -0.710784 -0.710784
-0.710784 -0.710784 -0.710784 -0.710784 -0.710784 -0.710784 -0.710784 -0.710784 -0.710784 -0.710784
-0.710784 -0.710784 -0.710784 -0.710784 -0.710784 -0.710784 -0.710784 -0.710784 -0.710784 -0.710784
-0.710784 -0.710784 -0.710784 -0.710784 -0.710784 -0.710784 -0.710784 -0.710784 -0.710784 -0.710784
-0.710784 -0.710784 -0.710784 -0.710784 -0.710784 -0.710784 -0.710784 -0.710784 -0.710784 -0.710784
-0.710784 -0.710784 -0.710784 -0.710784 -0.710784 -0.710784 -0.710784 -0.710784 -0.710784 -0.710784
-0.710784 -0.710784 -0.710784 -0.710784 -0.710784 -0.710784 -0.710784 -0.710784 -0.710784 -0.710784
-0.710784 -0.710784 -0.710784 -0.710784 -0.710784 -0.710784 -0.710784 -0.710784 -0.710784 -0.710784
-0.710784 -0.710784 -0.710784 -0.710784 -0.710784 -0.710784 -0.710784 -0.710784 -0.710784 -0.710784
-0.710784 -0.710784 -0.710784 -0.710784 -0.710784 -0.710784 -0.710784 -0.710784 -0.710784 -0.710784
-0.710784 -0.710784 -0.710784 -0.710784 -0.710784 -0.710784 -0.710784 -0.710784 -0.710784 -0.710784
-0.710784 -0.710784 -0.710784 -0.710784 -0.710784 -0.710784 -0.710784 -0.710784 -0.710784 -0.710784
-0.710784 -0.710784 -0.710784 -0.710784 -0.710784 -0.710784 -0.710784 -0.710784 -0.710784 -0.710784
-0.710784 -0.710784 -0.710784 -0.710784 -0.710784 -0.710784 -0.710784 -0.710784 -0.710784 -0.710784
-0.71 -0.71 -0.71 -0.71 -0.71 -0.71 -0.71 -0.71 -0.71 -0.71
-0.71 -0.71 -0.71 -0.71 -0.71 -0.71 -0.71 -0.71 -0.71 -0.71
-0.71 -0.71 -0.71 -0.71 -0.71 -0.71 -0.71 -0.71 -0.71 -0.71
-0.71 -0.71 -0.71 -0.71 -0.71 -0.71 -0.71 -0.71 -0.71 -0.71
-0.71 -0.71 -0.71 -0.71 -0.71 -0.71 -0.71 -0.71 -0.71 -0.71
-0.71 -0.71 -0.71 -0.71 -0.71 -0.71 -0.71 -0.71 -0.71 -0.71
-0.71 -0.71 -0.71 -0.71 -0.71 -0.71 -0.71 -0.71 -0.71 -0.71
-0.71 -0.71 -0.71 -0.71 -0.71 -0.71 -0.71 -0.71 -0.71 -0.71
-0.71 -0.71 -0.71 -0.71 -0.71 -0.71 -0.71 -0.71 -0.71 -0.71
-0.71 -0.71 -0.71 -0.71 -0.71 -0.71 -0.71 -0.71 -0.71 -0.71
-0.71 -0.71 -0.71 -0.71 -0.71 -0.71 -0.71 -0.71 -0.71 -0.71
-0.71 -0.71 -0.71 -0.71 -0.71 -0.71 -0.71 -0.71 -0.71 -0.71
-0.71 -0.71 -0.71 -0.71 -0.71 -0.71 -0.71 -0.71 -0.71 -0.71
-0.71 -0.71 -0.71 -0.71 -0.71 -0.71 -0.71 -0.71 -0.71 -0.71
-0.71 -0.71 -0.71 -0.71 -0.71 -0.71 -0.71 -0.71 -0.71 -0.71
-0.71 -0.71 -0.71 -0.71 -0.71 -0.71 -0.71 -0.71 -0.71 -0.71
-0.71 -0.71 -0.71 -0.71 -0.71 -0.71 -0.71 -0.71 -0.71 -0.71
-0.71 -0.71 -0.71 -0.71 -0.71 -0.71 -0.71 -0.71 -0.71 -0.71
-0.71 -0.71 -0.71 -0.71 -0.71 -0.71 -0.71 -0.71 -0.71 -0.71
-0.71 -0.71 -0.71 -0.71 -0.71 -0.71 -0.71 -0.71 -0.71 -0.71
-0.71 -0.71 -0.71 -0.71 -0.71 -0.71 -0.71 -0.71 -0.71 -0.71
-0.71 -0.71 -0.71 -0.71 -0.71 -0.71 -0.71 -0.71 -0.71 -0.71
-0.71 -0.71 -0.71 -0.71 -0.71 -0.71 -0.71 -0.71 -0.71 -0.71
-0.71 -0.71 -0.71 -0.71 -0.71 -0.71 -0.71 -0.71 -0.71 -0.71
-0.71 -0.71 -0.71 -0.71 -0.71 -0.71 -0.71 -0.71 -0.71 -0.71
-0.71 -0.71 -0.71 -0.71 -0.71 -0.71 -0.71 -0.71 -0.71 -0.71
-0.71 -0.71 -0.71 -0.71 -0.71 -0.71 -0.71 -0.71 -0.71 -0.71
-0.71 -0.71 -0.71 -0.71 -0.71 -0.71 -0.71 -0.71 -0.71 -0.71
-0.71 -0.71 -0.71 -0.71 -0.71 -0.71 -0.71 -0.71 -0.71 -0.71
-0.71 -0.71 -0.71 -0.71 -0.71 -0.71 -0.71 -0.71 -0.71 -0.71
-0.71 -0.71 -0.71 -0.71 -0.71 -0.71 -0.71 -0.71 -0.71 -0.71
-0.71 -0.71 -0.71 -0.71 -0.71 -0.71 -0.71 -0.71 -0.71 -0.71
-0.71 -0.71 -0.71 -0.71 -0.71 -0.71 -0.71 -0.71 -0.71 -0.71
-0.71 -0.71 -0.71 -0.71 -0.71 -0.71 -0.71 -0.71 -0.71 -0.71
-0.71 -0.71 -0.71 -0.71 -0.71 -0.71 -0.71 -0.71 -0.71 -0.71
-0.71 -0.71 -0.71 -0.71 -0.71 -0.71 -0.71 -0.71 -0.71 -0.71
-0.71 -0.71 -0.71 -0.71 -0.71 -0.71 -0.71 -0.71 -0.71 -0.71
-0.71 -0.71 -0.71 -0.71 -0.71 -0.71 -0.71 -0.71 -0.71 -0.71
-0.71 -0.71 -0.71 -0.71 -0.71 -0.71 -0.71 -0.71 -0.71 -0.71
-0.71 -0.71 -0.71 -0.71 -0.71 -0.71 -0.71 -0.71 -0.71 -0.71
-0.724823 -0.724823 -0.724823 -0.724823 -0.724823 -0.724823 -0.724823 -0.724823 -0.724823 -0.724823
-0.724823 -0.724823 -0.724823 -0.724823 -0.724823 -0.724823 -0.724823 -0.724823 -0.724823 -0.724823
-0.724823 -0.724823 -0.724823 -0.724823 -0.724823 -0.724823 -0.724823 -0.724823 -0.724823 -0.724823
-0.724823 -0.724823 -0.724823 -0.724823 -0.724823 -0.724823 -0.724823 -0.724823 -0.724823 -0.724823
-0.724823 -0.724823 -0.724823 -0.724823 -0.724823 -0.724823 -0.724823 -0.724823 -0.724823 -0.724823
-0.724823 -0.724823 -0.724823 -0.724823 -0.724823 -0.724823 -0.724823 -0.724823 -0.724823 -0.724823
-0.724823 -0.724823 -0.724823 -0.724823 -0.724823 -0.724823 -0.724823 -0.724823 -0.724823 -0.724823
-0.724823 -0.724823 -0.724823 -0.724823 -0.724823 -0.724823 -0.724823 -0.724823 -0.724823 -0.724823
-0.724823 -0.724823 -0.724823 -0.724823 -0.724823 -0.724823 -0.724823 -0.724823 -0.724823 -0.724823
-0.724823 -0.724823 -0.724823 -0.724823 -0.724823 -0.724823 -0.724823 -0.724823 -0.724823 -0.724823
-0.724823 -0.724823 -0.724823 -0.724823 -0.724823 -0.724823 -0.724823 -0.724823 -0.724823 -0.724823
-0.724823 -0.724823 -0.724823 -0.724823 -0.724823 -0.724823 -0.724823 -0.724823 -0.724823 -0.724823
-0.724823 -0.724823 -0.724823 -0.724823 -0.724823 -0.724823 -0.724823 -0.724823 -0.724823 -0.724823
-0.724823 -0.724823 -0.724823 -0.724823 -0.724823 -0.724823 -0.724823 -0.724823 -0.724823 -0.724823
-0.724823 -0.724823 -0.724823 -0.724823 -0.724823 -0.724823 -0.724823 -0.724823 -0.724823 -0.724823
-0.724823 -0.724823 -0.724823 -0.724823 -0.724823 -0.724823 -0.724823 -0.724823 -0.724823 -0.724823
-0.724823 -0.724823 -0.724823 -0.724823 -0.724823 -0.724823 -0.724823 -0.724823 -0.724823 -0.724823
-0.724823 -0.724823 -0.724823 -0.724823 -0.724823 -0.724823 -0.724823 -0.724823 -0.724823 -0.724823
-0.724823 -0.724823 -0.724823 -0.724823 -0.724823 -0.724823 -0.724823 -0.724823 -0.724823 -0.724823
-0.724823 -0.724823 -0.724823 -0.724823 -0.724823 -0.724823 -0.724823 -0.724823 -0.724823 -0.724823
-0.724823 -0.724823 -0.724823 -0.724823 -0.724823 -0.724823 -0.724823 -0.724823 -0.724823 -0.724823
-0.724823 -0.724823 -0.724823 -0.724823 -0.724823 -0.724823 -0.724823 -0.724823 -0.724823 -0.724823
-0.724823 -0.724823 -0.724823 -0.724823 -0.724823 -0.724823 -0.724823 -0.724823 -0.724823 -0.724823
-0.724823 -0.724823 -0.724823 -0.724823 -0.724823 -0.724823 -0.724823 -0.724823 -0.724823 -0.724823
-0.724823 -0.724823 -0.724823 -0.724823 -0.724823 -0.724823 -0.724823 -0.724823 -0.724823 -0.724823
-0.724823 -0.724823 -0.724823 -0.724823 -0.724823 -0.724823 -0.724823 -0.724823 -0.724823 -0.724823
-0.724823 -0.724823 -0.724823 -0.724823 -0.724823 -0.724823 -0.724823 -0.724823 -0.724823 -0.724823
-0.724823 -0.724823 -0.724823 -0.724823 -0.724823 -0.724823 -0.724823 -0.724823 -0.724823 -0.724823
-0.724823 -0.724823 -0.724823 -0.724823 -0.724823 -0.724823 -0.724823 -0.724823 -0.724823 -0.724823
-0.724823 -0.724823 -0.724823 -0.724823 -0.724823 -0.724823 -0.724823 -0.724823 -0.724823 -0.724823
-0.724823 -0.724823 -0.724823 -0.724823 -0.724823 -0.724823 -0.724823 -0.724823 -0.724823 -0.724823
-0.724823 -0.724823 -0.724823 -0.724823 -0.724823 -0.724823 -0.724823 -0.724823 -0.724823 -0.724823
-0.724823 -0.724823 -0.724823 -0.724823 -0.724823 -0.724823 -0.724823 -0.724823 -0.724823 -0.724823
-0.724823 -0.724823 -0.724823 -0.724823 -0.724823 -0.724823 -0.724823 -0.724823 -0.724823 -0.724823
-0.724823 -0.724823 -0.724823 -0.724823 -0.724823 -0.724823 -0.724823 -0.724823 -0.724823 -0.724823
-0.724823 -0.724823 -0.724823 -0.724823 -0.724823 -0.724823 -0.724823 -0.724823 -0.724823 -0.724823
-0.724823 -0.724823 -0.724823 -0.724823 -0.724823 -0.724823 -0.724823 -0.724823 -0.724823 -0.724823
-0.724823 -0.724823 -0.724823 -0.724823 -0.724823 -0.724823 -0.724823 -0.724823 -0.724823 -0.724823
-0.724823 -0.724823 -0.724823 -0.724823 -0.724823 -0.724823 -0.724823 -0.724823 -0.724823 -0.724823
-0.724823 -0.724823 -0.724823 -0.724823 -0.724823 -0.724823 -0.724823 -0.724823 -0.724823 -0.724823
-0.71 -0.71 -0.71 -0.71 -0.71 -0.71 -0.71 -0.71 -0.71 -0.71
-0.71 -0.71 -0.71 -0.71 -0.71 -0.71 -0.71 -0.71 -0.71 -0.71
-0.71 -0.71 -0.71 -0.71 -0.71 -0.71 -0.71 -0.71 -0.71 -0.71
-0.71 -0.71 -0.71 -0.71 -0.71 -0.71 -0.71 -0.71 -0.71 -0.71
-0.71 -0.71 -0.71 -0.71 -0.71 -0.71 -0.71 -0.71 -0.71 -0.71
-0.71 -0.71 -0.71 -0.71 -0.71 -0.71 -0.71 -0.71 -0.71 -0.71
-0.71 -0.71 -0.71 -0.71 -0.71 -0.71 -0.71 -0.71 -0.71 -0.71
-0.71 -0.71 -0.71 -0.71 -0.71 -0.71 -0.71 -0.71 -0.71 -0.71
-0.71 -0.71 -0.71 -0.71 -0.71 -0.71 -0.71 -0.71 -0.71 -0.71
-0.71 -0.71 -0.71 -0.71 -0.71 -0.71 -0.71 -0.71 -0.71 -0.71
-0.71 -0.71 -0.71 -0.71 -0.71 -0.71 -0.71 -0.71 -0.71 -0.71
-0.71 -0.71 -0.71 -0.71 -0.71 -0.71 -0.71 -0.71 -0.71 -0.71
-0.71 -0.71 -0.71 -0.71 -0.71 -0.71 -0.71 -0.71 -0.71 -0.71
-0.71 -0.71 -0.71 -0.71 -0.71 -0.71 -0.71 -0.71 -0.71 -0.71
-0.71 -0.71 -0.71 -0.71 -0.71 -0.71 -0.71 -0.71 -0.71 -0.71
-0.71 -0.71 -0.71 -0.71 -0.71 -0.71 -0.71 -0.71 -0.71 -0.71
-0.71 -0.71 -0.71 -0.71 -0.71 -0.71 -0.71 -0.71 -0.71 -0.71
-0.71 -0.71 -0.71 -0.71 -0.71 -0.71 -0.71 -0.71 -0.71 -0.71
-0.71 -0.71 -0.71 -0.71 -0.71 -0.71 -0.71 -0.71 -0.71 -0.71
-0.71 -0.71 -0.71 -0.71 -0.71 -0.71 -0.71 -0.71 -0.71 -0.71
-0.71 -0.71 -0.71 -0.71 -0.71 -0.71 -0.71 -0.71 -0.71 -0.71
-0.71 -0.71 -0.71 -0.71 -0.71 -0.71 -0.71 -0.71 -0.71 -0.71
-0.71 -0.71 -0.71 -0.71 -0.71 -0.71 -0.71 -0.71 -0.71 -0.71
-0.71 -0.71 -0.71 -0.71 -0.71 -0.71 -0.71 -0.71 -0.71 -0.71
-0.71 -0.71 -0.71 -0.71 -0.71 -0.71 -0.71 -0.71 -0.71 -0.71
-0.71 -0.71 -0.71 -0.71 -0.71 -0.71 -0.71 -0.71 -0.71 -0.71
-0.71 -0.71 -0.71 -0.71 -0.71 -0.71 -0.71 -0.71 -0.71 -0.71
-0.71 -0.71 -0.71 -0.71 -0.71 -0.71 -0.71 -0.71 -0.71 -0.71
-0.71 -0.71 -0.71 -0.71 -0.71 -0.71 -0.71 -0.71 -0.71 -0.71
-0.71 -0.71 -0.71 -0.71 -0.71 -0.71 -0.71 -0.71 -0.71 -0.71
-0.71 -0.71 -0.71 -0.71 -0.71 -0.71 -0.71 -0.71 -0.71 -0.71
-0.71 -0.71 -0.71 -0.71 -0.71 -0.71 -0.71 -0.71 -0.71 -0.71
-0.71 -0.71 -0.71 -0.71 -0.71 -0.71 -0.71 -0.71 -0.71 -0.71
-0.71 -0.71 -0.71 -0.71 -0.71 -0.71 -0.71 -0.71 -0.71 -0.71
-0.71 -0.71 -0.71 -0.71 -0.71 -0.71 -0.71 -0.71 -0.71 -0.71
-0.71 -0.71 -0.71 -0.71 -0.71 -0.71 -0.71 -0.71 -0.71 -0.71
-0.71 -0.71 -0.71 -0.71 -0.71 -0.71 -0.71 -0.71 -0.71 -0.71
-0.71 -0.71 -0.71 -0.71 -0.71 -0.71 -0.71 -0.71 -0.71 -0.71
-0.71 -0.71 -0.71 -0.71 -0.71 -0.71 -0.71 -0.71 -0.71 -0.71
-0.71 -0.71 -0.71 -0.71 -0.71 -0.71 -0.71 -0.71 -0.71 -0.71
-0.707457 -0.707457 -0.707457 -0.707457 -0.707457 -0.707457 -0.707457 -0.707457 -0.707457 -0.707457
-0.707457 -0.707457 -0.707457 -0.707457 -0.707457 -0.707457 -0.707457 -0.707457 -0.707457 -0.707457
-0.707457 -0.707457 -0.707457 -0.707457 -0.707457 -0.707457 -0.707457 -0.707457 -0.707457 -0.707457
-0.707457 -0.707457 -0.707457 -0.707457 -0.707457 -0.707457 -0.707457 -0.707457 -0.707457 -0.707457
-0.707457 -0.707457 -0.707457 -0.707457 -0.707457 -0.707457 -0.707457 -0.707457 -0.707457 -0.707457
-0.707457 -0.707457 -0.707457 -0.707457 -0.707457 -0.707457 -0.707457 -0.707457 -0.707457 -0.707457
-0.707457 -0.707457 -0.707457 -0.707457 -0.707457 -0.707457 -0.707457 -0.707457 -0.707457 -0.707457
-0.707457 -0.707457 -0.707457 -0.707457 -0.707457 -0.707457 -0.707457 -0.707457 -0.707457 -0.707457
-0.707457 -0.707457 -0.707457 -0.707457 -0.707457 -0.707457 -0.707457 -0.707457 -0.707457 -0.707457
-0.707457 -0.707457 -0.707457 -0.707457 -0.707457 -0.707457 -0.707457 -0.707457 -0.707457 -0.707457
-0.707457 -0.707457 -0.707457 -0.707457 -0.707457 -0.707457 -0.707457 -0.707457 -0.707457 -0.707457
-0.707457 -0.707457 -0.707457 -0.707457 -0.707457 -0.707457 -0.707457 -0.707457 -0.707457 -0.707457
-0.707457 -0.707457 -0.707457 -0.707457 -0.707457 -0.707457 -0.707457 -0.707457 -0.707457 -0.707457
-0.707457 -0.707457 -0.707457 -0.707457 -0.707457 -0.707457 -0.707457 -0.707457 -0.707457 -0.707457
-0.707457 -0.707457 -0.707457 -0.707457 -0.707457 -0.707457 -0.707457 -0.707457 -0.707457 -0.707457
-0.707457 -0.707457 -0.707457 -0.707457 -0.707457 -0.707457 -0.707457 -0.707457 -0.707457 -0.707457
-0.707457 -0.707457 -0.707457 -0.707457 -0.707457 -0.707457 -0.707457 -0.707457 -0.707457 -0.707457
-0.707457 -0.707457 -0.707457 -0.707457 -0.707457 -0.707457 -0.707457 -0.707457 -0.707457 -0.707457
-0.707457 -0.707457 -0.707457 -0.707457 -0.707457 -0.707457 -0.707457 -0.707457 -0.707457 -0.707457
-0.707457 -0.707457 -0.707457 -0.707457 -0.707457 -0.707457 -0.707457 -0.707457 -0.707457 -0.707457
-0.707457 -0.707457 -0.707457 -0.707457 -0.707457 -0.707457 -0.707457 -0.707457 -0.707457 -0.707457
-0.707457 -0.707457 -0.707457 -0.707457 -0.707457 -0.707457 -0.707457 -0.707457 -0.707457 -0.707457
-0.707457 -0.707457 -0.707457 -0.707457 -0.707457 -0.707457 -0.707457 -0.707457 -0.707457 -0.707457
-0.707457 -0.707457 -0.707457 -0.707457 -0.707457 -0.707457 -0.707457 -0.707457 -0.707457 -0.707457
-0.707457 -0.707457 -0.707457 -0.707457 -0.707457 -0.707457 -0.707457 -0.707457 -0.707457 -0.707457
-0.707457 -0.707457 -0.707457 -0.707457 -0.707457 -0.707457 -0.707457 -0.707457 -0.707457 -0.707457
-0.707457 -0.707457 -0.707457 -0.707457 -0.707457 -0.707457 -0.707457 -0.707457 -0.707457 -0.707457
-0.707457 -0.707457 -0.707457 -0.707457 -0.707457 -0.707457 -0.707457 -0.707457 -0.707457 -0.707457
-0.707457 -0.707457 -0.707457 -0.707457 -0.707457 -0.707457 -0.707457 -0.707457 -0.707457 -0.707457
-0.707457 -0.707457 -0.707457 -0.707457 -0.707457 -0.707457 -0.707457 -0.707457 -0.707457 -0.707457
-0.707457 -0.707457 -0.707457 -0.707457 -0.707457 -0.707457 -0.707457 -0.707457 -0.707457 -0.707457
-0.707457 -0.707457 -0.707457 -0.707457 -0.707457 -0.707457 -0.707457 -0.707457 -0.707457 -0.707457
-0.707457 -0.707457 -0.707457 -0.707457 -0.707457 -0.707457 -0.707457 -0.707457 -0.707457 -0.707457
-0.707457 -0.707457 -0.707457 -0.707457 -0.707457 -0.707457 -0.707457 -0.707457 -0.707457 -0.707457
-0.707457 -0.707457 -0.707457 -0.707457 -0.707457 -0.707457 -0.707457 -0.707457 -0.707457 -0.707457
-0.707457 -0.707457 -0.707457 -0.707457 -0.707457 -0.707457 -0.707457 -0.707457 -0.707457 -0.707457
-0.707457 -0.707457 -0.707457 -0.707457 -0.707457 -0.707457 -0.707457 -0.707457 -0.707457 -0.707457
-0.707457 -0.707457 -0.707457 -0.707457 -0.707457 -0.707457 -0.707457 -0.707457 -0.707457 -0.707457
-0.707457 -0.707457 -0.707457 -0.707457 -0.707457 -0.707457 -0.707457 -0.707457 -0.707457 -0.707457
-0.707457 -0.707457 -0.707457 -0.707457 -0.707457 -0.707457 -0.707457 -0.707457 -0.707457 -0.707457
-0.71 -0.71 -0.71 -0.71 -0.71 -0.71 -0.71 -0.71 -0.71 -0.71
-0.71 -0.71 -0.71 -0.71 -0.71 -0.71 -0.71 -0.71 -0.71 -0.71
-0.71 -0.71 -0.71 -0.71 -0.71 -0.71 -0.71 -0.71 -0.71 -0.71
-0.71 -0.71 -0.71 -0.71 -0.71 -0.71 -0.71 -0.71 -0.71 -0.71
-0.71 -0.71 -0.71 -0.71 -0.71 -0.71 -0.71 -0.71 -0.71 -0.71
-0.71 -0.71 -0.71 -0.71 -0.71 -0.71 -0.71 -0.71 -0.71 -0.71
-0.71 -0.71 -0.71 -0.71 -0.71 -0.71 -0.71 -0.71 -0.71 -0.71
-0.71 -0.71 -0.71 -0.71 -0.71 -0.71 -0.71 -0.71 -0.71 -0.71
-0.71 -0.71 -0.71 -0.71 -0.71 -0.71 -0.71 -0.71 -0.71 -0.71
-0.71 -0.71 -0.71 -0.71 -0.71 -0.71 -0.71 -0.71 -0.71 -0.71
-0.71 -0.71 -0.71 -0.71 -0.71 -0.71 -0.71 -0.71 -0.71 -0.71
-0.71 -0.71 -0.71 -0.71 -0.71 -0.71 -0.71 -0.71 -0.71 -0.71
-0.71 -0.71 -0.71 -0.71 -0.71 -0.71 -0.71 -0.71 -0.71 -0.71
-0.71 -0.71 -0.71 -0.71 -0.71 -0.71 -0.71 -0.71 -0.71 -0.71
-0.71 -0.71 -0.71 -0.71 -0.71 -0.71 -0.71 -0.71 -0.71 -0.71
-0.71 -0.71 -0.71 -0.71 -0.71 -0.71 -0.71 -0.71 -0.71 -0.71
-0.71 -0.71 -0.71 -0.71 -0.71 -0.71 -0.71 -0.71 -0.71 -0.71
-0.71 -0.71 -0.71 -0.71 -0.71 -0.71 -0.71 -0.71 -0.71 -0.71
-0.71 -0.71 -0.71 -0.71 -0.71 -0.71 -0.71 -0.71 -0.71 -0.71
-0.71 -0.71 -0.71 -0.71 -0.71 -0.71 -0.71 -0.71 -0.71 -0.71
-0.71 -0.71 -0.71 -0.71 -0.71 -0.71 -0.71 -0.71 -0.71 -0.71
-0.71 -0.71 -0.71 -0.71 -0.71 -0.71 -0.71 -0.71 -0.71 -0.71
-0.71 -0.71 -0.71 -0.71 -0.71 -0.71 -0.71 -0.71 -0.71 -0.71
-0.71 -0.71 -0.71 -0.71 -0.71 -0.71 -0.71 -0.71 -0.71 -0.71
-0.71 -0.71 -0.71 -0.71 -0.71 -0.71 -0.71 -0.71 -0.71 -0.71
-0.71 -0.71 -0.71 -0.71 -0.71 -0.71 -0.71 -0.71 -0.71 -0.71
-0.71 -0.71 -0.71 -0.71 -0.71 -0.71 -0.71 -0.71 -0.71 -0.71
-0.71 -0.71 -0.71 -0.71 -0.71 -0.71 -0.71 -0.71 -0.71 -0.71
-0.71 -0.71 -0.71 -0.71 -0.71 -0.71 -0.71 -0.71 -0.71 -0.71
-0.71 -0.71 -0.71 -0.71 -0.71 -0.71 -0.71 -0.71 -0.71 -0.71
-0.71 -0.71 -0.71 -0.71 -0.71 -0.71 -0.71 -0.71 -0.71 -0.71
-0.71 -0.71 -0.71 -0.71 -0.71 -0.71 -0.71 -0.71 -0.71 -0.71
-0.71 -0.71 -0.71 -0.71 -0.71 -0.71 -0.71 -0.71 -0.71 -0.71
-0.71 -0.71 -0.71 -0.71 -0.71 -0.71 -0.71 -0.71 -0.71 -0.71
-0.71 -0.71 -0.71 -0.71 -0.71 -0.71 -0.71 -0.71 -0.71 -0.71
-0.71 -0.71 -0.71 -0.71 -0.71 -0.71 -0.71 -0.71 -0.71 -0.71
-0.71 -0.71 -0.71 -0.71 -0.71 -0.71 -0.71 -0.71 -0.71 -0.71
-0.71 -0.71 -0.71 -0.71 -0.71 -0.71 -0.71 -0.71 -0.71 -0.71
-0.71 -0.71 -0.71 -0.71 -0.71 -0.71 -0.71 -0.71 -0.71 -0.71
-0.71 -0.71 -0.71 -0.71 -0.71 -0.71 -0.71 -0.71 -0.71 -0.71
-0.709177 -0.709177 -0.709177 -0.709177 -0.709177 -0.709177 -0.709177 -0.709177 -0.709177 -0.709177
-0.709177 -0.709177 -0.709177 -0.709177 -0.709177 -0.709177 -0.709177 -0.709177 -0.709177 -0.709177
-0.709177 -0.709177 -0.709177 -0.709177 -0.709177 -0.709177 -0.709177 -0.709177 -0.709177 -0.709177
-0.709177 -0.709177 -0.709177 -0.709177 -0.709177 -0.709177 -0.709177 -0.709177 -0.709177 -0.709177
-0.709177 -0.709177 -0.709177 -0.709177 -0.709177 -0.709177 -0.709177 -0.709177 -0.709177 -0.709177
-0.709177 -0.709177 -0.709177 -0.709177 -0.709177 -0.709177 -0.709177 -0.709177 -0.709177 -0.709177
-0.709177 -0.709177 -0.709177 -0.709177 -0.709177 -0.709177 -0.709177 -0.709177 -0.709177 -0.709177
-0.709177 -0.709177 -0.709177 -0.709177 -0.709177 -0.709177 -0.709177 -0.709177 -0.709177 -0.709177
-0.709177 -0.709177 -0.709177 -0.709177 -0.709177 -0.709177 -0.709177 -0.709177 -0.709177 -0.709177
-0.709177 -0.709177 -0.709177 -0.709177 -0.709177 -0.709177 -0.709177 -0.709177 -0.709177 -0.709177
-0.709177 -0.709177 -0.709177 -0.709177 -0.709177 -0.709177 -0.709177 -0.709177 -0.709177 -0.709177
-0.709177 -0.709177 -0.709177 -0.709177 -0.709177 -0.709177 -0.709177 -0.709177 -0.709177 -0.709177
-0.709177 -0.709177 -0.709177 -0.709177 -0.709177 -0.709177 -0.709177 -0.709177 -0.709177 -0.709177
-0.709177 -0.709177 -0.709177 -0.709177 -0.709177 -0.709177 -0.709177 -0.709177 -0.709177 -0.709177
-0.709177 -0.709177 -0.709177 -0.709177 -0.709177 -0.709177 -0.709177 -0.709177 -0.709177 -0.709177
-0.709177 -0.709177 -0.709177 -0.709177 -0.709177 -0.709177 -0.709177 -0.709177 -0.709177 -0.709177
-0.709177 -0.709177 -0.709177 -0.709177 -0.709177 -0.709177 -0.709177 -0.709177 -0.709177 -0.709177
-0.709177 -0.709177 -0.709177 -0.709177 -0.709177 -0.709177 -0.709177 -0.709177 -0.709177 -0.709177
-0.709177 -0.709177 -0.709177 -0.709177 -0.709177 -0.709177 -0.709177 -0.709177 -0.709177 -0.709177
-0.709177 -0.709177 -0.709177 -0.709177 -0.709177 -0.709177 -0.709177 -0.709177 -0.709177 -0.709177
-0.709177 -0.709177 -0.709177 -0.709177 -0.709177 -0.709177 -0.709177 -0.709177 -0.709177 -0.709177
-0.709177 -0.709177 -0.709177 -0.709177 -0.709177 -0.709177 -0.709177 -0.709177 -0.709177 -0.709177
-0.709177 -0.709177 -0.709177 -0.709177 -0.709177 -0.709177 -0.709177 -0.709177 -0.709177 -0.709177
-0.709177 -0.709177 -0.709177 -0.709177 -0.709177 -0.709177 -0.709177 -0.709177 -0.709177 -0.709177
-0.709177 -0.709177 -0.709177 -0.709177 -0.709177 -0.709177 -0.709177 -0.709177 -0.709177 -0.709177
-0.709177 -0.709177 -0.709177 -0.709177 -0.709177 -0.709177 -0.709177 -0.709177 -0.709177 -0.709177
-0.709177 -0.709177 -0.709177 -0.709177 -0.709177 -0.709177 -0.709177 -0.709177 -0.709177 -0.709177
-0.709177 -0.709177 -0.709177 -0.709177 -0.709177 -0.709177 -0.709177 -0.709177 -0.709177 -0.709177
-0.709177 -0.709177 -0.709177 -0.709177 -0.709177 -0.709177 -0.709177 -0.709177 -0.709177 -0.709177
-0.709177 -0.709177 -0.709177 -0.709177 -0.709177 -0.709177 -0.709177 -0.709177 -0.709177 -0.709177
-0.709177 -0.709177 -0.709177 -0.709177 -0.709177 -0.709177 -0.709177 -0.709177 -0.709177 -0.709177
-0.709177 -0.709177 -0.709177 -0.709177 -0.709177 -0.709177 -0.709177 -0.709177 -0.709177 -0.709177
-0.709177 -0.709177 -0.709177 -0.709177 -0.709177 -0.709177 -0.709177 -0.709177 -0.709177 -0.709177
-0.709177 -0.709177 -0.709177 -0.709177 -0.709177 -0.709177 -0.709177 -0.709177 -0.709177 -0.709177
-0.709177 -0.709177 -0.709177 -0.709177 -0.709177 -0.709177 -0.709177 -0.709177 -0.709177 -0.709177
-0.709177 -0.709177 -0.709177 -0.709177 -0.709177 -0.709177 -0.709177 -0.709177 -0.709177 -0.709177
-0.709177 -0.709177 -0.709177 -0.709177 -0.709177 -0.709177 -0.709177 -0.709177 -0.709177 -0.709177
-0.709177 -0.709177 -0.709177 -0.709177 -0.709177 -0.709177 -0.709177 -0.709177 -0.709177 -0.709177
-0.709177 -0.709177 -0.709177 -0.709177 -0.709177 -0.709177 -0.709177 -0.709177 -0.709177 -0.709177
-0.709177 -0.709177 -0.709177 -0.709177 -0.709177 -0.709177 -0.709177 -0.709177 -0.709177 -0.709177
-0.709177 -0.712364 -0.712364 -0.712364 -0.712364 -0.712364 -0.712364 -0.712364 -0.712364 -0.712364
-0.709177 -0.711892 -0.711892 -0.711892 -0.711892 -0.711892 -0.711892 -0.711892 -0.711892 -0.711892
-0.709177 -0.711273 -0.711273 -0.711273 -0.711273 -0.711273 -0.711273 -0.711273 -0.711273 -0.711273
-0.709177 -0.710475 -0.710475 -0.710475 -0.710475 -0.710475 -0.710475 -0.710475 -0.710475 -0.710475
-0.709177 -0.709846 -0.709846 -0.709846 -0.709846 -0.709846 -0.709846 -0.709846 -0.709846 -0.709846
-0.709177 -0.709831 -0.709831 -0.709831 -0.709831 -0.709831 -0.709831 -0.709831 -0.709831 -0.709831
-0.709177 -0.709769 -0.709769 -0.709769 -0.709769 -0.709769 -0.709769 -0.709769 -0.709769 -0.709769
-0.709177 -0.709167 -0.709167 -0.709167 -0.709167 -0.709167 -0.709167 -0.709167 -0.709167 -0.709167
-0.709177 -0.708127 -0.708127 -0.708127 -0.708127 -0.708127 -0.708127 -0.708127 -0.708127 -0.708127
-0.709177 -0.707196 -0.707196 -0.707196 -0.707196 -0.707196 -0.707196 -0.707196 -0.707196 -0.707196
-0.709177  -0.70643  -0.70643  -0.70643  -0.70643  -0.70643  -0.70643  -0.70643  -0.70643  -0.70643
-0.709177 -0.705826 -0.705826 -0.705826 -0.705826 -0.705826 -0.705826 -0.705826 -0.705826 -0.705826
-0.709177 -0.705358 -0.705358 -0.705358 -0.705358 -0.705358 -0.705358 -0.705358 -0.705358 -0.705358
-0.709177 -0.705027 -0.705027 -0.705027 -0.705027 -0.705027 -0.705027 -0.705027 -0.705027 -0.705027
-0.709177 -0.704793 -0.704793 -0.704793 -0.704793 -0.704793 -0.704793 -0.704793 -0.704793 -0.704793
-0.709177 -0.704567 -0.704567 -0.704567 -0.704567 -0.704567 -0.704567 -0.704567 -0.704567 -0.704567
-0.709177 -0.704299 -0.704299 -0.704299 -0.704299 -0.704299 -0.704299 -0.704299 -0.704299 -0.704299
-0.709177 -0.704064 -0.704064 -0.704064 -0.704064 -0.704064 -0.704064 -0.704064 -0.704064 -0.704064
-0.709177 -0.703896 -0.703896 -0.703896 -0.703896 -0.703896 -0.703896 -0.703896 -0.703896 -0.703896
-0.709177 -0.703819 -0.703819 -0.703819 -0.703819 -0.703819 -0.703819 -0.703819 -0.703819 -0.703819
-0.709177 -0.703854 -0.703854 -0.703854 -0.703854 -0.703854 -0.703854 -0.703854 -0.703854 -0.703854
-0.709177 -0.704005 -0.704005 -0.704005 -0.704005 -0.704005 -0.704005 -0.704005 -0.704005 -0.704005
-0.709177  -0.70422  -0.70422  -0.70422  -0.70422  -0.70422  -0.70422  -0.70422  -0.70422  -0.70422
-0.709177 -0.704482 -0.704482 -0.704482 -0.704482 -0.704482 -0.704482 -0.704482 -0.704482 -0.704482
-0.709177 -0.704838 -0.704838 -0.704838 -0.704838 -0.704838 -0.704838 -0.704838 -0.704838 -0.704838
-0.709177 -0.705341 -0.705341 -0.705341 -0.705341 -0.705341 -0.705341 -0.705341 -0.705341 -0.705341
-0.709177 -0.706028 -0.706028 -0.706028 -0.706028 -0.706028 -0.706028 -0.706028 -0.706028 -0.706028
-0.709177 -0.706873 -0.706873 -0.706873 -0.706873 -0.706873 -0.706873 -0.706873 -0.706873 -0.706873
-0.709177 -0.707878 -0.707878 -0.707878 -0.707878 -0.707878 -0.707878 -0.707878 -0.707878 -0.707878
-0.709177 -0.708989 -0.708989 -0.708989 -0.708989 -0.708989 -0.708989 -0.708989 -0.708989 -0.708989
-0.709177 -0.709538 -0.709538 -0.709538 -0.709538 -0.709538 -0.709538 -0.709538 -0.709538 -0.709538
-0.709177 -0.709791 -0.709791 -0.709791 -0.709791 -0.709791 -0.709791 -0.709791 -0.709791 -0.709652
-0.709177 -0.709951 -0.709951 -0.709951 -0.709951 -0.709951 -0.709951 -0.709951 -0.709866 -0.709951
-0.709177 -0.709901 -0.709901 -0.709901 -0.709901 -0.709901 -0.709901 -0.709948 -0.709901 -0.709901
-0.709177 -0.709839 -0.709839 -0.709839 -0.709839 -0.709839 -0.709869 -0.709839 -0.709839 -0.709839
-0.709177  -0.70989  -0.70989  -0.70989  -0.70989  -0.70984  -0.70989  -0.70989  -0.70989  -0.70989
-0.709177 -0.710044 -0.710044 -0.710044 -0.709945 -0.710044 -0.710044 -0.710044 -0.710044 -0.710044
-0.709177 -0.710224 -0.710224 -0.710107 -0.710224 -0.710224 -0.710224 -0.710224 -0.710224 -0.710224
-0.709177 -0.710499 -0.710303 -0.710499 -0.710499 -0.710499 -0.710499 -0.710499 -0.710499 -0.710499
-0.709177 -0.710665  -0.71094  -0.71094  -0.71094  -0.71094  -0.71094  -0.71094  -0.71094  -0.71094
-0.709177 -0.710665 -0.711061 -0.711061 -0.711061 -0.711061 -0.711061 -0.711061 -0.711061 -0.711061
-0.709177 -0.710665 -0.711061 -0.711061 -0.711061 -0.711061 -0.711061 -0.711061 -0.711061 -0.711061
-0.709177 -0.710665 -0.711061 -0.711061 -0.711061 -0.711061 -0.711061 -0.711061 -0.711061 -0.711061
-0.709177 -0.710665 -0.711061 -0.711061 -0.711061 -0.711061 -0.711061 -0.711061 -0.711061 -0.711061
-0.709177 -0.710665 -0.711061 -0.711061 -0.711061 -0.711061 -0.711061 -0.711061 -0.711061 -0.711061
-0.709177 -0.710665 -0.711061 -0.711061 -0.711061 -0.711061 -0.711061 -0.711061 -0.711061 -0.711061
-0.709177 -0.710665 -0.711061 -0.711061 -0.711061 -0.711061 -0.711061 -0.711061 -0.711061 -0.711061
-0.709177 -0.710665 -0.711061 -0.711061 -0.711061 -0.711061 -0.711061 -0.711061 -0.711061 -0.711061
-0.709177 -0.710665 -0.711061 -0.711061 -0.711061 -0.711061 -0.711061 -0.711061 -0.711061 -0.711061
-0.709177 -0.710665 -0.711061 -0.711061 -0.711061 -0.711061 -0.711061 -0.711061 -0.711061 -0.711061
-0.709177 -0.710665 -0.711061 -0.711061 -0.711061 -0.711061 -0.711061 -0.711061 -0.711061 -0.711061
-0.709177 -0.710665 -0.711061 -0.711061 -0.711061 -0.711061 -0.711061 -0.711061 -0.711061 -0.711061
-0.709177 -0.710665 -0.711061 -0.711061 -0.711061 -0.711061 -0.711061 -0.711061 -0.711061 -0.711061
-0.709177 -0.710665 -0.711061 -0.711061 -0.711061 -0.711061 -0.711061 -0.711061 -0.711061 -0.711061
-0.709177 -0.710665 -0.711061 -0.711061 -0.711061 -0.711061 -0.711061 -0.711061 -0.711061 -0.711061
-0.709177 -0.710665 -0.711061 -0.711061 -0.711061 -0.711061 -0.711061 -0.711061 -0.711061 -0.711061
-0.709177 -0.710665 -0.711061 -0.711061 -0.711061 -0.711061 -0.711061 -0.711061 -0.711061 -0.711061
-0.709177 -0.710665 -0.711061 -0.711061 -0.711061 -0.711061 -0.711061 -0.711061 -0.711061 -0.711061
-0.709177 -0.710665 -0.711061 -0.711061 -0.711061 -0.711061 -0.711061 -0.711061 -0.711061 -0.711061
-0.709177 -0.710665 -0.711061 -0.711061 -0.711061 -0.711061 -0.711061 -0.711061 -0.711061 -0.711061
-0.709177 -0.710665 -0.711061 -0.711061 -0.711061 -0.711061 -0.711061 -0.711061 -0.711061 -0.711061
-0.709177 -0.710665 -0.711061 -0.711061 -0.711061 -0.711061 -0.711061 -0.711061 -0.711061 -0.711061
-0.709177 -0.710665 -0.711061 -0.711061 -0.711061 -0.711061 -0.711061 -0.711061 -0.711061 -0.711061
-0.709177 -0.710665 -0.711061 -0.711061 -0.711061 -0.711061 -0.711061 -0.711061 -0.711061 -0.711061
-0.709177 -0.710665 -0.711061 -0.711061 -0.711061 -0.711061 -0.711061 -0.711061 -0.711061 -0.711061
-0.709177 -0.710665 -0.711061 -0.711061 -0.711061 -0.711061 -0.711061 -0.711061 -0.711061 -0.711061
-0.709177 -0.710665 -0.711061 -0.711061 -0.711061 -0.711061 -0.711061 -0.711061 -0.711061 -0.711061
-0.709177 -0.710665 -0.711061 -0.711061 -0.711061 -0.711061 -0.711061 -0.711061 -0.711061 -0.711061
-0.709177 -0.710665 -0.711061 -0.711061 -0.711061 -0.711061 -0.711061 -0.711061 -0.711061 -0.711061
-0.709177 -0.710665 -0.711061 -0.711061 -0.711061 -0.711061 -0.711061 -0.711061 -0.711061 -0.711061
-0.709177 -0.710665 -0.711061 -0.711061 -0.711061 -0.711061 -0.711061 -0.711061 -0.711061 -0.711061
-0.709177 -0.710665 -0.711061 -0.711061 -0.711061 -0.711061 -0.711061 -0.711061 -0.711061 -0.711061
-0.709177 -0.710665 -0.711061 -0.711061 -0.711061 -0.711061 -0.711061 -0.711061 -0.711061 -0.711061
-0.709177 -0.710665 -0.711061 -0.711061 -0.711061 -0.711061 -0.711061 -0.711061 -0.711061 -0.711061
-0.709177 -0.710665 -0.711061 -0.711061 -0.711061 -0.711061 -0.711061 -0.711061 -0.711061 -0.711061
-0.709177 -0.710665 -0.711061 -0.711061 -0.711061 -0.711061 -0.711061 -0.711061 -0.711061 -0.711061
-0.709177 -0.710665 -0.711061 -0.711061 -0.711061 -0.711061 -0.711061 -0.711061 -0.711061 -0.711061
-0.709177 -0.710665 -0.711061 -0.711061 -0.711061 -0.711061 -0.711061 -0.711061 -0.711061 -0.711061
-0.709177 -0.710665 -0.711061 -0.711061 -0.711061 -0.711061 -0.711061 -0.711061 -0.711061 -0.711061
-0.709177 -0.710665 -0.711061 -0.711061 -0.711061 -0.711061 -0.711061 -0.711061 -0.711061 -0.711061
-0.709177 -0.710665 -0.711061 -0.711061 -0.711061 -0.711061 -0.711061 -0.711061 -0.711061 -0.711061
-0.709177 -0.710665 -0.711061 -0.711061 -0.711061 -0.711061 -0.711061 -0.711061 -0.711061 -0.711061
-0.709177 -0.710665 -0.711061 -0.711061 -0.711061 -0.711061 -0.711061 -0.711061 -0.711061 -0.711061
-0.709177 -0.710665 -0.711061 -0.711061 -0.711061 -0.711061 -0.711061 -0.711061 -0.711061 -0.711061
-0.709177 -0.710665 -0.711061 -0.711061 -0.711061 -0.711061 -0.711061 -0.711061 -0.711061 -0.711061
-0.709177 -0.710665 -0.711061 -0.711061 -0.711061 -0.711061 -0.711061 -0.711061 -0.711061 -0.711061
-0.709177 -0.710665 -0.711061 -0.711061 -0.711061 -0.711061 -0.711061 -0.711061 -0.711061 -0.711061
-0.709177 -0.710665 -0.711061 -0.711061 -0.711061 -0.711061 -0.711061 -0.711061 -0.711061 -0.711061
-0.709177 -0.710665 -0.711061 -0.711061 -0.711061 -0.711061 -0.711061 -0.711061 -0.711061 -0.711061
-0.709177 -0.710665 -0.711061 -0.711061 -0.711061 -0.711061 -0.711061 -0.711061 -0.711061 -0.711061
-0.709177 -0.710665 -0.711061 -0.711061 -0.711061 -0.711061 -0.711061 -0.711061 -0.711061 -0.711061
-0.709177 -0.710665 -0.711061 -0.711061 -0.711061 -0.711061 -0.711061 -0.711061 -0.711061 -0.711061
-0.709177 -0.710665 -0.711061 -0.711061 -0.711061 -0.711061 -0.711061 -0.711061 -0.711061 -0.711061
-0.709177 -0.710665 -0.711061 -0.711061 -0.711061 -0.711061 -0.711061 -0.711061 -0.711061 -0.711061
-0.709177 -0.710665 -0.711061 -0.711061 -0.711061 -0.711061 -0.711061 -0.711061 -0.711061 -0.711061
-0.709177 -0.710665 -0.711061 -0.711061 -0.711061 -0.711061 -0.711061 -0.711061 -0.711061 -0.711061
-0.709177 -0.710665 -0.711061 -0.711061 -0.711061 -0.711061 -0.711061 -0.711061 -0.711061 -0.711061
-0.709177 -0.710665 -0.711061 -0.711061 -0.711061 -0.711061 -0.711061 -0.711061 -0.711061 -0.711061
-0.709177 -0.710665 -0.711061 -0.711061 -0.711061 -0.711061 -0.711061 -0.711061 -0.711061 -0.711061
-0.709177 -0.710665 -0.711061 -0.711061 -0.711061 -0.711061 -0.711061 -0.711061 -0.711061 -0.711061
-0.709177 -0.710665 -0.711061 -0.711061 -0.711061 -0.711061 -0.711061 -0.711061 -0.711061 -0.711061
-0.709177 -0.710665 -0.711061 -0.711061 -0.711061 -0.711061 -0.711061 -0.711061 -0.711061 -0.711061
-0.709177 -0.710665 -0.711061 -0.711061 -0.711061 -0.711061 -0.711061 -0.711061 -0.711061 -0.711061
-0.709177 -0.710665 -0.711061 -0.711061 -0.711061 -0.711061 -0.711061 -0.711061 -0.711061 -0.711061
-0.709177 -0.710665 -0.711061 -0.711061 -0.711061 -0.711061 -0.711061 -0.711061 -0.711061 -0.711061
-0.709177 -0.710665 -0.711061 -0.711061 -0.711061 -0.711061 -0.711061 -0.711061 -0.711061 -0.711061
-0.709177 -0.710665 -0.711061 -0.711061 -0.711061 -0.711061 -0.711061 -0.711061 -0.711061 -0.711061
-0.709177 -0.710665 -0.711061 -0.711061 -0.711061 -0.711061 -0.711061 -0.711061 -0.711061 -0.711061
-0.709177 -0.710665 -0.711061 -0.711061 -0.711061 -0.711061 -0.711061 -0.711061 -0.711061 -0.711061
-0.709177 -0.710665 -0.711061 -0.711061 -0.711061 -0.711061 -0.711061 -0.711061 -0.711061 -0.711061
-0.709177 -0.710665 -0.711061 -0.711061 -0.711061 -0.711061 -0.711061 -0.711061 -0.711061 -0.711061
-0.709177 -0.710665 -0.711061 -0.711061 -0.711061 -0.711061 -0.711061 -0.711061 -0.711061 -0.711061
-0.709177 -0.710665 -0.711061 -0.711061 -0.711061 -0.711061 -0.711061 -0.711061 -0.711061 -0.711061
-0.709177 -0.710665 -0.711061 -0.711061 -0.711061 -0.711061 -0.711061 -0.711061 -0.711061 -0.711061
-0.709177 -0.710665 -0.711061 -0.711061 -0.711061 -0.711061 -0.711061 -0.711061 -0.711061 -0.711061
-0.709177 -0.710665 -0.711061 -0.711061 -0.711061 -0.711061 -0.711061 -0.711061 -0.711061 -0.711061
-0.709177 -0.710665 -0.711061 -0.711061 -0.711061 -0.711061 -0.711061 -0.711061 -0.711061 -0.711061
-0.709177 -0.710665 -0.711061 -0.711061 -0.711061 -0.711061 -0.711061 -0.711061 -0.711061 -0.711061
-0.709177 -0.710665 -0.711061 -0.711061 -0.711061 -0.711061 -0.711061 -0.711061 -0.711061 -0.711061
-0.709177 -0.710665 -0.711061 -0.711061 -0.711061 -0.711061 -0.711061 -0.711061 -0.711061 -0.711061
-0.709177 -0.710665 -0.711061 -0.711061 -0.711061 -0.711061 -0.711061 -0.711061 -0.711061 -0.711061
-0.709177 -0.710665 -0.711061 -0.711061 -0.711061 -0.711061 -0.711061 -0.711061 -0.711061 -0.711061
-0.709177 -0.710665 -0.711061 -0.711061 -0.711061 -0.711061 -0.711061 -0.711061 -0.711061 -0.711061
-0.709177 -0.710665 -0.711061 -0.711061 -0.711061 -0.711061 -0.711061 -0.711061 -0.711061 -0.711061
-0.709177 -0.710665 -0.711061 -0.711061 -0.711061 -0.711061 -0.711061 -0.711061 -0.711061 -0.711061
-0.709177 -0.710665 -0.711061 -0.711061 -0.711061 -0.711061 -0.711061 -0.711061 -0.711061 -0.711061
-0.709177 -0.710665 -0.711061 -0.711061 -0.711061 -0.711061 -0.711061 -0.711061 -0.711061 -0.711061
-0.709177 -0.710665 -0.711061 -0.711061 -0.711061 -0.711061 -0.711061 -0.711061 -0.711061 -0.711061
-0.709177 -0.710665 -0.711061 -0.711061 -0.711061 -0.711061 -0.711061 -0.711061 -0.711061 -0.711061
-0.709177 -0.710665 -0.711061 -0.711061 -0.711061 -0.711061 -0.711061 -0.711061 -0.711061 -0.711061
-0.709177 -0.710665 -0.711061 -0.711061 -0.711061 -0.711061 -0.711061 -0.711061 -0.711061 -0.711061
-0.709177 -0.710665 -0.711061 -0.711061 -0.711061 -0.711061 -0.711061 -0.711061 -0.711061 -0.711061
-0.709177 -0.710665 -0.711061 -0.711061 -0.711061 -0.711061 -0.711061 -0.711061 -0.711061 -0.711061
-0.709177 -0.710665 -0.711061 -0.711061 -0.711061 -0.711061 -0.711061 -0.711061 -0.711061 -0.711061
-0.709177 -0.710665 -0.711061 -0.711061 -0.711061 -0.711061 -0.711061 -0.711061 -0.711061 -0.711061
-0.709177 -0.710665 -0.711061 -0.711061 -0.711061 -0.711061 -0.711061 -0.711061 -0.711061 -0.711061
-0.709177 -0.710665 -0.711061 -0.711061 -0.711061 -0.711061 -0.711061 -0.711061 -0.711061 -0.711061
-0.709177 -0.710665 -0.711061 -0.711061 -0.711061 -0.711061 -0.711061 -0.711061 -0.711061 -0.711061
-0.709177 -0.710665 -0.711061 -0.711061 -0.711061 -0.711061 -0.711061 -0.711061 -0.711061 -0.711061
-0.709177 -0.710665 -0.711061 -0.711061 -0.711061 -0.711061 -0.711061 -0.711061 -0.711061 -0.711061
-0.709177 -0.710665 -0.711061 -0.711061 -0.711061 -0.711061 -0.711061 -0.711061 -0.711061 -0.711061
-0.709177 -0.710665 -0.711061 -0.711061 -0.711061 -0.711061 -0.711061 -0.711061 -0.711061 -0.711061
-0.709177 -0.710665 -0.711061 -0.711061 -0.711061 -0.711061 -0.711061 -0.711061 -0.711061 -0.711061
-0.709177 -0.710665 -0.711061 -0.711061 -0.711061 -0.711061 -0.711061 -0.711061 -0.711061 -0.711061
-0.709177 -0.710665 -0.711061 -0.711061 -0.711061 -0.711061 -0.711061 -0.711061 -0.711061 -0.711061
-0.709177 -0.710665 -0.711061 -0.711061 -0.711061 -0.711061 -0.711061 -0.711061 -0.711061 -0.711061
-0.709177 -0.710665 -0.711061 -0.711061 -0.711061 -0.711061 -0.711061 -0.711061 -0.711061 -0.711061
-0.709177 -0.710665 -0.711061 -0.711061 -0.711061 -0.711061 -0.711061 -0.711061 -0.711061 -0.711061
-0.709177 -0.710665 -0.711061 -0.711061 -0.711061 -0.711061 -0.711061 -0.711061 -0.711061 -0.711061
-0.709177 -0.710665 -0.711061 -0.711061 -0.711061 -0.711061 -0.711061 -0.711061 -0.711061 -0.711061
-0.709177 -0.710665 -0.711061 -0.711061 -0.711061 -0.711061 -0.711061 -0.711061 -0.711061 -0.711061
-0.709177 -0.710665 -0.711061 -0.711061 -0.711061 -0.711061 -0.711061 -0.711061 -0.711061 -0.711061
-0.709177 -0.710665 -0.711061 -0.711061 -0.711061 -0.711061 -0.711061 -0.711061 -0.711061 -0.711061
-0.709177 -0.710665 -0.711061 -0.711061 -0.711061 -0.711061 -0.711061 -0.711061 -0.711061 -0.711061
-0.709177 -0.710665 -0.711061 -0.711061 -0.711061 -0.711061 -0.711061 -0.711061 -0.711061 -0.711061
-0.709177 -0.710665 -0.711061 -0.711061 -0.711061 -0.711061 -0.711061 -0.711061 -0.711061 -0.711061
-0.709177 -0.710665 -0.711061 -0.711061 -0.711061 -0.711061 -0.711061 -0.711061 -0.711061 -0.711061
-0.709177 -0.710665 -0.711061 -0.711061 -0.711061 -0.711061 -0.711061 -0.711061 -0.711061 -0.711061
-0.709177 -0.710665 -0.711061 -0.711061 -0.711061 -0.711061 -0.711061 -0.711061 -0.711061 -0.711061
-0.709177 -0.710665 -0.711061 -0.711061 -0.711061 -0.711061 -0.711061 -0.711061 -0.711061 -0.711061
-0.709177 -0.710665 -0.711061 -0.711061 -0.711061 -0.711061 -0.711061 -0.711061 -0.711061 -0.711061
-0.709177 -0.710665 -0.711061 -0.711061 -0.711061 -0.711061 -0.711061 -0.711061 -0.711061 -0.711061
-0.709177 -0.710665 -0.711061 -0.711061 -0.711061 -0.711061 -0.711061 -0.711061 -0.711061 -0.711061
-0.709177 -0.710665 -0.711061 -0.711061 -0.711061 -0.711061 -0.711061 -0.711061 -0.711061 -0.711061
-0.709177 -0.710665 -0.711061 -0.711061 -0.711061 -0.711061 -0.711061 -0.711061 -0.711061 -0.711061
-0.709177 -0.710665 -0.711061 -0.711061 -0.711061 -0.711061 -0.711061 -0.711061 -0.711061 -0.711061
-0.709177 -0.710665 -0.711061 -0.711061 -0.711061 -0.711061 -0.711061 -0.711061 -0.711061 -0.711061
-0.709177 -0.710665 -0.711061 -0.711061 -0.711061 -0.711061 -0.711061 -0.711061 -0.711061 -0.711061
-0.709177 -0.710665 -0.711061 -0.711061 -0.711061 -0.711061 -0.711061 -0.711061 -0.711061 -0.711061
-0.709177 -0.710665 -0.711061 -0.711061 -0.711061 -0.711061 -0.711061 -0.711061 -0.711061 -0.711061
-0.709177 -0.710665 -0.711061 -0.711061 -0.711061 -0.711061 -0.711061 -0.711061 -0.711061 -0.711061
-0.709177 -0.710665 -0.711061 -0.711061 -0.711061 -0.711061 -0.711061 -0.711061 -0.711061 -0.711061
-0.709177 -0.710665 -0.711061 -0.711061 -0.711061 -0.711061 -0.711061 -0.711061 -0.711061 -0.711061
-0.709177 -0.710665 -0.711061 -0.711061 -0.711061 -0.711061 -0.711061 -0.711061 -0.711061 -0.711061
