-0.000182579 -0.000182558 -0.000182529  -0.00018249 -0.000182444  -0.00018239 -0.000182328 -0.000182259 -0.000182182 -0.000182099
-0.000182505  -0.00018246 -0.000182408 -0.000182348  -0.00018228 -0.000182206 -0.000182124 -0.000182036  -0.00018194 -0.000181837
-0.000182484 -0.000182436 -0.000182379 -0.000182316 -0.000182245 -0.000182167 -0.000182082 -0.000181989  -0.00018189 -0.000181783
-0.000182439 -0.000182383 -0.000182319 -0.000182248  -0.00018217 -0.000182085 -0.000181993 -0.000181894 -0.000181787 -0.000181673
-0.000182382 -0.000182318 -0.000182246 -0.000182168 -0.000182082  -0.00018199  -0.00018189 -0.000181783 -0.000181668 -0.000181546
-0.000182317 -0.000182245 -0.000182166 -0.000182079 -0.000181986 -0.000181886 -0.000181778 -0.000181663  -0.00018154 -0.000181409
-0.000182244 -0.000182164 -0.000182077 -0.000181983 -0.000181882 -0.000181774 -0.000181658 -0.000181534 -0.000181403 -0.000181262
-0.000182164 -0.000182076 -0.000181981 -0.000181879 -0.000181769 -0.000181653 -0.000181529 -0.000181396 -0.000181255 -0.000181105
-0.000182075 -0.000181979 -0.000181876 -0.000181766 -0.000181648 -0.000181523  -0.00018139 -0.000181249 -0.000181098 -0.000180937
-0.000181978 -0.000181874 -0.000181763 -0.000181644 -0.000181518 -0.000181384 -0.000181242 -0.000181091 -0.000180929 -0.000180758
-0.000181873 -0.000181761 -0.000181641 -0.000181514 -0.000181379 -0.000181236 -0.000181083 -0.000180921 -0.000180749 -0.000180566
 -0.00018176 -0.000181639 -0.000181511 -0.000181374  -0.00018123 -0.000181076 -0.000180913  -0.00018074 -0.000180556 -0.000180361
-0.000181638 -0.000181508  -0.00018137 -0.000181225  -0.00018107 -0.000180906 -0.000180732 -0.000180547  -0.00018035 -0.000180141
-0.000181507 -0.000181368 -0.000181221 -0.000181064 -0.000180899 -0.000180724 -0.000180538  -0.00018034  -0.00018013 -0.000179906
-0.000181366 -0.000181218  -0.00018106 -0.000180893 -0.000180717 -0.000180529 -0.000180331 -0.000180119 -0.000179894 -0.000179655
-0.000181216 -0.000181057 -0.000180889  -0.00018071 -0.000180521 -0.000180321 -0.000180109 -0.000179883 -0.000179642 -0.000179386
-0.000181056 -0.000180885 -0.000180705 -0.000180515 -0.000180313 -0.000180099 -0.000179871  -0.00017963 -0.000179372 -0.000179098
-0.000180884 -0.000180702 -0.000180509 -0.000180305  -0.00018009 -0.000179861 -0.000179618 -0.000179359 -0.000179084  -0.00017879
  -0.0001807 -0.000180506   -0.0001803 -0.000180082 -0.000179851 -0.000179606 -0.000179346 -0.000179069 -0.000178774 -0.000178459
-0.000180504 -0.000180296 -0.000180076 -0.000179843 -0.000179596 -0.000179334 -0.000179055 -0.000178759 -0.000178443 -0.000178105
-0.000180294 -0.000180072 -0.000179836 -0.000179587 -0.000179323 -0.000179042 -0.000178744 -0.000178426 -0.000178087 -0.000177725
-0.000180069 -0.000179832  -0.00017958 -0.000179313  -0.00017903  -0.00017873  -0.00017841  -0.00017807 -0.000177706 -0.000177318
-0.000179829 -0.000179575 -0.000179306  -0.00017902 -0.000178717 -0.000178395 -0.000178053 -0.000177688 -0.000177298 -0.000176881
-0.000179573 -0.000179301 -0.000179012 -0.000178707 -0.000178382 -0.000178037  -0.00017767 -0.000177278 -0.000176859 -0.000176412
-0.000179298 -0.000179007 -0.000178698 -0.000178371 -0.000178023 -0.000177653 -0.000177259 -0.000176838 -0.000176389 -0.000175908
-0.000179004 -0.000178692 -0.000178361  -0.00017801 -0.000177637 -0.000177241 -0.000176818 -0.000176366 -0.000175884 -0.000175367
-0.000178689 -0.000178355 -0.000178001 -0.000177624 -0.000177224 -0.000176798 -0.000176344  -0.00017586 -0.000175342 -0.000174787
-0.000178352 -0.000177994 -0.000177614  -0.00017721 -0.000176781 -0.000176324 -0.000175836 -0.000175316 -0.000174759 -0.000174163
-0.000177991 -0.000177607 -0.000177199 -0.000176766 -0.000176305 -0.000175815 -0.000175291 -0.000174732 -0.000174133 -0.000173492
-0.000177603 -0.000177192 -0.000176755  -0.00017629 -0.000175795 -0.000175268 -0.000174705 -0.000174104 -0.000173461 -0.000172772
-0.000177188 -0.000176747 -0.000176277 -0.000175778 -0.000175247 -0.000174681 -0.000174076  -0.00017343 -0.000172738 -0.000171997
-0.000176742 -0.000176269 -0.000175765 -0.000175229 -0.000174659  -0.00017405   -0.0001734 -0.000172706 -0.000171961 -0.000171164
-0.000176264 -0.000175756 -0.000175215  -0.00017464 -0.000174026 -0.000173372 -0.000172674 -0.000171927 -0.000171126 -0.000170268
-0.000175751 -0.000175206 -0.000174625 -0.000174006 -0.000173347 -0.000172644 -0.000171893 -0.000171089 -0.000170228 -0.000169305
-0.000175201 -0.000174615 -0.000173991 -0.000173326 -0.000172618 -0.000171862 -0.000171053 -0.000170189 -0.000169262 -0.000168269
-0.000174609  -0.00017398 -0.000173309 -0.000172595 -0.000171833  -0.00017102 -0.000170151  -0.00016922 -0.000168223 -0.000167154
-0.000173974 -0.000173298 -0.000172577 -0.000171809  -0.00017099 -0.000170115  -0.00016918 -0.000168179 -0.000167106 -0.000165955
-0.000173292 -0.000172565  -0.00017179 -0.000170964 -0.000170083 -0.000169142 -0.000168136 -0.000167059 -0.000165904 -0.000164664
-0.000172558 -0.000171777 -0.000170944 -0.000170056 -0.000169108 -0.000168096 -0.000167013 -0.000165853  -0.00016461 -0.000163275
 -0.00017177  -0.00017093 -0.000170034 -0.000169079  -0.00016806  -0.00016697 -0.000165805 -0.000164557 -0.000163218 -0.000161781
-0.000170923  -0.00017002 -0.000169057 -0.000168029 -0.000166932  -0.00016576 -0.000164505 -0.000163161  -0.00016172 -0.000160174
-0.000170012 -0.000169041 -0.000168005   -0.0001669 -0.000165719 -0.000164457 -0.000163107  -0.00016166  -0.00016011 -0.000158448
-0.000169033 -0.000167989 -0.000166874 -0.000165685 -0.000164414 -0.000163056 -0.000161602 -0.000160046 -0.000158379 -0.000156597
 -0.00016798 -0.000166857 -0.000165657 -0.000164378  -0.00016301 -0.000161549 -0.000159985 -0.000158312 -0.000156524 -0.000154616
-0.000166847 -0.000165639 -0.000164349 -0.000162972   -0.0001615 -0.000159928 -0.000158247 -0.000156452 -0.000154539 -0.000152502
-0.000165629  -0.00016433 -0.000162941 -0.000161459 -0.000159876 -0.000158187 -0.000156384 -0.000154463  -0.00015242 -0.000150253
-0.000164319 -0.000162921 -0.000161427 -0.000159833 -0.000158133  -0.00015632 -0.000154391 -0.000152341 -0.000150168  -0.00014787
 -0.00016291 -0.000161406   -0.0001598 -0.000158087 -0.000156263 -0.000154324 -0.000152265 -0.000150084 -0.000147779 -0.000145351
-0.000161394 -0.000159777 -0.000158051 -0.000156215 -0.000154263 -0.000152194 -0.000150003  -0.00014769 -0.000145255 -0.000142698
-0.000159764 -0.000158026 -0.000156175 -0.000154209 -0.000152125 -0.000149923 -0.000147599 -0.000145154 -0.000142589 -0.000139906
-0.000158013  -0.00015615 -0.000154169 -0.000152072 -0.000149855 -0.000147519 -0.000145064  -0.00014249 -0.000139798 -0.000136992
-0.000156138 -0.000154146 -0.000152034 -0.000149805 -0.000147456 -0.000144989 -0.000142404 -0.000139704 -0.000136891 -0.000133968
-0.000154134 -0.000152012 -0.000149769 -0.000147408 -0.000144929 -0.000142334 -0.000139624 -0.000136803 -0.000133873 -0.000130839
-0.000152001 -0.000149749 -0.000147375 -0.000144885 -0.000142278 -0.000139558 -0.000136728  -0.00013379  -0.00013075 -0.000127611
-0.000149738 -0.000147356 -0.000144854 -0.000142237 -0.000139506 -0.000136666  -0.00013372 -0.000130673 -0.000127528 -0.000124293
-0.000147347 -0.000144836 -0.000142208 -0.000139468 -0.000136618 -0.000133664 -0.000130608 -0.000127457 -0.000124216  -0.00012089
-0.000144827 -0.000142191 -0.000139441 -0.000136583 -0.000133619 -0.000130556 -0.000127397  -0.00012415 -0.000120819 -0.000117412
-0.000142184 -0.000139426 -0.000136559 -0.000133587 -0.000130515 -0.000127349 -0.000124095 -0.000120759 -0.000117347 -0.000113866
-0.000139419 -0.000136545 -0.000133565 -0.000130486 -0.000127313 -0.000124052 -0.000120709 -0.000117292 -0.000113807 -0.000110262
-0.000136539 -0.000133553 -0.000130466 -0.000127286 -0.000124019  -0.00012067 -0.000117248 -0.000113758 -0.000110209 -0.000106609
-0.000133547 -0.000130455 -0.000127269 -0.000123995 -0.000120641 -0.000117213 -0.000113719 -0.000110166 -0.000106562 -0.000102915
 -0.00013045 -0.000127259  -0.00012398 -0.000120621 -0.000117188 -0.000113689 -0.000110132 -0.000106524 -0.000102874 -9.91905e-05
-0.000127255 -0.000123972 -0.000120608  -0.00011717 -0.000113667 -0.000110106 -0.000106495 -0.000102842 -9.91556e-05 -9.54448e-05
-0.000123969 -0.000120601  -0.00011716 -0.000113653 -0.000110088 -0.000106473 -0.000102817 -9.91287e-05 -9.54157e-05 -9.16876e-05
-0.000120598 -0.000117154 -0.000113644 -0.000110076 -0.000106459   -0.0001028 -9.91091e-05 -9.53942e-05 -9.16644e-05 -8.79286e-05
-0.000117152  -0.00011364  -0.00011007  -0.00010645 -0.000102789 -9.90962e-05 -9.53795e-05 -9.16482e-05 -8.79111e-05 -8.41776e-05
-0.000113638 -0.000110067 -0.000106446 -0.000102783 -9.90888e-05 -9.53708e-05 -9.16383e-05 -8.79002e-05 -8.41658e-05 -8.04442e-05
-0.000110066 -0.000106444 -0.000102781 -9.90858e-05  -9.5367e-05 -9.16337e-05  -8.7895e-05 -8.41601e-05 -8.04381e-05 -7.67382e-05
-0.000106444 -0.000102781 -9.90855e-05 -9.53666e-05 -9.16333e-05 -8.78945e-05 -8.41595e-05 -8.04374e-05 -7.67375e-05 -7.30691e-05
-0.000102782 -9.90866e-05 -9.53684e-05 -9.16356e-05 -8.78975e-05  -8.4163e-05 -8.04414e-05 -7.67419e-05 -7.30738e-05 -6.94461e-05
-9.90879e-05 -9.53707e-05 -9.16394e-05 -8.79025e-05 -8.41692e-05 -8.04487e-05 -7.67503e-05  -7.3083e-05 -6.94561e-05 -6.58785e-05
-9.53726e-05 -9.16429e-05 -8.79081e-05 -8.41768e-05 -8.04582e-05 -7.67615e-05 -7.30957e-05 -6.94701e-05 -6.58936e-05 -6.23752e-05
-9.16454e-05 -8.79128e-05 -8.41843e-05 -8.04683e-05 -7.67741e-05 -7.31106e-05  -6.9487e-05 -6.59122e-05 -6.23953e-05 -5.89447e-05
-8.79158e-05 -8.41901e-05 -8.04775e-05 -7.67865e-05 -7.31262e-05 -6.95054e-05 -6.59332e-05 -6.24183e-05 -5.89696e-05 -5.55953e-05
-8.41937e-05 -8.04845e-05 -7.67975e-05 -7.31409e-05 -6.95239e-05  -6.5955e-05 -6.24431e-05 -5.89969e-05 -5.56248e-05 -5.23347e-05
-8.04886e-05 -7.68055e-05 -7.31536e-05 -6.95409e-05 -6.59764e-05 -6.24684e-05 -5.90256e-05 -5.56563e-05 -5.23688e-05 -4.91707e-05
-7.68102e-05 -7.31626e-05 -6.95552e-05 -6.59955e-05 -6.24924e-05 -5.90539e-05 -5.56886e-05 -5.24043e-05  -4.9209e-05 -4.61098e-05
-7.31678e-05 -6.95651e-05 -6.60113e-05 -6.25135e-05 -5.90805e-05 -5.57198e-05 -5.24399e-05 -4.92481e-05  -4.6152e-05 -4.31583e-05
-6.95707e-05  -6.6022e-05 -6.25306e-05 -5.91034e-05 -5.57487e-05 -5.24738e-05 -4.92868e-05 -4.61945e-05 -4.32042e-05 -4.03218e-05
 -6.6028e-05 -6.25421e-05 -5.91217e-05 -5.57733e-05 -5.25048e-05 -4.93232e-05  -4.6236e-05 -4.32498e-05 -4.03711e-05 -3.76053e-05
-6.25485e-05  -5.9134e-05 -5.57928e-05 -5.25309e-05 -4.93561e-05 -4.62748e-05 -4.32939e-05 -4.04196e-05 -3.76577e-05  -3.5013e-05
-5.91407e-05 -5.58056e-05 -5.25514e-05 -4.93836e-05 -4.63094e-05 -4.33347e-05  -4.0466e-05 -3.77087e-05 -3.50681e-05 -3.25482e-05
-5.58126e-05 -5.25648e-05  -4.9405e-05  -4.6338e-05 -4.33707e-05 -4.05085e-05 -3.77571e-05 -3.51213e-05 -3.26056e-05 -3.02133e-05
-5.25721e-05 -4.94188e-05 -4.63601e-05 -4.34004e-05 -4.05457e-05  -3.7801e-05 -3.51713e-05 -3.26607e-05 -3.02727e-05 -2.80097e-05
-4.94262e-05 -4.63743e-05  -4.3423e-05 -4.05761e-05 -3.78392e-05 -3.52163e-05 -3.27119e-05 -3.03291e-05 -2.80705e-05 -2.59377e-05
-4.63818e-05 -4.34374e-05 -4.05991e-05   -3.787e-05 -3.52551e-05 -3.27575e-05  -3.0381e-05 -2.81277e-05 -2.59994e-05 -2.39963e-05
 -4.3445e-05 -4.06136e-05 -3.78931e-05 -3.52861e-05 -3.27966e-05  -3.0427e-05 -2.81801e-05 -2.60571e-05 -2.40585e-05 -2.21834e-05
-4.06211e-05 -3.79077e-05 -3.53092e-05 -3.28277e-05 -3.04661e-05 -2.82261e-05 -2.61095e-05 -2.41162e-05 -2.22456e-05 -2.04955e-05
-3.79151e-05 -3.53236e-05 -3.28505e-05 -3.04968e-05 -2.82648e-05  -2.6155e-05  -2.4168e-05 -2.23027e-05 -2.05572e-05 -1.89276e-05
-3.53309e-05 -3.28646e-05 -3.05192e-05 -2.82949e-05 -2.61929e-05 -2.42127e-05 -2.23536e-05 -2.06131e-05 -1.89879e-05 -1.74729e-05
-3.28717e-05 -3.05329e-05 -2.83166e-05 -2.62221e-05 -2.42493e-05 -2.23968e-05 -2.06623e-05 -1.90421e-05 -1.75314e-05 -1.61241e-05
-3.05396e-05 -2.83296e-05 -2.62428e-05 -2.42772e-05 -2.24318e-05 -2.07036e-05 -1.90891e-05 -1.75831e-05   -1.618e-05 -1.48731e-05
-2.83359e-05 -2.62549e-05 -2.42966e-05 -2.24579e-05 -2.07365e-05 -1.91278e-05 -1.76273e-05 -1.62286e-05 -1.49256e-05 -1.37116e-05
-2.62607e-05 -2.43078e-05 -2.24757e-05 -2.07605e-05 -1.91581e-05 -1.76629e-05 -1.62691e-05 -1.49702e-05 -1.37598e-05 -1.26315e-05
-2.43129e-05 -2.24857e-05 -2.07764e-05 -1.91795e-05 -1.76899e-05 -1.63009e-05 -1.50065e-05 -1.37998e-05 -1.26746e-05 -1.16246e-05
-2.24902e-05  -2.0785e-05 -1.91932e-05 -1.77084e-05 -1.63243e-05  -1.5034e-05 -1.38311e-05 -1.27091e-05 -1.16619e-05 -1.06833e-05
-2.07886e-05 -1.92003e-05 -1.77197e-05 -1.63395e-05 -1.50532e-05 -1.38539e-05  -1.2735e-05 -1.16904e-05 -1.07141e-05 -9.80051e-06
 -1.9203e-05 -1.77251e-05 -1.63481e-05 -1.50649e-05 -1.38685e-05 -1.27523e-05 -1.17101e-05 -1.07359e-05 -9.82402e-06 -8.96922e-06
-1.77266e-05 -1.63512e-05 -1.50698e-05 -1.38753e-05 -1.27609e-05 -1.17203e-05 -1.07475e-05 -9.83682e-06 -8.98307e-06 -8.18121e-06
-1.63508e-05  -1.5069e-05  -1.3874e-05 -1.27592e-05 -1.17181e-05 -1.07449e-05 -9.83395e-06 -8.97989e-06 -8.17778e-06 -7.42296e-06
-1.50681e-05 -1.38722e-05 -1.27562e-05 -1.17141e-05 -1.07399e-05 -9.82796e-06 -8.97305e-06 -8.17024e-06 -7.41481e-06 -6.70239e-06
-1.38712e-05 -1.27544e-05 -1.17112e-05 -1.07359e-05 -9.82291e-06  -8.9671e-06 -8.16344e-06 -7.40732e-06  -6.6943e-06 -6.02025e-06
-1.27534e-05 -1.17093e-05 -1.07329e-05 -9.81891e-06 -8.96205e-06 -8.15749e-06 -7.40053e-06 -6.68682e-06 -6.01217e-06 -5.37266e-06
-1.17084e-05 -1.07311e-05 -9.81594e-06 -8.95803e-06 -8.15242e-06 -7.39455e-06    -6.68e-06 -6.00465e-06 -5.36454e-06 -4.75597e-06
-1.07301e-05 -9.81406e-06 -8.95503e-06 -8.14836e-06 -7.38944e-06 -6.67396e-06 -5.99777e-06 -5.35696e-06 -4.74778e-06 -4.16669e-06
-9.81308e-06 -8.95312e-06 -8.14532e-06 -7.38532e-06 -6.66878e-06 -5.99166e-06 -5.34999e-06  -4.7401e-06  -4.1584e-06  -3.6098e-06
-8.95212e-06 -8.14337e-06 -7.38222e-06  -6.6646e-06 -5.98639e-06 -5.34378e-06 -4.73302e-06  -4.1506e-06 -3.60138e-06 -3.12786e-06
-8.14235e-06 -7.38023e-06 -6.66143e-06 -5.98211e-06  -5.3384e-06 -4.72668e-06 -4.14337e-06 -3.59341e-06 -3.11926e-06  -2.7922e-06
-7.37919e-06 -6.65939e-06 -5.97887e-06 -5.33402e-06 -4.72116e-06 -4.13687e-06 -3.58601e-06 -3.11111e-06 -2.78339e-06 -2.69312e-06
-6.65831e-06 -5.97677e-06 -5.33068e-06 -4.71666e-06  -4.1312e-06 -3.57933e-06 -3.10349e-06 -2.77501e-06 -2.68407e-06 -2.93063e-06
-5.97565e-06 -5.32851e-06 -4.71322e-06 -4.12656e-06 -3.57349e-06 -3.09661e-06 -2.76717e-06 -2.67543e-06 -2.92131e-06 -3.61059e-06
-5.32736e-06 -4.71098e-06   -4.123e-06 -3.56869e-06 -3.09057e-06 -2.76006e-06 -2.66733e-06 -2.91238e-06 -3.60096e-06 -4.84064e-06
-4.70977e-06 -4.12067e-06 -3.56499e-06  -3.0856e-06  -2.7538e-06 -2.65996e-06 -2.90398e-06 -3.59171e-06 -4.83066e-06 -6.72914e-06
-4.11942e-06 -3.56258e-06 -3.08176e-06 -2.74863e-06 -2.65345e-06 -2.89633e-06 -3.58299e-06 -4.82106e-06 -6.71877e-06 -9.38365e-06
-3.58726e-06 -3.11045e-06 -2.79095e-06 -2.69785e-06 -2.94869e-06 -3.63619e-06 -4.87868e-06 -6.77638e-06  -9.4434e-06 -1.29817e-05
-3.30005e-06 -3.15539e-06 -3.27743e-06  -3.7266e-06 -4.61502e-06 -6.03041e-06 -8.08835e-06 -1.08868e-05 -1.45394e-05 -1.91397e-05
-3.35138e-06 -3.65389e-06  -4.3253e-06 -5.41841e-06 -7.04127e-06 -9.27764e-06 -1.22416e-05 -1.60298e-05 -2.07481e-05 -2.64536e-05
 -3.8583e-06 -4.71774e-06 -6.04249e-06  -7.8786e-06 -1.03312e-05  -1.3481e-05 -1.74416e-05 -2.23012e-05 -2.81296e-05 -3.49573e-05
 -4.9316e-06  -6.4529e-06 -8.53121e-06 -1.12067e-05 -1.45825e-05 -1.87373e-05 -2.37771e-05 -2.97532e-05 -3.67094e-05 -4.46599e-05
-6.67727e-06 -8.96164e-06 -1.18911e-05 -1.55005e-05 -1.98924e-05 -2.51358e-05 -3.13008e-05 -3.84117e-05 -4.64969e-05 -5.55647e-05
-9.19763e-06 -1.23437e-05 -1.62201e-05 -2.08575e-05   -2.635e-05 -3.27291e-05 -4.00385e-05 -4.82864e-05 -5.74957e-05 -6.76738e-05
-1.25924e-05 -1.66971e-05 -2.16158e-05  -2.7367e-05 -3.40085e-05 -4.15434e-05 -5.00004e-05 -5.93811e-05 -6.97083e-05 -8.09929e-05
-1.69598e-05 -2.21194e-05 -2.81677e-05 -3.50822e-05 -4.28942e-05 -5.15892e-05 -6.11907e-05 -7.16988e-05 -8.31407e-05 -9.55333e-05
-2.23974e-05 -2.87004e-05 -3.59291e-05 -4.40298e-05 -5.30178e-05  -6.2871e-05 -7.36126e-05 -8.52458e-05 -9.78048e-05 -0.000111315
-2.89689e-05 -3.64622e-05 -4.48807e-05  -5.4171e-05 -6.43252e-05 -7.53312e-05 -8.72062e-05 -9.99668e-05  -0.00011365 -0.000128298
-3.65837e-05 -4.51122e-05 -5.45389e-05 -6.48175e-05 -7.59504e-05 -8.79338e-05 -0.000100795 -0.000114561  -0.00012928 -0.000145006
-4.52466e-05 -5.47953e-05  -6.5225e-05 -7.64959e-05 -8.86199e-05 -0.000101602 -0.000115479  -0.00013029 -0.000146096 -0.000162962
-5.49421e-05 -6.55053e-05 -7.69413e-05 -8.92164e-05 -0.000102352 -0.000116361 -0.000131294   -0.0001472 -0.000164153  -0.00018223
-6.56652e-05 -7.72466e-05 -8.97016e-05 -0.000103002 -0.000117179 -0.000132255 -0.000148294 -0.000165356 -0.000183528 -0.000202898
-7.74202e-05 -9.00332e-05 -0.000103529 -0.000117885 -0.000133143 -0.000149338 -0.000166545 -0.000184835 -0.000204309 -0.000225063
-9.02214e-05 -0.000103888 -0.000118456 -0.000133908   -0.0001503 -0.000167677 -0.000186124 -0.000205726 -0.000226592 -0.000248833
-0.000104092 -0.000118845 -0.000134527 -0.000151129 -0.000168718 -0.000187349 -0.000207121 -0.000228126 -0.000250488 -0.000274326
-0.000119064 -0.000134946 -0.000151795 -0.000169611 -0.000188472 -0.000208442  -0.00022963 -0.000252142 -0.000276111  -0.00030167
 -0.00013518 -0.000152243 -0.000170324 -0.000189427 -0.000209642 -0.000231042 -0.000253749 -0.000277879 -0.000303578 -0.000330991
-0.000152495 -0.000170803 -0.000190189 -0.000210663 -0.000232326 -0.000255259 -0.000279598 -0.000305468 -0.000333031 -0.000362441
-0.000171083 -0.000190725 -0.000211515 -0.000233468 -0.000256695 -0.000281286 -0.000307391 -0.000335146 -0.000364723 -0.000396288
-0.000191026  -0.00021209 -0.000234382  -0.00025792 -0.000282827 -0.000309203 -0.000337209 -0.000366992 -0.000398737 -0.000432621
-0.000212412 -0.000234998   -0.0002589 -0.000284141 -0.000310855 -0.000339152 -0.000369205  -0.00040117 -0.000435247 -0.000471624
-0.000235344 -0.000259561 -0.000285191 -0.000312263 -0.000340923 -0.000371287 -0.000403542 -0.000437855 -0.000474438 -0.000513499
0.000535809 0.000509241 0.000481173 0.000451578 0.000420307 0.000387238 0.000352175 0.000314938 0.000275297  0.00023303
0.000508851 0.000480427 0.000450392 0.000418717 0.000385238 0.000349824  0.00031226 0.000272352 0.000229852 0.000184517
0.000480009 0.000449593 0.000417448 0.000383537 0.000347684 0.000309744 0.000269487   0.0002267 0.000181117 0.000132476
0.000449147 0.000416594  0.00038218 0.000345865 0.000307456 0.000266796 0.000223636 0.000177747  0.00012884 7.66345e-05
0.000416117 0.000381268 0.000344415 0.000305512 0.000264351 0.000220761 0.000174472 0.000125239 7.27482e-05 1.66977e-05
 0.000380758   0.00034344  0.000303962  0.000262274  0.000218148    0.0001714  0.000121739  6.88998e-05  1.25453e-05 -4.76512e-05
 0.000342895  0.000302921  0.000260618  0.000215929  0.000168609  0.000118458  6.51623e-05  8.43477e-06 -5.20865e-05 -0.000116762
 0.000302339  0.000259506  0.000214161   0.00016624  0.000115477  6.16579e-05  4.44365e-06  -5.6476e-05 -0.000121499  -0.00019105
 0.000258886  0.000212974  0.000164352  0.000112948  5.84762e-05  7.02398e-07 -6.07368e-05 -0.000126185 -0.000196106 -0.000270985
 0.000212312  0.000163085  0.000110934  5.57764e-05 -2.69359e-06 -6.47301e-05 -0.000130733 -0.000201108 -0.000276381 -0.000357087
 0.000162378  0.000109581  5.36269e-05 -5.57463e-06  -6.8354e-05 -0.000134994 -0.000205961 -0.000281719 -0.000362847 -0.000449921
 0.000108827   5.2184e-05 -7.86807e-06 -7.14279e-05  -0.00013886 -0.000210508 -0.000286897 -0.000368541 -0.000456066  -0.00055009
 5.13796e-05 -9.40724e-06 -7.38744e-05 -0.000142139 -0.000214632 -0.000291747 -0.000374065 -0.000462141 -0.000556645 -0.000658237
-1.02652e-05 -7.55161e-05 -0.000144749  -0.00021813 -0.000296146 -0.000379238 -0.000468032 -0.000563124 -0.000665228 -0.000775049
 -7.6431e-05   -0.0001465 -0.000220912 -0.000299876 -0.000383929 -0.000473548 -0.000569407 -0.000672138 -0.000782504 -0.000901253
-0.000147501  -0.00022281 -0.000302889 -0.000387956  -0.00047861  -0.00057535 -0.000678904 -0.000789939 -0.000909273  -0.00103769
-0.000224041 -0.000305247 -0.000391703 -0.000483633 -0.000581669 -0.000686335 -0.000798403 -0.000918582  -0.00104774  -0.00118671
-0.000306553 -0.000394204 -0.000487609 -0.000586998 -0.000693038 -0.000806286  -0.00092756  -0.00105761  -0.00119737  -0.00134767
-0.000395592 -0.000490265 -0.000591221 -0.000698699 -0.000813407 -0.000935933  -0.00106715  -0.00120785  -0.00135899  -0.00152144
 -0.00049174 -0.000594044 -0.000703187 -0.000819422   -0.0009435  -0.00107605  -0.00121799  -0.00137013  -0.00153347  -0.00170892
-0.000595612 -0.000706189 -0.000824194 -0.000949896  -0.00108409  -0.00122745  -0.00138091  -0.00154532  -0.00172171  -0.00191109
-0.000707856 -0.000827386  -0.00095497   -0.0010909    -0.001236  -0.00139097  -0.00155677  -0.00173431  -0.00192469  -0.00212898
 -0.00082916 -0.000958365  -0.00109629  -0.00124324  -0.00140007  -0.00156747   -0.0017465  -0.00193809  -0.00214345  -0.00236372
-0.000960253   -0.0010999  -0.00124898  -0.00140776  -0.00157716  -0.00175788  -0.00195106  -0.00215771  -0.00237911  -0.00261652
-0.00110191 -0.00125282 -0.00141387 -0.00158534 -0.00176818 -0.00196317  -0.0021715 -0.00239428 -0.00263289  -0.0028887
-0.00125494 -0.00141793  -0.0015918 -0.00177685 -0.00197407 -0.00218433  -0.0024089 -0.00264897 -0.00290605  -0.0031816
-0.00142002 -0.00159579 -0.00178319 -0.00198257 -0.00219501 -0.00242145 -0.00266328 -0.00292178 -0.00319857 -0.00349525
-0.00159801 -0.00178744 -0.00198933 -0.00220407 -0.00243285 -0.00267668 -0.00293705 -0.00321536 -0.00351337 -0.00383278
-0.00178981 -0.00199387 -0.00221129 -0.00244252 -0.00268884 -0.00295134 -0.00323164 -0.00353127 -0.00385209 -0.00419597
-0.00199639 -0.00221612 -0.00245021 -0.00269914  -0.0029643 -0.00324688 -0.00354862 -0.00387118 -0.00421656 -0.00458678
-0.00221882 -0.00245536 -0.00270733 -0.00297528 -0.00326069 -0.00356486 -0.00388967  -0.0042369 -0.00460872  -0.0050073
-0.00245823 -0.00271282 -0.00298401 -0.00327239 -0.00357958 -0.00390697 -0.00425661  -0.0046304 -0.00503069  -0.0054598
-0.00271588 -0.00298986 -0.00328169 -0.00359204 -0.00392265 -0.00427504 -0.00465139 -0.00505377 -0.00548471 -0.00594672
-0.00299312 -0.00328792 -0.00360194 -0.00393592 -0.00429173 -0.00467102 -0.00507613  -0.0055093 -0.00597325 -0.00647069
-0.00329139 -0.00360858 -0.00394647 -0.00430587 -0.00468879 -0.00509703  -0.0055331 -0.00599943 -0.00649893 -0.00703452
-0.00361227 -0.00395353 -0.00431709 -0.00470384 -0.00511595 -0.00555535 -0.00602477  -0.0065268  -0.0070646 -0.00764129
-0.00395746 -0.00432461 -0.00471579 -0.00513197  -0.0055755 -0.00604845 -0.00655377 -0.00709426  -0.0076733 -0.00829427
-0.00432879 -0.00472379 -0.00514468 -0.00559254 -0.00606989 -0.00657898 -0.00712296 -0.00770486 -0.00832833   -0.008997
-0.00472824  -0.0051532 -0.00560607 -0.00608802 -0.00660178 -0.00714978  -0.0077354 -0.00836192 -0.00903324 -0.00975329
-0.00515793 -0.00561513 -0.00610242 -0.00662107 -0.00717404 -0.00776393  -0.0083944 -0.00906897 -0.00979184  -0.0105672
-0.00642776 -0.00691965 -0.00744399 -0.00800216 -0.00859734 -0.00923235 -0.00991113  -0.0106374  -0.0114158  -0.0122509
-0.00692501 -0.00745423 -0.00801844 -0.00861916  -0.0092598  -0.0099434  -0.0106742  -0.0114563  -0.0122945  -0.0131938
-0.00745993 -0.00802934 -0.00863647   -0.009283 -0.00997258  -0.0107085  -0.0114953  -0.0123375  -0.0132401  -0.0142086
-0.00803539 -0.00864805  -0.0093014 -0.00999724  -0.0107395  -0.0115318   -0.012379  -0.0132858  -0.0142579  -0.0153009
-0.00865449 -0.00931371  -0.0100168  -0.0107657  -0.0115648  -0.0124178    -0.01333  -0.0143065  -0.0153533  -0.0164767
-0.00932055  -0.0100299  -0.0107865  -0.0115927  -0.0124528  -0.0133712  -0.0143534  -0.0154049  -0.0165324  -0.0177423
-0.0100372 -0.0108004 -0.0116148 -0.0124824 -0.0134084 -0.0143972 -0.0154548 -0.0165872 -0.0178014 -0.0191045
-0.0108082 -0.0116295 -0.0125059 -0.0134399 -0.0144367 -0.0155013 -0.0166402 -0.0178597 -0.0191674  -0.020571
-0.0116377 -0.0125216 -0.0134648 -0.0144702 -0.0155434 -0.0166896  -0.017916 -0.0192293 -0.0206378 -0.0221496
-0.0125303 -0.0134815 -0.0144966 -0.0155788 -0.0167342 -0.0179685 -0.0192891 -0.0207035 -0.0222206 -0.0238492
-0.0134907 -0.0145143  -0.015607 -0.0167719 -0.0180159 -0.0193448  -0.020767 -0.0222904 -0.0239245  -0.025679
-0.0145242 -0.0156258 -0.0168018 -0.0180559 -0.0193951 -0.0208261 -0.0223577 -0.0239986  -0.025759 -0.0276492
-0.0156362 -0.0168217 -0.0180876 -0.0194376 -0.0208795 -0.0224206 -0.0240702 -0.0258377 -0.0277341 -0.0297705
-0.0168328 -0.0181087 -0.0194712 -0.0209246 -0.0224773 -0.0241368 -0.0259136 -0.0278176 -0.0298606 -0.0320546
-0.0181205 -0.0194937 -0.0209603 -0.0225251  -0.024197 -0.0259843 -0.0278981 -0.0299492 -0.0321502 -0.0345141
-0.0195062 -0.0209842  -0.022563 -0.0242478 -0.0260482 -0.0279732 -0.0300347 -0.0322443 -0.0346156 -0.0371625
-0.0209976 -0.0225887 -0.0242886 -0.0261028 -0.0280419 -0.0301155 -0.0323363 -0.0347168 -0.0372717 -0.0400158
-0.0226029 -0.0243157  -0.026146 -0.0280998 -0.0301883 -0.0324219 -0.0348143 -0.0373789 -0.0401316 -0.0430882
-0.0243308 -0.0261749 -0.0281456 -0.0302497 -0.0324991  -0.034905 -0.0374823 -0.0402452 -0.0432109 -0.0463963
-0.0261908 -0.0281762 -0.0302983 -0.0325642 -0.0349869 -0.0375785 -0.0403548 -0.0433313 -0.0465263  -0.049958
-0.0281931 -0.0303306 -0.0326156 -0.0350558 -0.0376652 -0.0404567 -0.0434474  -0.046654 -0.0500958 -0.0537929
-0.0303486 -0.0326499 -0.0351103 -0.0377382 -0.0405486 -0.0435555  -0.046777 -0.0502311 -0.0539388 -0.0579222
-0.0326689 -0.0351467  -0.037796  -0.040626 -0.0436528 -0.0468914 -0.0503614 -0.0540821 -0.0580768 -0.0623698
-0.0351668 -0.0378345 -0.0406872 -0.0437347 -0.0469945 -0.0504825 -0.0542201 -0.0582286 -0.0625335 -0.0671613
-0.0378558 -0.0407279 -0.0437995 -0.0470812 -0.0505917 -0.0543484 -0.0583747 -0.0626942 -0.0673346 -0.0723195
-0.0407505 -0.0438426 -0.0471498 -0.0506835 -0.0544639 -0.0585105 -0.0628488 -0.0675047  -0.072503 -0.0778531
-0.0438663 -0.0471951 -0.0507555 -0.0545604 -0.0586318 -0.0629915 -0.0676672 -0.0726817 -0.0780459 -0.0837434
-0.0472202 -0.0508036 -0.0546368 -0.0587341 -0.0631202 -0.0678184 -0.0728539 -0.0782354 -0.0839478 -0.0899547
-0.0508302 -0.0546877 -0.0588151 -0.0632287 -0.0679549 -0.0730144  -0.078418 -0.0841487 -0.0901715 -0.0964357
-0.0547159 -0.0588689 -0.0633142 -0.0680695 -0.0731585 -0.0785875 -0.0843417 -0.0903837 -0.0966647  -0.103125
-0.0588983 -0.0633703 -0.0681586 -0.0732778 -0.0787376 -0.0845181 -0.0905846 -0.0968857  -0.103364  -0.109952
-0.0633999 -0.0682151 -0.0733677 -0.0788579 -0.0846695 -0.0907626 -0.0970883  -0.103586  -0.110193  -0.116837
-0.0682443 -0.0734235 -0.0789466 -0.0847883 -0.0909119 -0.0972639  -0.103786  -0.110412  -0.117074  -0.123697
-0.0734557 -0.0790081  -0.084886 -0.0910429 -0.0974286   -0.10398  -0.110633  -0.117316  -0.123958  -0.130482
-0.0790592 -0.0849832 -0.0911971 -0.0976349  -0.104239  -0.110938  -0.117663  -0.124339  -0.130894  -0.137251
-0.0850445 -0.0913219 -0.0978326  -0.104509  -0.111277  -0.118066  -0.124799  -0.131401  -0.137799  -0.143937
-0.0912942 -0.0977792  -0.104424  -0.111163  -0.117923   -0.12463  -0.131209  -0.137588  -0.143709  -0.149542
-0.0977496  -0.104367  -0.111073  -0.117801  -0.124477  -0.131029  -0.137383  -0.143483  -0.149298  -0.154818
-0.104335 -0.111011 -0.117703 -0.124345 -0.130863 -0.137187 -0.143261 -0.149053 -0.154553 -0.159765
-0.110976 -0.117636 -0.124238 -0.130719 -0.137007 -0.143049 -0.148812 -0.154288 -0.159479 -0.164397
-0.103596 -0.110164 -0.116603 -0.122852 -0.128854 -0.134583 -0.140028 -0.145193 -0.150089 -0.154734
-0.110125 -0.116528 -0.122733 -0.128694 -0.134382 -0.139791 -0.144923 -0.149792 -0.154414 -0.158811
-0.116488 -0.122655 -0.128571 -0.134218 -0.139584  -0.14468 -0.149515 -0.154109 -0.158482 -0.162656
 -0.12261 -0.128485 -0.134081 -0.139401 -0.144449 -0.149244 -0.153801 -0.158142 -0.162289 -0.166266
 -0.12842 -0.133956 -0.139203 -0.144184  -0.14891 -0.153408 -0.157695 -0.161798 -0.165737 -0.169535
-0.133878 -0.139047 -0.143936 -0.148573 -0.152984 -0.157194 -0.161227 -0.165106 -0.168854 -0.172493
-0.139056 -0.143955 -0.148603 -0.153024 -0.157243 -0.161285 -0.165172 -0.168927 -0.172572 -0.176128
-0.143964  -0.14862 -0.153052 -0.157281 -0.161333 -0.165228 -0.168991 -0.172643 -0.176205 -0.179698
 -0.14863  -0.15307 -0.157311 -0.161372 -0.165278  -0.16905  -0.17271 -0.176278 -0.179778 -0.183228
 -0.15308  -0.15733 -0.161403 -0.165319 -0.169102 -0.172771 -0.176348 -0.179854  -0.18331 -0.186736
 -0.15734 -0.161423 -0.165351 -0.169145 -0.172825 -0.176412 -0.179927  -0.18339 -0.186822 -0.190244
-0.161434 -0.165372 -0.169178  -0.17287 -0.176468 -0.179993 -0.183466 -0.186906 -0.190334  -0.19377
-0.165384   -0.1692 -0.172905 -0.176515 -0.180052 -0.183535 -0.186985 -0.190421 -0.193864 -0.197334
-0.169212 -0.172928 -0.176552 -0.180102 -0.183597 -0.187058 -0.190504 -0.193955 -0.197433 -0.200956
 -0.17294 -0.176576  -0.18014 -0.183649 -0.187123 -0.190581 -0.194043 -0.197529  -0.20106 -0.204657
-0.176589 -0.180166  -0.18369 -0.187177 -0.190649 -0.194123  -0.19762 -0.201161 -0.204766 -0.208456
 -0.18018 -0.183717 -0.187221 -0.190707 -0.194196 -0.197706 -0.201258 -0.204873 -0.208572 -0.212377
-0.183732 -0.187249 -0.190753 -0.194257 -0.197783 -0.201349 -0.204976 -0.208685 -0.212499 -0.216439
-0.187265 -0.190783 -0.194305 -0.197847  -0.20143 -0.205071 -0.208793 -0.212618 -0.216567 -0.220665
-0.190799 -0.194337 -0.197898 -0.201497 -0.205156 -0.208894 -0.212732 -0.216693   -0.2208 -0.225078
-0.194354 -0.197931 -0.201551 -0.205228 -0.208983 -0.212838 -0.216813 -0.220933 -0.225221 -0.229702
 -0.19795 -0.201586 -0.205284 -0.209059 -0.212932 -0.216925  -0.22106  -0.22536 -0.229853 -0.234564
-0.201605 -0.205321 -0.209118 -0.213012 -0.217025 -0.221177 -0.225494     -0.23 -0.234723 -0.239691
-0.205342 -0.209158 -0.213075 -0.217109 -0.221283 -0.225619 -0.230142 -0.234878 -0.239858 -0.245112
-0.209179 -0.213116 -0.217175 -0.221371  -0.22573 -0.230273 -0.235028 -0.240022 -0.245289 -0.250854
-0.213139 -0.217219 -0.221441 -0.225824  -0.23039 -0.235166  -0.24018 -0.245462 -0.251041 -0.256929
-0.217243 -0.221487 -0.225897 -0.230488 -0.235289 -0.240325 -0.245627 -0.251223 -0.257125  0.122676
-0.221513 -0.225945 -0.230566 -0.235393 -0.240456 -0.245781 -0.251398 -0.257318  0.122469  0.115999
-0.225972 -0.230617 -0.235475 -0.240565 -0.245919  -0.25156 -0.257503  0.122265  0.115779  0.109086
-0.230646 -0.235529 -0.240652 -0.246035 -0.251706 -0.257674   0.12207  0.115565  0.108854  0.101996
-0.235559 -0.240708 -0.246125 -0.251826 -0.257825  0.121892  0.115362  0.108631  0.101755  0.094797
-0.240738 -0.246182 -0.251917 -0.257947  0.121739  0.115182  0.108427   0.10153 0.0945544 0.0875678
-0.246211 -0.251973 -0.258036  0.121619  0.115032  0.108249  0.101328 0.0943326 0.0873286 0.0803883
-0.252005 -0.258098  0.121521    0.1149  0.108084  0.101133 0.0941105 0.0870843 0.0801247 0.0733062
 -0.25815  0.121423  0.114745  0.107876  0.100873 0.0938046  0.086736 0.0797419 0.0728932 0.0662623
 0.121362   0.11462  0.107678  0.100602 0.0934638 0.0863321 0.0792813 0.0723844 0.0657128 0.0593217
 0.114647  0.107731  0.100687 0.0935771 0.0864745  0.079449 0.0725754 0.0659229 0.0595484 0.0534806
 0.107761  0.100743  0.093667 0.0865953 0.0796009 0.0727541 0.0661266 0.0597724 0.0537224 0.0479849
 0.100775 0.0937287 0.0866933 0.0797324 0.0729196 0.0663212 0.0599941 0.0539663 0.0482481 0.0428343
0.0937636 0.0867602 0.0798387 0.0730622 0.0665006 0.0602052 0.0542067 0.0485125 0.0431196 0.0380139
0.0867976 0.0799103  0.073176 0.0666533 0.0603972 0.0544325 0.0487698 0.0434026 0.0383192 0.0335001
0.0799494 0.0732509 0.0667722 0.0605566 0.0546331 0.0490056 0.0436712 0.0386147 0.0338189 0.0292612
0.0732911 0.0668492  0.060679 0.0547971 0.0492119 0.0439138  0.038891 0.0341228  0.029589 0.0252655
 0.066894 0.0607648 0.0549335 0.0493948 0.0441438 0.0391614 0.0344307 0.0299277 0.0256309 0.0215153
0.0608303 0.0550582 0.0495928 0.0444089 0.0394947 0.0348225 0.0303738 0.0261213 0.0220444 0.0181171
0.0551357 0.0497488 0.0446561  0.039831 0.0352457 0.0308748 0.0266924 0.0226747 0.0187977 0.0150391
0.0497392 0.0446376 0.0398016 0.0352061 0.0308249 0.0266337 0.0226078 0.0187241 0.0149596 0.0112925
 0.0446283  0.0397837  0.0351776  0.0307866  0.0265854  0.0225509  0.0186592  0.0148882  0.0112154 0.00761949
  0.039774   0.035159  0.0307569  0.0265455  0.0225007  0.0186001  0.0148209  0.0111413  0.0075395 0.00399443
   0.035149   0.0307375   0.0265147   0.0224592    0.018548   0.0147595   0.0110713  0.00746245  0.00391126 0.000397043
  0.0307271   0.0264945   0.0224271   0.0185047   0.0147051   0.0110073  0.00738948  0.00383096 0.000310377 -0.00319281
  0.0264835   0.0224059   0.0184711   0.0146599   0.0109505  0.00732261  0.00375477 0.000226536  -0.0032833 -0.00679521
  0.0223945    0.018449   0.0146247   0.0109032  0.00726317  0.00368482 0.000146842 -0.00337099 -0.00688985  -0.0104303
   0.018437   0.0146016   0.0108664  0.00721368  0.00362254 7.35556e-05 -0.00345448 -0.00698171  -0.0105294  -0.0141182
  0.0145889   0.0108421    0.007175  0.00357062 8.21807e-06 -0.00353136 -0.00706929  -0.0106257  -0.0142222  -0.0178796
   0.0108287   0.00714941   0.00352993 -4.63738e-05  -0.00360004  -0.00715009   -0.0107178   -0.0143235   -0.0179889   -0.0217354
  0.00713522   0.00350268 -8.97007e-05  -0.00365818  -0.00722323   -0.0108038   -0.0144215   -0.0180967   -0.0218518   -0.0257085
  0.00348774 -0.000118373  -0.00370377   -0.0072844   -0.0108808    -0.014512   -0.0181998   -0.0219652   -0.0258309   -0.0298193
-0.000134118  -0.00373397  -0.00733241   -0.0109452    -0.014593   -0.0182951   -0.0220738   -0.0259503   -0.0299482   -0.0340904
-0.00375057 -0.00736424  -0.0109958  -0.0146609  -0.0183805  -0.0221742  -0.0260647   -0.030074  -0.0342262  -0.0385453
-0.00738175  -0.0110294  -0.0147142   -0.018452  -0.0222642  -0.0261705  -0.0301945  -0.0343588  -0.0386884  -0.0432085
-0.0110478 -0.0147496 -0.0185083 -0.0223396 -0.0262654 -0.0303062  -0.034486 -0.0388283 -0.0433594  -0.048106
-0.0147691 -0.0185457  -0.022399 -0.0263451 -0.0304063 -0.0346037 -0.0389624 -0.0435069 -0.0482652  -0.053266
-0.0185663 -0.0224384 -0.0264077 -0.0304903 -0.0347094 -0.0390867 -0.0436485 -0.0484209  -0.053434 -0.0587182
-0.0224602 -0.0264494 -0.0305565 -0.0347981 -0.0391983 -0.0437797 -0.0485703 -0.0535984 -0.0588955 -0.0644892
-0.0264723 -0.0306004 -0.0348679 -0.0392919 -0.0438974 -0.0487088  -0.053756  -0.059069 -0.0646763 -0.0705911
-0.0306245  -0.034914 -0.0393651 -0.0439956 -0.0488322 -0.0539012 -0.0592343 -0.0648582 -0.0707873 -0.0770084
-0.0349395 -0.0394139 -0.0440731 -0.0489361 -0.0540318 -0.0593879 -0.0650331 -0.0709796  -0.077216 -0.0837085
-0.0394408 -0.0441247 -0.0490181 -0.0541417 -0.0595261 -0.0651956 -0.0711647 -0.0774195 -0.0839281 -0.0906428
-0.0441531 -0.0490725 -0.0542282  -0.059642 -0.0653414 -0.0713362 -0.0776148 -0.0841429 -0.0908745 -0.0977526
-0.0491021 -0.0542848  -0.059732  -0.065462 -0.0714878  -0.077793 -0.0843459 -0.0910977 -0.0979934  -0.104969
-0.0543147  -0.059789 -0.0655526 -0.0716093 -0.0779458 -0.0845255 -0.0913023 -0.0982184  -0.105212  -0.112216
-0.0598185 -0.0656089 -0.0716987 -0.0780657 -0.0846762 -0.0914794 -0.0984201  -0.105434  -0.112455  -0.119411
-0.0656414 -0.0717607 -0.0781642 -0.0848082 -0.0916454 -0.0986153  -0.105656  -0.112699  -0.119674  -0.126508
 -0.071812 -0.0782617  -0.084963 -0.0918526 -0.0988757  -0.105962  -0.113048  -0.120057  -0.126921  -0.133565
-0.0783232 -0.0850882 -0.0920509 -0.0991464  -0.106303  -0.113452  -0.120518  -0.127429  -0.134114  -0.140518
-0.0850607 -0.0919979 -0.0990621   -0.10619  -0.113309   -0.12035  -0.127239  -0.133904  -0.140291  -0.146371
-0.0919684 -0.0990056    -0.1061  -0.113189  -0.120199   -0.12706  -0.133701  -0.140067  -0.146129  -0.151877
-0.0989734  -0.106038  -0.113091  -0.120067  -0.126894  -0.133506  -0.139846  -0.145885  -0.151614  -0.157038
-0.106003 -0.113024 -0.119961 -0.126752 -0.133327 -0.139635 -0.145645  -0.15135 -0.156753 -0.161867
-0.107837  -0.11474 -0.121489 -0.128025 -0.134293  -0.14027 -0.145943  -0.15132 -0.156413  -0.16124
-0.114701 -0.121414 -0.127906 -0.134134 -0.140069 -0.145707 -0.151052 -0.156117 -0.160922 -0.165487
-0.121374 -0.127829 -0.134012 -0.139905 -0.145501 -0.150809 -0.155841 -0.160618  -0.16516  -0.16949
-0.127784 -0.133926 -0.139769 -0.145318 -0.150579 -0.155571  -0.16031 -0.164821 -0.169125 -0.173247
 -0.13386 -0.139644  -0.14512 -0.150314 -0.155237 -0.159918 -0.164375 -0.168635 -0.172718 -0.176652
-0.139566 -0.144964 -0.150067 -0.154901 -0.159495 -0.163874 -0.168064 -0.172088 -0.175971 -0.179736
-0.144974 -0.150085 -0.154931 -0.159535 -0.163924 -0.168122 -0.172155 -0.176045 -0.179815 -0.183488
-0.150095 -0.154949 -0.159563 -0.163962 -0.168171 -0.172212  -0.17611 -0.179887 -0.183565 -0.187166
-0.154958 -0.159582 -0.163992 -0.168211 -0.172262 -0.176169 -0.179954 -0.183639 -0.187246 -0.190796
-0.159592 -0.164011 -0.168241 -0.172304 -0.176221 -0.180016 -0.183709 -0.187323 -0.190879 -0.194397
-0.164022 -0.168262 -0.172336 -0.176265  -0.18007 -0.183773 -0.187396 -0.190959 -0.194484  -0.19799
-0.168273 -0.172357 -0.176298 -0.180115  -0.18383 -0.187463 -0.191035 -0.194567 -0.198081 -0.201595
-0.172368  -0.17632  -0.18015 -0.183877 -0.187522 -0.191105 -0.194647 -0.198168  -0.20169 -0.205232
-0.176332 -0.180174 -0.183914 -0.187572 -0.191168 -0.194721 -0.198252 -0.201782 -0.205331 -0.208921
-0.180186 -0.183939 -0.187611  -0.19122 -0.194786 -0.198329 -0.201869 -0.205427 -0.209025 -0.212682
-0.183952 -0.187636  -0.19126  -0.19484 -0.198397  -0.20195 -0.205519 -0.209126 -0.212791 -0.216536
 -0.18765 -0.191287 -0.194883 -0.198455 -0.202022 -0.205604 -0.209223 -0.212898 -0.216651 -0.220506
-0.191302 -0.194911   -0.1985 -0.202083  -0.20568 -0.209312 -0.212999 -0.216763 -0.220626 -0.224611
-0.194927  -0.19853  -0.20213 -0.205744 -0.209392 -0.213093  -0.21687 -0.220744 -0.224738 -0.228875
-0.198546 -0.202161 -0.205794 -0.209459 -0.213178  -0.21697 -0.220857 -0.224862 -0.229009 -0.233322
-0.202179 -0.205827 -0.209512 -0.213248 -0.217058 -0.220962 -0.224981  -0.22914 -0.233463 -0.237976
-0.205845 -0.209547 -0.213304 -0.217133 -0.221055 -0.225091 -0.229266 -0.233601 -0.238125 -0.242862
-0.209566 -0.213341 -0.217191 -0.221134  -0.22519 -0.229382 -0.233734  -0.23827 -0.243019  -0.24801
-0.213361  -0.21723 -0.221196 -0.225273 -0.229486 -0.233856  -0.23841 -0.243173 -0.248176 -0.253449
-0.217252 -0.221237 -0.225339 -0.229574 -0.233967 -0.238539 -0.243321 -0.248338 -0.253624 -0.259205
-0.221259 -0.225382 -0.229643 -0.234059 -0.238656 -0.243457 -0.248494 -0.253795 -0.259389  -0.26529
-0.225406 -0.229689 -0.234132 -0.238753  -0.24358 -0.248638 -0.253959  -0.25957 -0.265485  0.123159
-0.229714  -0.23418  -0.23883 -0.243683 -0.248768 -0.254112 -0.259744 -0.265677  0.122953  0.116477
-0.234207 -0.238882 -0.243765 -0.248877  -0.25425 -0.259906 -0.265861   0.12275  0.116258  0.109561
 -0.23891 -0.243819 -0.248963 -0.254365 -0.260051 -0.266031  0.122556  0.116045  0.109331  0.102472
-0.243849  -0.24902 -0.254454 -0.260171 -0.266182  0.122379  0.115843  0.109109  0.102233 0.0952771
-0.249049 -0.254511 -0.260261 -0.266303  0.122227  0.115664  0.108906  0.102009 0.0950359 0.0880546
 -0.25454 -0.260317 -0.266391  0.122108  0.115515   0.10873  0.101809 0.0948156 0.0878169 0.0808848
-0.260349 -0.266453   0.12201  0.115384  0.108565  0.101615 0.0945949 0.0875743  0.080623 0.0738154
-0.266504  0.121913   0.11523  0.108359  0.101356 0.0942904 0.0872275 0.0802418 0.0734043 0.0667874
 0.121852  0.115105  0.108161  0.101086 0.0939509 0.0868251  0.079783 0.0728974 0.0662399 0.0598657
 0.115133  0.108215  0.101171 0.0940652 0.0869689 0.0799522 0.0730902 0.0664521 0.0600946 0.0540469
 0.108245  0.101228  0.094156 0.0870908 0.0801056 0.0732707 0.0666576 0.0603208 0.0542909 0.0485766
 0.101261 0.0942183 0.0871898 0.0802384 0.0734377 0.0668542 0.0605447 0.0545372 0.0488424  0.043455
0.0942535 0.0872573 0.0803457 0.0735817 0.0670353 0.0607577 0.0547798 0.0491093  0.043743 0.0386671
 0.087295  0.080418 0.0736966 0.0671894 0.0609516 0.0550078  0.049369 0.0440286 0.0389753 0.0341895
0.0804575 0.0737722 0.0673095 0.0611126 0.0552104 0.0496072 0.0442999 0.0392737 0.0345114 0.0299908
0.0738128 0.0673872 0.0612362 0.0553761 0.0498156  0.044545 0.0395528 0.0348184  0.030322 0.0260394
0.0674325 0.0613228 0.0555138 0.0500002 0.0447772 0.0398258 0.0351294  0.030664 0.0264085 0.0223379
0.0613887 0.0556394 0.0501997 0.0450442 0.0401616  0.035524 0.0311133 0.0269024 0.0228708  0.018993
0.0557174 0.0503566  0.045293 0.0404999 0.0359498 0.0316173 0.0274769 0.0235049 0.0196777 0.0159732
0.0503476 0.0452755 0.0404722 0.0359125 0.0315703 0.0274215 0.0234418 0.0196082 0.0158981   0.01229
 0.0452669  0.0404553  0.0358857  0.0315343  0.0273761  0.0233883  0.0195473  0.0158311  0.0122176 0.00868595
 0.0404463  0.0358682  0.0315065  0.0273388  0.0233413  0.0194919   0.015768  0.0121482   0.008611 0.00513591
 0.0358589  0.0314884    0.02731  0.0233025  0.0194431  0.0157105  0.0120827 0.00853892 0.00505812 0.00162007
  0.0314786   0.0272911   0.0232725   0.0194028   0.0156597   0.0120229  0.00847078  0.00498313  0.00153914 -0.00188118
  0.0272809   0.0232528   0.0193714   0.0156176   0.0119699  0.00840844   0.0049121  0.00146097 -0.00196554 -0.00538733
  0.0232421   0.0193509   0.0155849    0.011926  0.00835311  0.00484698  0.00138678 -0.00204718 -0.00547544 -0.00891787
  0.0193397   0.0155634   0.0118917  0.00830711  0.00478909  0.00131865  -0.0021248 -0.00556084 -0.00901004  -0.0124924
  0.0155516   0.0118691   0.0082712  0.00474088  0.00125799 -0.00219617 -0.00564215  -0.0090995  -0.0125889  -0.0161307
  0.0118568  0.00824751   0.0047032  0.00120742 -0.00225981 -0.00571702 -0.00918479  -0.0126828   -0.016232   -0.019853
 0.00823455  0.00467831  0.00116783 -0.00231293 -0.00578386 -0.00926342  -0.0127724  -0.0163305  -0.0199593  -0.0236797
 0.00466467  0.00114166 -0.00235455  -0.0058397 -0.00933368   -0.012855  -0.0164247  -0.0200629  -0.0237915  -0.0276321
  0.0011273  -0.0023821  -0.0058835 -0.00939243  -0.0129289  -0.0165116  -0.0201619  -0.0239004  -0.0277496  -0.0317318
-0.00239722  -0.0059125 -0.00943854  -0.0129908  -0.0165894  -0.0202534  -0.0240047  -0.0278643  -0.0318555  -0.0360013
-0.00592845  -0.0094691  -0.0130394  -0.0166546  -0.0203354  -0.0241011  -0.0279741  -0.0319763  -0.0361316  -0.0404643
-0.00948592  -0.0130716  -0.0167058  -0.0204041  -0.0241874  -0.0280757   -0.032092  -0.0362589  -0.0406016  -0.0451458
-0.0130893 -0.0167398 -0.0204581 -0.0242598 -0.0281667 -0.0321991 -0.0363809 -0.0407358 -0.0452905 -0.0500728
-0.0167585 -0.0204939 -0.0243168 -0.0282431 -0.0322951 -0.0364938 -0.0408644  -0.045432 -0.0502254 -0.0552737
-0.0205136 -0.0243546 -0.0283031 -0.0323756 -0.0365951 -0.0409835 -0.0455676 -0.0503746 -0.0554347  -0.060774
-0.0243754  -0.028343  -0.032439   -0.03668 -0.0410903 -0.0456932 -0.0505176 -0.0555921 -0.0609438 -0.0665844
 -0.028365 -0.0324811 -0.0367469   -0.04118  -0.045806 -0.0506502 -0.0557431 -0.0611099 -0.0667636 -0.0726893
-0.0325043 -0.0367914 -0.0412507 -0.0459008 -0.0507695 -0.0558833 -0.0612696 -0.0669392 -0.0728788 -0.0790531
 -0.036816 -0.0412977 -0.0459756 -0.0508697 -0.0560093 -0.0614178  -0.067108 -0.0730644 -0.0792534 -0.0856252
-0.0413237 -0.0460252 -0.0509485  -0.056115 -0.0615507 -0.0672642 -0.0732424 -0.0794491 -0.0858364 -0.0923452
-0.0460521     -0.051 -0.0561968 -0.0616602  -0.067402 -0.0734044 -0.0796336 -0.0860393 -0.0925642 -0.0991425
 -0.051027 -0.0562483 -0.0617422 -0.0675118 -0.0735425 -0.0797959 -0.0862241 -0.0927675 -0.0993619  -0.105937
-0.0562747 -0.0617926  -0.067592 -0.0736498 -0.0799309 -0.0863829 -0.0929482 -0.0995607  -0.106151  -0.112646
-0.0618218 -0.0676477 -0.0737384 -0.0800496 -0.0865321 -0.0931237 -0.0997605  -0.106371  -0.112883   -0.11922
-0.0676955 -0.0738293 -0.0801939 -0.0867252 -0.0933664  -0.100046  -0.106696   -0.11324  -0.119604  -0.125714
-0.0738871 -0.0803121 -0.0869123 -0.0936221  -0.100367  -0.107078  -0.113675  -0.120085  -0.126233  -0.132061
-0.0802806 -0.0868517 -0.0935258  -0.100238  -0.106915  -0.113484  -0.119868  -0.125994  -0.131802  -0.137261
-0.0868181 -0.0934612  -0.100136  -0.106777  -0.113311  -0.119664  -0.125761  -0.131547  -0.136985  -0.142066
-0.0934247  -0.100065  -0.106666  -0.113161  -0.119475   -0.12554  -0.131295  -0.136708  -0.141766   -0.14647
-0.100026  -0.10659  -0.11304 -0.119314 -0.125336 -0.131055 -0.136435 -0.141466 -0.146147 -0.150487
-0.104387 -0.110799 -0.117024 -0.123003 -0.128677 -0.134019 -0.139014 -0.143665  -0.14798 -0.151973
-0.110755 -0.116939 -0.122868 -0.128496 -0.133791 -0.138746  -0.14336 -0.147644 -0.151611 -0.155278
-0.116893  -0.12278 -0.128356 -0.133604 -0.138511 -0.143083 -0.147329 -0.151264 -0.154903 -0.158266
-0.122729 -0.128259 -0.133449 -0.138303 -0.142822 -0.147022 -0.150915 -0.154519 -0.157851 -0.160931
-0.128187 -0.133312 -0.138085 -0.142531 -0.146656 -0.150484 -0.154029 -0.157313  -0.16035  -0.16316
-0.133228 -0.137916 -0.142263 -0.146292 -0.150026 -0.153487 -0.156695 -0.159668 -0.162424 -0.164979
-0.137919 -0.142268 -0.146299 -0.150036 -0.153499  -0.15671 -0.159685 -0.162443 -0.164999 -0.167369
-0.142269 -0.146302 -0.150041 -0.153506 -0.156718 -0.159695 -0.162455 -0.165013 -0.167383 -0.169581
-0.146304 -0.150044 -0.153511 -0.156725 -0.159704 -0.162465 -0.165024 -0.167396 -0.169594 -0.171632
-0.150045 -0.153514 -0.156729  -0.15971 -0.162472 -0.165033 -0.167406 -0.169606 -0.171645 -0.173535
-0.153515 -0.156732 -0.159714 -0.162478  -0.16504 -0.167414 -0.169615 -0.171655 -0.173546 -0.175299
-0.156733 -0.159716 -0.162481 -0.165045 -0.167421 -0.169623 -0.171664 -0.173556  -0.17531 -0.176935
-0.159717 -0.162484 -0.165048 -0.167425 -0.169629 -0.171671 -0.173564 -0.175319 -0.176945 -0.178453
-0.162485  -0.16505 -0.167429 -0.169633 -0.171677 -0.173571 -0.175326 -0.176953 -0.178462  -0.17986
-0.165051 -0.167431 -0.169636 -0.171681 -0.173576 -0.175332  -0.17696 -0.178469 -0.179868 -0.181165
-0.167431 -0.169638 -0.171684  -0.17358 -0.175337 -0.176966 -0.178476 -0.179875 -0.181173 -0.182375
-0.169639 -0.171685 -0.173582 -0.175341 -0.176971 -0.178481 -0.179882 -0.181179 -0.182382 -0.183498
-0.171686 -0.173584 -0.175343 -0.176974 -0.178485 -0.179886 -0.181185 -0.182389 -0.183504 -0.184539
-0.173584 -0.175344 -0.176976 -0.178488  -0.17989  -0.18119 -0.182394  -0.18351 -0.184545 -0.185504
-0.175345 -0.176977 -0.178491 -0.179893 -0.181193 -0.182398 -0.183515  -0.18455  -0.18551 -0.186399
-0.176978 -0.178492 -0.179895 -0.181196 -0.182401 -0.183519 -0.184555 -0.185515 -0.186405  -0.18723
-0.178492 -0.179896 -0.181198 -0.182404 -0.183522 -0.184558 -0.185519 -0.186409 -0.187235    -0.188
-0.179897 -0.181199 -0.182405 -0.183524 -0.184561 -0.185522 -0.186413 -0.187239 -0.188004 -0.188714
-0.181199 -0.182406 -0.183526 -0.184563 -0.185525 -0.186416 -0.187243 -0.188008 -0.188718 -0.189376
-0.182407 -0.183527 -0.184565 -0.185527 -0.186419 -0.187245 -0.188012 -0.188722  -0.18938  -0.18999
-0.183527 -0.184565 -0.185528 -0.186421 -0.187248 -0.188014 -0.188725 -0.189384 -0.189994  -0.19056
-0.184566 -0.185529 -0.186422 -0.187249 -0.188016 -0.188727 -0.189386 -0.189997 -0.190564 -0.191088
-0.185529 -0.186422  -0.18725 -0.188018 -0.188729 -0.189389     -0.19 -0.190566 -0.191092 -0.191578
-0.186423 -0.187251 -0.188019 -0.188731 -0.189391 -0.190002 -0.190569 -0.191094 -0.191581 -0.192033
-0.187251  -0.18802 -0.188732 -0.189392 -0.190004 -0.190571 -0.191097 -0.191584 -0.192035 -0.192454
 -0.18802 -0.188732 -0.189393 -0.190005 -0.190572 -0.191098 -0.191586 -0.192038 -0.192457 -0.192845
-0.188733 -0.189393 -0.190006 -0.190574   -0.1911 -0.191588  -0.19204 -0.192459 -0.192847 -0.193207
-0.189393 -0.190006 -0.190574 -0.191101 -0.191589 -0.192041 -0.192461 -0.192849  -0.19321 -0.193544
-0.190006 -0.190575 -0.191102  -0.19159 -0.192043 -0.192462 -0.192851 -0.193211 -0.193546 -0.193855
-0.190575 -0.191102 -0.191591 -0.192043 -0.192463 -0.192852 -0.193213 -0.193547 -0.193857 -0.194144
-0.191102 -0.191591 -0.192044 -0.192464 -0.192853 -0.193214 -0.193549 -0.193859 -0.194146 -0.194413
-0.191591 -0.192044 -0.192465 -0.192854 -0.193215  -0.19355  -0.19386 -0.194148 -0.194414 -0.194661
-0.192045 -0.192465 -0.192855 -0.193216 -0.193551 -0.193861 -0.194149 -0.194416 -0.194663 -0.194892
-0.192465 -0.192855 -0.193216 -0.193551 -0.193862  -0.19415 -0.194417 -0.194664 -0.194893 -0.195106
-0.192855 -0.193217 -0.193552 -0.193863 -0.194151 -0.194418 -0.194665 -0.194894 -0.195107 -0.195304
  -0.193217 -0.00374283 -0.00405371 -0.00434188 -0.00460899 -0.00485657 -0.00508606 -0.00529878 -0.00549597 -0.00567876
  -0.193552 -0.00452697 -0.00481529 -0.00508254 -0.00533027 -0.00555988 -0.00577272    -0.00597 -0.00615287  -0.0063224
  -0.193863    -0.00505 -0.00531739 -0.00556525   -0.005795 -0.00600795 -0.00620534  -0.0063883 -0.00655791 -0.00671513
  -0.194152 -0.00536041  -0.0056084 -0.00583827 -0.00605134 -0.00624884  -0.0064319 -0.00660159 -0.00675889  -0.0069047
   -0.19442  -0.0055751 -0.00580509 -0.00601827 -0.00621588 -0.00639905 -0.00656883  -0.0067262 -0.00687208 -0.00700732
  -0.194668 -0.00570719 -0.00592048  -0.0061182 -0.00630147 -0.00647134  -0.0066288 -0.00677476 -0.00691005 -0.00703547
  -0.194898 -0.00567923 -0.00587704 -0.00606041 -0.00623038 -0.00638793 -0.00653396 -0.00666932  -0.0067948 -0.00691112
  -0.195111 -0.00541568 -0.00559915 -0.00576921 -0.00592684 -0.00607295 -0.00620839 -0.00633393  -0.0064503 -0.00655818
  -0.195309    -0.00455 -0.00472015 -0.00487787 -0.00502406 -0.00515957 -0.00528518 -0.00540161 -0.00550954 -0.00560959
  -0.195493  -0.0025799  -0.0027377 -0.00288398 -0.00301956 -0.00314524 -0.00326173 -0.00336971 -0.00346981  -0.0035626
   -0.195663  0.000174477  2.81281e-05 -0.000107532  -0.00023328 -0.000349837 -0.000457876 -0.000558023 -0.000650857 -0.000736917
 -0.195821 0.00319065 0.00305493 0.00292911 0.00281249 0.00270439 0.00260419 0.00251131 0.00242521 0.00234539
 -0.195968  0.0060358 0.00590992 0.00579324 0.00568508 0.00558482 0.00549189 0.00540575  0.0053259 0.00525188
 -0.196103 0.00843258 0.00831584 0.00820762 0.00810731 0.00801433 0.00792814 0.00784825 0.00777419 0.00770554
 -0.196229  0.0102486  0.0101403    0.01004 0.00994694  0.0098607 0.00978077 0.00970668 0.00963799 0.00957432
-0.196346 0.0114314  0.011331 0.0112379 0.0111516 0.0110716 0.0109975 0.0109288 0.0108651  0.010806
-0.196455 0.0119246 0.0118315 0.0117451 0.0116651 0.0115909 0.0115222 0.0114584 0.0113994 0.0113446
-0.196555 0.0118313 0.0117449 0.0116649 0.0115906 0.0115218 0.0114581  0.011399 0.0113442 0.0112934
-0.196648 0.0112581  0.011178 0.0111037 0.0110349 0.0109711 0.0109119 0.0108571 0.0108063 0.0107592
 -0.196735  0.0103442  0.0102699   0.010201  0.0101372   0.010078  0.0100232 0.00997235 0.00992522 0.00988152
 -0.196815 0.00927404 0.00920514 0.00914127 0.00908206 0.00902718 0.00897631 0.00892916 0.00888545 0.00884493
 -0.196889 0.00822427 0.00816037 0.00810113 0.00804622 0.00799532 0.00794814 0.00790441 0.00786387 0.00782629
 -0.196958 0.00729637 0.00723711 0.00718217 0.00713124 0.00708404 0.00704028 0.00699972 0.00696212 0.00692726
 -0.197022 0.00664594 0.00659097 0.00654002 0.00649279 0.00644901 0.00640842 0.00637081 0.00633594 0.00630361
 -0.197081 0.00634217 0.00629119 0.00624393 0.00620013 0.00615952 0.00612188   0.006087 0.00605465 0.00602467
 -0.197136  0.0063974 0.00635012 0.00630629 0.00626566   0.006228  0.0061931 0.00616074 0.00613074 0.00610294
 -0.197187 0.00676638 0.00672253 0.00668188  0.0066442 0.00660927  0.0065769 0.00654688 0.00651907 0.00649328
 -0.197235 0.00741974 0.00737907 0.00734137 0.00730642 0.00727403   0.007244 0.00721617 0.00719037 0.00716645
 -0.197279 0.00819726 0.00815954 0.00812458 0.00809217 0.00806212 0.00803427 0.00800846 0.00798453 0.00796235
 -0.197319 0.00888901 0.00885403  0.0088216 0.00879154 0.00876368 0.00873785 0.00871391 0.00869171 0.00867114
 -0.197357 0.00930627 0.00927382 0.00924375 0.00921587 0.00919003 0.00916607 0.00914387 0.00912328  0.0091042
 -0.197392 0.00965038 0.00962029  0.0095924 0.00956654 0.00954257 0.00952036 0.00949976 0.00948067 0.00922456
 -0.197425 0.00997779 0.00994988 0.00992401 0.00990002  0.0098778 0.00985719 0.00983809 0.00960768 0.00980397
 -0.197455 0.00999021 0.00996432 0.00994033 0.00991809 0.00989747 0.00987836 0.00986854 0.00984422   0.009829
 -0.197483 0.00988938 0.00986537 0.00984312 0.00982249 0.00980337 0.00983055 0.00976921 0.00975398 0.00973986
 -0.197509 0.00987001 0.00984774  0.0098271 0.00980797 0.00977482  0.0097738 0.00975856 0.00974443 0.00973134
 -0.197533 0.00989191 0.00987126 0.00985211 0.00980718 0.00981792 0.00980268 0.00978854 0.00977544 0.00976329
 -0.197555 0.00992155  0.0099024 0.00986309 0.00986819 0.00985293 0.00983879 0.00982568 0.00981353 0.00980227
 -0.197575  0.0097199 0.00985376 0.00968567 0.00967041 0.00965626 0.00964314 0.00963099 0.00961972 0.00960927
 -0.197595 0.00954017 0.00903746 0.00902218 0.00900803 0.00899491 0.00898274 0.00897147 0.00896101 0.00895132
 -0.197601 0.00953384 0.00845403 0.00843918 0.00842542 0.00841266 0.00840084 0.00838988 0.00837972  0.0083703
 -0.197601 0.00953384 0.00845403 0.00843918 0.00842542 0.00841266 0.00840084 0.00838988 0.00837972  0.0083703
 -0.197601 0.00953384 0.00845403 0.00843918 0.00842542 0.00841266 0.00840084 0.00838988 0.00837972  0.0083703
 -0.197601 0.00953384 0.00845403 0.00843918 0.00842542 0.00841266 0.00840084 0.00838988 0.00837972  0.0083703
 -0.197601 0.00953384 0.00845403 0.00843918 0.00842542 0.00841266 0.00840084 0.00838988 0.00837972  0.0083703
 -0.197601 0.00953384 0.00845403 0.00843918 0.00842542 0.00841266 0.00840084 0.00838988 0.00837972  0.0083703
 -0.197601 0.00953384 0.00845403 0.00843918 0.00842542 0.00841266 0.00840084 0.00838988 0.00837972  0.0083703
 -0.197601 0.00953384 0.00845403 0.00843918 0.00842542 0.00841266 0.00840084 0.00838988 0.00837972  0.0083703
 -0.197601 0.00953384 0.00845403 0.00843918 0.00842542 0.00841266 0.00840084 0.00838988 0.00837972  0.0083703
 -0.197601 0.00953384 0.00845403 0.00843918 0.00842542 0.00841266 0.00840084 0.00838988 0.00837972  0.0083703
 -0.197601 0.00953384 0.00845403 0.00843918 0.00842542 0.00841266 0.00840084 0.00838988 0.00837972  0.0083703
 -0.197601 0.00953384 0.00845403 0.00843918 0.00842542 0.00841266 0.00840084 0.00838988 0.00837972  0.0083703
 -0.197601 0.00953384 0.00845403 0.00843918 0.00842542 0.00841266 0.00840084 0.00838988 0.00837972  0.0083703
 -0.197601 0.00953384 0.00845403 0.00843918 0.00842542 0.00841266 0.00840084 0.00838988 0.00837972  0.0083703
 -0.197601 0.00953384 0.00845403 0.00843918 0.00842542 0.00841266 0.00840084 0.00838988 0.00837972  0.0083703
 -0.197601 0.00953384 0.00845403 0.00843918 0.00842542 0.00841266 0.00840084 0.00838988 0.00837972  0.0083703
 -0.197601 0.00953384 0.00845403 0.00843918 0.00842542 0.00841266 0.00840084 0.00838988 0.00837972  0.0083703
 -0.197601 0.00953384 0.00845403 0.00843918 0.00842542 0.00841266 0.00840084 0.00838988 0.00837972  0.0083703
 -0.197601 0.00953384 0.00845403 0.00843918 0.00842542 0.00841266 0.00840084 0.00838988 0.00837972  0.0083703
 -0.197601 0.00953384 0.00845403 0.00843918 0.00842542 0.00841266 0.00840084 0.00838988 0.00837972  0.0083703
 -0.197601 0.00953384 0.00845403 0.00843918 0.00842542 0.00841266 0.00840084 0.00838988 0.00837972  0.0083703
 -0.197601 0.00953384 0.00845403 0.00843918 0.00842542 0.00841266 0.00840084 0.00838988 0.00837972  0.0083703
 -0.197601 0.00953384 0.00845403 0.00843918 0.00842542 0.00841266 0.00840084 0.00838988 0.00837972  0.0083703
 -0.197601 0.00953384 0.00845403 0.00843918 0.00842542 0.00841266 0.00840084 0.00838988 0.00837972  0.0083703
 -0.197601 0.00953384 0.00845403 0.00843918 0.00842542 0.00841266 0.00840084 0.00838988 0.00837972  0.0083703
 -0.197601 0.00953384 0.00845403 0.00843918 0.00842542 0.00841266 0.00840084 0.00838988 0.00837972  0.0083703
 -0.197601 0.00953384 0.00845403 0.00843918 0.00842542 0.00841266 0.00840084 0.00838988 0.00837972  0.0083703
 -0.197601 0.00953384 0.00845403 0.00843918 0.00842542 0.00841266 0.00840084 0.00838988 0.00837972  0.0083703
 -0.197601 0.00953384 0.00845403 0.00843918 0.00842542 0.00841266 0.00840084 0.00838988 0.00837972  0.0083703
 -0.197601 0.00953384 0.00845403 0.00843918 0.00842542 0.00841266 0.00840084 0.00838988 0.00837972  0.0083703
 -0.197601 0.00953384 0.00845403 0.00843918 0.00842542 0.00841266 0.00840084 0.00838988 0.00837972  0.0083703
 -0.197601 0.00953384 0.00845403 0.00843918 0.00842542 0.00841266 0.00840084 0.00838988 0.00837972  0.0083703
 -0.197601 0.00953384 0.00845403 0.00843918 0.00842542 0.00841266 0.00840084 0.00838988 0.00837972  0.0083703
 -0.197601 0.00953384 0.00845403 0.00843918 0.00842542 0.00841266 0.00840084 0.00838988 0.00837972  0.0083703
 -0.197601 0.00953384 0.00845403 0.00843918 0.00842542 0.00841266 0.00840084 0.00838988 0.00837972  0.0083703
 -0.197601 0.00953384 0.00845403 0.00843918 0.00842542 0.00841266 0.00840084 0.00838988 0.00837972  0.0083703
 -0.197601 0.00953384 0.00845403 0.00843918 0.00842542 0.00841266 0.00840084 0.00838988 0.00837972  0.0083703
 -0.197601 0.00953384 0.00845403 0.00843918 0.00842542 0.00841266 0.00840084 0.00838988 0.00837972  0.0083703
 -0.197601 0.00953384 0.00845403 0.00843918 0.00842542 0.00841266 0.00840084 0.00838988 0.00837972  0.0083703
 -0.197601 0.00953384 0.00845403 0.00843918 0.00842542 0.00841266 0.00840084 0.00838988 0.00837972  0.0083703
 -0.197601 0.00953384 0.00845403 0.00843918 0.00842542 0.00841266 0.00840084 0.00838988 0.00837972  0.0083703
 -0.197601 0.00953384 0.00845403 0.00843918 0.00842542 0.00841266 0.00840084 0.00838988 0.00837972  0.0083703
 -0.197601 0.00953384 0.00845403 0.00843918 0.00842542 0.00841266 0.00840084 0.00838988 0.00837972  0.0083703
 -0.197601 0.00953384 0.00845403 0.00843918 0.00842542 0.00841266 0.00840084 0.00838988 0.00837972  0.0083703
 -0.197601 0.00953384 0.00845403 0.00843918 0.00842542 0.00841266 0.00840084 0.00838988 0.00837972  0.0083703
 -0.197601 0.00953384 0.00845403 0.00843918 0.00842542 0.00841266 0.00840084 0.00838988 0.00837972  0.0083703
 -0.197601 0.00953384 0.00845403 0.00843918 0.00842542 0.00841266 0.00840084 0.00838988 0.00837972  0.0083703
 -0.197601 0.00953384 0.00845403 0.00843918 0.00842542 0.00841266 0.00840084 0.00838988 0.00837972  0.0083703
 -0.197601 0.00953384 0.00845403 0.00843918 0.00842542 0.00841266 0.00840084 0.00838988 0.00837972  0.0083703
 -0.197601 0.00953384 0.00845403 0.00843918 0.00842542 0.00841266 0.00840084 0.00838988 0.00837972  0.0083703
 -0.197601 0.00953384 0.00845403 0.00843918 0.00842542 0.00841266 0.00840084 0.00838988 0.00837972  0.0083703
 -0.197601 0.00953384 0.00845403 0.00843918 0.00842542 0.00841266 0.00840084 0.00838988 0.00837972  0.0083703
 -0.197601 0.00953384 0.00845403 0.00843918 0.00842542 0.00841266 0.00840084 0.00838988 0.00837972  0.0083703
 -0.197601 0.00953384 0.00845403 0.00843918 0.00842542 0.00841266 0.00840084 0.00838988 0.00837972  0.0083703
 -0.197601 0.00953384 0.00845403 0.00843918 0.00842542 0.00841266 0.00840084 0.00838988 0.00837972  0.0083703
 -0.197601 0.00953384 0.00845403 0.00843918 0.00842542 0.00841266 0.00840084 0.00838988 0.00837972  0.0083703
 -0.197601 0.00953384 0.00845403 0.00843918 0.00842542 0.00841266 0.00840084 0.00838988 0.00837972  0.0083703
 -0.197601 0.00953384 0.00845403 0.00843918 0.00842542 0.00841266 0.00840084 0.00838988 0.00837972  0.0083703
 -0.197601 0.00953384 0.00845403 0.00843918 0.00842542 0.00841266 0.00840084 0.00838988 0.00837972  0.0083703
 -0.197601 0.00953384 0.00845403 0.00843918 0.00842542 0.00841266 0.00840084 0.00838988 0.00837972  0.0083703
 -0.197601 0.00953384 0.00845403 0.00843918 0.00842542 0.00841266 0.00840084 0.00838988 0.00837972  0.0083703
 -0.197601 0.00953384 0.00845403 0.00843918 0.00842542 0.00841266 0.00840084 0.00838988 0.00837972  0.0083703
 -0.197601 0.00953384 0.00845403 0.00843918 0.00842542 0.00841266 0.00840084 0.00838988 0.00837972  0.0083703
 -0.197601 0.00953384 0.00845403 0.00843918 0.00842542 0.00841266 0.00840084 0.00838988 0.00837972  0.0083703
 -0.197601 0.00953384 0.00845403 0.00843918 0.00842542 0.00841266 0.00840084 0.00838988 0.00837972  0.0083703
 -0.197601 0.00953384 0.00845403 0.00843918 0.00842542 0.00841266 0.00840084 0.00838988 0.00837972  0.0083703
 -0.197601 0.00953384 0.00845403 0.00843918 0.00842542 0.00841266 0.00840084 0.00838988 0.00837972  0.0083703
 -0.197601 0.00953384 0.00845403 0.00843918 0.00842542 0.00841266 0.00840084 0.00838988 0.00837972  0.0083703
 -0.197601 0.00953384 0.00845403 0.00843918 0.00842542 0.00841266 0.00840084 0.00838988 0.00837972  0.0083703
 -0.197601 0.00953384 0.00845403 0.00843918 0.00842542 0.00841266 0.00840084 0.00838988 0.00837972  0.0083703
 -0.197601 0.00953384 0.00845403 0.00843918 0.00842542 0.00841266 0.00840084 0.00838988 0.00837972  0.0083703
 -0.197601 0.00953384 0.00845403 0.00843918 0.00842542 0.00841266 0.00840084 0.00838988 0.00837972  0.0083703
 -0.197601 0.00953384 0.00845403 0.00843918 0.00842542 0.00841266 0.00840084 0.00838988 0.00837972  0.0083703
 -0.197601 0.00953384 0.00845403 0.00843918 0.00842542 0.00841266 0.00840084 0.00838988 0.00837972  0.0083703
 -0.197601 0.00953384 0.00845403 0.00843918 0.00842542 0.00841266 0.00840084 0.00838988 0.00837972  0.0083703
 -0.197601 0.00953384 0.00845403 0.00843918 0.00842542 0.00841266 0.00840084 0.00838988 0.00837972  0.0083703
 -0.197601 0.00953384 0.00845403 0.00843918 0.00842542 0.00841266 0.00840084 0.00838988 0.00837972  0.0083703
 -0.197601 0.00953384 0.00845403 0.00843918 0.00842542 0.00841266 0.00840084 0.00838988 0.00837972  0.0083703
 -0.197601 0.00953384 0.00845403 0.00843918 0.00842542 0.00841266 0.00840084 0.00838988 0.00837972  0.0083703
 -0.197601 0.00953384 0.00845403 0.00843918 0.00842542 0.00841266 0.00840084 0.00838988 0.00837972  0.0083703
 -0.197601 0.00953384 0.00845403 0.00843918 0.00842542 0.00841266 0.00840084 0.00838988 0.00837972  0.0083703
 -0.197601 0.00953384 0.00845403 0.00843918 0.00842542 0.00841266 0.00840084 0.00838988 0.00837972  0.0083703
 -0.197601 0.00953384 0.00845403 0.00843918 0.00842542 0.00841266 0.00840084 0.00838988 0.00837972  0.0083703
 -0.197601 0.00953384 0.00845403 0.00843918 0.00842542 0.00841266 0.00840084 0.00838988 0.00837972  0.0083703
 -0.197601 0.00953384 0.00845403 0.00843918 0.00842542 0.00841266 0.00840084 0.00838988 0.00837972  0.0083703
 -0.197601 0.00953384 0.00845403 0.00843918 0.00842542 0.00841266 0.00840084 0.00838988 0.00837972  0.0083703
 -0.197601 0.00953384 0.00845403 0.00843918 0.00842542 0.00841266 0.00840084 0.00838988 0.00837972  0.0083703
 -0.197601 0.00953384 0.00845403 0.00843918 0.00842542 0.00841266 0.00840084 0.00838988 0.00837972  0.0083703
 -0.197601 0.00953384 0.00845403 0.00843918 0.00842542 0.00841266 0.00840084 0.00838988 0.00837972  0.0083703
 -0.197601 0.00953384 0.00845403 0.00843918 0.00842542 0.00841266 0.00840084 0.00838988 0.00837972  0.0083703
 -0.197601 0.00953384 0.00845403 0.00843918 0.00842542 0.00841266 0.00840084 0.00838988 0.00837972  0.0083703
 -0.197601 0.00953384 0.00845403 0.00843918 0.00842542 0.00841266 0.00840084 0.00838988 0.00837972  0.0083703
 -0.197601 0.00953384 0.00845403 0.00843918 0.00842542 0.00841266 0.00840084 0.00838988 0.00837972  0.0083703
 -0.197601 0.00953384 0.00845403 0.00843918 0.00842542 0.00841266 0.00840084 0.00838988 0.00837972  0.0083703
 -0.197601 0.00953384 0.00845403 0.00843918 0.00842542 0.00841266 0.00840084 0.00838988 0.00837972  0.0083703
 -0.197601 0.00953384 0.00845403 0.00843918 0.00842542 0.00841266 0.00840084 0.00838988 0.00837972  0.0083703
 -0.197601 0.00953384 0.00845403 0.00843918 0.00842542 0.00841266 0.00840084 0.00838988 0.00837972  0.0083703
 -0.197601 0.00953384 0.00845403 0.00843918 0.00842542 0.00841266 0.00840084 0.00838988 0.00837972  0.0083703
 -0.197601 0.00953384 0.00845403 0.00843918 0.00842542 0.00841266 0.00840084 0.00838988 0.00837972  0.0083703
 -0.197601 0.00953384 0.00845403 0.00843918 0.00842542 0.00841266 0.00840084 0.00838988 0.00837972  0.0083703
 -0.197601 0.00953384 0.00845403 0.00843918 0.00842542 0.00841266 0.00840084 0.00838988 0.00837972  0.0083703
 -0.197601 0.00953384 0.00845403 0.00843918 0.00842542 0.00841266 0.00840084 0.00838988 0.00837972  0.0083703
 -0.197601 0.00953384 0.00845403 0.00843918 0.00842542 0.00841266 0.00840084 0.00838988 0.00837972  0.0083703
 -0.197601 0.00953384 0.00845403 0.00843918 0.00842542 0.00841266 0.00840084 0.00838988 0.00837972  0.0083703
 -0.197601 0.00953384 0.00845403 0.00843918 0.00842542 0.00841266 0.00840084 0.00838988 0.00837972  0.0083703
 -0.197601 0.00953384 0.00845403 0.00843918 0.00842542 0.00841266 0.00840084 0.00838988 0.00837972  0.0083703
 -0.197601 0.00953384 0.00845403 0.00843918 0.00842542 0.00841266 0.00840084 0.00838988 0.00837972  0.0083703
 -0.197601 0.00953384 0.00845403 0.00843918 0.00842542 0.00841266 0.00840084 0.00838988 0.00837972  0.0083703
 -0.197601 0.00953384 0.00845403 0.00843918 0.00842542 0.00841266 0.00840084 0.00838988 0.00837972  0.0083703
 -0.197601 0.00953384 0.00845403 0.00843918 0.00842542 0.00841266 0.00840084 0.00838988 0.00837972  0.0083703
 -0.197601 0.00953384 0.00845403 0.00843918 0.00842542 0.00841266 0.00840084 0.00838988 0.00837972  0.0083703
 -0.197601 0.00953384 0.00845403 0.00843918 0.00842542 0.00841266 0.00840084 0.00838988 0.00837972  0.0083703
 -0.197601 0.00953384 0.00845403 0.00843918 0.00842542 0.00841266 0.00840084 0.00838988 0.00837972  0.0083703
 -0.197601 0.00953384 0.00845403 0.00843918 0.00842542 0.00841266 0.00840084 0.00838988 0.00837972  0.0083703
 -0.197601 0.00953384 0.00845403 0.00843918 0.00842542 0.00841266 0.00840084 0.00838988 0.00837972  0.0083703
 -0.197601 0.00953384 0.00845403 0.00843918 0.00842542 0.00841266 0.00840084 0.00838988 0.00837972  0.0083703
 -0.197601 0.00953384 0.00845403 0.00843918 0.00842542 0.00841266 0.00840084 0.00838988 0.00837972  0.0083703
 -0.197601 0.00953384 0.00845403 0.00843918 0.00842542 0.00841266 0.00840084 0.00838988 0.00837972  0.0083703
 -0.197601 0.00953384 0.00845403 0.00843918 0.00842542 0.00841266 0.00840084 0.00838988 0.00837972  0.0083703
 -0.197601 0.00953384 0.00845403 0.00843918 0.00842542 0.00841266 0.00840084 0.00838988 0.00837972  0.0083703
 -0.197601 0.00953384 0.00845403 0.00843918 0.00842542 0.00841266 0.00840084 0.00838988 0.00837972  0.0083703
 -0.197601 0.00953384 0.00845403 0.00843918 0.00842542 0.00841266 0.00840084 0.00838988 0.00837972  0.0083703
 -0.197601 0.00953384 0.00845403 0.00843918 0.00842542 0.00841266 0.00840084 0.00838988 0.00837972  0.0083703
 -0.197601 0.00953384 0.00845403 0.00843918 0.00842542 0.00841266 0.00840084 0.00838988 0.00837972  0.0083703
 -0.197601 0.00953384 0.00845403 0.00843918 0.00842542 0.00841266 0.00840084 0.00838988 0.00837972  0.0083703
 -0.197601 0.00953384 0.00845403 0.00843918 0.00842542 0.00841266 0.00840084 0.00838988 0.00837972  0.0083703
 -0.197601 0.00953384 0.00845403 0.00843918 0.00842542 0.00841266 0.00840084 0.00838988 0.00837972  0.0083703
 -0.197601 0.00953384 0.00845403 0.00843918 0.00842542 0.00841266 0.00840084 0.00838988 0.00837972  0.0083703
 -0.197601 0.00953384 0.00845403 0.00843918 0.00842542 0.00841266 0.00840084 0.00838988 0.00837972  0.0083703
 -0.197601 0.00953384 0.00845403 0.00843918 0.00842542 0.00841266 0.00840084 0.00838988 0.00837972  0.0083703
 -0.197601 0.00953384 0.00845403 0.00843918 0.00842542 0.00841266 0.00840084 0.00838988 0.00837972  0.0083703
 -0.197601 0.00953384 0.00845403 0.00843918 0.00842542 0.00841266 0.00840084 0.00838988 0.00837972  0.0083703
 -0.197601 0.00953384 0.00845403 0.00843918 0.00842542 0.00841266 0.00840084 0.00838988 0.00837972  0.0083703
 -0.197601 0.00953384 0.00845403 0.00843918 0.00842542 0.00841266 0.00840084 0.00838988 0.00837972  0.0083703
