-2.38354e-05 -2.19796e-05  -1.9921e-05 -1.76765e-05 -1.52721e-05 -1.27418e-05 -1.01285e-05 -7.48359e-06 -4.86685e-06 -2.34669e-06
-2.38202e-05 -2.19655e-05 -1.99079e-05 -1.76647e-05 -1.52615e-05 -1.27327e-05 -1.01211e-05 -7.47786e-06 -4.86296e-06 -2.34472e-06
-2.38172e-05 -2.19626e-05 -1.99053e-05 -1.76623e-05 -1.52594e-05 -1.27309e-05 -1.01196e-05 -7.47671e-06 -4.86218e-06 -2.34432e-06
-2.38106e-05 -2.19565e-05 -1.98996e-05 -1.76572e-05 -1.52549e-05  -1.2727e-05 -1.01164e-05 -7.47425e-06 -4.86051e-06 -2.34348e-06
 -2.3802e-05 -2.19485e-05 -1.98923e-05 -1.76506e-05  -1.5249e-05  -1.2722e-05 -1.01123e-05 -7.47116e-06 -4.85843e-06 -2.34244e-06
-2.37925e-05 -2.19397e-05 -1.98842e-05 -1.76433e-05 -1.52426e-05 -1.27166e-05 -1.01078e-05 -7.46777e-06 -4.85616e-06 -2.34131e-06
-2.37827e-05 -2.19305e-05 -1.98758e-05 -1.76357e-05  -1.5236e-05 -1.27109e-05 -1.01032e-05 -7.46423e-06 -4.85378e-06 -2.34011e-06
-2.37719e-05 -2.19206e-05 -1.98666e-05 -1.76274e-05 -1.52287e-05 -1.27047e-05 -1.00981e-05 -7.46039e-06  -4.8512e-06 -2.33882e-06
-2.37597e-05 -2.19092e-05 -1.98562e-05 -1.76181e-05 -1.52205e-05 -1.26977e-05 -1.00924e-05 -7.45608e-06 -4.84832e-06 -2.33739e-06
-2.37456e-05 -2.18962e-05 -1.98443e-05 -1.76074e-05 -1.52111e-05 -1.26897e-05  -1.0086e-05 -7.45125e-06  -4.8451e-06 -2.33579e-06
  -2.373e-05 -2.18816e-05 -1.98311e-05 -1.75955e-05 -1.52007e-05 -1.26809e-05 -1.00789e-05 -7.44589e-06 -4.84154e-06 -2.33403e-06
-2.37128e-05 -2.18657e-05 -1.98166e-05 -1.75825e-05 -1.51894e-05 -1.26714e-05 -1.00712e-05 -7.44008e-06 -4.83768e-06 -2.33213e-06
-2.36943e-05 -2.18486e-05  -1.9801e-05 -1.75686e-05 -1.51772e-05 -1.26611e-05 -1.00629e-05 -7.43383e-06 -4.83354e-06 -2.33008e-06
-2.36745e-05 -2.18302e-05 -1.97842e-05 -1.75535e-05 -1.51641e-05   -1.265e-05  -1.0054e-05 -7.42712e-06 -4.82909e-06 -2.32789e-06
 -2.3653e-05 -2.18104e-05 -1.97661e-05 -1.75374e-05   -1.515e-05 -1.26381e-05 -1.00443e-05  -7.4199e-06  -4.8243e-06 -2.32553e-06
-2.36299e-05  -2.1789e-05 -1.97465e-05 -1.75199e-05 -1.51347e-05 -1.26252e-05  -1.0034e-05 -7.41213e-06 -4.81915e-06 -2.32299e-06
-2.36049e-05 -2.17658e-05 -1.97255e-05 -1.75011e-05 -1.51183e-05 -1.26114e-05 -1.00228e-05 -7.40375e-06  -4.8136e-06 -2.32026e-06
 -2.3578e-05  -2.1741e-05 -1.97028e-05 -1.74808e-05 -1.51006e-05 -1.25964e-05 -1.00108e-05 -7.39475e-06 -4.80764e-06 -2.31732e-06
-2.35491e-05 -2.17142e-05 -1.96784e-05  -1.7459e-05 -1.50816e-05 -1.25804e-05 -9.99793e-06 -7.38508e-06 -4.80124e-06 -2.31417e-06
-2.35181e-05 -2.16855e-05 -1.96523e-05 -1.74357e-05 -1.50613e-05 -1.25633e-05 -9.98411e-06 -7.37471e-06 -4.79438e-06 -2.31079e-06
-2.34849e-05 -2.16548e-05 -1.96243e-05 -1.74106e-05 -1.50395e-05 -1.25449e-05  -9.9693e-06  -7.3636e-06 -4.78703e-06 -2.30717e-06
-2.34493e-05 -2.16218e-05 -1.95942e-05 -1.73838e-05 -1.50161e-05 -1.25251e-05 -9.95342e-06  -7.3517e-06 -4.77915e-06 -2.30329e-06
-2.34111e-05 -2.15865e-05  -1.9562e-05  -1.7355e-05  -1.4991e-05  -1.2504e-05 -9.93641e-06 -7.33894e-06  -4.7707e-06 -2.29913e-06
-2.33703e-05 -2.15487e-05 -1.95276e-05 -1.73242e-05 -1.49642e-05 -1.24814e-05 -9.91819e-06 -7.32527e-06 -4.76165e-06 -2.29468e-06
-2.33265e-05 -2.15082e-05 -1.94907e-05 -1.72913e-05 -1.49354e-05 -1.24572e-05 -9.89868e-06 -7.31063e-06 -4.75196e-06 -2.28991e-06
-2.32797e-05 -2.14648e-05 -1.94512e-05  -1.7256e-05 -1.49047e-05 -1.24312e-05 -9.87779e-06 -7.29496e-06 -4.74158e-06 -2.28479e-06
-2.32296e-05 -2.14185e-05 -1.94089e-05 -1.72182e-05 -1.48717e-05 -1.24034e-05 -9.85541e-06 -7.27817e-06 -4.73046e-06 -2.27931e-06
-2.31759e-05 -2.13688e-05 -1.93637e-05 -1.71778e-05 -1.48365e-05 -1.23737e-05 -9.83145e-06 -7.26019e-06 -4.71855e-06 -2.27344e-06
-2.31185e-05 -2.13157e-05 -1.93153e-05 -1.71345e-05 -1.47987e-05 -1.23418e-05 -9.80579e-06 -7.24092e-06 -4.70578e-06 -2.26715e-06
-2.30571e-05 -2.12588e-05 -1.92634e-05 -1.70881e-05 -1.47583e-05 -1.23077e-05  -9.7783e-06 -7.22028e-06 -4.69211e-06 -2.26041e-06
-2.29913e-05 -2.11979e-05 -1.92079e-05 -1.70385e-05  -1.4715e-05 -1.22712e-05 -9.74885e-06 -7.19817e-06 -4.67744e-06 -2.25318e-06
-2.29208e-05 -2.11326e-05 -1.91484e-05 -1.69853e-05 -1.46686e-05  -1.2232e-05 -9.71729e-06 -7.17446e-06 -4.66173e-06 -2.24542e-06
-2.28453e-05 -2.10627e-05 -1.90847e-05 -1.69283e-05 -1.46189e-05 -1.21901e-05 -9.68346e-06 -7.14905e-06 -4.64487e-06 -2.23711e-06
-2.27645e-05 -2.09879e-05 -1.90165e-05 -1.68673e-05 -1.45657e-05 -1.21451e-05  -9.6472e-06  -7.1218e-06  -4.6268e-06 -2.22819e-06
-2.26778e-05 -2.09077e-05 -1.89433e-05 -1.68019e-05 -1.45086e-05 -1.20969e-05 -9.60832e-06 -7.09258e-06 -4.60742e-06 -2.21862e-06
 -2.2585e-05 -2.08217e-05 -1.88649e-05 -1.67317e-05 -1.44474e-05 -1.20452e-05 -9.56663e-06 -7.06125e-06 -4.58662e-06 -2.20835e-06
-2.24855e-05 -2.07295e-05 -1.87809e-05 -1.66566e-05 -1.43818e-05 -1.19898e-05 -9.52191e-06 -7.02763e-06 -4.56431e-06 -2.19734e-06
-2.23788e-05 -2.06307e-05 -1.86908e-05 -1.65759e-05 -1.43114e-05 -1.19303e-05 -9.47394e-06 -6.99156e-06 -4.54037e-06 -2.18551e-06
-2.22644e-05 -2.05248e-05 -1.85941e-05 -1.64895e-05 -1.42359e-05 -1.18665e-05 -9.42247e-06 -6.95285e-06 -4.51467e-06 -2.17281e-06
-2.21417e-05 -2.04111e-05 -1.84905e-05 -1.63967e-05 -1.41549e-05 -1.17981e-05 -9.36722e-06  -6.9113e-06 -4.48708e-06 -2.15918e-06
-2.20101e-05 -2.02893e-05 -1.83793e-05 -1.62972e-05  -1.4068e-05 -1.17246e-05 -9.30796e-06 -6.86672e-06 -4.45747e-06 -2.14454e-06
-2.18691e-05 -2.01586e-05 -1.82601e-05 -1.61905e-05 -1.39748e-05 -1.16459e-05 -9.24437e-06 -6.81887e-06 -4.42568e-06 -2.12883e-06
-2.17177e-05 -2.00184e-05 -1.81322e-05  -1.6076e-05 -1.38748e-05 -1.15613e-05 -9.17611e-06 -6.76751e-06 -4.39156e-06 -2.11197e-06
-2.15553e-05  -1.9868e-05 -1.79949e-05 -1.59532e-05 -1.37675e-05 -1.14706e-05 -9.10286e-06 -6.71239e-06 -4.35495e-06 -2.09387e-06
-2.13811e-05 -1.97066e-05 -1.78477e-05 -1.58213e-05 -1.36524e-05 -1.13733e-05 -9.02428e-06 -6.65327e-06 -4.31569e-06 -2.07448e-06
-2.11943e-05 -1.95335e-05 -1.76898e-05   -1.568e-05 -1.35289e-05 -1.12689e-05 -8.94006e-06 -6.58992e-06 -4.27363e-06 -2.05371e-06
-2.09942e-05 -1.93482e-05 -1.75207e-05 -1.55287e-05 -1.33968e-05 -1.11572e-05 -8.84991e-06 -6.52214e-06 -4.22866e-06 -2.03151e-06
-2.07801e-05 -1.91499e-05 -1.73398e-05 -1.53668e-05 -1.32554e-05 -1.10378e-05 -8.75355e-06 -6.44973e-06 -4.18064e-06 -2.00784e-06
-2.05513e-05 -1.89379e-05 -1.71465e-05 -1.51938e-05 -1.31044e-05 -1.09102e-05 -8.65072e-06  -6.3725e-06 -4.12946e-06 -1.98262e-06
-2.03068e-05 -1.87116e-05   -1.694e-05 -1.50091e-05 -1.29432e-05 -1.07742e-05 -8.54107e-06 -6.29019e-06 -4.07496e-06  -1.9558e-06
-2.00469e-05 -1.84709e-05 -1.67206e-05 -1.48129e-05 -1.27721e-05 -1.06298e-05 -8.42476e-06 -6.20296e-06 -4.01726e-06 -1.92743e-06
-1.97715e-05  -1.8216e-05 -1.64882e-05 -1.46052e-05  -1.2591e-05 -1.04771e-05 -8.30186e-06 -6.11087e-06  -3.9564e-06 -1.89755e-06
-1.94805e-05 -1.79466e-05 -1.62428e-05 -1.43859e-05 -1.23999e-05 -1.03161e-05  -8.1724e-06 -6.01394e-06 -3.89242e-06 -1.86617e-06
-1.91741e-05 -1.76631e-05 -1.59846e-05 -1.41553e-05 -1.21991e-05 -1.01469e-05 -8.03648e-06 -5.91228e-06 -3.82538e-06 -1.83333e-06
-1.88525e-05 -1.73656e-05 -1.57137e-05 -1.39134e-05 -1.19886e-05 -9.96974e-06 -7.89424e-06 -5.80599e-06 -3.75536e-06 -1.79907e-06
 -1.8516e-05 -1.70544e-05 -1.54303e-05 -1.36606e-05 -1.17686e-05 -9.78475e-06 -7.74582e-06 -5.69517e-06 -3.68243e-06 -1.76343e-06
-1.81648e-05 -1.67296e-05 -1.51348e-05 -1.33969e-05 -1.15394e-05 -9.59209e-06 -7.59137e-06 -5.57995e-06 -3.60668e-06 -1.72645e-06
-1.77991e-05 -1.63915e-05 -1.48273e-05 -1.31228e-05 -1.13012e-05 -9.39197e-06 -7.43106e-06 -5.46046e-06  -3.5282e-06 -1.68819e-06
-1.74195e-05 -1.60406e-05 -1.45082e-05 -1.28384e-05 -1.10542e-05 -9.18464e-06  -7.2651e-06 -5.33687e-06 -3.44712e-06 -1.64869e-06
-1.70268e-05 -1.56778e-05 -1.41783e-05 -1.25446e-05 -1.07991e-05 -8.97065e-06 -7.09393e-06  -5.2095e-06 -3.36362e-06 -1.60808e-06
 -1.6622e-05 -1.53038e-05 -1.38384e-05 -1.22419e-05 -1.05365e-05 -8.75046e-06 -6.91792e-06 -5.07863e-06 -3.27791e-06 -1.56642e-06
-1.62057e-05 -1.49193e-05 -1.34891e-05 -1.19309e-05 -1.02668e-05 -8.52449e-06  -6.7374e-06 -4.94452e-06 -3.19015e-06 -1.52381e-06
 -1.5779e-05 -1.45252e-05 -1.31311e-05 -1.16124e-05 -9.99074e-06 -8.29328e-06 -6.55282e-06 -4.80748e-06 -3.10056e-06 -1.48036e-06
-1.53428e-05 -1.41225e-05 -1.27654e-05 -1.12871e-05 -9.70888e-06 -8.05734e-06 -6.36458e-06 -4.66783e-06 -3.00933e-06 -1.43615e-06
-1.48981e-05 -1.37119e-05 -1.23927e-05 -1.09557e-05 -9.42186e-06 -7.81721e-06  -6.1731e-06 -4.52587e-06 -2.91667e-06 -1.39129e-06
-1.44459e-05 -1.32945e-05 -1.20139e-05  -1.0619e-05 -9.13038e-06 -7.57346e-06 -5.97886e-06 -4.38196e-06  -2.8228e-06 -1.34588e-06
-1.39876e-05 -1.28715e-05 -1.16301e-05  -1.0278e-05 -8.83526e-06 -7.32679e-06 -5.78239e-06  -4.2365e-06 -2.72799e-06 -1.30006e-06
-1.35244e-05 -1.24442e-05 -1.12424e-05 -9.93363e-06 -8.53735e-06  -7.0779e-06 -5.58426e-06 -4.08988e-06  -2.6325e-06 -1.25395e-06
-1.30575e-05 -1.20134e-05 -1.08518e-05 -9.58673e-06 -8.23737e-06 -6.82738e-06 -5.38494e-06 -3.94248e-06 -2.53656e-06 -1.20765e-06
 -1.2588e-05 -1.15803e-05  -1.0459e-05 -9.23807e-06 -7.93598e-06  -6.5758e-06 -5.18487e-06  -3.7946e-06 -2.44037e-06 -1.16128e-06
-1.21168e-05 -1.11458e-05 -1.00651e-05 -8.88847e-06 -7.63388e-06 -6.32373e-06 -4.98451e-06  -3.6466e-06 -2.34417e-06 -1.11493e-06
-1.16452e-05 -1.07109e-05 -9.67097e-06 -8.53874e-06 -7.33178e-06 -6.07177e-06 -4.78433e-06 -3.49882e-06 -2.24818e-06 -1.06872e-06
-1.11742e-05 -1.02766e-05 -9.27745e-06 -8.18968e-06 -7.03036e-06 -5.82049e-06 -4.58479e-06 -3.35159e-06  -2.1526e-06 -1.02274e-06
-1.07048e-05 -9.84385e-06 -8.88541e-06 -7.84203e-06 -6.73027e-06 -5.57041e-06  -4.3863e-06 -3.20522e-06 -2.05764e-06 -9.77098e-07
-1.02382e-05 -9.41378e-06 -8.49587e-06  -7.4967e-06 -6.43228e-06 -5.32218e-06 -4.18938e-06 -3.06008e-06 -1.96355e-06   -9.319e-07
-9.77541e-06 -8.98729e-06 -8.10967e-06 -7.15442e-06 -6.13701e-06 -5.07632e-06 -3.99442e-06 -2.91647e-06  -1.8705e-06 -8.87238e-07
-9.31707e-06 -8.56495e-06 -7.72729e-06 -6.81563e-06 -5.84487e-06 -4.83316e-06 -3.80171e-06 -2.77459e-06 -1.77863e-06 -8.43176e-07
-8.86401e-06 -8.14753e-06 -7.34947e-06 -6.48096e-06 -5.55638e-06 -4.59315e-06 -3.61158e-06  -2.6347e-06 -1.68811e-06 -7.99793e-07
-8.41726e-06 -7.73598e-06 -6.97704e-06 -6.15117e-06 -5.27219e-06 -4.35681e-06 -3.42445e-06 -2.49709e-06 -1.59912e-06 -7.57176e-07
-7.97782e-06 -7.33124e-06 -6.61084e-06 -5.82699e-06 -4.99294e-06 -4.12467e-06 -3.24072e-06 -2.36205e-06 -1.51185e-06 -7.15411e-07
-7.54663e-06 -6.93414e-06 -6.25163e-06 -5.50908e-06 -4.71917e-06 -3.89718e-06 -3.06076e-06 -2.22985e-06 -1.42646e-06 -6.74574e-07
-7.12447e-06 -6.54541e-06 -5.90007e-06 -5.19801e-06 -4.45139e-06 -3.67474e-06 -2.88487e-06  -2.1007e-06 -1.34308e-06 -6.34727e-07
-6.71203e-06 -6.16568e-06 -5.55671e-06 -4.89428e-06 -4.18999e-06 -3.45768e-06 -2.71331e-06 -1.97478e-06 -1.26185e-06 -5.95922e-07
 -6.3099e-06  -5.7955e-06 -5.22204e-06 -4.59831e-06 -3.93535e-06  -3.2463e-06  -2.5463e-06 -1.85226e-06 -1.18283e-06 -5.58201e-07
-5.91858e-06  -5.4353e-06 -4.89646e-06 -4.31044e-06 -3.68774e-06 -3.04083e-06 -2.38401e-06 -1.73325e-06 -1.10612e-06 -5.21595e-07
-5.53849e-06 -5.08549e-06 -4.58031e-06 -4.03097e-06 -3.44742e-06 -2.84146e-06 -2.22659e-06 -1.61785e-06 -1.03176e-06 -4.86126e-07
-5.16993e-06 -4.74631e-06 -4.27382e-06 -3.76008e-06 -3.21452e-06  -2.6483e-06 -2.07411e-06  -1.5061e-06 -9.59766e-07 -4.51797e-07
-4.81308e-06 -4.41794e-06 -3.97713e-06 -3.49789e-06 -2.98914e-06  -2.4614e-06  -1.9266e-06 -1.39801e-06 -8.90148e-07 -4.18604e-07
-4.46799e-06 -4.10041e-06 -3.69026e-06  -3.2444e-06 -2.77127e-06 -2.28074e-06 -1.78403e-06 -1.29355e-06 -8.22867e-07 -3.86524e-07
-4.13459e-06 -3.79364e-06 -3.41312e-06 -2.99953e-06 -2.56081e-06 -2.10624e-06 -1.64631e-06 -1.19264e-06 -7.57865e-07 -3.55527e-07
 -3.8151e-06 -3.49983e-06 -3.14789e-06 -2.76541e-06 -2.35987e-06 -1.93997e-06 -1.51551e-06 -1.09734e-06 -6.97196e-07 -3.27666e-07
-3.51402e-06 -3.22335e-06 -2.89879e-06 -2.54615e-06 -2.17244e-06  -1.7858e-06 -1.39539e-06  -1.0113e-06 -6.44418e-07 -3.04344e-07
-3.23691e-06 -2.96949e-06 -2.67088e-06 -2.34654e-06 -2.00307e-06 -1.64805e-06 -1.29004e-06 -9.38376e-07 -6.01105e-07 -2.85605e-07
-2.99034e-06 -2.74444e-06 -2.46995e-06 -2.17201e-06 -1.85679e-06 -1.53141e-06 -1.20376e-06 -8.80477e-07 -5.67493e-07 -2.71509e-07
-2.78181e-06 -2.55517e-06 -2.30245e-06  -2.0285e-06 -1.73908e-06  -1.4408e-06 -1.13896e-06 -8.38191e-07 -5.43862e-07 -2.62137e-07
-2.61733e-06 -2.40707e-06 -2.17316e-06 -1.92014e-06 -1.65343e-06  -1.3771e-06 -1.09458e-06  -8.1003e-07  -5.2841e-07 -2.55497e-07
-2.50139e-06 -2.30395e-06 -2.08519e-06 -1.84943e-06 -1.59962e-06  -1.3381e-06 -1.06792e-06 -7.92956e-07  -5.1787e-07 -2.50274e-07
-2.43731e-06 -2.24848e-06 -2.04062e-06 -1.81572e-06 -1.57509e-06 -1.32082e-06 -1.05574e-06 -7.83541e-07 -5.10829e-07 -2.46439e-07
-2.42649e-06 -2.24149e-06 -2.03765e-06 -1.81539e-06  -1.5759e-06 -1.32112e-06 -1.05385e-06 -7.79776e-07 -5.06837e-07 -2.43757e-07
-2.47152e-06 -2.28282e-06 -2.07411e-06 -1.84579e-06 -1.59901e-06 -1.33576e-06 -1.06094e-06 -7.81678e-07 -5.05885e-07 -2.42216e-07
-2.53352e-06  -2.3377e-06 -2.12066e-06 -1.88274e-06 -1.62514e-06 -1.35192e-06 -1.06942e-06 -7.84781e-07 -5.05855e-07 -2.41198e-07
-2.56472e-06 -2.36366e-06 -2.14002e-06 -1.89412e-06 -1.62918e-06  -1.3507e-06 -1.06495e-06 -7.78964e-07 -5.00466e-07 -2.37822e-07
-2.55672e-06 -2.35312e-06 -2.12545e-06   -1.876e-06 -1.60936e-06 -1.33092e-06 -1.04682e-06  -7.6389e-07 -4.89617e-07 -2.32096e-07
-2.50144e-06 -2.29898e-06 -2.07279e-06 -1.82648e-06 -1.56448e-06 -1.29197e-06 -1.01484e-06 -7.39626e-07 -4.73492e-07 -2.24184e-07
-2.38804e-06 -2.19368e-06 -1.97711e-06 -1.74172e-06 -1.49166e-06 -1.23179e-06 -9.67628e-07 -7.05342e-07 -4.51677e-07 -2.13947e-07
-2.24701e-06 -2.06436e-06 -1.86087e-06 -1.63968e-06 -1.40466e-06 -1.16034e-06 -9.11874e-07 -6.65025e-07  -4.2611e-07 -2.01983e-07
-2.11894e-06 -1.94695e-06 -1.75537e-06 -1.54712e-06 -1.32579e-06 -1.09562e-06 -8.61424e-07 -6.28598e-07 -4.03063e-07 -1.91246e-07
 -2.0029e-06 -1.84062e-06 -1.65989e-06 -1.46342e-06 -1.25456e-06 -1.03726e-06 -8.16043e-07 -5.95949e-07 -3.82533e-07  -1.8178e-07
-1.89884e-06 -1.74536e-06 -1.57446e-06 -1.38867e-06 -1.19111e-06 -9.85467e-07 -7.75977e-07  -5.6737e-07 -3.64806e-07 -1.73778e-07
-1.80794e-06  -1.6623e-06 -1.50017e-06 -1.32391e-06 -1.13643e-06 -9.41183e-07 -7.42134e-07 -5.43669e-07 -3.50511e-07 -1.67603e-07
-1.73137e-06 -1.59259e-06 -1.43816e-06 -1.27029e-06 -1.09168e-06 -9.05576e-07 -7.15628e-07 -5.25834e-07 -3.40409e-07 -1.63684e-07
-1.67195e-06 -1.53892e-06 -1.39102e-06 -1.23027e-06 -1.05921e-06 -8.80814e-07 -6.98379e-07 -5.15439e-07 -3.35634e-07 -1.62624e-07
-1.63387e-06  -1.5053e-06 -1.36254e-06 -1.20744e-06 -1.04234e-06 -8.69884e-07 -6.92945e-07 -5.14517e-07 -3.37608e-07  -1.6516e-07
-1.62292e-06  -1.4972e-06 -1.35786e-06 -1.20659e-06 -1.04543e-06 -8.76614e-07 -7.02529e-07  -5.2556e-07 -3.48032e-07 -1.72155e-07
-1.65259e-06 -1.52722e-06 -1.38866e-06 -1.23832e-06 -1.07786e-06 -9.09053e-07 -7.33708e-07 -5.53562e-07  -3.7025e-07 -1.85269e-07
-1.80837e-06 -1.67555e-06 -1.52937e-06 -1.37072e-06 -1.20061e-06 -1.02015e-06  -8.3044e-07 -6.32556e-07 -4.27519e-07 -2.16321e-07
-2.04631e-06 -1.90039e-06 -1.74042e-06 -1.56666e-06 -1.37945e-06 -1.17922e-06 -9.66388e-07 -7.41439e-07   -5.049e-07 -2.57434e-07
-2.37975e-06 -2.21401e-06 -2.03289e-06 -1.83593e-06  -1.6228e-06 -1.39323e-06 -1.14704e-06 -8.84211e-07  -6.0493e-07 -3.09787e-07
-2.82099e-06 -2.62771e-06 -2.41695e-06 -2.18751e-06 -1.93834e-06 -1.66852e-06 -1.37733e-06  -1.0644e-06 -7.29813e-07  -3.7439e-07
-3.38163e-06 -3.15213e-06 -2.90218e-06  -2.6298e-06 -2.33322e-06 -2.01091e-06 -1.66175e-06 -1.28519e-06 -8.81514e-07 -4.52135e-07
-4.07241e-06 -3.79711e-06  -3.4974e-06  -3.1705e-06 -2.81393e-06 -2.42565e-06  -2.0043e-06  -1.5494e-06 -1.06176e-06 -5.43803e-07
-4.90284e-06 -4.57132e-06 -4.21035e-06 -3.81632e-06 -3.38609e-06 -2.91724e-06 -2.40836e-06 -1.85939e-06 -1.27201e-06 -6.50052e-07
-5.88135e-06 -5.48243e-06 -5.04784e-06 -4.57311e-06 -4.05455e-06 -3.48953e-06 -2.87687e-06 -2.21722e-06 -1.51352e-06 -7.71452e-07
-7.01432e-06 -6.53622e-06 -6.01493e-06 -5.44519e-06 -4.82288e-06 -4.14537e-06 -3.41198e-06  -2.6244e-06 -1.78723e-06 -9.08441e-07
-8.30087e-06 -7.73173e-06 -7.11057e-06 -6.43144e-06 -5.68994e-06 -4.88366e-06  -4.0127e-06 -3.08013e-06 -2.09256e-06 -1.06071e-06
 -9.6669e-06 -8.99917e-06 -8.26959e-06 -7.47179e-06 -6.60145e-06 -5.65674e-06 -4.63887e-06 -3.55265e-06 -2.40703e-06 -1.21571e-06
-1.11653e-05 -1.03883e-05 -9.53855e-06 -8.60926e-06 -7.59631e-06 -6.49866e-06 -5.31886e-06 -4.06369e-06 -2.74473e-06 -1.38126e-06
-1.27909e-05 -1.18944e-05 -1.09129e-05 -9.83954e-06 -8.67048e-06 -7.40559e-06 -6.04899e-06  -4.6097e-06 -3.10447e-06 -1.55757e-06
-1.45391e-05  -1.3513e-05 -1.23886e-05 -1.11589e-05  -9.8204e-06 -8.37417e-06 -6.82607e-06 -5.18986e-06 -3.48679e-06 -1.74498e-06
-1.64055e-05 -1.52401e-05 -1.39619e-05 -1.25637e-05 -1.10428e-05 -9.40139e-06 -7.64956e-06 -5.80504e-06 -3.89246e-06 -1.94397e-06
-1.83857e-05 -1.70717e-05 -1.56292e-05  -1.4051e-05 -1.23349e-05  -1.0487e-05 -8.52065e-06 -6.45641e-06 -4.32241e-06 -2.15509e-06
-2.04757e-05 -1.90044e-05 -1.73875e-05  -1.5618e-05 -1.36968e-05 -1.16326e-05 -9.44098e-06 -7.14545e-06 -4.77779e-06 -2.37898e-06
-2.26723e-05 -2.10354e-05 -1.92347e-05 -1.72654e-05 -1.51306e-05 -1.28404e-05 -1.04127e-05 -7.87403e-06 -5.26001e-06 -2.61644e-06
-2.49742e-05 -2.31641e-05 -2.11727e-05 -1.89967e-05 -1.66399e-05 -1.41139e-05  -1.1439e-05  -8.6448e-06 -5.77102e-06 -2.86849e-06
-2.73804e-05 -2.53922e-05 -2.32051e-05 -2.08158e-05 -1.82286e-05 -1.54569e-05 -1.25233e-05 -9.46056e-06 -6.31289e-06 -3.13638e-06
-2.99457e-05 -2.77693e-05 -2.53749e-05  -2.2759e-05 -1.99271e-05 -1.68938e-05 -1.36844e-05 -1.03354e-05 -3.64796e-06  -1.4873e-16
 -3.2721e-05 -3.03413e-05 -2.77228e-05 -2.48623e-05 -2.17658e-05 -1.84502e-05 -1.49433e-05 -1.12854e-05  5.27047e-16 -2.04627e-26
-3.57261e-05 -3.31266e-05  -3.0266e-05  -2.7141e-05 -2.37589e-05 -2.01383e-05 -1.63103e-05 -7.85857e-16  1.02894e-15 -1.42492e-36
-3.89817e-05 -3.61445e-05 -3.30221e-05 -2.96115e-05 -2.59209e-05 -2.19711e-05 -4.24393e-16 -2.04479e-26  1.02894e-15 -3.70762e-47
-2.01292e-05 -1.92122e-05 -1.82789e-05 -1.72087e-05 -1.58845e-05 -8.65905e-17 -1.67268e-27 -8.05885e-38  1.02894e-15 -1.46129e-58
-3.11448e-05 -2.93071e-05   -2.734e-05 -2.51303e-05 -3.38813e-21 -2.46519e-32 -3.58732e-43            0  1.02894e-15 -1.76869e-74
-4.12898e-05 -3.85859e-05 -3.56376e-05 -3.38813e-21 -3.76158e-37 -2.73691e-48 -3.98273e-59            0  1.02894e-15 -1.96364e-90
 -5.03414e-05   -4.6849e-05             0  -3.76158e-37  -4.17619e-53  -3.03858e-64  -4.42172e-75             0   1.02894e-15 -2.18008e-106
 -5.80697e-05  -6.77626e-21             0  -4.17619e-53  -4.63651e-69   -3.3735e-80  -4.90909e-91             0   1.02894e-15 -2.42037e-122
 -6.77626e-21  -7.52316e-37             0  -4.63651e-69  -5.14756e-85  -3.74534e-96 -5.45019e-107             0   1.02894e-15 -2.68715e-138
 -7.52316e-37  -8.35239e-53             0  -5.14756e-85 -5.71494e-101 -4.15816e-112 -6.05092e-123             0   1.02894e-15 -2.98334e-154
 -8.35239e-53  -9.27302e-69             0 -5.71494e-101 -6.34485e-117 -4.61649e-128 -6.71788e-139             0   1.02894e-15 -3.31217e-170
 -9.27302e-69  -1.02951e-84             0 -6.34485e-117  -7.0442e-133 -5.12533e-144 -7.45834e-155             0   1.02894e-15 -3.67725e-186
 -1.02951e-84 -1.14299e-100             0  -7.0442e-133 -7.82064e-149 -5.69026e-160 -8.28042e-171             0   1.02894e-15 -4.08256e-202
-1.14299e-100 -1.26897e-116             0 -7.82064e-149 -8.68265e-165 -6.31746e-176 -9.19311e-187             0   1.02894e-15 -4.53256e-218
-1.26897e-116 -1.40884e-132             0 -8.68265e-165 -9.63968e-181 -7.01379e-192 -1.02064e-202             0   1.02894e-15 -5.03215e-234
-1.40884e-132 -1.56413e-148             0 -9.63968e-181 -1.07022e-196 -7.78687e-208 -1.13314e-218             0   1.02894e-15 -5.58681e-250
-1.56413e-148 -1.73653e-164             0 -1.07022e-196 -1.18818e-212 -8.64516e-224 -1.25804e-234             0   1.02894e-15  -6.2026e-266
-1.73653e-164 -1.92794e-180             0 -1.18818e-212 -1.31915e-228 -9.59806e-240  -1.3967e-250             0   1.02894e-15 -6.88627e-282
-1.92794e-180 -2.14044e-196             0 -1.31915e-228 -1.46455e-244  -1.0656e-255 -1.55065e-266             0   1.02894e-15  -7.6453e-298
-2.14044e-196 -2.37636e-212             0 -1.46455e-244 -1.62597e-260 -1.18305e-271 -1.72157e-282             0   1.02894e-15 -8.48798e-314
-2.37636e-212 -2.63829e-228             0 -1.62597e-260 -1.80519e-276 -1.31345e-287 -1.91132e-298             0   1.02894e-15             0
-2.63829e-228  -2.9291e-244             0 -1.80519e-276 -2.00417e-292 -1.45822e-303   -2.122e-314             0   1.02894e-15             0
 -2.9291e-244 -3.25195e-260             0 -2.00417e-292 -2.22507e-308 -1.61895e-319             0             0   1.02894e-15             0
-3.25195e-260 -3.61039e-276             0 -2.22507e-308 -4.94066e-324             0             0             0   1.02894e-15             0
-3.61039e-276 -4.00834e-292             0 -4.94066e-324             0             0             0             0   1.02894e-15             0
-4.00834e-292 -4.45015e-308             0             0             0             0             0             0   1.02894e-15             0
-4.45015e-308 -4.94066e-324             0             0             0             0             0             0   1.02894e-15             0
-4.94066e-324             0             0             0             0             0             0             0   1.02894e-15             0
          0           0           0           0           0           0           0           0 1.02894e-15           0
          0           0           0           0           0           0           0           0 1.02894e-15 -3.7894e-05
           0            0            0            0            0            0            0            0 -8.24701e-05 -4.07476e-05
           0            0            0            0            0            0            0 -0.000133475 -8.85958e-05 -4.37329e-05
           0            0            0            0            0            0 -0.000190584 -0.000143252 -9.50112e-05 -4.68652e-05
           0            0            0            0            0 -0.000253399 -0.000204338 -0.000153494 -0.000101746 -5.01612e-05
           0            0            0            0 -0.000321446 -0.000271392 -0.000218742 -0.000164245 -0.000108834  -5.3639e-05
           0            0            0 -0.000394175  -0.00034386 -0.000290219 -0.000233853 -0.000175554  -0.00011631 -5.73184e-05
           0            0 -0.000470972 -0.000421109 -0.000367286 -0.000309949 -0.000249734 -0.000187474 -0.000124214 -6.12208e-05
           0 -0.000551172 -0.000502427 -0.000449212 -0.000391802 -0.000330661 -0.000266457 -0.000200065 -0.000132589 -6.53694e-05
-0.000634151 -0.000587125 -0.000535261  -0.00047865 -0.000417573 -0.000352514 -0.000284169  -0.00021346  -0.00014155 -6.98548e-05
-0.000676009 -0.000625966 -0.000570785 -0.000510549 -0.000445549 -0.000376283 -0.000303483 -0.000228117 -0.000151413 -7.48067e-05
-0.000722203 -0.000668838 -0.000610005 -0.000545783 -0.000476466 -0.000402577 -0.000324881 -0.000244402 -0.000162374 -8.03001e-05
-0.000773231 -0.000716206  -0.00065335 -0.000584738 -0.000510672 -0.000431698 -0.000348623 -0.000262465 -0.000174511 -8.63709e-05
-0.000829638 -0.000768573 -0.000701282 -0.000627833 -0.000548538  -0.00046397 -0.000374916 -0.000282434 -0.000187904 -9.30578e-05
-0.000968626 -0.000897691 -0.000819574 -0.000734243 -0.000641953 -0.000543273 -0.000439129 -0.000330827  -0.00022006 -0.000108934
 -0.00104697 -0.000970229 -0.000885704 -0.000793371 -0.000693512 -0.000586775 -0.000474184 -0.000357154 -0.000237517 -0.000117547
 -0.00113051  -0.00104758 -0.000956215 -0.000856407  -0.00074849 -0.000633185 -0.000511603 -0.000385272 -0.000256171 -0.000126757
 -0.00121958  -0.00113004  -0.00103139 -0.000923626 -0.000807147 -0.000682729  -0.00055157 -0.000415323  -0.00027612 -0.000136611
 -0.00131451  -0.00121795  -0.00111155 -0.000995349 -0.000869769  -0.00073565 -0.000594287 -0.000447459 -0.000297466 -0.000147163
 -0.00141572  -0.00131169  -0.00119708  -0.00107192 -0.000936661 -0.000792213  -0.00063997 -0.000481847 -0.000320322 -0.000158468
 -0.00152416  -0.00141216  -0.00128877  -0.00115402  -0.00100841 -0.000852897 -0.000688994 -0.000518761 -0.000344863  -0.00017061
 -0.00164087  -0.00152029  -0.00138746  -0.00124239  -0.00108563  -0.00091821 -0.000741758 -0.000558491 -0.000371277 -0.000183678
 -0.00176647  -0.00163667  -0.00149367   -0.0013375  -0.00116874 -0.000988506 -0.000798548 -0.000601252 -0.000399707 -0.000197745
 -0.00190166  -0.00176192  -0.00160798  -0.00143986  -0.00125819  -0.00106416  -0.00085967 -0.000647277 -0.000430307 -0.000212885
 -0.00204716  -0.00189673  -0.00173101  -0.00155003  -0.00135446  -0.00114559 -0.000925458 -0.000696815 -0.000463243 -0.000229182
 -0.00220375  -0.00204182  -0.00186343  -0.00166861  -0.00145808  -0.00123324 -0.000996267 -0.000750136 -0.000498695 -0.000246725
  -0.0023723  -0.00219799  -0.00200595  -0.00179624  -0.00156961  -0.00132758  -0.00107248 -0.000807529 -0.000536856 -0.000265608
 -0.00255371  -0.00236607  -0.00215935  -0.00193361  -0.00168965  -0.00142912  -0.00115452 -0.000869309 -0.000577934 -0.000285935
 -0.00274897  -0.00254699  -0.00232447  -0.00208147  -0.00181887  -0.00153842  -0.00124283 -0.000935811 -0.000622154 -0.000307817
 -0.00295916  -0.00274174  -0.00250221  -0.00224064  -0.00195797  -0.00165608   -0.0013379   -0.0010074 -0.000669758 -0.000331374
 -0.00318549  -0.00295145  -0.00269361  -0.00241204  -0.00210776  -0.00178279  -0.00144027   -0.0010845 -0.000721027 -0.000356747
 -0.00342915  -0.00317721  -0.00289966  -0.00259656  -0.00226902   -0.0019192  -0.00155049  -0.00116751 -0.000776224 -0.000384063
 -0.00369147  -0.00342027  -0.00312149  -0.00279522  -0.00244263  -0.00206607  -0.00166916  -0.00125687 -0.000835651 -0.000413473
 -0.00397387  -0.00368193  -0.00336031  -0.00300909  -0.00262954  -0.00222418  -0.00179691  -0.00135309 -0.000899632 -0.000445137
 -0.00427791  -0.00396364  -0.00361742  -0.00323934  -0.00283076   -0.0023944  -0.00193445  -0.00145667 -0.000968514 -0.000479227
 -0.00460522  -0.00426692  -0.00389422  -0.00348723   -0.0030474  -0.00257766  -0.00208252  -0.00156819  -0.00104267 -0.000515928
  -0.0049576  -0.00459342  -0.00419222  -0.00375409  -0.00328062  -0.00277495  -0.00224194  -0.00168825  -0.00112251 -0.000555443
 -0.00533696  -0.00494493  -0.00451304   -0.0040414  -0.00353171  -0.00298736  -0.00241356  -0.00181751  -0.00120847 -0.000597989
 -0.00574538  -0.00532335  -0.00485842  -0.00435071  -0.00380203  -0.00321604  -0.00259834  -0.00195668  -0.00130103 -0.000643798
 -0.00618504  -0.00573072  -0.00523023  -0.00468368  -0.00409303  -0.00346221  -0.00279726  -0.00210649  -0.00140065 -0.000693095
 -0.00664128   -0.0061525  -0.00561401  -0.00502594   -0.0043904  -0.00371161  -0.00299608  -0.00225274  -0.00149316 -0.000731744
 -0.00708319  -0.00655862  -0.00598054  -0.00534909  -0.00466654  -0.00393742  -0.00316874  -0.00237012  -0.00155403 -0.000750061
 -0.00747169  -0.00691181  -0.00629433   -0.0056194  -0.00488945  -0.00410938   -0.0032867   -0.0024318  -0.00157221 -0.000747631
 -0.00776028  -0.00716834  -0.00651439   -0.0057986  -0.00502357  -0.00419457  -0.00331973  -0.00242432  -0.00154582 -0.000723942
 -0.00789566  -0.00727864  -0.00659487  -0.00584452  -0.00503041  -0.00415821  -0.00325079  -0.00234321  -0.00147275 -0.000678358
 -0.00781822  -0.00718786  -0.00648565  -0.00571177  -0.00486928  -0.00397841  -0.00307159  -0.00218353  -0.00135057 -0.000610095
 -0.00746297   -0.0068368  -0.00613329  -0.00535267  -0.00451233  -0.00364191  -0.00277327  -0.00193996  -0.00117658 -0.000518253
  -0.0067619  -0.00616417  -0.00548322   -0.0047334  -0.00394129  -0.00313574  -0.00234725  -0.00160741 -0.000948325  -0.00040205
 -0.00564871  -0.00511112  -0.00449807  -0.00383282  -0.00314093  -0.00244963  -0.00178723  -0.00118261 -0.000664578 -0.000261362
 -0.00405443  -0.00363157   -0.0031494  -0.00262989   -0.0020967  -0.00157464  -0.00108903  -0.00066521 -0.000327927 -1.21508e-05
  -0.0022572  -0.00197686  -0.00165286  -0.00130569 -0.000956974 -0.000628883  -0.00034356 -0.000122567  1.08552e-05  3.61276e-16
-0.000536919  -0.00039601 -0.000226944   -4.885e-05  0.000118603  0.000255771  0.000343607  3.22469e-05  5.77224e-15  1.02658e-15
  0.00106944    0.0010759   0.00109506   0.00110907   0.00110013   0.00105104   9.2178e-05 -8.71351e-16  6.93479e-16  1.02658e-15
  0.00251773   0.00239758   0.00227465   0.00213229   0.00195448   0.00017746 -6.40877e-17 -1.59559e-15  6.93479e-16  1.02658e-15
  0.00311173   0.00292781   0.00273175   0.00251018   0.00225053 -1.39949e-15  -1.0145e-16 -1.59559e-15  6.93479e-16  1.02658e-15
  0.00407548   0.00379911   0.00349728   0.00315744  4.33681e-19 -2.05673e-15  -1.0145e-16 -1.59559e-15  6.93479e-16  1.02658e-15
  0.00478971   0.00443699   0.00404522  4.33681e-19  4.81482e-35 -2.05673e-15  -1.0145e-16 -1.59559e-15  6.93479e-16  1.02658e-15
  0.00519954   0.00479211            0  4.81482e-35  5.34553e-51 -2.05673e-15  -1.0145e-16 -1.59559e-15  6.93479e-16  1.02658e-15
  0.00525206  8.67362e-19            0  5.34553e-51  5.93473e-67 -2.05673e-15  -1.0145e-16 -1.59559e-15  6.93479e-16  1.02658e-15
 8.67362e-19  9.62965e-35            0  5.93473e-67  6.58887e-83 -2.05673e-15  -1.0145e-16 -1.59559e-15  6.93479e-16  1.02658e-15
 9.62965e-35  1.06911e-50            0  6.58887e-83  7.31512e-99 -2.05673e-15  -1.0145e-16 -1.59559e-15  6.93479e-16  1.02658e-15
 1.06911e-50  1.18695e-66            0  7.31512e-99 8.12141e-115 -2.05673e-15  -1.0145e-16 -1.59559e-15  6.93479e-16  1.02658e-15
 1.18695e-66  1.31777e-82            0 8.12141e-115 9.01658e-131 -2.05673e-15  -1.0145e-16 -1.59559e-15  6.93479e-16  1.02658e-15
 1.31777e-82  1.46302e-98            0 9.01658e-131 1.00104e-146 -2.05673e-15  -1.0145e-16 -1.59559e-15  6.93479e-16  1.02658e-15
 1.46302e-98 1.62428e-114            0 1.00104e-146 1.11138e-162 -2.05673e-15  -1.0145e-16 -1.59559e-15  6.93479e-16  1.02658e-15
1.62428e-114 1.80332e-130            0 1.11138e-162 1.23388e-178 -2.05673e-15  -1.0145e-16 -1.59559e-15  6.93479e-16  1.02658e-15
1.80332e-130 2.00208e-146            0 1.23388e-178 1.36988e-194 -2.05673e-15  -1.0145e-16 -1.59559e-15  6.93479e-16  1.02658e-15
2.00208e-146 2.22276e-162            0 1.36988e-194 1.52087e-210 -2.05673e-15  -1.0145e-16 -1.59559e-15  6.93479e-16  1.02658e-15
2.22276e-162 2.46776e-178            0 1.52087e-210 1.68851e-226 -2.05673e-15  -1.0145e-16 -1.59559e-15  6.93479e-16  1.02658e-15
2.46776e-178 2.73976e-194            0 1.68851e-226 1.87462e-242 -2.05673e-15  -1.0145e-16 -1.59559e-15  6.93479e-16  1.02658e-15
2.73976e-194 3.04175e-210            0 1.87462e-242 2.08125e-258 -2.05673e-15  -1.0145e-16 -1.59559e-15  6.93479e-16  1.02658e-15
3.04175e-210 3.37702e-226            0 2.08125e-258 2.31065e-274 -2.05673e-15  -1.0145e-16 -1.59559e-15  6.93479e-16  1.02658e-15
3.37702e-226 3.74924e-242            0 2.31065e-274 2.56534e-290 -2.05673e-15  -1.0145e-16 -1.59559e-15  6.93479e-16  1.02658e-15
3.74924e-242 4.16249e-258            0 2.56534e-290 2.84809e-306 -2.05673e-15  -1.0145e-16 -1.59559e-15  6.93479e-16  1.02658e-15
4.16249e-258  4.6213e-274            0 2.84809e-306 3.16202e-322 -2.05673e-15  -1.0145e-16 -1.59559e-15  6.93479e-16  1.02658e-15
 4.6213e-274 5.13067e-290            0 3.16202e-322            0 -2.05673e-15  -1.0145e-16 -1.59559e-15  6.93479e-16  1.02658e-15
5.13067e-290 5.69619e-306            0            0            0 -2.05673e-15  -1.0145e-16 -1.59559e-15  6.93479e-16  1.02658e-15
5.69619e-306 6.32404e-322            0            0            0 -2.05673e-15  -1.0145e-16 -1.59559e-15  6.93479e-16  1.02658e-15
6.32404e-322            0            0            0            0 -2.05673e-15  -1.0145e-16 -1.59559e-15  6.93479e-16  1.02658e-15
           0            0            0            0            0 -2.05673e-15  -1.0145e-16 -1.59559e-15  6.93479e-16  1.02658e-15
           0            0            0            0            0 -2.05673e-15  -1.0145e-16 -1.59559e-15  6.93479e-16 -0.000618658
           0            0            0            0            0 -2.05673e-15  -1.0145e-16 -1.59559e-15  -0.00133309 -0.000646762
           0            0            0            0            0 -2.05673e-15  -1.0145e-16  -0.00211427  -0.00137173 -0.000654543
           0            0            0            0            0 -2.05673e-15  -0.00292175  -0.00213874  -0.00136682 -0.000641552
           0            0            0            0            0  -0.00370013  -0.00289722  -0.00209144   -0.0013164 -0.000607213
           0            0            0            0  -0.00437534  -0.00357849  -0.00276548  -0.00196773  -0.00121819 -0.000550798
           0            0            0  -0.00485111  -0.00409218  -0.00330486  -0.00251815  -0.00176257  -0.00106966 -0.000471461
           0            0  -0.00500667  -0.00432382  -0.00360182  -0.00286697  -0.00214712  -0.00147116 -0.000868478 -0.000368473
           0  -0.00469736  -0.00413518  -0.00352494  -0.00288998   -0.0022552  -0.00164655  -0.00109051 -0.000613584  -0.00024176
 -0.00374054  -0.00335097  -0.00290681  -0.00242816  -0.00193666  -0.00145505  -0.00100657 -0.000614553 -0.000301818 -9.02044e-05
 -0.00207905  -0.00182013   -0.0015209  -0.00120013 -0.000877611 -0.000573715 -0.000308824 -0.000102841  2.53416e-05  5.83921e-05
-0.000472141 -0.000341935 -0.000185588 -2.06261e-05   0.00013489  0.000262873  0.000345734  0.000366901  0.000311379  0.000185205
 0.00104754  0.00105241  0.00106928  0.00108177  0.00107348  0.00102853 0.000932049 0.000770764 0.000552447 0.000290469
 0.00244008  0.00232537  0.00220847  0.00207406  0.00190734  0.00169455  0.00142352  0.00110316  0.00074797 0.000374278
 0.00389465  0.00364098  0.00336644  0.00306018  0.00271246  0.00231508  0.00187358  0.00140332 0.000921522 0.000447008
 0.00471222  0.00437893  0.00401309  0.00360453  0.00314466  0.00263859  0.00210131  0.00154966   0.0010021 0.000478505
 0.00530162  0.00490337   0.0044606  0.00396382  0.00341724  0.00283495  0.00223293  0.00162878  0.00104153 0.000491479
 0.00561183  0.00516842   0.0046682  0.00411398  0.00351848  0.00289627  0.00226359  0.00163813  0.00103885 0.000485806
 0.00559389  0.00513085  0.00460997  0.00404204  0.00343972  0.00281735  0.00219073  0.00157699 0.000994351 0.000462019
 0.00518957  0.00475116  0.00426078  0.00372863  0.00316661  0.00258809  0.00200778  0.00144155 0.000906249 0.000419596
  0.0046014  0.00421035  0.00377268  0.00329785  0.00279683  0.00228188  0.00176643  0.00126492 0.000792604 0.000365458
 0.00403998  0.00369403  0.00330654  0.00288629  0.00244336  0.00198899  0.00153541   0.0010957 0.000683612 0.000313472
 0.00350196  0.00319911  0.00285956  0.00249145  0.00210405  0.00170764   0.0013133 0.000932847 0.000578602 0.000263315
 0.00298431  0.00272279  0.00242922  0.00211112  0.00177701  0.00143625  0.00109887 0.000775453 0.000476981 0.000214703
 0.00248411  0.00226241  0.00201311  0.00174317   0.0014604   0.0011733 0.000890903 0.000622632 0.000378181 0.000167366
 0.00199857  0.00181539  0.00160889  0.00138552  0.00115244 0.000917318 0.000688237 0.000473528 0.000281647 0.000121037
 0.00152496  0.00137922   0.0012143  0.00103618 0.000851401 0.000666863 0.000489736 0.000327305 0.000186838  7.5457e-05
 0.00106062 0.000951442 0.000827117 0.000693191 0.000555601 0.000420534 0.000294288 0.000183142  9.3224e-05 3.03707e-05
 0.000602976  0.000529687  0.000445195  0.000354636  0.000263392  0.000176958  0.000100803  4.02388e-05  2.82866e-07 -1.44731e-05
 0.000149457   0.00011159  6.63936e-05  1.86217e-05 -2.68637e-05 -6.52279e-05 -9.17999e-05 -0.000102206 -9.25052e-05 -5.93251e-05
 -0.00030254 -0.000305252 -0.000311467 -0.000316785 -0.000316837 -0.000307421 -0.000284634 -0.000245016 -0.000185678 -0.000104446
-0.000755475 -0.000723106  -0.00069044 -0.000653405 -0.000608101 -0.000550931 -0.000478742 -0.000388961 -0.000279736 -0.000150077
 -0.00121187   -0.0011443  -0.00107263 -0.000993111 -0.000902274 -0.000797112   -0.0006752  -0.00053484 -0.000375202 -0.000196471
 -0.00167426  -0.00157117  -0.00146017  -0.00133779  -0.00120099  -0.00104733 -0.000875099 -0.000683462 -0.000472603 -0.000243886
  -0.0021452  -0.00200608   -0.0018552  -0.00168935   -0.0015059  -0.00130297  -0.00107955 -0.000835648  -0.00057248 -0.000292583
 -0.00262731  -0.00245144   -0.0022599  -0.00204973   -0.0018187  -0.00156545  -0.00128967 -0.000992239 -0.000675382 -0.000342831
 -0.00312325  -0.00290971  -0.00267651  -0.00242093   -0.0021411   -0.0018362  -0.00150663   -0.0011541  -0.00078188 -0.000394909
 -0.00363574  -0.00338341  -0.00310734  -0.00280499  -0.00247489  -0.00211674  -0.00173162  -0.00132213 -0.000892563 -0.000449106
-0.00416762 -0.00387516 -0.00355474 -0.00320404 -0.00282191 -0.00240861 -0.00196589 -0.00149725 -0.00100804 -0.00050572
 -0.00472179  -0.00438764  -0.00402117  -0.00362023  -0.00318405  -0.00271338  -0.00221071   -0.0016804  -0.00112893 -0.000565038
 -0.00528483  -0.00490749  -0.00449328  -0.00404025  -0.00354795  -0.00301768  -0.00245264  -0.00185811  -0.00124169 -0.000613497
 -0.00582764  -0.00540636  -0.00494349  -0.00443722  -0.00388745  -0.00329602  -0.00266685  -0.00200618  -0.00132279 -0.000641818
 -0.00631318  -0.00584891   -0.0053381  -0.00477908   -0.0041721  -0.00351953  -0.00282606  -0.00209892  -0.00136171 -0.000649654
 -0.00669721  -0.00619352  -0.00563807  -0.00502935  -0.00436795  -0.00365679  -0.00290135   -0.0021235  -0.00135673 -0.000636554
 -0.00692883  -0.00639284  -0.00579961  -0.00514776  -0.00443821  -0.00367449   -0.0028765  -0.00207577  -0.00130588 -0.000601941
 -0.00695101   -0.0063944  -0.00577476  -0.00509083  -0.00434391  -0.00355173  -0.00274363  -0.00195104  -0.00120689 -0.000545085
 -0.00670149  -0.00614147   -0.0055123  -0.00481285  -0.00405841   -0.0032759  -0.00249435  -0.00174428  -0.00105721 -0.000465141
 -0.00611504  -0.00557528  -0.00495989  -0.00428147  -0.00356428  -0.00283467   -0.0021205  -0.00145066 -0.000854518 -0.000361379
 -0.00512818  -0.00463951  -0.00408189  -0.00347664  -0.00284714  -0.00221834  -0.00161621  -0.00106719 -0.000597728 -0.000233724
 -0.00366804  -0.00328341  -0.00284465  -0.00237192  -0.00188692  -0.00141238 -0.000971573 -0.000587755 -0.000283678 -8.10551e-05
 -0.00199619  -0.00174311  -0.00145027  -0.00113649 -0.000821621 -0.000526029 -0.000270071 -7.35816e-05  4.46569e-05 -1.35525e-20
-0.000380854 -0.000257303 -0.000108264  4.86837e-05  0.000195453  0.000313967  0.000386683  0.000397124  6.77626e-21 -1.50463e-36
  0.00114473   0.00114225   0.00115101   0.00115458   0.00113657    0.0010811   0.00097338   1.0842e-19  7.52316e-37 -1.67048e-52
 0.00254006  0.00241748  0.00229185  0.00214781  0.00197056  0.00174638  2.1684e-19 1.20371e-35 8.35239e-53 -1.8546e-68
  0.00327662   0.00308411   0.00287911    0.0026473   0.00237517   2.1684e-19  2.40741e-35  1.33638e-51  9.27302e-69 -2.05902e-84
   0.00430968     0.0040183    0.00370018     0.0033419             0   2.40741e-35   2.67276e-51   1.48368e-67   1.02951e-84 -2.28597e-100
   0.00507841    0.00470517    0.00429067   4.33681e-19             0   2.67276e-51   2.96736e-67   1.64722e-83  1.14299e-100 -2.53794e-116
    0.0055241    0.00509193   8.67362e-19   4.81482e-35             0   2.96736e-67   3.29444e-83   1.82878e-99  1.26897e-116 -2.81768e-132
   0.00558985   8.67362e-19   9.62965e-35   5.34553e-51             0   3.29444e-83   3.65756e-99  2.03035e-115  1.40884e-132 -3.12825e-148
  8.67362e-19   9.62965e-35   1.06911e-50   5.93473e-67             0   3.65756e-99  4.06071e-115  2.25415e-131  1.56413e-148 -3.47306e-164
  9.62965e-35   1.06911e-50   1.18695e-66   6.58887e-83             0  4.06071e-115  4.50829e-131   2.5026e-147  1.73653e-164 -3.85587e-180
  1.06911e-50   1.18695e-66   1.31777e-82   7.31512e-99             0  4.50829e-131  5.00521e-147  2.77845e-163  1.92794e-180 -4.28088e-196
  1.18695e-66   1.31777e-82   1.46302e-98  8.12141e-115             0  5.00521e-147   5.5569e-163   3.0847e-179  2.14044e-196 -4.75273e-212
  1.31777e-82   1.46302e-98  1.62428e-114  9.01658e-131             0   5.5569e-163  6.16939e-179   3.4247e-195  2.37636e-212 -5.27659e-228
  1.46302e-98  1.62428e-114  1.80332e-130  1.00104e-146             0  6.16939e-179   6.8494e-195  3.80218e-211  2.63829e-228 -5.85819e-244
1.62428e-114 1.80332e-130 2.00208e-146 1.11138e-162            0  6.8494e-195 7.60437e-211 4.22127e-227  2.9291e-244 -6.5039e-260
 1.80332e-130  2.00208e-146  2.22276e-162  1.23388e-178             0  7.60437e-211  8.44254e-227  4.68655e-243  3.25195e-260 -7.22078e-276
 2.00208e-146  2.22276e-162  2.46776e-178  1.36988e-194             0  8.44254e-227  9.37311e-243  5.20312e-259  3.61039e-276 -8.01667e-292
2.22276e-162 2.46776e-178 2.73976e-194 1.52087e-210            0 9.37311e-243 1.04062e-258 5.77662e-275 4.00834e-292 -8.9003e-308
 2.46776e-178  2.73976e-194  3.04175e-210  1.68851e-226             0  1.04062e-258  1.15532e-274  6.41334e-291  4.45015e-308 -9.88131e-324
2.73976e-194 3.04175e-210 3.37702e-226 1.87462e-242            0 1.15532e-274 1.28267e-290 7.12024e-307 4.94066e-324            0
3.04175e-210 3.37702e-226 3.74924e-242 2.08125e-258            0 1.28267e-290 1.42405e-306 7.90505e-323            0            0
3.37702e-226 3.74924e-242 4.16249e-258 2.31065e-274            0 1.42405e-306 1.58101e-322            0            0            0
3.74924e-242 4.16249e-258  4.6213e-274 2.56534e-290            0 1.58101e-322            0            0            0            0
4.16249e-258  4.6213e-274 5.13067e-290 2.84809e-306            0            0            0            0            0            0
 4.6213e-274 5.13067e-290 5.69619e-306 3.16202e-322            0            0            0            0            0            0
5.13067e-290 5.69619e-306 6.32404e-322            0            0            0            0            0            0            0
5.69619e-306 6.32404e-322            0            0            0            0            0            0            0            0
6.32404e-322            0            0            0            0            0            0            0            0            0
0 0 0 0 0 0 0 0 0 0
           0            0            0            0            0            0            0            0            0 -0.000611566
           0            0            0            0            0            0            0            0  -0.00131828 -0.000639443
           0            0            0            0            0            0            0  -0.00209095  -0.00135608 -0.000646641
           0            0            0            0            0            0  -0.00288875  -0.00211345  -0.00134956 -0.000632709
           0            0            0            0            0   -0.0036557  -0.00286052  -0.00206297  -0.00129676 -0.000597065
           0            0            0            0  -0.00431687  -0.00352784  -0.00272331  -0.00193481  -0.00119537 -0.000538978
           0            0            0  -0.00477485  -0.00402401  -0.00324557  -0.00246864  -0.00172387  -0.00104285 -0.000457595
           0            0  -0.00490739  -0.00423321  -0.00352073  -0.00279644  -0.00208832  -0.00142533 -0.000836848 -0.000352182
           0  -0.00456798  -0.00401545  -0.00341578  -0.00279252  -0.00217071  -0.00157642  -0.00103612 -0.000576264  -0.00022266
 -0.00357172  -0.00319331  -0.00276129  -0.00229597  -0.00181917  -0.00135374 -0.000922976 -0.000550141 -0.000257924 -6.79068e-05
 -0.00188032   -0.0016351  -0.00135083  -0.00104646  -0.00074195  -0.00045773 -0.000214167  -3.1047e-05  7.29626e-05  8.08785e-05
-0.000248376 -0.000134235  4.50699e-06  0.000150142    0.0002845   0.00038947  0.000447538  0.000442318  0.000359121  0.000207555
 0.00129001  0.00127676  0.00127368  0.00126422  0.00123193  0.00116093  0.00103648 0.000845581 0.000599511  0.00031235
 0.00269349  0.00255907  0.00242032  0.00226181  0.00206869  0.00182727  0.00152557  0.00117594 0.000793537 0.000395355
 0.00331945  0.00312375  0.00291524  0.00267959  0.00240334  0.00207446  0.00169621  0.00128278  0.00085024 0.000416273
  0.0043552  0.00406045  0.00373862  0.00337631  0.00296151  0.00249753  0.00199862  0.00148093 0.000962229 0.000461756
 0.00512714  0.00475032  0.00433189   0.0038593   0.0033353  0.00277361  0.00218982  0.00160121  0.00102652 0.000485739
 0.00557664  0.00514065  0.00464817  0.00410079  0.00351107  0.00289346  0.00226411  0.00164062  0.00104192 0.000488042
 0.00564691  0.00518124  0.00465707  0.00408517  0.00347821  0.00285056  0.00221807  0.00159794  0.00100852 0.000469148
 0.00527172  0.00482717     0.00433  0.00379046  0.00322046  0.00263346  0.00204428  0.00146889 0.000924326 0.000428483
 0.00468805  0.00429053  0.00384573  0.00336311  0.00285369  0.00232981  0.00180501  0.00129384 0.000811736 0.000374872
 0.00413163  0.00377884  0.00338382  0.00295535  0.00250355  0.00203975  0.00157628  0.00112636 0.000703909 0.000323465
  0.0035991  0.00328902  0.00294151   0.0025647  0.00216792  0.00176152  0.00135671 0.000965418 0.000600175 0.000273943
 0.00308749  0.00281832   0.0025163  0.00218897  0.00184491  0.00149355  0.00114504 0.000810119 0.000499952 0.000226027
 0.00259392  0.00236409   0.0021058  0.00182605  0.00153271  0.00123434 0.000940107 0.000659587 0.000402679 0.000179448
 0.00211562  0.00192378  0.00170772  0.00147391  0.00122957 0.000982444 0.000740748  0.00051298 0.000307811 0.000133946
 0.00164992  0.00149493  0.00131982  0.00113058 0.000933784 0.000736442 0.000545852 0.000369478 0.000214817 8.92667e-05
  0.0011942  0.00107515 0.000939936 0.000794128 0.000643709 0.000494963  0.00035433 0.000228279 0.000123178 4.51606e-05
0.000745923 0.000662078 0.000565949 0.000462685 0.000357724  0.00025666 0.000165113 8.85958e-05  3.2383e-05 1.38192e-06
 0.000302591  0.000253425  0.000195774  0.000134404  7.42339e-05  2.02055e-05 -2.28514e-05  -5.0349e-05 -5.80726e-05 -4.23128e-05
-0.000138262 -0.000153086  -0.00017265 -0.000192543 -0.000208337 -0.000215715 -0.000210609 -0.000189328 -0.000148692 -8.61663e-05
-0.000579088 -0.000559714 -0.000541368 -0.000519971 -0.000491557 -0.000452411 -0.000399201 -0.000329111 -0.000239977 -0.000130422
 -0.00102233 -0.000968712 -0.000912426 -0.000849694 -0.000776996 -0.000691194 -0.000589672 -0.000470473 -0.000332433 -0.000175324
 -0.00147044  -0.00138235  -0.00128788  -0.00118354  -0.00106623 -0.000933384 -0.000783076 -0.000614196 -0.000426571  -0.00022112
  -0.0019259   -0.0018029  -0.00166979  -0.00152335  -0.00136087  -0.00118032  -0.00098048 -0.000761071 -0.000522911 -0.000268064
 -0.00239121  -0.00223269  -0.00206028  -0.00187099  -0.00166252  -0.00143336  -0.00118297  -0.00091191 -0.000621983 -0.000316414
 -0.00286895   -0.0026741  -0.00246149  -0.00222839  -0.00197285   -0.0016939  -0.00139167  -0.00106754 -0.000724336 -0.000366439
 -0.00336174  -0.00312954  -0.00287564  -0.00259752  -0.00229359  -0.00196339  -0.00160773  -0.00122884 -0.000830537 -0.000418416
 -0.00387231  -0.00360154  -0.00330502  -0.00298041  -0.00262648   -0.0022433  -0.00183233  -0.00139668 -0.000941174 -0.000472632
 -0.00440345  -0.00409267  -0.00375196  -0.00337914  -0.00297336  -0.00253516  -0.00206671  -0.00157197  -0.00105683 -0.000529362
 -0.00494156  -0.00458941  -0.00420297  -0.00378025  -0.00332072  -0.00282545  -0.00229731  -0.00174111  -0.00116386 -0.000574928
  -0.0054571    -0.005063  -0.00463006  -0.00415648  -0.00364205  -0.00308836  -0.00249897  -0.00187964  -0.00123848 -0.000599953
-0.00591258 -0.00547764 -0.00499913 -0.00447539 -0.00390654 -0.00329469 -0.00264414 -0.00196159 -0.00127005 -0.00060407
 -0.00626322  -0.00579123  -0.00527069  -0.00470009  -0.00407987  -0.00341268   -0.0027036    -0.001974  -0.00125682 -0.000586807
 -0.00645755  -0.00595589  -0.00540045  -0.00478983  -0.00412483  -0.00340866   -0.0026609  -0.00191261  -0.00119676 -0.000547564
-0.00643792 -0.00591857 -0.00533991 -0.00470068 -0.00400203 -0.00326147 -0.00250805 -0.00177266 -0.00108752 -0.00048559
 -0.00614138  -0.00562191   -0.0050373  -0.00438642   -0.0036845  -0.00295831  -0.00223649    -0.001549 -0.000926536 -0.000400014
 -0.00550196  -0.00500648  -0.00443968   -0.0038143  -0.00315456  -0.00248662  -0.00183793  -0.00123671 -0.000711393  -0.00029008
 -0.00445548   -0.0040153  -0.00351095  -0.00296391  -0.00239754  -0.00183653  -0.00130634 -0.000832685 -0.000440954 -0.000155683
 -0.00292823  -0.00259702    -0.002217  -0.00180847  -0.00139307 -0.000993237 -0.000631647 -0.000330705 -0.000111983  4.32684e-06
 -0.00118614 -0.000991859 -0.000763699 -0.000520617 -0.000282357  -6.8914e-05  0.000100017  0.000205579  0.000230312  8.47033e-22
0.000500196 0.000559386 0.000637594 0.000717119 0.000780017 0.000808647 0.000786221  0.00069736 2.71051e-20 9.40395e-38
 0.00209691   0.0020244  0.00195605   0.0018753  0.00176596  0.00161264  0.00140141           0 3.00927e-36 1.04405e-53
 0.00356292  0.00336463  0.00315553  0.00292017    0.002644  0.00231385  2.1684e-19           0 3.34096e-52 1.15913e-69
 0.00436279  0.00408776   0.0037915  0.00346026  0.00308152 4.33681e-19 2.40741e-35           0 3.70921e-68 1.28689e-85
  0.00543411   0.00505798   0.00464624   0.00418603  4.33681e-19  4.81482e-35  2.67276e-51            0  4.11805e-84 1.42873e-101
  0.00625298   0.00579194    0.0052806  8.67362e-19  4.81482e-35  5.34553e-51  2.96736e-67            0 4.57195e-100 1.58621e-117
  0.00676245   0.00623845            0  9.62965e-35  5.34553e-51  5.93473e-67  3.29444e-83            0 5.07588e-116 1.76105e-133
  0.00690744  8.67362e-19            0  1.06911e-50  5.93473e-67  6.58887e-83  3.65756e-99            0 5.63536e-132 1.95516e-149
 8.67362e-19  9.62965e-35            0  1.18695e-66  6.58887e-83  7.31512e-99 4.06071e-115            0 6.25651e-148 2.17066e-165
 9.62965e-35  1.06911e-50            0  1.31777e-82  7.31512e-99 8.12141e-115 4.50829e-131            0 6.94612e-164 2.40992e-181
 1.06911e-50  1.18695e-66            0  1.46302e-98 8.12141e-115 9.01658e-131 5.00521e-147            0 7.71174e-180 2.67555e-197
 1.18695e-66  1.31777e-82            0 1.62428e-114 9.01658e-131 1.00104e-146  5.5569e-163            0 8.56176e-196 2.97046e-213
 1.31777e-82  1.46302e-98            0 1.80332e-130 1.00104e-146 1.11138e-162 6.16939e-179            0 9.50546e-212 3.29787e-229
 1.46302e-98 1.62428e-114            0 2.00208e-146 1.11138e-162 1.23388e-178  6.8494e-195            0 1.05532e-227 3.66137e-245
1.62428e-114 1.80332e-130            0 2.22276e-162 1.23388e-178 1.36988e-194 7.60437e-211            0 1.17164e-243 4.06494e-261
1.80332e-130 2.00208e-146            0 2.46776e-178 1.36988e-194 1.52087e-210 8.44254e-227            0 1.30078e-259 4.51299e-277
2.00208e-146 2.22276e-162            0 2.73976e-194 1.52087e-210 1.68851e-226 9.37311e-243            0 1.44416e-275 5.01042e-293
2.22276e-162 2.46776e-178            0 3.04175e-210 1.68851e-226 1.87462e-242 1.04062e-258            0 1.60333e-291 5.56268e-309
2.46776e-178 2.73976e-194            0 3.37702e-226 1.87462e-242 2.08125e-258 1.15532e-274            0 1.78006e-307            0
2.73976e-194 3.04175e-210            0 3.74924e-242 2.08125e-258 2.31065e-274 1.28267e-290            0 1.97626e-323            0
3.04175e-210 3.37702e-226            0 4.16249e-258 2.31065e-274 2.56534e-290 1.42405e-306            0            0            0
3.37702e-226 3.74924e-242            0  4.6213e-274 2.56534e-290 2.84809e-306 1.58101e-322            0            0            0
3.74924e-242 4.16249e-258            0 5.13067e-290 2.84809e-306 3.16202e-322            0            0            0            0
4.16249e-258  4.6213e-274            0 5.69619e-306 3.16202e-322            0            0            0            0            0
 4.6213e-274 5.13067e-290            0 6.32404e-322            0            0            0            0            0            0
5.13067e-290 5.69619e-306            0            0            0            0            0            0            0            0
5.69619e-306 6.32404e-322            0            0            0            0            0            0            0            0
6.32404e-322            0            0            0            0            0            0            0            0            0
0 0 0 0 0 0 0 0 0 0
          0           0           0           0           0           0           0           0           0 0.000105942
          0           0           0           0           0           0           0           0  0.00017093 6.16477e-05
           0            0            0            0            0            0            0  0.000161039  5.67312e-05 -4.84304e-06
           0            0            0            0            0            0  3.53655e-05 -5.41802e-05 -0.000105032 -9.40126e-05
           0            0            0            0            0 -0.000257784  -0.00032024 -0.000347282 -0.000316199  -0.00020634
           0            0            0            0 -0.000769461 -0.000789192 -0.000776116 -0.000707959 -0.000564501 -0.000328473
           0            0            0  -0.00155533  -0.00151308  -0.00144005  -0.00131435  -0.00111618 -0.000828655 -0.000452316
          0           0 -0.00268349 -0.00255627 -0.00239976 -0.00219247 -0.00191494 -0.00155068  -0.0011006  -0.0005779
           0  -0.00423462  -0.00399558  -0.00372831  -0.00341163  -0.00302646  -0.00255665  -0.00200344  -0.00138039 -0.000705255
 -0.00630209  -0.00592046  -0.00551123  -0.00505358  -0.00452872  -0.00392083  -0.00323147  -0.00247453  -0.00166809 -0.000834408
 -0.00810315  -0.00756101     -0.00697  -0.00631111  -0.00556829  -0.00474288  -0.00384852  -0.00290307  -0.00192857 -0.000951303
-0.00960845 -0.00892532 -0.00817208 -0.00733154 -0.00640391 -0.00540172  -0.0043417 -0.00324477 -0.00213606 -0.00104321
 -0.0107568 -0.00995833 -0.00906856 -0.00808565 -0.00702011 -0.00588663 -0.00470412 -0.00349571 -0.00228698 -0.00110971
 -0.0114847  -0.0106037 -0.00962367  -0.0085523 -0.00740134 -0.00618677 -0.00492882 -0.00365014 -0.00237962 -0.00115041
  -0.0025056  -0.00219103   -0.0018808  -0.00157872  -0.00128861  -0.00101437 -0.000758212 -0.000524321 -0.000317007 -0.000140709
 -0.00258105  -0.00226103  -0.00194475  -0.00163609  -0.00133897  -0.00105567 -0.000790434 -0.000547652 -0.000331848 -0.000147692
 -0.00264568  -0.00232079  -0.00199922  -0.00168488  -0.00138007  -0.00108905 -0.000816214 -0.000566116 -0.000343454 -0.000153079
  -0.0027019  -0.00237255   -0.0020462  -0.00172513  -0.00141357  -0.00111591 -0.000836683 -0.000580562 -0.000352386 -0.000157148
 -0.00275565  -0.00242179  -0.00208899  -0.00176146  -0.00144353   -0.0011397 -0.000854618 -0.000593073  -0.00036002  -0.00016057
 -0.00276744  -0.00243239  -0.00209834   -0.0017695  -0.00145025  -0.00114511 -0.000858744 -0.000595988 -0.000361821 -0.000161389
 -0.00277073  -0.00243507  -0.00210043  -0.00177105  -0.00145131  -0.00114575 -0.000859049 -0.000596055 -0.000361755 -0.000161299
 -0.00276179  -0.00242634  -0.00209206  -0.00176321  -0.00144417  -0.00113948 -0.000853807 -0.000591982 -0.000358968 -0.000159884
 -0.00272199  -0.00238877  -0.00205721  -0.00173157  -0.00141622  -0.00111563 -0.000834429  -0.00057734 -0.000349225 -0.000155072
 -0.00262632  -0.00229896  -0.00197438   -0.0016568  -0.00135052   -0.0010599 -0.000789389 -0.000543503 -0.000326841 -0.000144085
 -0.00249055  -0.00217166  -0.00185711  -0.00155107  -0.00125774 -0.000981299 -0.000725949 -0.000495904 -0.000295396 -0.000128672
  -0.0023407   -0.0020312  -0.00172776  -0.00143451  -0.00115549 -0.000894703 -0.000656082 -0.000443505 -0.000260794  -0.00011172
  -0.0021989  -0.00189829  -0.00160538  -0.00132422  -0.00105875 -0.000812776 -0.000589985 -0.000393935 -0.000228062 -9.56836e-05
 -0.00207964   -0.0017865  -0.00150241  -0.00123141 -0.000977321 -0.000743805 -0.000534329 -0.000352185 -0.000200487 -8.21712e-05
 -0.00198981  -0.00170224  -0.00142477  -0.00116139  -0.00091586 -0.000691718 -0.000492276 -0.000320624  -0.00017963 -7.19447e-05
 -0.00193191  -0.00164787  -0.00137462  -0.00111611  -0.00087607 -0.000657958 -0.000464988 -0.000300118 -0.000166062 -6.52835e-05
 -0.00190865  -0.00162593  -0.00135428  -0.00109766 -0.000859774 -0.000644065 -0.000453703 -0.000291596 -0.000160395 -6.24859e-05
 -0.00191488  -0.00163159  -0.00135931  -0.00110204 -0.000863481 -0.000647086 -0.000456043 -0.000293277 -0.000161454 -6.29784e-05
 -0.00194541  -0.00165998  -0.00138526  -0.00112524 -0.000883669 -0.000664046 -0.000469613 -0.000303367 -0.000168057 -6.61826e-05
  -0.0019933  -0.00170464  -0.00142616   -0.0011619 -0.000915656 -0.000690984 -0.000491223  -0.00031948 -0.000178632 -7.13298e-05
 -0.00204922  -0.00175681  -0.00147398  -0.00120479 -0.000953098  -0.00072254 -0.000516557 -0.000338383 -0.000191048 -7.73788e-05
 -0.00210403  -0.00180796  -0.00152087  -0.00124686  -0.00098983 -0.000753503 -0.000541419 -0.000356937 -0.000203237 -8.33181e-05
 -0.00215252   -0.0018532  -0.00156234  -0.00128406   -0.0010223 -0.000780871 -0.000563391 -0.000373333 -0.000214007 -8.85649e-05
 -0.00218676  -0.00188512  -0.00159157  -0.00131026  -0.00104516 -0.000800115 -0.000578827  -0.00038484 -0.000221558 -9.22397e-05
 -0.00220328  -0.00190048  -0.00160559  -0.00132278  -0.00105604 -0.000809249 -0.000586127 -0.000390262 -0.000225102 -9.39568e-05
 -0.00220151  -0.00189872  -0.00160389  -0.00132117  -0.00105456 -0.000807935 -0.000585018 -0.000389393 -0.000224503 -9.36502e-05
 -0.00205733  -0.00175773  -0.00146629  -0.00118717 -0.000924361 -0.000681709 -0.000462907 -0.000271499 -0.000110881  1.57013e-05
 -0.00173405  -0.00144494  -0.00116437 -0.000896481 -0.000645237 -0.000414443 -0.000207738 -2.85922e-05  0.000119686   0.00012879
 -0.00120582  -0.00093824 -0.000679644 -0.000434156 -0.000205714  1.93051e-06  0.000185208  0.000340733  0.000360141  0.000244673
-0.000453247 -0.000221801   2.6695e-07  0.000208846  0.000400028  0.000570103  0.000715564  0.000727907  0.000608287  0.000362302
0.000542398 0.000719349 0.000886692  0.00104032  0.00117635  0.00129108  0.00127569  0.00113119 0.000863048 0.000481186
 0.00180801  0.00190735  0.00199689  0.00207252  0.00213037  0.00206141  0.00186647  0.00155085   0.0011243 0.000601079
 0.00336306   0.0033573  0.00334155  0.00331172  0.00315862  0.00288287  0.00248959  0.00198835   0.0013932 0.000722782
 0.00521227  0.00507026  0.00491827  0.00464682  0.00425631  0.00375163  0.00314212  0.00244164  0.00166853 0.000845563
 0.00737619  0.00706168  0.00663178  0.00608664  0.00543093  0.00467378   0.0038288  0.00291414  0.00195233 0.000970437
 0.00737859  0.00706398  0.00663393  0.00608863  0.00543271  0.00467532   0.0038301  0.00291514  0.00195301 0.000970776
0.00736747 0.00705331 0.00662376   0.006079 0.00542367 0.00466688 0.00382225 0.00290788 0.00194634 1.0842e-19
 0.00734786  0.00703446  0.00660571  0.00606179  0.00540732  0.00465143  0.00380772  0.00289428  2.1684e-19 1.20371e-35
 0.00731295  0.00700119  0.00657422   0.0060321  0.00537955  0.00462568  0.00378406 4.33681e-19 2.40741e-35 1.33638e-51
 0.00725485  0.00694632  0.00652267  0.00598429  0.00533577  0.00458621 8.67362e-19 4.81482e-35 2.67276e-51 1.48368e-67
  0.0072402  0.00693267  0.00651003  0.00597293  0.00532599  0.00457823 9.62965e-35 5.34553e-51 2.96736e-67 1.64722e-83
  0.0072402  0.00693267  0.00651003  0.00597293  0.00532599  0.00457823 1.06911e-50 5.93473e-67 3.29444e-83 1.82878e-99
   0.0072402   0.00693267   0.00651003   0.00597293   0.00532599   0.00457823  1.18695e-66  6.58887e-83  3.65756e-99 2.03035e-115
   0.0072402   0.00693267   0.00651003   0.00597293   0.00532599   0.00457823  1.31777e-82  7.31512e-99 4.06071e-115 2.25415e-131
   0.0072402   0.00693267   0.00651003   0.00597293   0.00532599   0.00457823  1.46302e-98 8.12141e-115 4.50829e-131  2.5026e-147
   0.0072402   0.00693267   0.00651003   0.00597293   0.00532599   0.00457823 1.62428e-114 9.01658e-131 5.00521e-147 2.77845e-163
   0.0072402   0.00693267   0.00651003   0.00597293   0.00532599   0.00457823 1.80332e-130 1.00104e-146  5.5569e-163  3.0847e-179
   0.0072402   0.00693267   0.00651003   0.00597293   0.00532599   0.00457823 2.00208e-146 1.11138e-162 6.16939e-179  3.4247e-195
   0.0072402   0.00693267   0.00651003   0.00597293   0.00532599   0.00457823 2.22276e-162 1.23388e-178  6.8494e-195 3.80218e-211
   0.0072402   0.00693267   0.00651003   0.00597293   0.00532599   0.00457823 2.46776e-178 1.36988e-194 7.60437e-211 4.22127e-227
   0.0072402   0.00693267   0.00651003   0.00597293   0.00532599   0.00457823 2.73976e-194 1.52087e-210 8.44254e-227 4.68655e-243
   0.0072402   0.00693267   0.00651003   0.00597293   0.00532599   0.00457823 3.04175e-210 1.68851e-226 9.37311e-243 5.20312e-259
   0.0072402   0.00693267   0.00651003   0.00597293   0.00532599   0.00457823 3.37702e-226 1.87462e-242 1.04062e-258 5.77662e-275
   0.0072402   0.00693267   0.00651003   0.00597293   0.00532599   0.00457823 3.74924e-242 2.08125e-258 1.15532e-274 6.41334e-291
   0.0072402   0.00693267   0.00651003   0.00597293   0.00532599   0.00457823 4.16249e-258 2.31065e-274 1.28267e-290 7.12024e-307
   0.0072402   0.00693267   0.00651003   0.00597293   0.00532599   0.00457823  4.6213e-274 2.56534e-290 1.42405e-306 7.90505e-323
   0.0072402   0.00693267   0.00651003   0.00597293   0.00532599   0.00457823 5.13067e-290 2.84809e-306 1.58101e-322            0
   0.0072402   0.00693267   0.00651003   0.00597293   0.00532599   0.00457823 5.69619e-306 3.16202e-322            0            0
   0.0072402   0.00693267   0.00651003   0.00597293   0.00532599   0.00457823 6.32404e-322            0            0            0
 0.0072402 0.00693267 0.00651003 0.00597293 0.00532599 0.00457823          0          0          0          0
 0.0072402 0.00693267 0.00651003 0.00597293 0.00532599 0.00457823          0          0          0          0
 0.0072402 0.00693267 0.00651003 0.00597293 0.00532599 0.00457823          0          0          0          0
 0.0072402 0.00693267 0.00651003 0.00597293 0.00532599 0.00457823          0          0          0          0
 0.0072402 0.00693267 0.00651003 0.00597293 0.00532599 0.00457823          0          0          0          0
 0.0072402 0.00693267 0.00651003 0.00597293 0.00532599 0.00457823          0          0          0          0
 0.0072402 0.00693267 0.00651003 0.00597293 0.00532599 0.00457823          0          0          0          0
 0.0072402 0.00693267 0.00651003 0.00597293 0.00532599 0.00457823          0          0          0          0
 0.0072402 0.00693267 0.00651003 0.00597293 0.00532599 0.00457823          0          0          0          0
 0.0072402 0.00693267 0.00651003 0.00597293 0.00532599 0.00457823          0          0          0          0
 0.0072402 0.00693267 0.00651003 0.00597293 0.00532599 0.00457823          0          0          0          0
 0.0072402 0.00693267 0.00651003 0.00597293 0.00532599 0.00457823          0          0          0          0
 0.0072402 0.00693267 0.00651003 0.00597293 0.00532599 0.00457823          0          0          0          0
 0.0072402 0.00693267 0.00651003 0.00597293 0.00532599 0.00457823          0          0          0          0
 0.0072402 0.00693267 0.00651003 0.00597293 0.00532599 0.00457823          0          0          0          0
 0.0072402 0.00693267 0.00651003 0.00597293 0.00532599 0.00457823          0          0          0          0
 0.0072402 0.00693267 0.00651003 0.00597293 0.00532599 0.00457823          0          0          0          0
 0.0072402 0.00693267 0.00651003 0.00597293 0.00532599 0.00457823          0          0          0          0
 0.0072402 0.00693267 0.00651003 0.00597293 0.00532599 0.00457823          0          0          0          0
 0.0072402 0.00693267 0.00651003 0.00597293 0.00532599 0.00457823          0          0          0          0
 0.0072402 0.00693267 0.00651003 0.00597293 0.00532599 0.00457823          0          0          0          0
 0.0072402 0.00693267 0.00651003 0.00597293 0.00532599 0.00457823          0          0          0          0
 0.0072402 0.00693267 0.00651003 0.00597293 0.00532599 0.00457823          0          0          0          0
 0.0072402 0.00693267 0.00651003 0.00597293 0.00532599 0.00457823          0          0          0          0
 0.0072402 0.00693267 0.00651003 0.00597293 0.00532599 0.00457823          0          0          0          0
 0.0072402 0.00693267 0.00651003 0.00597293 0.00532599 0.00457823          0          0          0          0
 0.0072402 0.00693267 0.00651003 0.00597293 0.00532599 0.00457823          0          0          0          0
 0.0072402 0.00693267 0.00651003 0.00597293 0.00532599 0.00457823          0          0          0          0
 0.0072402 0.00693267 0.00651003 0.00597293 0.00532599 0.00457823          0          0          0          0
 0.0072402 0.00693267 0.00651003 0.00597293 0.00532599 0.00457823          0          0          0          0
 0.0072402 0.00693267 0.00651003 0.00597293 0.00532599 0.00457823          0          0          0          0
 0.0072402 0.00693267 0.00651003 0.00597293 0.00532599 0.00457823          0          0          0          0
 0.0072402 0.00693267 0.00651003 0.00597293 0.00532599 0.00457823          0          0          0          0
 0.0072402 0.00693267 0.00651003 0.00597293 0.00532599 0.00457823          0          0          0          0
 0.0072402 0.00693267 0.00651003 0.00597293 0.00532599 0.00457823          0          0          0          0
 0.0072402 0.00693267 0.00651003 0.00597293 0.00532599 0.00457823          0          0          0          0
 0.0072402 0.00693267 0.00651003 0.00597293 0.00532599 0.00457823          0          0          0          0
 0.0072402 0.00693267 0.00651003 0.00597293 0.00532599 0.00457823          0          0          0          0
 0.0072402 0.00693267 0.00651003 0.00597293 0.00532599 0.00457823          0          0          0          0
 0.0072402 0.00693267 0.00651003 0.00597293 0.00532599 0.00457823          0          0          0          0
 0.0072402 0.00693267 0.00651003 0.00597293 0.00532599 0.00457823          0          0          0          0
 0.0072402 0.00693267 0.00651003 0.00597293 0.00532599 0.00457823          0          0          0          0
 0.0072402 0.00693267 0.00651003 0.00597293 0.00532599 0.00457823          0          0          0          0
 0.0072402 0.00693267 0.00651003 0.00597293 0.00532599 0.00457823          0          0          0          0
 0.0072402 0.00693267 0.00651003 0.00597293 0.00532599 0.00457823          0          0          0          0
 0.0072402 0.00693267 0.00651003 0.00597293 0.00532599 0.00457823          0          0          0          0
 0.0072402 0.00693267 0.00651003 0.00597293 0.00532599 0.00457823          0          0          0          0
 0.0072402 0.00693267 0.00651003 0.00597293 0.00532599 0.00457823          0          0          0          0
 0.0072402 0.00693267 0.00651003 0.00597293 0.00532599 0.00457823          0          0          0          0
 0.0072402 0.00693267 0.00651003 0.00597293 0.00532599 0.00457823          0          0          0          0
 0.0072402 0.00693267 0.00651003 0.00597293 0.00532599 0.00457823          0          0          0          0
 0.0072402 0.00693267 0.00651003 0.00597293 0.00532599 0.00457823          0          0          0          0
 0.0072402 0.00693267 0.00651003 0.00597293 0.00532599 0.00457823          0          0          0          0
 0.0072402 0.00693267 0.00651003 0.00597293 0.00532599 0.00457823          0          0          0          0
 0.0072402 0.00693267 0.00651003 0.00597293 0.00532599 0.00457823          0          0          0          0
 0.0072402 0.00693267 0.00651003 0.00597293 0.00532599 0.00457823          0          0          0          0
 0.0072402 0.00693267 0.00651003 0.00597293 0.00532599 0.00457823          0          0          0          0
 0.0072402 0.00693267 0.00651003 0.00597293 0.00532599 0.00457823          0          0          0          0
 0.0072402 0.00693267 0.00651003 0.00597293 0.00532599 0.00457823          0          0          0          0
 0.0072402 0.00693267 0.00651003 0.00597293 0.00532599 0.00457823          0          0          0          0
 0.0072402 0.00693267 0.00651003 0.00597293 0.00532599 0.00457823          0          0          0          0
 0.0072402 0.00693267 0.00651003 0.00597293 0.00532599 0.00457823          0          0          0          0
 0.0072402 0.00693267 0.00651003 0.00597293 0.00532599 0.00457823          0          0          0          0
 0.0072402 0.00693267 0.00651003 0.00597293 0.00532599 0.00457823          0          0          0          0
 0.0072402 0.00693267 0.00651003 0.00597293 0.00532599 0.00457823          0          0          0          0
 0.0072402 0.00693267 0.00651003 0.00597293 0.00532599 0.00457823          0          0          0          0
 0.0072402 0.00693267 0.00651003 0.00597293 0.00532599 0.00457823          0          0          0          0
 0.0072402 0.00693267 0.00651003 0.00597293 0.00532599 0.00457823          0          0          0          0
 0.0072402 0.00693267 0.00651003 0.00597293 0.00532599 0.00457823          0          0          0          0
 0.0072402 0.00693267 0.00651003 0.00597293 0.00532599 0.00457823          0          0          0          0
 0.0072402 0.00693267 0.00651003 0.00597293 0.00532599 0.00457823          0          0          0          0
 0.0072402 0.00693267 0.00651003 0.00597293 0.00532599 0.00457823          0          0          0          0
 0.0072402 0.00693267 0.00651003 0.00597293 0.00532599 0.00457823          0          0          0          0
 0.0072402 0.00693267 0.00651003 0.00597293 0.00532599 0.00457823          0          0          0          0
 0.0072402 0.00693267 0.00651003 0.00597293 0.00532599 0.00457823          0          0          0          0
 0.0072402 0.00693267 0.00651003 0.00597293 0.00532599 0.00457823          0          0          0          0
 0.0072402 0.00693267 0.00651003 0.00597293 0.00532599 0.00457823          0          0          0          0
 0.0072402 0.00693267 0.00651003 0.00597293 0.00532599 0.00457823          0          0          0          0
 0.0072402 0.00693267 0.00651003 0.00597293 0.00532599 0.00457823          0          0          0          0
 0.0072402 0.00693267 0.00651003 0.00597293 0.00532599 0.00457823          0          0          0          0
 0.0072402 0.00693267 0.00651003 0.00597293 0.00532599 0.00457823          0          0          0          0
 0.0072402 0.00693267 0.00651003 0.00597293 0.00532599 0.00457823          0          0          0          0
 0.0072402 0.00693267 0.00651003 0.00597293 0.00532599 0.00457823          0          0          0          0
 0.0072402 0.00693267 0.00651003 0.00597293 0.00532599 0.00457823          0          0          0          0
 0.0072402 0.00693267 0.00651003 0.00597293 0.00532599 0.00457823          0          0          0          0
 0.0072402 0.00693267 0.00651003 0.00597293 0.00532599 0.00457823          0          0          0          0
 0.0072402 0.00693267 0.00651003 0.00597293 0.00532599 0.00457823          0          0          0          0
 0.0072402 0.00693267 0.00651003 0.00597293 0.00532599 0.00457823          0          0          0          0
 0.0072402 0.00693267 0.00651003 0.00597293 0.00532599 0.00457823          0          0          0          0
 0.0072402 0.00693267 0.00651003 0.00597293 0.00532599 0.00457823          0          0          0          0
 0.0072402 0.00693267 0.00651003 0.00597293 0.00532599 0.00457823          0          0          0          0
 0.0072402 0.00693267 0.00651003 0.00597293 0.00532599 0.00457823          0          0          0          0
 0.0072402 0.00693267 0.00651003 0.00597293 0.00532599 0.00457823          0          0          0          0
 0.0072402 0.00693267 0.00651003 0.00597293 0.00532599 0.00457823          0          0          0          0
 0.0072402 0.00693267 0.00651003 0.00597293 0.00532599 0.00457823          0          0          0          0
 0.0072402 0.00693267 0.00651003 0.00597293 0.00532599 0.00457823          0          0          0          0
 0.0072402 0.00693267 0.00651003 0.00597293 0.00532599 0.00457823          0          0          0          0
 0.0072402 0.00693267 0.00651003 0.00597293 0.00532599 0.00457823          0          0          0          0
 0.0072402 0.00693267 0.00651003 0.00597293 0.00532599 0.00457823          0          0          0          0
 0.0072402 0.00693267 0.00651003 0.00597293 0.00532599 0.00457823          0          0          0          0
 0.0072402 0.00693267 0.00651003 0.00597293 0.00532599 0.00457823          0          0          0          0
 0.0072402 0.00693267 0.00651003 0.00597293 0.00532599 0.00457823          0          0          0          0
 0.0072402 0.00693267 0.00651003 0.00597293 0.00532599 0.00457823          0          0          0          0
 0.0072402 0.00693267 0.00651003 0.00597293 0.00532599 0.00457823          0          0          0          0
 0.0072402 0.00693267 0.00651003 0.00597293 0.00532599 0.00457823          0          0          0          0
 0.0072402 0.00693267 0.00651003 0.00597293 0.00532599 0.00457823          0          0          0          0
 0.0072402 0.00693267 0.00651003 0.00597293 0.00532599 0.00457823          0          0          0          0
 0.0072402 0.00693267 0.00651003 0.00597293 0.00532599 0.00457823          0          0          0          0
 0.0072402 0.00693267 0.00651003 0.00597293 0.00532599 0.00457823          0          0          0          0
 0.0072402 0.00693267 0.00651003 0.00597293 0.00532599 0.00457823          0          0          0          0
 0.0072402 0.00693267 0.00651003 0.00597293 0.00532599 0.00457823          0          0          0          0
 0.0072402 0.00693267 0.00651003 0.00597293 0.00532599 0.00457823          0          0          0          0
 0.0072402 0.00693267 0.00651003 0.00597293 0.00532599 0.00457823          0          0          0          0
 0.0072402 0.00693267 0.00651003 0.00597293 0.00532599 0.00457823          0          0          0          0
 0.0072402 0.00693267 0.00651003 0.00597293 0.00532599 0.00457823          0          0          0          0
