3.81865e-05 3.81863e-05 3.81861e-05  3.8186e-05  3.8186e-05  3.8186e-05  3.8186e-05  3.8186e-05  3.8186e-05 3.81861e-05
9.07057e-05 9.07056e-05 9.07057e-05 9.07057e-05 9.07058e-05  9.0706e-05 9.07061e-05 9.07062e-05 9.07063e-05 9.07064e-05
9.71809e-05 9.71809e-05  9.7181e-05 9.71811e-05 9.71813e-05 9.71814e-05 9.71816e-05 9.71817e-05 9.71818e-05 9.71819e-05
9.37436e-05 9.37438e-05 9.37441e-05 9.37443e-05 9.37446e-05 9.37448e-05 9.37451e-05 9.37453e-05 9.37454e-05 9.37455e-05
3.70072e-05 3.70077e-05 3.70082e-05 3.70087e-05 3.70091e-05 3.70095e-05 3.70099e-05 3.70102e-05 3.70104e-05 3.70105e-05
-6.32914e-05 -6.32905e-05 -6.32897e-05 -6.32889e-05 -6.32882e-05 -6.32876e-05 -6.32871e-05 -6.32867e-05 -6.32864e-05 -6.32863e-05
 -9.8577e-05 -9.85758e-05 -9.85747e-05 -9.85737e-05 -9.85728e-05  -9.8572e-05 -9.85714e-05 -9.85709e-05 -9.85706e-05 -9.85705e-05
-0.000123483 -0.000123481  -0.00012348 -0.000123479 -0.000123478 -0.000123477 -0.000123476 -0.000123475 -0.000123475 -0.000123475
-0.000142443 -0.000142441 -0.000142439 -0.000142438 -0.000142436 -0.000142435 -0.000142434 -0.000142434 -0.000142433 -0.000142433
-0.000154415 -0.000154412  -0.00015441 -0.000154409 -0.000154407 -0.000154406 -0.000154405 -0.000154404 -0.000154404 -0.000154403
-0.000158603   -0.0001586 -0.000158598 -0.000158596 -0.000158595 -0.000158593 -0.000158592 -0.000158591 -0.000158591  -0.00015859
 -0.00015536 -0.000155357 -0.000155354 -0.000155352  -0.00015535 -0.000155348 -0.000155347 -0.000155346 -0.000155345 -0.000155345
-0.000145143  -0.00014514 -0.000145137 -0.000145134 -0.000145132  -0.00014513 -0.000145129 -0.000145128 -0.000145127 -0.000145127
-0.000129641 -0.000129638 -0.000129634 -0.000129632 -0.000129629 -0.000129627 -0.000129626 -0.000129624 -0.000129624 -0.000129623
-0.000110105 -0.000110102 -0.000110098 -0.000110095 -0.000110092  -0.00011009 -0.000110088 -0.000110087 -0.000110086 -0.000110086
-8.76574e-05  -8.7653e-05 -8.76491e-05 -8.76457e-05 -8.76427e-05 -8.76403e-05 -8.76383e-05 -8.76368e-05 -8.76359e-05 -8.76354e-05
-6.33516e-05 -6.33468e-05 -6.33425e-05 -6.33387e-05 -6.33354e-05 -6.33327e-05 -6.33306e-05  -6.3329e-05 -6.33279e-05 -6.33274e-05
-3.84403e-05  -3.8435e-05 -3.84303e-05 -3.84261e-05 -3.84226e-05 -3.84196e-05 -3.84173e-05 -3.84155e-05 -3.84144e-05 -3.84138e-05
-1.40646e-05 -1.40588e-05 -1.40537e-05 -1.40492e-05 -1.40453e-05  -1.4042e-05 -1.40394e-05 -1.40375e-05 -1.40363e-05 -1.40357e-05
8.93055e-06 8.93684e-06 8.94248e-06 8.94744e-06  8.9517e-06 8.95524e-06 8.95805e-06 8.96014e-06  8.9615e-06 8.96217e-06
2.99485e-05 2.99554e-05 2.99615e-05  2.9967e-05 2.99716e-05 2.99755e-05 2.99785e-05 2.99808e-05 2.99823e-05  2.9983e-05
4.86137e-05 4.86212e-05  4.8628e-05 4.86339e-05 4.86389e-05 4.86431e-05 4.86465e-05  4.8649e-05 4.86506e-05 4.86514e-05
6.48726e-05 6.48808e-05 6.48881e-05 6.48945e-05    6.49e-05 6.49046e-05 6.49082e-05 6.49109e-05 6.49127e-05 6.49136e-05
7.88785e-05 7.88874e-05 7.88953e-05 7.89023e-05 7.89083e-05 7.89133e-05 7.89173e-05 7.89202e-05 7.89221e-05 7.89231e-05
9.09736e-05 9.09833e-05  9.0992e-05 9.09996e-05 9.10061e-05 9.10115e-05 9.10158e-05  9.1019e-05 9.10211e-05 9.10221e-05
 0.00010175  0.00010176  0.00010177 0.000101778 0.000101785 0.000101791 0.000101796 0.000101799 0.000101801 0.000101802
 0.00011182 0.000111831 0.000111842  0.00011185 0.000111858 0.000111865  0.00011187 0.000111873 0.000111876 0.000111877
0.000121946 0.000121958 0.000121969 0.000121979 0.000121987 0.000121994    0.000122 0.000122004 0.000122007 0.000122008
0.000132961 0.000132975 0.000132987 0.000132997 0.000133006 0.000133014  0.00013302 0.000133024 0.000133027 0.000133028
0.000145723 0.000145738 0.000145751 0.000145762 0.000145772  0.00014578 0.000145787 0.000145791 0.000145794 0.000145796
0.000161053 0.000161069 0.000161083 0.000161095 0.000161106 0.000161115 0.000161122 0.000161127  0.00016113 0.000161132
0.000179723  0.00017974 0.000179755 0.000179768  0.00017978 0.000179789 0.000179797 0.000179802 0.000179806 0.000179808
0.000202394 0.000202412 0.000202429 0.000202443 0.000202455 0.000202466 0.000202474  0.00020248 0.000202483 0.000202485
0.000229608 0.000229628 0.000229645 0.000229661 0.000229674 0.000229685 0.000229694   0.0002297 0.000229704 0.000229706
0.000261848 0.000261869 0.000261888 0.000261905 0.000261919 0.000261931  0.00026194 0.000261947 0.000261951 0.000261954
 0.00029935 0.000299373 0.000299393 0.000299411 0.000299426 0.000299439 0.000299449 0.000299456 0.000299461 0.000299463
0.000342133 0.000342157 0.000342179 0.000342198 0.000342215 0.000342228 0.000342239 0.000342247 0.000342252 0.000342255
0.000390026 0.000390052 0.000390075 0.000390096 0.000390113 0.000390128 0.000390139 0.000390148 0.000390153 0.000390156
0.000442627 0.000442655  0.00044268 0.000442702 0.000442721 0.000442736 0.000442748 0.000442758 0.000442763 0.000442766
0.000499543 0.000499573 0.000499599 0.000499623 0.000499643 0.000499659 0.000499672 0.000499682 0.000499689 0.000499692
0.000562905 0.000562937 0.000562966 0.000562991 0.000563012  0.00056303 0.000563044 0.000563054 0.000563061 0.000563064
0.000626202 0.000626236 0.000626267 0.000626293 0.000626316 0.000626335  0.00062635 0.000626361 0.000626369 0.000626372
0.000689868 0.000689905 0.000689937 0.000689966  0.00068999 0.000690011 0.000690027 0.000690039 0.000690046  0.00069005
 0.00075272 0.000752759 0.000752794 0.000752824  0.00075285 0.000752872 0.000752889 0.000752902  0.00075291 0.000752914
0.000813737 0.000813779 0.000813816 0.000813848 0.000813876   0.0008139 0.000813918 0.000813932  0.00081394 0.000813945
0.000871882 0.000871927 0.000871966 0.000872001 0.000872031 0.000872056 0.000872076  0.00087209   0.0008721 0.000872104
 0.00092706 0.000927107  0.00092715 0.000927187 0.000927219 0.000927246 0.000927267 0.000927282 0.000927292 0.000927297
0.000984217 0.000984268 0.000984313 0.000984353 0.000984388 0.000984416 0.000984439 0.000984455 0.000984466 0.000984472
0.00104582 0.00104587 0.00104592 0.00104596   0.001046 0.00104603 0.00104606 0.00104607 0.00104609 0.00104609
0.00110576 0.00110581 0.00110587 0.00110591 0.00110595 0.00110599 0.00110601 0.00110603 0.00110604 0.00110605
0.00116143 0.00116149 0.00116155  0.0011616 0.00116164 0.00116167  0.0011617 0.00116172 0.00116174 0.00116174
0.00120209 0.00120216 0.00120222 0.00120227 0.00120232 0.00120235 0.00120238  0.0012024 0.00120242 0.00120243
0.00129371 0.00129379 0.00129385 0.00129391 0.00129396   0.001294 0.00129403 0.00129405 0.00129407 0.00129408
0.00158464 0.00158472 0.00158479 0.00158485  0.0015849 0.00158494 0.00158498   0.001585 0.00158502 0.00158503
0.00190365 0.00190373  0.0019038 0.00190387 0.00190392 0.00190397 0.00190401 0.00190404 0.00190405 0.00190406
0.00219223 0.00219232  0.0021924 0.00219247 0.00219253 0.00219258 0.00219262 0.00219265 0.00219267 0.00219268
0.00247583 0.00247592 0.00247601 0.00247608 0.00247614  0.0024762 0.00247624 0.00247627 0.00247629  0.0024763
0.00279759 0.00279769 0.00279778 0.00279786 0.00279793 0.00279799 0.00279803 0.00279806 0.00279809  0.0027981
0.00321056 0.00321067 0.00321076 0.00321085 0.00321092 0.00321098 0.00321103 0.00321107 0.00321109  0.0032111
0.00374182 0.00374194 0.00374204 0.00374213 0.00374221 0.00374227 0.00374233 0.00374236 0.00374239  0.0037424
0.00435244 0.00435256 0.00435267 0.00435277 0.00435285 0.00435292 0.00435298 0.00435302 0.00435305 0.00435306
0.00502101 0.00502114 0.00502126 0.00502136 0.00502145 0.00502153 0.00502159 0.00502163 0.00502166 0.00502167
0.00573105 0.00573119 0.00573132 0.00573143 0.00573153 0.00573161 0.00573167 0.00573172 0.00573175 0.00573176
0.00647689 0.00647704 0.00647717 0.00647729 0.00647739 0.00647748 0.00647755  0.0064776 0.00647763 0.00647765
0.00725229 0.00725245  0.0072526 0.00725272 0.00725283 0.00725293   0.007253 0.00725305 0.00725309 0.00725311
0.00802022 0.00802039 0.00802055 0.00802069  0.0080208  0.0080209 0.00802098 0.00802104 0.00802108  0.0080211
0.00872741 0.00872759 0.00872776  0.0087279 0.00872803 0.00872814 0.00872822 0.00872828 0.00872832 0.00872834
0.00937072 0.00937092  0.0093711 0.00937126 0.00937139 0.00937151  0.0093716 0.00937167 0.00937171 0.00937173
 0.0095932 0.00959341  0.0095936 0.00959377 0.00959392 0.00959404 0.00959414 0.00959421 0.00959426 0.00959428
 0.010023 0.0100232 0.0100235 0.0100236 0.0100238 0.0100239  0.010024 0.0100241 0.0100242 0.0100242
0.0107209 0.0107211 0.0107213 0.0107215 0.0107217 0.0107218 0.0107219  0.010722 0.0107221 0.0107221
0.0116065 0.0116068  0.011607 0.0116073 0.0116074 0.0116076 0.0116077 0.0116078 0.0116079 0.0116079
0.0125857  0.012586 0.0125862 0.0125865 0.0125866 0.0125868 0.0125869  0.012587 0.0125871 0.0125871
0.0136308 0.0136311 0.0136314 0.0136317 0.0136319  0.013632 0.0136322 0.0136323 0.0136324 0.0136324
0.0147248 0.0147251 0.0147254 0.0147257 0.0147259 0.0147261 0.0147263 0.0147264 0.0147264 0.0147265
0.0159149 0.0159152 0.0159155 0.0159158 0.0159161 0.0159163 0.0159164 0.0159166 0.0159166 0.0159167
0.0173412 0.0173416 0.0173419 0.0173422 0.0173425 0.0173427 0.0173429  0.017343 0.0173431 0.0173431
 0.019047 0.0190474 0.0190477  0.019048 0.0190483 0.0190486 0.0190487 0.0190489  0.019049  0.019049
0.0209996 0.0210001 0.0210004 0.0210008 0.0210011 0.0210013 0.0210015 0.0210017 0.0210018 0.0210018
0.0231579 0.0231583 0.0231588 0.0231591 0.0231595 0.0231597   0.02316 0.0231601 0.0231602 0.0231603
0.0255004 0.0255009 0.0255014 0.0255018 0.0255021 0.0255024 0.0255026 0.0255028 0.0255029  0.025503
0.0280235  0.028024 0.0280245 0.0280249 0.0280253 0.0280256 0.0280258  0.028026 0.0280261 0.0280262
0.0307297 0.0307303 0.0307308 0.0307313 0.0307317  0.030732 0.0307323 0.0307325 0.0307326 0.0307327
0.0336192 0.0336198 0.0336204 0.0336209 0.0336213 0.0336217  0.033622 0.0336222 0.0336223 0.0336224
0.0366905 0.0366912 0.0366918 0.0366923 0.0366928 0.0366932 0.0366935 0.0366937 0.0366939 0.0366939
0.0399448 0.0399455 0.0399461 0.0399467 0.0399472 0.0399476 0.0399479 0.0399482 0.0399483 0.0399484
0.0433849 0.0433856 0.0433863 0.0433869 0.0433875 0.0433879 0.0433883 0.0433885 0.0433887 0.0433888
0.0470172 0.0470181 0.0470188 0.0470195   0.04702 0.0470205 0.0470209 0.0470212 0.0470214 0.0470215
0.0508507 0.0508515 0.0508523  0.050853 0.0508537 0.0508542 0.0508546 0.0508549 0.0508551 0.0508552
0.0548967 0.0548977 0.0548985 0.0548993    0.0549 0.0549005  0.054901 0.0549013 0.0549015 0.0549016
0.0591727 0.0591737 0.0591746 0.0591754 0.0591761 0.0591767 0.0591772 0.0591775 0.0591778 0.0591779
 0.063702 0.0637031 0.0637041 0.0637049 0.0637057 0.0637063 0.0637068 0.0637071 0.0637074 0.0637075
 0.068515 0.0685161 0.0685171  0.068518 0.0685187 0.0685193 0.0685198 0.0685202 0.0685204 0.0685205
0.0738297 0.0738308 0.0738318 0.0738327 0.0738335 0.0738341 0.0738345 0.0738349  0.073835 0.0738351
0.0797563 0.0797573 0.0797583 0.0797591 0.0797598 0.0797603 0.0797607  0.079761 0.0797612 0.0797612
0.0862954 0.0862964 0.0862972 0.0862979 0.0862985  0.086299 0.0862993 0.0862995 0.0862996 0.0862996
0.0934634 0.0934642 0.0934649 0.0934654 0.0934659 0.0934662 0.0934664 0.0934665 0.0934665 0.0934665
 0.10129 0.101291 0.101291 0.101292 0.101292 0.101292 0.101292 0.101292 0.101292 0.101292
0.109861 0.109861 0.109861 0.109861 0.109861 0.109861 0.109861 0.109861 0.109861 0.109861
0.119216 0.119216 0.119216 0.119216 0.119215 0.119215 0.119215 0.119215 0.119215 0.119215
0.129158 0.129158 0.129157 0.129157 0.129156 0.129156 0.129156 0.129156 0.129156 0.129156
0.138093 0.138092 0.138092 0.138091 0.138091  0.13809  0.13809  0.13809  0.13809  0.13809
0.144175 0.144174 0.144173 0.144173 0.144172 0.144172 0.144172 0.144171 0.144171 0.144171
0.146675 0.146674 0.146673 0.146673 0.146672 0.146672 0.146672 0.146671 0.146671 0.146671
 0.14567 0.145669 0.145668 0.145668 0.145667 0.145667 0.145666 0.145666 0.145666 0.145666
0.140619 0.140619 0.140618 0.140617 0.140617 0.140617 0.140616 0.140616 0.140616 0.140616
0.134742 0.134741  0.13474  0.13474 0.134739 0.134739 0.134739 0.134738 0.134738 0.134738
0.126217 0.126216 0.126215 0.126215 0.126214 0.126214 0.126214 0.126213 0.126213 0.126213
0.114257 0.114256 0.114256 0.114255 0.114255 0.114254 0.114254 0.114254 0.114254 0.114254
 0.099585 0.0995844 0.0995838 0.0995832 0.0995828 0.0995824 0.0995821 0.0995819 0.0995817 0.0995816
0.0828629 0.0828622 0.0828616 0.0828611 0.0828606 0.0828603   0.08286 0.0828597 0.0828596 0.0828595
0.0650156 0.0650149 0.0650143 0.0650138 0.0650134  0.065013 0.0650127 0.0650125 0.0650123 0.0650122
0.0475423 0.0475417 0.0475411 0.0475406 0.0475401 0.0475397 0.0475394 0.0475392 0.0475391  0.047539
0.0318445 0.0318439 0.0318433 0.0318428 0.0318423 0.0318419 0.0318416 0.0318414 0.0318413 0.0318412
0.0209568 0.0209561 0.0209555  0.020955 0.0209545 0.0209542 0.0209538 0.0209536 0.0209535 0.0209534
0.0139014 0.0139007 0.0139001 0.0138996 0.0138991 0.0138987 0.0138984 0.0138981  0.013898 0.0138979
0.00857908 0.00857838 0.00857776  0.0085772 0.00857671  0.0085763 0.00857597 0.00857573 0.00857557 0.00857549
 0.0050521 0.00505138 0.00505073 0.00505014 0.00504964 0.00504921 0.00504887 0.00504862 0.00504845 0.00504837
0.00226565  0.0022649 0.00226421  0.0022636 0.00226308 0.00226263 0.00226228 0.00226201 0.00226184 0.00226175
-0.00119593 -0.00119672 -0.00119743 -0.00119807 -0.00119862 -0.00119909 -0.00119946 -0.00119974 -0.00119992 -0.00120001
-0.00716988 -0.00717071 -0.00717146 -0.00717213 -0.00717271  -0.0071732 -0.00717359 -0.00717388 -0.00717407 -0.00717417
-0.0148594 -0.0148603 -0.0148611 -0.0148618 -0.0148624 -0.0148629 -0.0148633 -0.0148636 -0.0148638 -0.0148639
-0.0234432 -0.0234442  -0.023445 -0.0234457 -0.0234464 -0.0234469 -0.0234474 -0.0234477 -0.0234479  -0.023448
-0.0320763 -0.0320772 -0.0320781 -0.0320789 -0.0320796 -0.0320801 -0.0320806 -0.0320809 -0.0320812 -0.0320813
-0.0402348 -0.0402358 -0.0402367 -0.0402376 -0.0402383 -0.0402389 -0.0402394 -0.0402397   -0.04024 -0.0402401
-0.0464945 -0.0464956 -0.0464966 -0.0464975 -0.0464983 -0.0464989 -0.0464994 -0.0464998 -0.0465001 -0.0465003
-0.0542951 -0.0542962 -0.0542973 -0.0542982  -0.054299 -0.0542997 -0.0543002 -0.0543006 -0.0543011 -0.0543014
-0.0638615 -0.0638627 -0.0638638 -0.0638648 -0.0638656 -0.0638663 -0.0638668 -0.0638676 -0.0638682 -0.0638684
-0.0748182 -0.0748194 -0.0748205 -0.0748215 -0.0748224 -0.0748231 -0.0748242  -0.074825 -0.0748255 -0.0748257
-0.0869285 -0.0869298 -0.0869309 -0.0869319 -0.0869328 -0.0869342 -0.0869352  -0.086936 -0.0869365 -0.0869367
-0.100181 -0.100182 -0.100183 -0.100184 -0.100186 -0.100187 -0.100188 -0.100189 -0.100189  -0.10019
-0.114583 -0.114584 -0.114585 -0.114587 -0.114589  -0.11459 -0.114591 -0.114592 -0.114592 -0.114592
-0.129976 -0.129977 -0.129979 -0.129981 -0.129982 -0.129983 -0.129984 -0.129984 -0.129985 -0.129985
-0.146362 -0.146364 -0.146366 -0.146367 -0.146368 -0.146369  -0.14637  -0.14637  -0.14637  -0.14637
-0.163941 -0.163942 -0.163944 -0.163945 -0.163945 -0.163946 -0.163946 -0.163946 -0.163947 -0.163947
 -0.18235 -0.182351 -0.182352 -0.182352 -0.182353 -0.182353 -0.182353 -0.182353 -0.182353 -0.182353
-0.201124 -0.201125 -0.201125 -0.201125 -0.201125 -0.201125 -0.201125 -0.201125 -0.201125 -0.201125
-0.220289 -0.220289 -0.220289 -0.220288 -0.220288 -0.220288 -0.220288 -0.220287 -0.220287 -0.220287
-0.238765 -0.238764 -0.238763 -0.238763 -0.238762 -0.238762 -0.238761 -0.238761 -0.238761 -0.238761
 -0.25678 -0.256779 -0.256777 -0.256776 -0.256775 -0.256775 -0.256775 -0.256774 -0.256774 -0.256774
-0.278495 -0.278493 -0.278492  -0.27849  -0.27849 -0.278489 -0.278489 -0.278488 -0.278488 -0.278488
-0.298394 -0.298392  -0.29839 -0.298389 -0.298389 -0.298388 -0.298388 -0.298387 -0.298387 -0.298387
-0.313043  -0.31304 -0.313039 -0.313038 -0.313038 -0.313037 -0.313036 -0.313036 -0.313036 -0.313036
-0.321612  -0.32161 -0.321609 -0.321608 -0.321608 -0.321607 -0.321606 -0.321606 -0.321606 -0.321606
-0.321989 -0.321988 -0.321987 -0.321986 -0.321985 -0.321984 -0.321984 -0.321983 -0.321983 -0.321983
-0.314991  -0.31499 -0.314989 -0.314988 -0.314987 -0.314986 -0.314986 -0.314986 -0.314985 -0.314985
 -0.30496 -0.304959 -0.304958 -0.304957 -0.304957 -0.304956 -0.304955 -0.304955 -0.304955 -0.304955
-0.291196 -0.291195 -0.291194 -0.291193 -0.291193 -0.291192 -0.291191 -0.291191 -0.291191 -0.291191
-0.272006 -0.272005 -0.272004 -0.272003 -0.272003 -0.272002 -0.272002 -0.272001 -0.272001 -0.272001
-0.248397 -0.248396 -0.248395 -0.248394 -0.248393 -0.248393 -0.248392 -0.248392 -0.248392 -0.248392
-0.221664 -0.221663 -0.221662 -0.221661 -0.221661  -0.22166  -0.22166 -0.221659 -0.221659 -0.221659
-0.193171  -0.19317 -0.193169 -0.193168 -0.193167 -0.193167 -0.193166 -0.193166 -0.193166 -0.193166
-0.164605 -0.164604 -0.164603 -0.164602 -0.164601 -0.164601   -0.1646   -0.1646   -0.1646   -0.1646
-0.137851 -0.137851  -0.13785 -0.137849 -0.137848 -0.137848 -0.137847 -0.137847 -0.137847 -0.137847
-0.114615 -0.114614 -0.114613 -0.114612 -0.114611 -0.114611  -0.11461  -0.11461  -0.11461  -0.11461
-0.0968323 -0.0968314 -0.0968305 -0.0968298 -0.0968291 -0.0968286 -0.0968282 -0.0968278 -0.0968276 -0.0968275
-0.0840868 -0.0840858  -0.084085 -0.0840842 -0.0840836  -0.084083 -0.0840826 -0.0840822  -0.084082 -0.0840819
-0.0747705 -0.0747695 -0.0747687 -0.0747679 -0.0747672 -0.0747666 -0.0747662 -0.0747659 -0.0747657 -0.0747656
-0.0669665 -0.0669655 -0.0669646 -0.0669638 -0.0669631 -0.0669625 -0.0669621 -0.0669617 -0.0669615 -0.0669614
-0.0602837 -0.0602826 -0.0602817 -0.0602809 -0.0602802 -0.0602796 -0.0602791 -0.0602787 -0.0602785 -0.0602784
-0.0535847 -0.0535836 -0.0535827 -0.0535818 -0.0535811 -0.0535805   -0.05358 -0.0535796 -0.0535794 -0.0535793
-0.0450163 -0.0450152 -0.0450142 -0.0450133 -0.0450125 -0.0450119 -0.0450114  -0.045011 -0.0450108 -0.0450107
-0.0343879 -0.0343868 -0.0343857 -0.0343848  -0.034384 -0.0343833 -0.0343828 -0.0343824 -0.0343821  -0.034382
 -0.020977 -0.0209758 -0.0209747 -0.0209737 -0.0209729 -0.0209722 -0.0209716 -0.0209712  -0.020971 -0.0209708
-0.00425588  -0.0042546 -0.00425346 -0.00425244 -0.00425157 -0.00425084 -0.00425026 -0.00424983 -0.00424955 -0.00424941
0.0164778 0.0164791 0.0164803 0.0164814 0.0164823  0.016483 0.0164836 0.0164841 0.0164844 0.0164847
0.0373149 0.0373162 0.0373175 0.0373186 0.0373195 0.0373203 0.0373209 0.0373214  0.037322 0.0373223
0.0581955  0.058197 0.0581982 0.0581994 0.0582003 0.0582012 0.0582018 0.0582027 0.0582033 0.0582036
 0.078354 0.0783554 0.0783567 0.0783579 0.0783589 0.0783597  0.078361 0.0783619 0.0783625 0.0783627
0.0984668 0.0984683 0.0984696 0.0984708 0.0984717 0.0984733 0.0984746 0.0984755  0.098476 0.0984763
0.118679  0.11868 0.118682 0.118683 0.118685 0.118686 0.118687 0.118688 0.118689 0.118689
0.139019  0.13902 0.139022 0.139024 0.139026 0.139027 0.139028 0.139029 0.139029 0.139029
 0.15939 0.159392 0.159394 0.159396 0.159397 0.159398 0.159399   0.1594   0.1594   0.1594
0.179806 0.179808  0.17981 0.179812 0.179813 0.179814 0.179815 0.179815 0.179815 0.179815
0.200431 0.200433 0.200434 0.200436 0.200436 0.200437 0.200438 0.200438 0.200438 0.200438
0.220973 0.220974 0.220975 0.220976 0.220976 0.220976 0.220977 0.220977 0.220977 0.220977
0.240793 0.240794 0.240794 0.240794 0.240794 0.240794 0.240794 0.240794 0.240794 0.240794
0.259663 0.259663 0.259663 0.259662 0.259662 0.259662 0.259662 0.259662 0.259662 0.259662
0.278814 0.278813 0.278812 0.278812 0.278811 0.278811 0.278811 0.278811  0.27881  0.27881
0.297586 0.297585 0.297584 0.297583 0.297582 0.297581 0.297581 0.297581 0.297581  0.29758
0.329418 0.329417 0.329415 0.329414 0.329413 0.329412 0.329412 0.329412 0.329411 0.329411
0.359158 0.359156 0.359154 0.359153 0.359152 0.359152 0.359151 0.359151  0.35915  0.35915
0.383444 0.383442  0.38344  0.38344 0.383439 0.383438 0.383437 0.383437 0.383437 0.383437
0.402191 0.402189 0.402188 0.402187 0.402186 0.402186 0.402185 0.402185 0.402184 0.402184
0.416533 0.416532 0.416531  0.41653 0.416529 0.416528 0.416527 0.416527 0.416527 0.416527
0.414062 0.414061  0.41406 0.414059 0.414058 0.414057 0.414056 0.414056 0.414056 0.414056
0.399878 0.399877 0.399875 0.399874 0.399874 0.399873 0.399872 0.399872 0.399872 0.399872
 0.38251 0.382509 0.382508 0.382507 0.382506 0.382505 0.382505 0.382504 0.382504 0.382504
0.360101   0.3601 0.360099 0.360098 0.360097 0.360096 0.360096 0.360095 0.360095 0.360095
0.333853 0.333852 0.333851  0.33385 0.333849 0.333848 0.333848 0.333848 0.333847 0.333847
0.304796 0.304795 0.304794 0.304793 0.304793 0.304792 0.304791 0.304791 0.304791 0.304791
0.274086 0.274085 0.274084 0.274083 0.274083 0.274082 0.274082 0.274081 0.274081 0.274081
0.243493 0.243492 0.243491  0.24349 0.243489 0.243488 0.243488 0.243488 0.243487 0.243487
0.214818 0.214817 0.214816 0.214815 0.214815 0.214814 0.214814 0.214813 0.214813 0.214813
0.189894 0.189893 0.189892 0.189891  0.18989  0.18989 0.189889 0.189889 0.189889 0.189889
0.169736 0.169735 0.169734 0.169733 0.169732 0.169732 0.169731 0.169731 0.169731  0.16973
0.154531  0.15453 0.154529 0.154528 0.154528 0.154527 0.154527 0.154526 0.154526 0.154526
0.143539 0.143538 0.143537 0.143536 0.143535 0.143535 0.143534 0.143534 0.143534 0.143533
0.135744 0.135742 0.135741  0.13574  0.13574 0.135739 0.135739 0.135738 0.135738 0.135738
0.129772 0.129771  0.12977 0.129769 0.129768 0.129768 0.129767 0.129767 0.129766 0.129766
0.124119 0.124118 0.124117 0.124116 0.124115 0.124114 0.124114 0.124113 0.124113 0.124113
0.117537 0.117535 0.117534 0.117533 0.117532 0.117532 0.117531 0.117531  0.11753  0.11753
0.109254 0.109253 0.109251  0.10925 0.109249 0.109249 0.109248 0.109248 0.109247 0.109247
0.0977635  0.097762 0.0977608 0.0977596 0.0977587 0.0977579 0.0977573 0.0977568 0.0977565 0.0977564
0.0824244  0.082423 0.0824216 0.0824205 0.0824195 0.0824186  0.082418 0.0824175 0.0824172  0.082417
0.0631841 0.0631825 0.0631811 0.0631799 0.0631789  0.063178 0.0631773 0.0631768 0.0631765 0.0631762
0.0409982 0.0409966 0.0409951 0.0409938 0.0409928 0.0409919 0.0409912 0.0409907   0.04099 0.0409897
0.0216084 0.0216067 0.0216052 0.0216039 0.0216028 0.0216019 0.0216011 0.0216001 0.0215995 0.0215992
 0.0024551 0.00245339 0.00245187 0.00245054 0.00244941 0.00244848 0.00244706 0.00244604  0.0024454 0.00244511
 -0.015348 -0.0153498 -0.0153513 -0.0153526 -0.0153537 -0.0153555 -0.0153569 -0.0153579 -0.0153585 -0.0153588
-0.0322702 -0.0322719 -0.0322734 -0.0322747 -0.0322769 -0.0322786 -0.0322799 -0.0322808 -0.0322814 -0.0322816
 -0.048096 -0.0480976 -0.0480991 -0.0481015 -0.0481035 -0.0481051 -0.0481064 -0.0481072 -0.0481077 -0.0481079
-0.0630151 -0.0630166 -0.0630193 -0.0630215 -0.0630233 -0.0630247 -0.0630258 -0.0630265 -0.0630269 -0.0630271
-0.0772661 -0.0772688 -0.0772711  -0.077273 -0.0772745 -0.0772757 -0.0772766 -0.0772771 -0.0772774 -0.0772775
-0.0911139 -0.0911161 -0.0911179 -0.0911194 -0.0911206 -0.0911214 -0.0911221 -0.0911224 -0.0911226 -0.0911226
-0.104142 -0.104144 -0.104145 -0.104146 -0.104147 -0.104147 -0.104148 -0.104148 -0.104148 -0.104148
-0.115766 -0.115767 -0.115767 -0.115768 -0.115768 -0.115768 -0.115769 -0.115769 -0.115769 -0.115768
-0.125408 -0.125409 -0.125409 -0.125409 -0.125409 -0.125409 -0.125409 -0.125409 -0.125409 -0.125409
-0.133992 -0.133992 -0.133992 -0.133992 -0.133992 -0.133991 -0.133991 -0.133991 -0.133991 -0.133991
-0.120681  -0.12068  -0.12068 -0.120679 -0.120678 -0.120678 -0.120678 -0.120677 -0.120677 -0.120677
-0.133669 -0.133668 -0.133667 -0.133666 -0.133665 -0.133665 -0.133664 -0.133664 -0.133664 -0.133664
-0.146136 -0.146134 -0.146133 -0.146132 -0.146132 -0.146131 -0.146131  -0.14613  -0.14613  -0.14613
-0.163552 -0.163551  -0.16355 -0.163549 -0.163548 -0.163548 -0.163547 -0.163547 -0.163547 -0.163547
-0.188649 -0.188648 -0.188647 -0.188646 -0.188645 -0.188645 -0.188644 -0.188644 -0.188643 -0.188643
-0.237543 -0.237542 -0.237542 -0.237541  -0.23754 -0.237539 -0.237539 -0.237538 -0.237538 -0.237538
-0.272678 -0.272677 -0.272676 -0.272675 -0.272675 -0.272674 -0.272673 -0.272673 -0.272673 -0.272673
 -0.31084 -0.310839 -0.310838 -0.310837 -0.310836 -0.310836 -0.310835 -0.310835 -0.310835 -0.310835
-0.342537 -0.342536 -0.342535 -0.342535 -0.342534 -0.342533 -0.342533 -0.342532 -0.342532 -0.342532
-0.334028 -0.334027 -0.334026 -0.334025 -0.334024 -0.334023 -0.334023 -0.334023 -0.334022 -0.334022
-0.328027 -0.328026 -0.328026 -0.328025 -0.328024 -0.328023 -0.328023 -0.328023 -0.328022 -0.328022
-0.311801 -0.311801   -0.3118 -0.311799 -0.311798 -0.311798 -0.311797 -0.311797 -0.311796 -0.311796
-0.286047 -0.286046 -0.286045 -0.286044 -0.286043 -0.286043 -0.286042 -0.286042 -0.286042 -0.286041
-0.262366 -0.262365 -0.262364 -0.262363 -0.262362 -0.262362 -0.262361 -0.262361 -0.262361 -0.262361
-0.241096 -0.241095 -0.241094 -0.241093 -0.241092 -0.241092 -0.241091 -0.241091 -0.241091 -0.241091
-0.226582 -0.226581  -0.22658 -0.226579 -0.226579 -0.226578 -0.226578 -0.226577 -0.226577 -0.226577
-0.216676 -0.216675 -0.216674 -0.216674 -0.216673 -0.216672 -0.216672 -0.216672 -0.216671 -0.216671
-0.210343 -0.210342 -0.210341  -0.21034 -0.210339 -0.210339 -0.210338 -0.210338 -0.210338 -0.210337
-0.209204 -0.209203 -0.209202 -0.209201   -0.2092   -0.2092 -0.209199 -0.209199 -0.209199 -0.209199
-0.210061  -0.21006 -0.210059 -0.210058 -0.210057 -0.210056 -0.210056 -0.210056 -0.210055 -0.210055
-0.210394 -0.210393 -0.210392 -0.210391  -0.21039  -0.21039 -0.210389 -0.210389 -0.210388 -0.210388
-0.208357 -0.208355 -0.208354 -0.208353 -0.208353 -0.208352 -0.208351 -0.208351 -0.208351 -0.208351
-0.203267 -0.203266 -0.203265 -0.203264 -0.203263 -0.203262 -0.203262 -0.203261 -0.203261 -0.203261
-0.195128 -0.195127 -0.195126 -0.195125 -0.195124 -0.195123 -0.195123 -0.195122 -0.195122 -0.195122
-0.183352 -0.183351 -0.183349 -0.183348 -0.183347 -0.183347 -0.183346 -0.183346 -0.183345 -0.183345
-0.167773 -0.167772 -0.167771  -0.16777 -0.167769 -0.167768 -0.167767 -0.167767 -0.167766 -0.167766
-0.148775 -0.148773 -0.148772 -0.148771  -0.14877 -0.148769 -0.148768 -0.148768 -0.148767 -0.148767
 -0.12781 -0.127808 -0.127807 -0.127806 -0.127805 -0.127804 -0.127803 -0.127802 -0.127802 -0.127801
-0.105877 -0.105875 -0.105874 -0.105872 -0.105871  -0.10587  -0.10587 -0.105869 -0.105868 -0.105868
  -0.08351 -0.0835084 -0.0835069 -0.0835056 -0.0835044 -0.0835035 -0.0835021  -0.083501 -0.0835004 -0.0835001
-0.0630687 -0.0630671 -0.0630655 -0.0630642 -0.0630631 -0.0630613 -0.0630599 -0.0630589 -0.0630583  -0.063058
-0.0448741 -0.0448725  -0.044871 -0.0448697 -0.0448675 -0.0448658 -0.0448644 -0.0448635 -0.0448629 -0.0448627
-0.0377736  -0.037772 -0.0377706 -0.0377681 -0.0377661 -0.0377644 -0.0377632 -0.0377623 -0.0377618 -0.0377616
-0.0434322 -0.0434307  -0.043428 -0.0434257 -0.0434238 -0.0434224 -0.0434213 -0.0434206 -0.0434201 -0.0434199
-0.0542508  -0.054248 -0.0542456 -0.0542436  -0.054242 -0.0542408 -0.0542399 -0.0542393 -0.0542389 -0.0542388
-0.0631715 -0.0631692 -0.0631673 -0.0631657 -0.0631644 -0.0631634 -0.0631628 -0.0631623 -0.0631621 -0.0631621
-0.0645155 -0.0645137 -0.0645123 -0.0645111 -0.0645102 -0.0645096 -0.0645092  -0.064509 -0.0645089 -0.0645089
-0.0551921 -0.0551909 -0.0551899 -0.0551892 -0.0551887 -0.0551884 -0.0551883 -0.0551882 -0.0551882 -0.0551883
-0.0380187 -0.0380181 -0.0380176 -0.0380173 -0.0380172 -0.0380172 -0.0380173 -0.0380174 -0.0380175 -0.0380175
-0.0198223 -0.0198222 -0.0198222 -0.0198223 -0.0198225 -0.0198228  -0.019823 -0.0198231 -0.0198233 -0.0198233
-0.0253445 -0.0253448 -0.0253453 -0.0253458 -0.0253464 -0.0253467 -0.0253469 -0.0253472 -0.0253473 -0.0253474
-0.0115657 -0.0115665 -0.0115673 -0.0115682 -0.0115686  -0.011569 -0.0115693 -0.0115696 -0.0115697 -0.0115698
-0.000333928 -0.000335101 -0.000336277 -0.000336822 -0.000337332 -0.000337786 -0.000338169 -0.000338468 -0.000338672 -0.000338775
0.0152695  0.015268 0.0152673 0.0152667 0.0152661 0.0152656 0.0152651 0.0152648 0.0152646 0.0152645
0.0373479 0.0373471 0.0373463 0.0373456  0.037345 0.0373444  0.037344 0.0373436 0.0373434 0.0373433
0.0804962 0.0804954 0.0804946 0.0804938 0.0804932 0.0804926 0.0804922 0.0804918 0.0804916 0.0804915
0.109245 0.109245 0.109244 0.109243 0.109242 0.109242 0.109241 0.109241 0.109241 0.109241
 0.14246 0.142459 0.142459 0.142458 0.142457 0.142457 0.142456 0.142456 0.142456 0.142456
0.174351  0.17435 0.174349 0.174348 0.174348 0.174347 0.174347 0.174346 0.174346 0.174346
0.180017 0.180016 0.180016 0.180015 0.180014 0.180014 0.180013 0.180013 0.180013 0.180013
0.171528 0.171527 0.171527 0.171526 0.171525 0.171525 0.171525 0.171524 0.171524 0.171524
0.158536 0.158535 0.158534 0.158534 0.158533 0.158533 0.158532 0.158532 0.158532 0.158532
0.137096 0.137095 0.137094 0.137094 0.137093 0.137093 0.137092 0.137092 0.137092 0.137092
0.115877 0.115877 0.115876 0.115875 0.115875 0.115874 0.115874 0.115874 0.115873 0.115873
0.0953883 0.0953876 0.0953869 0.0953863 0.0953858 0.0953853 0.0953849 0.0953846 0.0953844 0.0953843
0.0756605 0.0756598 0.0756592 0.0756585  0.075658 0.0756575 0.0756571 0.0756569 0.0756567 0.0756566
0.0564374 0.0564367 0.0564361 0.0564355 0.0564349 0.0564344 0.0564341 0.0564338 0.0564336 0.0564335
0.0364438 0.0364431 0.0364425 0.0364419 0.0364413 0.0364408 0.0364404 0.0364401 0.0364399 0.0364398
0.0176319 0.0176312 0.0176306 0.0176299 0.0176294 0.0176289 0.0176285 0.0176282  0.017628 0.0176279
0.00117308 0.00117237  0.0011717 0.00117108 0.00117051 0.00117002 0.00116961  0.0011693 0.00116909 0.00116898
-0.0120057 -0.0120064 -0.0120071 -0.0120078 -0.0120084 -0.0120089 -0.0120093 -0.0120096 -0.0120098 -0.0120099
-0.0224891 -0.0224898 -0.0224905 -0.0224912 -0.0224918 -0.0224923 -0.0224928 -0.0224931 -0.0224933 -0.0224935
-0.0301547 -0.0301555 -0.0301563  -0.030157 -0.0301576 -0.0301582 -0.0301586  -0.030159 -0.0301592 -0.0301593
-0.0344441 -0.0344449 -0.0344457 -0.0344465 -0.0344472 -0.0344477 -0.0344482 -0.0344486 -0.0344488  -0.034449
-0.0389478 -0.0389488 -0.0389496 -0.0389504 -0.0389511 -0.0389517 -0.0389522 -0.0389526 -0.0389529  -0.038953
-0.0448642 -0.0448652 -0.0448661  -0.044867 -0.0448677 -0.0448684 -0.0448689 -0.0448693 -0.0448696 -0.0448697
-0.0545154 -0.0545165 -0.0545174 -0.0545183 -0.0545191 -0.0545198 -0.0545204 -0.0545208 -0.0545211 -0.0545214
-0.0682793 -0.0682804 -0.0682814 -0.0682823 -0.0682832 -0.0682839 -0.0682845 -0.0682849 -0.0682855 -0.0682858
-0.0871716 -0.0871728 -0.0871738 -0.0871748 -0.0871757 -0.0871764  -0.087177 -0.0871779 -0.0871785 -0.0871788
-0.110969  -0.11097 -0.110971 -0.110972 -0.110973 -0.110974 -0.110975 -0.110976 -0.110976 -0.110977
-0.110999 -0.111001 -0.111002 -0.111003 -0.111004 -0.111005 -0.111006 -0.111007 -0.111008 -0.111008
-0.0957408 -0.0957421 -0.0957432 -0.0957442 -0.0957459 -0.0957473 -0.0957484 -0.0957492 -0.0957497   -0.09575
-0.0670143 -0.0670154 -0.0670165 -0.0670184 -0.0670201 -0.0670214 -0.0670224 -0.0670232 -0.0670236 -0.0670238
-0.0374316 -0.0374327 -0.0374347 -0.0374364 -0.0374379 -0.0374391   -0.03744 -0.0374406  -0.037441 -0.0374412
-0.0128118 -0.0128137 -0.0128154 -0.0128169 -0.0128181 -0.0128191 -0.0128198 -0.0128203 -0.0128206 -0.0128207
0.00635729 0.00635582 0.00635453 0.00635343 0.00635254 0.00635185 0.00635136 0.00635105 0.00635089 0.00635083
0.0209309 0.0209299 0.0209291 0.0209285  0.020928 0.0209276 0.0209274 0.0209273 0.0209272 0.0209272
0.0355514  0.035551 0.0355507 0.0355505 0.0355503 0.0355503 0.0355503 0.0355504 0.0355504 0.0355504
0.0378025 0.0378026 0.0378028  0.037803 0.0378033 0.0378035 0.0378038 0.0378039  0.037804  0.037804
 0.044277 0.0442776 0.0442782 0.0442788 0.0442794 0.0442799 0.0442801 0.0442803 0.0442804 0.0442805
0.0398906 0.0398918 0.0398928 0.0398939 0.0398948 0.0398952 0.0398955 0.0398958 0.0398959  0.039896
0.0427073 0.0427088 0.0427102 0.0427116 0.0427121 0.0427126  0.042713 0.0427133 0.0427135 0.0427136
0.0383014 0.0383032 0.0383049 0.0383057 0.0383063 0.0383069 0.0383073 0.0383077 0.0383079  0.038308
0.0327264 0.0327284 0.0327294 0.0327302 0.0327309 0.0327315  0.032732 0.0327323 0.0327326 0.0327327
0.0252699  0.025271  0.025272 0.0252728 0.0252736 0.0252742 0.0252747  0.025275 0.0252753 0.0252754
0.0318393 0.0318403 0.0318412 0.0318421 0.0318428 0.0318434 0.0318439 0.0318443 0.0318445 0.0318446
0.0233502 0.0233512 0.0233521 0.0233529 0.0233536 0.0233542 0.0233547  0.023355 0.0233552 0.0233554
0.0226388 0.0226397 0.0226406 0.0226413  0.022642 0.0226426  0.022643 0.0226434 0.0226436 0.0226437
0.0291187 0.0291196 0.0291204 0.0291212 0.0291218 0.0291224 0.0291228 0.0291231 0.0291233 0.0291234
0.0373285 0.0373293 0.0373301 0.0373308 0.0373315  0.037332 0.0373324 0.0373327 0.0373329  0.037333
0.0442028 0.0442036 0.0442044  0.044205 0.0442056 0.0442061 0.0442065 0.0442068  0.044207 0.0442071
0.0529888 0.0529896 0.0529904  0.052991 0.0529916 0.0529921 0.0529925 0.0529928  0.052993 0.0529931
0.0650848 0.0650856 0.0650863 0.0650869 0.0650875  0.065088 0.0650884 0.0650887 0.0650888 0.0650889
0.0821671 0.0821678 0.0821685 0.0821691 0.0821697 0.0821701 0.0821705 0.0821708  0.082171 0.0821711
0.100935 0.100936 0.100936 0.100937 0.100938 0.100938 0.100938 0.100939 0.100939 0.100939
0.117901 0.117902 0.117903 0.117903 0.117904 0.117904 0.117905 0.117905 0.117905 0.117905
0.135381 0.135382 0.135382 0.135383 0.135383 0.135384 0.135384 0.135385 0.135385 0.135385
0.150831 0.150832 0.150832 0.150833 0.150833 0.150834 0.150834 0.150834 0.150835 0.150835
0.161902 0.161903 0.161903 0.161904 0.161905 0.161905 0.161905 0.161906 0.161906 0.161906
0.167812 0.167812 0.167813 0.167814 0.167814 0.167815 0.167815 0.167815 0.167816 0.167816
0.167983 0.167983 0.167984 0.167985 0.167985 0.167986 0.167986 0.167986 0.167987 0.167987
0.167535 0.167535 0.167536 0.167537 0.167537 0.167538 0.167538 0.167539 0.167539 0.167539
0.168204 0.168205 0.168205 0.168206 0.168207 0.168207 0.168208 0.168208 0.168208 0.168208
0.169945 0.169946 0.169947 0.169948 0.169948 0.169949 0.169949  0.16995  0.16995  0.16995
0.171337 0.171338 0.171338 0.171339  0.17134  0.17134 0.171341 0.171341 0.171342 0.171342
0.173786 0.173787 0.173788 0.173789  0.17379  0.17379 0.173791 0.173791 0.173791 0.173792
0.179274 0.179275 0.179276 0.179277 0.179278 0.179278 0.179279 0.179279  0.17928  0.17928
 0.18768 0.187681 0.187682 0.187683 0.187683 0.187684 0.187685 0.187685 0.187686 0.187686
0.199616 0.199617 0.199618 0.199619  0.19962 0.199621 0.199621 0.199622 0.199623 0.199623
0.216737 0.216738  0.21674 0.216741 0.216741 0.216742 0.216743 0.216744 0.216745 0.216745
 0.22946 0.229461 0.229462 0.229463 0.229464 0.229465 0.229466 0.229467 0.229468 0.229468
0.228675 0.228676 0.228677 0.228678 0.228679 0.228681 0.228682 0.228682 0.228683 0.228683
0.213812 0.213813 0.213814 0.213816 0.213817 0.213818 0.213819  0.21382  0.21382 0.213821
0.189821 0.189822 0.189824 0.189826 0.189827 0.189828 0.189829 0.189829  0.18983  0.18983
0.162898 0.162899 0.162901 0.162902 0.162903 0.162904 0.162905 0.162905 0.162905 0.162906
0.138081 0.138083 0.138084 0.138085 0.138085 0.138086 0.138086 0.138087 0.138087 0.138087
0.116898 0.116899   0.1169   0.1169   0.1169 0.116901 0.116901 0.116901 0.116901 0.116901
0.0989519 0.0989521 0.0989522 0.0989522 0.0989522 0.0989522 0.0989521 0.0989519 0.0989519 0.0989519
0.0820527 0.0820523  0.082052 0.0820516 0.0820512 0.0820509 0.0820506 0.0820504 0.0820503 0.0820503
0.0747092 0.0747083 0.0747075 0.0747068 0.0747061 0.0747055 0.0747052  0.074705 0.0747049 0.0747048
0.0789059 0.0789045 0.0789032  0.078902 0.0789009 0.0789005 0.0789001 0.0788998 0.0788996 0.0788995
0.0634698  0.063468 0.0634664 0.0634649 0.0634643 0.0634637 0.0634633  0.063463 0.0634628 0.0634627
0.0570755 0.0570734 0.0570715 0.0570707   0.05707 0.0570693 0.0570689 0.0570685 0.0570683 0.0570682
0.0515124 0.0515101 0.0515091 0.0515082 0.0515074 0.0515067 0.0515062 0.0515058 0.0515056 0.0515055
0.0470587 0.0470575 0.0470565 0.0470555 0.0470547  0.047054 0.0470535 0.0470531 0.0470529 0.0470528
 0.028131 0.0281299 0.0281288 0.0281279 0.0281271 0.0281265  0.028126 0.0281256 0.0281253 0.0281252
0.0208829 0.0208818 0.0208808 0.0208799 0.0208792 0.0208785  0.020878 0.0208777 0.0208775 0.0208773
0.00608488 0.00608385 0.00608291 0.00608208 0.00608136 0.00608076 0.00608029 0.00607995 0.00607972 0.00607961
-0.0135412 -0.0135422 -0.0135431 -0.0135439 -0.0135446 -0.0135452 -0.0135456 -0.0135459 -0.0135462 -0.0135463
-0.0338057 -0.0338066 -0.0338075 -0.0338082 -0.0338089 -0.0338094 -0.0338099 -0.0338102 -0.0338104 -0.0338105
-0.0515004 -0.0515013 -0.0515021 -0.0515028 -0.0515034 -0.0515039 -0.0515044 -0.0515047 -0.0515049  -0.051505
-0.0696036 -0.0696044 -0.0696052 -0.0696059 -0.0696065  -0.069607 -0.0696074 -0.0696077 -0.0696079  -0.069608
-0.0869149 -0.0869157 -0.0869165 -0.0869171 -0.0869177 -0.0869182 -0.0869186 -0.0869189 -0.0869191 -0.0869192
-0.103902 -0.103903 -0.103904 -0.103904 -0.103905 -0.103905 -0.103906 -0.103906 -0.103906 -0.103906
 -0.11813 -0.118131 -0.118132 -0.118132 -0.118133 -0.118133 -0.118134 -0.118134 -0.118134 -0.118134
-0.128937 -0.128938 -0.128939  -0.12894  -0.12894 -0.128941 -0.128941 -0.128941 -0.128941 -0.128942
-0.134433 -0.134434 -0.134434 -0.134435 -0.134436 -0.134436 -0.134436 -0.134437 -0.134437 -0.134437
-0.137272 -0.137273 -0.137274 -0.137274 -0.137275 -0.137276 -0.137276 -0.137276 -0.137276 -0.137277
-0.140924 -0.140925 -0.140926 -0.140926 -0.140927 -0.140927 -0.140928 -0.140928 -0.140928 -0.140928
-0.146022 -0.146022 -0.146023 -0.146024 -0.146024 -0.146025 -0.146025 -0.146026 -0.146026 -0.146026
-0.151064 -0.151065 -0.151066 -0.151066 -0.151067 -0.151067 -0.151068 -0.151068 -0.151068 -0.151069
-0.156079 -0.156079  -0.15608 -0.156081 -0.156081 -0.156082 -0.156082 -0.156083 -0.156083 -0.156083
-0.160393 -0.160394 -0.160395 -0.160396 -0.160397 -0.160397 -0.160398 -0.160398 -0.160398 -0.160398
-0.162778 -0.162779 -0.162779  -0.16278 -0.162781 -0.162782 -0.162782 -0.162782 -0.162783 -0.162783
-0.164567 -0.164568 -0.164569  -0.16457 -0.164571 -0.164571 -0.164572 -0.164572 -0.164572 -0.164572
-0.167072 -0.167073 -0.167074 -0.167074 -0.167075 -0.167076 -0.167076 -0.167077 -0.167077 -0.167077
-0.170747 -0.170748 -0.170749  -0.17075 -0.170751 -0.170751 -0.170752 -0.170752 -0.170753 -0.170753
-0.175834 -0.175835 -0.175836 -0.175837 -0.175838 -0.175838 -0.175839 -0.175839  -0.17584  -0.17584
-0.182178 -0.182179  -0.18218 -0.182181 -0.182182 -0.182183 -0.182183 -0.182184 -0.182185 -0.182185
-0.189623 -0.189624 -0.189625 -0.189626 -0.189627 -0.189628 -0.189629  -0.18963 -0.189631 -0.189631
-0.185166 -0.185168 -0.185169  -0.18517 -0.185171 -0.185172 -0.185174 -0.185174 -0.185175 -0.185175
-0.157086 -0.157087 -0.157088 -0.157089 -0.157091 -0.157092 -0.157094 -0.157094 -0.157095 -0.157095
-0.109436 -0.109437 -0.109438  -0.10944 -0.109442 -0.109443 -0.109445 -0.109445 -0.109446 -0.109446
-0.0726646 -0.0726658  -0.072668 -0.0726699 -0.0726714 -0.0726727 -0.0726736 -0.0726743 -0.0726747 -0.0726749
-0.0500858 -0.0500879 -0.0500898 -0.0500914 -0.0500928 -0.0500938 -0.0500946 -0.0500951 -0.0500954 -0.0500956
-0.0369195 -0.0369211 -0.0369226 -0.0369238 -0.0369248 -0.0369256 -0.0369261 -0.0369265 -0.0369267 -0.0369267
-0.0287218 -0.0287229 -0.0287239 -0.0287247 -0.0287253 -0.0287257  -0.028726 -0.0287262 -0.0287262 -0.0287262
-0.0186791 -0.0186797 -0.0186802 -0.0186806 -0.0186808 -0.0186809  -0.018681 -0.0186809 -0.0186809 -0.0186809
0.00169918 0.00169907 0.00169903 0.00169907 0.00169917 0.00169932  0.0016995 0.00169959 0.00169965 0.00169969
  0.02717 0.0271703 0.0271707  0.027171 0.0271714 0.0271718  0.027172 0.0271722 0.0271723 0.0271723
 0.044501 0.0445018 0.0445026 0.0445033  0.044504 0.0445043 0.0445046 0.0445048  0.044505  0.044505
0.0521271 0.0521283 0.0521293 0.0521304 0.0521308 0.0521312 0.0521315 0.0521318  0.052132 0.0521321
0.0513827 0.0513841 0.0513854  0.051386 0.0513866  0.051387 0.0513874 0.0513877 0.0513879  0.051388
0.0431477 0.0431493   0.04315 0.0431507 0.0431513 0.0431518 0.0431522 0.0431525 0.0431527 0.0431528
0.0259639 0.0259647 0.0259655 0.0259662 0.0259668 0.0259674 0.0259678 0.0259681 0.0259683 0.0259684
-0.00143613  -0.0014353 -0.00143452 -0.00143382  -0.0014332 -0.00143268 -0.00143226 -0.00143194 -0.00143174 -0.00143164
-0.0332042 -0.0332034 -0.0332027  -0.033202 -0.0332014 -0.0332009 -0.0332005 -0.0332002    -0.0332 -0.0331999
-0.0539118  -0.053911 -0.0539103 -0.0539096  -0.053909 -0.0539086 -0.0539082 -0.0539079 -0.0539077 -0.0539076
-0.0641166 -0.0641159 -0.0641152 -0.0641146  -0.064114 -0.0641135 -0.0641132 -0.0641129 -0.0641127 -0.0641126
-0.0654913 -0.0654906   -0.06549 -0.0654894 -0.0654889 -0.0654884 -0.0654881 -0.0654878 -0.0654876 -0.0654875
-0.0651107 -0.0651101 -0.0651094 -0.0651089 -0.0651084 -0.0651079 -0.0651076 -0.0651073 -0.0651072 -0.0651071
-0.0676699 -0.0676693 -0.0676687 -0.0676681 -0.0676676 -0.0676672 -0.0676669 -0.0676666 -0.0676664 -0.0676664
-0.0643936 -0.0643929 -0.0643924 -0.0643918 -0.0643914  -0.064391 -0.0643906 -0.0643904 -0.0643902 -0.0643901
-0.0548821 -0.0548815  -0.054881 -0.0548805   -0.05488 -0.0548796 -0.0548793 -0.0548791 -0.0548789 -0.0548788
-0.0387195  -0.038719 -0.0387184  -0.038718 -0.0387175 -0.0387171 -0.0387168 -0.0387166 -0.0387164 -0.0387164
-0.0173656  -0.017365 -0.0173645  -0.017364 -0.0173636 -0.0173632 -0.0173629 -0.0173627 -0.0173626 -0.0173625
0.00224678 0.00224729 0.00224778 0.00224824 0.00224864   0.002249 0.00224929 0.00224951 0.00224966 0.00224973
 0.018394 0.0183945 0.0183949 0.0183954 0.0183958 0.0183961 0.0183964 0.0183966 0.0183968 0.0183968
0.0303842 0.0303847 0.0303852 0.0303856  0.030386 0.0303863 0.0303866 0.0303868  0.030387 0.0303871
0.0363873 0.0363878 0.0363883 0.0363887 0.0363891 0.0363894 0.0363897 0.0363899 0.0363901 0.0363902
0.0412775  0.041278 0.0412784 0.0412789 0.0412793 0.0412796 0.0412799 0.0412802 0.0412803 0.0412804
0.0462529 0.0462534 0.0462539 0.0462543 0.0462547 0.0462551 0.0462554 0.0462556 0.0462558 0.0462558
0.0520105  0.052011 0.0520115  0.052012 0.0520124 0.0520128 0.0520131 0.0520133 0.0520135 0.0520136
0.0556448 0.0556453 0.0556458 0.0556463 0.0556467 0.0556471 0.0556474 0.0556477 0.0556478 0.0556479
0.0560941 0.0560947 0.0560952 0.0560957 0.0560962 0.0560966 0.0560969 0.0560971 0.0560973 0.0560974
0.0558979 0.0558985 0.0558991 0.0558996 0.0559001 0.0559005 0.0559008 0.0559011 0.0559013 0.0559014
0.0565015 0.0565021 0.0565027 0.0565033 0.0565038 0.0565042 0.0565046 0.0565049 0.0565051 0.0565052
0.0603246 0.0603252 0.0603258 0.0603264  0.060327 0.0603274 0.0603278 0.0603281 0.0603284 0.0603286
0.0698438 0.0698444 0.0698451 0.0698457 0.0698462 0.0698466  0.069847 0.0698476 0.0698479 0.0698481
0.0693973  0.069398 0.0693986 0.0693992 0.0693997 0.0694002 0.0694009 0.0694014 0.0694017 0.0694019
0.0611036 0.0611043 0.0611049 0.0611055  0.061106 0.0611068 0.0611075  0.061108 0.0611082 0.0611084
0.0435088 0.0435094   0.04351 0.0435105 0.0435114 0.0435122 0.0435128 0.0435131 0.0435134 0.0435135
0.0183381 0.0183387 0.0183392 0.0183401 0.0183409 0.0183415  0.018342 0.0183422 0.0183424 0.0183425
-0.00917936 -0.00917889 -0.00917805 -0.00917733 -0.00917675 -0.00917631   -0.009176 -0.00917581  -0.0091757 -0.00917566
-0.0356185 -0.0356179 -0.0356173 -0.0356169 -0.0356166 -0.0356163 -0.0356162 -0.0356161  -0.035616  -0.035616
-0.0578407 -0.0578404 -0.0578402 -0.0578401   -0.05784   -0.05784   -0.05784 -0.0578401 -0.0578401 -0.0578401
-0.0756772 -0.0756774 -0.0756776 -0.0756779 -0.0756781 -0.0756783 -0.0756785 -0.0756786 -0.0756787 -0.0756788
-0.0903852 -0.0903858 -0.0903863 -0.0903868 -0.0903873 -0.0903877  -0.090388 -0.0903883 -0.0903884 -0.0903884
-0.110354 -0.110355 -0.110355 -0.110356 -0.110357 -0.110357 -0.110358 -0.110358 -0.110358 -0.110358
-0.134401 -0.134402 -0.134403 -0.134404 -0.134405 -0.134406 -0.134406 -0.134406 -0.134406 -0.134406
-0.162021 -0.162022 -0.162023 -0.162024 -0.162025 -0.162025 -0.162026 -0.162026 -0.162026 -0.162026
-0.191468 -0.191469  -0.19147 -0.191471 -0.191472 -0.191472 -0.191472 -0.191473 -0.191473 -0.191473
-0.219058 -0.219059  -0.21906  -0.21906 -0.219061 -0.219061 -0.219061 -0.219062 -0.219062 -0.219062
-0.239019 -0.239021 -0.239021 -0.239022 -0.239022 -0.239023 -0.239023 -0.239023 -0.239024 -0.239024
-0.246818 -0.246818 -0.246819  -0.24682  -0.24682 -0.246821 -0.246821 -0.246821 -0.246822 -0.246822
 -0.23853  -0.23853 -0.238531 -0.238532 -0.238532 -0.238533 -0.238533 -0.238533 -0.238534 -0.238534
-0.222358 -0.222358 -0.222359 -0.222359  -0.22236  -0.22236 -0.222361 -0.222361 -0.222361 -0.222361
-0.202516 -0.202516 -0.202517 -0.202518 -0.202518 -0.202519 -0.202519 -0.202519 -0.202519  -0.20252
-0.180753 -0.180753 -0.180754 -0.180754 -0.180755 -0.180755 -0.180756 -0.180756 -0.180756 -0.180756
 -0.15906  -0.15906 -0.159061 -0.159061 -0.159062 -0.159062 -0.159063 -0.159063 -0.159063 -0.159063
-0.137981 -0.137981 -0.137982 -0.137983 -0.137983 -0.137983 -0.137984 -0.137984 -0.137984 -0.137984
-0.117623 -0.117623 -0.117624 -0.117624 -0.117625 -0.117625 -0.117626 -0.117626 -0.117626 -0.117626
-0.0974289 -0.0974295 -0.0974301 -0.0974306 -0.0974311 -0.0974316 -0.0974319 -0.0974322 -0.0974324 -0.0974325
-0.0771028 -0.0771034  -0.077104 -0.0771045  -0.077105 -0.0771055 -0.0771058 -0.0771061 -0.0771063 -0.0771064
-0.0565732 -0.0565738 -0.0565744 -0.0565749 -0.0565754 -0.0565759 -0.0565762 -0.0565765 -0.0565767 -0.0565768
-0.0359988 -0.0359995 -0.0360001 -0.0360006 -0.0360011 -0.0360016 -0.0360019 -0.0360022 -0.0360024 -0.0360025
-0.0155917 -0.0155923 -0.0155929 -0.0155935  -0.015594 -0.0155944 -0.0155948 -0.0155951 -0.0155953 -0.0155954
0.00453816 0.00453752 0.00453692 0.00453635 0.00453584 0.00453539 0.00453502 0.00453474 0.00453455 0.00453446
0.0244692 0.0244685 0.0244679 0.0244673 0.0244668 0.0244664  0.024466 0.0244657 0.0244655 0.0244654
 0.044284 0.0442833 0.0442827 0.0442821 0.0442816 0.0442811 0.0442808 0.0442805 0.0442803 0.0442802
0.0642838 0.0642832 0.0642825 0.0642819 0.0642814 0.0642809 0.0642805 0.0642803 0.0642801   0.06428
0.0846234 0.0846227  0.084622 0.0846214 0.0846209 0.0846204   0.08462 0.0846197 0.0846195 0.0846194
  0.1053 0.105299 0.105298 0.105298 0.105297 0.105297 0.105296 0.105296 0.105296 0.105296
0.126351  0.12635  0.12635 0.126349 0.126348 0.126348 0.126347 0.126347 0.126347 0.126347
0.147779 0.147778 0.147778 0.147777 0.147776 0.147776 0.147776 0.147775 0.147775 0.147775
0.169029 0.169028 0.169027 0.169027 0.169026 0.169026 0.169025 0.169025 0.169025 0.169024
0.189967 0.189966 0.189965 0.189964 0.189964 0.189963 0.189963 0.189962 0.189962 0.189962
0.209742 0.209742 0.209741  0.20974  0.20974 0.209739 0.209739 0.209738 0.209738 0.209738
0.231303 0.231302 0.231301 0.231301   0.2313   0.2313 0.231299 0.231299 0.231298 0.231298
0.255735 0.255735 0.255734 0.255733 0.255733 0.255732 0.255732 0.255731 0.255731 0.255731
 0.28159  0.28159 0.281589 0.281588 0.281588 0.281587 0.281587 0.281586 0.281586 0.281586
0.298324 0.298324 0.298323 0.298323 0.298322 0.298321 0.298321  0.29832  0.29832  0.29832
0.307064 0.307064 0.307063 0.307062 0.307062 0.307061 0.307061  0.30706  0.30706  0.30706
0.300184 0.300184 0.300183 0.300183 0.300182 0.300182 0.300181 0.300181 0.300181 0.300181
0.282433 0.282432 0.282432 0.282431 0.282431 0.282431 0.282431 0.282431  0.28243  0.28243
0.257508 0.257507 0.257507 0.257507 0.257506 0.257506 0.257506 0.257506 0.257506 0.257506
0.230889 0.230889 0.230889 0.230888 0.230888 0.230888 0.230888 0.230888 0.230888 0.230888
0.202658 0.202657 0.202657 0.202657 0.202657 0.202656 0.202656 0.202656 0.202656 0.202656
0.174004 0.174004 0.174003 0.174003 0.174003 0.174003 0.174003 0.174003 0.174003 0.174003
0.145339 0.145339 0.145339 0.145339 0.145339 0.145339 0.145339 0.145339 0.145339 0.145339
0.134613 0.134613 0.134613 0.134613 0.134613 0.134613 0.134613 0.134613 0.134613 0.134613
0.134613 0.134613 0.134613 0.134613 0.134613 0.134613 0.134613 0.134613 0.134613 0.134613
0.134613 0.134613 0.134613 0.134613 0.134613 0.134613 0.134613 0.134613 0.134613 0.134613
0.134613 0.134613 0.134613 0.134613 0.134613 0.134613 0.134613 0.134613 0.134613 0.134613
0.134613 0.134613 0.134613 0.134613 0.134613 0.134613 0.134613 0.134613 0.134613 0.134613
0.134613 0.134613 0.134613 0.134613 0.134613 0.134613 0.134613 0.134613 0.134613 0.134613
0.134613 0.134613 0.134613 0.134613 0.134613 0.134613 0.134613 0.134613 0.134613 0.134613
0.134613 0.134613 0.134613 0.134613 0.134613 0.134613 0.134613 0.134613 0.134613 0.134613
0.134613 0.134613 0.134613 0.134613 0.134613 0.134613 0.134613 0.134613 0.134613 0.134613
0.134613 0.134613 0.134613 0.134613 0.134613 0.134613 0.134613 0.134613 0.134613 0.134613
0.134613 0.134613 0.134613 0.134613 0.134613 0.134613 0.134613 0.134613 0.134613 0.134613
0.134613 0.134613 0.134613 0.134613 0.134613 0.134613 0.134613 0.134613 0.134613 0.134613
0.134613 0.134613 0.134613 0.134613 0.134613 0.134613 0.134613 0.134613 0.134613 0.134613
0.134613 0.134613 0.134613 0.134613 0.134613 0.134613 0.134613 0.134613 0.134613 0.134613
0.134613 0.134613 0.134613 0.134613 0.134613 0.134613 0.134613 0.134613 0.134613 0.134613
0.134613 0.134613 0.134613 0.134613 0.134613 0.134613 0.134613 0.134613 0.134613 0.134613
0.134613 0.134613 0.134613 0.134613 0.134613 0.134613 0.134613 0.134613 0.134613 0.134613
0.134613 0.134613 0.134613 0.134613 0.134613 0.134613 0.134613 0.134613 0.134613 0.134613
0.134613 0.134613 0.134613 0.134613 0.134613 0.134613 0.134613 0.134613 0.134613 0.134613
0.134613 0.134613 0.134613 0.134613 0.134613 0.134613 0.134613 0.134613 0.134613 0.134613
0.134613 0.134613 0.134613 0.134613 0.134613 0.134613 0.134613 0.134613 0.134613 0.134613
0.134613 0.134613 0.134613 0.134613 0.134613 0.134613 0.134613 0.134613 0.134613 0.134613
0.134613 0.134613 0.134613 0.134613 0.134613 0.134613 0.134613 0.134613 0.134613 0.134613
0.134613 0.134613 0.134613 0.134613 0.134613 0.134613 0.134613 0.134613 0.134613 0.134613
0.134613 0.134613 0.134613 0.134613 0.134613 0.134613 0.134613 0.134613 0.134613 0.134613
0.134613 0.134613 0.134613 0.134613 0.134613 0.134613 0.134613 0.134613 0.134613 0.134613
0.134613 0.134613 0.134613 0.134613 0.134613 0.134613 0.134613 0.134613 0.134613 0.134613
0.134613 0.134613 0.134613 0.134613 0.134613 0.134613 0.134613 0.134613 0.134613 0.134613
0.134613 0.134613 0.134613 0.134613 0.134613 0.134613 0.134613 0.134613 0.134613 0.134613
0.134613 0.134613 0.134613 0.134613 0.134613 0.134613 0.134613 0.134613 0.134613 0.134613
0.134613 0.134613 0.134613 0.134613 0.134613 0.134613 0.134613 0.134613 0.134613 0.134613
0.134613 0.134613 0.134613 0.134613 0.134613 0.134613 0.134613 0.134613 0.134613 0.134613
0.134613 0.134613 0.134613 0.134613 0.134613 0.134613 0.134613 0.134613 0.134613 0.134613
0.134613 0.134613 0.134613 0.134613 0.134613 0.134613 0.134613 0.134613 0.134613 0.134613
0.134613 0.134613 0.134613 0.134613 0.134613 0.134613 0.134613 0.134613 0.134613 0.134613
0.134613 0.134613 0.134613 0.134613 0.134613 0.134613 0.134613 0.134613 0.134613 0.134613
0.134613 0.134613 0.134613 0.134613 0.134613 0.134613 0.134613 0.134613 0.134613 0.134613
0.134613 0.134613 0.134613 0.134613 0.134613 0.134613 0.134613 0.134613 0.134613 0.134613
0.134613 0.134613 0.134613 0.134613 0.134613 0.134613 0.134613 0.134613 0.134613 0.134613
0.134613 0.134613 0.134613 0.134613 0.134613 0.134613 0.134613 0.134613 0.134613 0.134613
0.134613 0.134613 0.134613 0.134613 0.134613 0.134613 0.134613 0.134613 0.134613 0.134613
0.134613 0.134613 0.134613 0.134613 0.134613 0.134613 0.134613 0.134613 0.134613 0.134613
0.134613 0.134613 0.134613 0.134613 0.134613 0.134613 0.134613 0.134613 0.134613 0.134613
0.134613 0.134613 0.134613 0.134613 0.134613 0.134613 0.134613 0.134613 0.134613 0.134613
0.134613 0.134613 0.134613 0.134613 0.134613 0.134613 0.134613 0.134613 0.134613 0.134613
0.134613 0.134613 0.134613 0.134613 0.134613 0.134613 0.134613 0.134613 0.134613 0.134613
0.134613 0.134613 0.134613 0.134613 0.134613 0.134613 0.134613 0.134613 0.134613 0.134613
0.134613 0.134613 0.134613 0.134613 0.134613 0.134613 0.134613 0.134613 0.134613 0.134613
0.134613 0.134613 0.134613 0.134613 0.134613 0.134613 0.134613 0.134613 0.134613 0.134613
0.134613 0.134613 0.134613 0.134613 0.134613 0.134613 0.134613 0.134613 0.134613 0.134613
0.134613 0.134613 0.134613 0.134613 0.134613 0.134613 0.134613 0.134613 0.134613 0.134613
0.134613 0.134613 0.134613 0.134613 0.134613 0.134613 0.134613 0.134613 0.134613 0.134613
0.134613 0.134613 0.134613 0.134613 0.134613 0.134613 0.134613 0.134613 0.134613 0.134613
0.134613 0.134613 0.134613 0.134613 0.134613 0.134613 0.134613 0.134613 0.134613 0.134613
0.134613 0.134613 0.134613 0.134613 0.134613 0.134613 0.134613 0.134613 0.134613 0.134613
0.134613 0.134613 0.134613 0.134613 0.134613 0.134613 0.134613 0.134613 0.134613 0.134613
0.134613 0.134613 0.134613 0.134613 0.134613 0.134613 0.134613 0.134613 0.134613 0.134613
0.134613 0.134613 0.134613 0.134613 0.134613 0.134613 0.134613 0.134613 0.134613 0.134613
0.134613 0.134613 0.134613 0.134613 0.134613 0.134613 0.134613 0.134613 0.134613 0.134613
0.134613 0.134613 0.134613 0.134613 0.134613 0.134613 0.134613 0.134613 0.134613 0.134613
0.134613 0.134613 0.134613 0.134613 0.134613 0.134613 0.134613 0.134613 0.134613 0.134613
0.134613 0.134613 0.134613 0.134613 0.134613 0.134613 0.134613 0.134613 0.134613 0.134613
0.134613 0.134613 0.134613 0.134613 0.134613 0.134613 0.134613 0.134613 0.134613 0.134613
0.134613 0.134613 0.134613 0.134613 0.134613 0.134613 0.134613 0.134613 0.134613 0.134613
0.134613 0.134613 0.134613 0.134613 0.134613 0.134613 0.134613 0.134613 0.134613 0.134613
0.134613 0.134613 0.134613 0.134613 0.134613 0.134613 0.134613 0.134613 0.134613 0.134613
0.134613 0.134613 0.134613 0.134613 0.134613 0.134613 0.134613 0.134613 0.134613 0.134613
0.134613 0.134613 0.134613 0.134613 0.134613 0.134613 0.134613 0.134613 0.134613 0.134613
0.134613 0.134613 0.134613 0.134613 0.134613 0.134613 0.134613 0.134613 0.134613 0.134613
0.134613 0.134613 0.134613 0.134613 0.134613 0.134613 0.134613 0.134613 0.134613 0.134613
0.134613 0.134613 0.134613 0.134613 0.134613 0.134613 0.134613 0.134613 0.134613 0.134613
0.134613 0.134613 0.134613 0.134613 0.134613 0.134613 0.134613 0.134613 0.134613 0.134613
0.134613 0.134613 0.134613 0.134613 0.134613 0.134613 0.134613 0.134613 0.134613 0.134613
0.134613 0.134613 0.134613 0.134613 0.134613 0.134613 0.134613 0.134613 0.134613 0.134613
0.134613 0.134613 0.134613 0.134613 0.134613 0.134613 0.134613 0.134613 0.134613 0.134613
0.134613 0.134613 0.134613 0.134613 0.134613 0.134613 0.134613 0.134613 0.134613 0.134613
0.134613 0.134613 0.134613 0.134613 0.134613 0.134613 0.134613 0.134613 0.134613 0.134613
0.134613 0.134613 0.134613 0.134613 0.134613 0.134613 0.134613 0.134613 0.134613 0.134613
0.134613 0.134613 0.134613 0.134613 0.134613 0.134613 0.134613 0.134613 0.134613 0.134613
0.134613 0.134613 0.134613 0.134613 0.134613 0.134613 0.134613 0.134613 0.134613 0.134613
0.134613 0.134613 0.134613 0.134613 0.134613 0.134613 0.134613 0.134613 0.134613 0.134613
0.134613 0.134613 0.134613 0.134613 0.134613 0.134613 0.134613 0.134613 0.134613 0.134613
0.134613 0.134613 0.134613 0.134613 0.134613 0.134613 0.134613 0.134613 0.134613 0.134613
0.134613 0.134613 0.134613 0.134613 0.134613 0.134613 0.134613 0.134613 0.134613 0.134613
0.134613 0.134613 0.134613 0.134613 0.134613 0.134613 0.134613 0.134613 0.134613 0.134613
0.134613 0.134613 0.134613 0.134613 0.134613 0.134613 0.134613 0.134613 0.134613 0.134613
0.134613 0.134613 0.134613 0.134613 0.134613 0.134613 0.134613 0.134613 0.134613 0.134613
0.134613 0.134613 0.134613 0.134613 0.134613 0.134613 0.134613 0.134613 0.134613 0.134613
0.134613 0.134613 0.134613 0.134613 0.134613 0.134613 0.134613 0.134613 0.134613 0.134613
0.134613 0.134613 0.134613 0.134613 0.134613 0.134613 0.134613 0.134613 0.134613 0.134613
0.134613 0.134613 0.134613 0.134613 0.134613 0.134613 0.134613 0.134613 0.134613 0.134613
0.134613 0.134613 0.134613 0.134613 0.134613 0.134613 0.134613 0.134613 0.134613 0.134613
0.134613 0.134613 0.134613 0.134613 0.134613 0.134613 0.134613 0.134613 0.134613 0.134613
0.134613 0.134613 0.134613 0.134613 0.134613 0.134613 0.134613 0.134613 0.134613 0.134613
0.134613 0.134613 0.134613 0.134613 0.134613 0.134613 0.134613 0.134613 0.134613 0.134613
0.134613 0.134613 0.134613 0.134613 0.134613 0.134613 0.134613 0.134613 0.134613 0.134613
0.134613 0.134613 0.134613 0.134613 0.134613 0.134613 0.134613 0.134613 0.134613 0.134613
0.134613 0.134613 0.134613 0.134613 0.134613 0.134613 0.134613 0.134613 0.134613 0.134613
0.134613 0.134613 0.134613 0.134613 0.134613 0.134613 0.134613 0.134613 0.134613 0.134613
0.134613 0.134613 0.134613 0.134613 0.134613 0.134613 0.134613 0.134613 0.134613 0.134613
0.134613 0.134613 0.134613 0.134613 0.134613 0.134613 0.134613 0.134613 0.134613 0.134613
0.134613 0.134613 0.134613 0.134613 0.134613 0.134613 0.134613 0.134613 0.134613 0.134613
0.134613 0.134613 0.134613 0.134613 0.134613 0.134613 0.134613 0.134613 0.134613 0.134613
0.134613 0.134613 0.134613 0.134613 0.134613 0.134613 0.134613 0.134613 0.134613 0.134613
0.134613 0.134613 0.134613 0.134613 0.134613 0.134613 0.134613 0.134613 0.134613 0.134613
0.134613 0.134613 0.134613 0.134613 0.134613 0.134613 0.134613 0.134613 0.134613 0.134613
0.134613 0.134613 0.134613 0.134613 0.134613 0.134613 0.134613 0.134613 0.134613 0.134613
0.134613 0.134613 0.134613 0.134613 0.134613 0.134613 0.134613 0.134613 0.134613 0.134613
0.134613 0.134613 0.134613 0.134613 0.134613 0.134613 0.134613 0.134613 0.134613 0.134613
0.134613 0.134613 0.134613 0.134613 0.134613 0.134613 0.134613 0.134613 0.134613 0.134613
0.134613 0.134613 0.134613 0.134613 0.134613 0.134613 0.134613 0.134613 0.134613 0.134613
0.134613 0.134613 0.134613 0.134613 0.134613 0.134613 0.134613 0.134613 0.134613 0.134613
0.134613 0.134613 0.134613 0.134613 0.134613 0.134613 0.134613 0.134613 0.134613 0.134613
0.134613 0.134613 0.134613 0.134613 0.134613 0.134613 0.134613 0.134613 0.134613 0.134613
0.134613 0.134613 0.134613 0.134613 0.134613 0.134613 0.134613 0.134613 0.134613 0.134613
0.134613 0.134613 0.134613 0.134613 0.134613 0.134613 0.134613 0.134613 0.134613 0.134613
0.134613 0.134613 0.134613 0.134613 0.134613 0.134613 0.134613 0.134613 0.134613 0.134613
0.134613 0.134613 0.134613 0.134613 0.134613 0.134613 0.134613 0.134613 0.134613 0.134613
0.134613 0.134613 0.134613 0.134613 0.134613 0.134613 0.134613 0.134613 0.134613 0.134613
0.134613 0.134613 0.134613 0.134613 0.134613 0.134613 0.134613 0.134613 0.134613 0.134613
0.134613 0.134613 0.134613 0.134613 0.134613 0.134613 0.134613 0.134613 0.134613 0.134613
0.134613 0.134613 0.134613 0.134613 0.134613 0.134613 0.134613 0.134613 0.134613 0.134613
0.134613 0.134613 0.134613 0.134613 0.134613 0.134613 0.134613 0.134613 0.134613 0.134613
0.134613 0.134613 0.134613 0.134613 0.134613 0.134613 0.134613 0.134613 0.134613 0.134613
0.134613 0.134613 0.134613 0.134613 0.134613 0.134613 0.134613 0.134613 0.134613 0.134613
0.134613 0.134613 0.134613 0.134613 0.134613 0.134613 0.134613 0.134613 0.134613 0.134613
0.134613 0.134613 0.134613 0.134613 0.134613 0.134613 0.134613 0.134613 0.134613 0.134613
0.134613 0.134613 0.134613 0.134613 0.134613 0.134613 0.134613 0.134613 0.134613 0.134613
0.134613 0.134613 0.134613 0.134613 0.134613 0.134613 0.134613 0.134613 0.134613 0.134613
0.134613 0.134613 0.134613 0.134613 0.134613 0.134613 0.134613 0.134613 0.134613 0.134613
0.134613 0.134613 0.134613 0.134613 0.134613 0.134613 0.134613 0.134613 0.134613 0.134613
0.134613 0.134613 0.134613 0.134613 0.134613 0.134613 0.134613 0.134613 0.134613 0.134613
0.134613 0.134613 0.134613 0.134613 0.134613 0.134613 0.134613 0.134613 0.134613 0.134613
0.134613 0.134613 0.134613 0.134613 0.134613 0.134613 0.134613 0.134613 0.134613 0.134613
