0.00018259 -0.102516 0.0112881 -0.102447
0.00018259 -0.102516 0.0116311 -0.102447
0.00018259 -0.102516 0.0120165 -0.10245
0.00018259 -0.102516 0.0125674 -0.102464
0.00018259 -0.102516 0.0130797 -0.102499
0.00018259 -0.102516 0.0140777 -0.10254
0.00018259 -0.102516 0.0150096 -0.102561
0.00018259 -0.102516 0.0158357 -0.102582
0.00018259 -0.102516 0.0162766 -0.102599
0.00018259 -0.102516 0.0165098 -0.102615
0.00018259 -0.102516 0.0166031 -0.102631
0.00018259 -0.102516 0.0166215 -0.102646
0.00018259 -0.102516 0.0166042 -0.102659
0.00018259 -0.102516 0.016528 -0.102672
0.00018259 -0.102516 0.0163554 -0.102684
0.00018259 -0.102516 0.0160703 -0.102695
0.00018259 -0.102516 0.0156595 -0.102707
0.00018259 -0.102516 0.0151293 -0.10272
0.00018259 -0.102516 0.0145194 -0.102734
0.00018259 -0.102516 0.0138438 -0.102748
0.00018259 -0.102516 0.0130521 -0.102765
0.00018259 -0.102516 0.0122262 -0.102784
0.00018259 -0.102516 0.0113116 -0.102804
0.00018259 -0.102516 0.0103367 -0.102827
0.00018259 -0.102516 0.00928405 -0.102853
0.00018259 -0.102516 0.0082127 -0.102881
0.00018259 -0.102516 0.00710444 -0.102911
0.00018259 -0.102516 0.00596572 -0.102943
0.00018259 -0.102516 0.00480319 -0.102977
0.00018259 -0.102516 0.00362382 -0.103013
0.00018259 -0.102516 0.00243475 -0.103051
0.00018259 -0.102516 0.00124318 -0.103092
0.00018259 -0.102516 5.60306e-05 -0.103134
0.00018259 -0.102516 -0.00109067 -0.103177
0.00018259 -0.102516 -0.00227768 -0.103224
0.00018259 -0.102516 -0.00341036 -0.10327
0.00018259 -0.102516 -0.00453768 -0.103317
0.00018259 -0.102516 -0.00557102 -0.103363
0.00018259 -0.102516 -0.0065833 -0.103411
0.00018259 -0.102516 -0.00749529 -0.103459
0.00018259 -0.102516 -0.00833227 -0.103512
0.00018259 -0.102516 -0.00904838 -0.103567
0.00018259 -0.102516 -0.0096652 -0.103626
0.00018259 -0.102516 -0.0101671 -0.103689
0.00018259 -0.102516 -0.0105321 -0.10376
0.00018259 -0.102516 -0.0107632 -0.10386
0.00018259 -0.102516 -0.0107679 -0.103927
0.00018259 -0.102516 -0.0106049 -0.104023
0.000182588 -0.102516 -0.010223 -0.104128
0.000182329 -0.102516 -0.00959492 -0.104244
0.000181651 -0.102516 -0.00878722 -0.104375
0.000180572 -0.102516 -0.00782299 -0.104523
0.000179149 -0.102516 -0.00672537 -0.104633
0.000177279 -0.102516 -0.00540359 -0.104727
0.0001751 -0.102516 -0.00399349 -0.104835
0.00017259 -0.102516 -0.00254785 -0.104965
0.000169767 -0.102516 -0.00119105 -0.105103
0.000166647 -0.102516 -3.52489e-05 -0.105238
0.000163249 -0.102516 0.000856935 -0.105352
0.000159589 -0.102516 0.00166363 -0.105452
0.000155686 -0.102516 0.00229344 -0.105548
0.000151557 -0.102516 0.00275931 -0.105645
0.000147219 -0.102516 0.00307025 -0.105749
0.00014269 -0.102516 0.00320623 -0.105862
0.000137987 -0.102516 0.00316836 -0.105991
0.000133129 -0.102516 0.00300322 -0.106155
0.000128131 -0.102516 0.00285802 -0.106366
0.000123014 -0.102516 0.00279347 -0.106671
0.000117792 -0.102516 0.00278466 -0.107034
0.000112485 -0.102516 0.00280635 -0.107325
0.000107109 -0.102516 0.00285505 -0.107586
0.000101683 -0.102516 0.00294089 -0.107842
9.62229e-05 -0.102516 0.00302037 -0.108115
9.07473e-05 -0.102516 0.0030952 -0.108413
8.52735e-05 -0.102516 0.00327237 -0.108746
7.98189e-05 -0.102516 0.00339405 -0.109082
7.44012e-05 -0.102516 0.00333176 -0.109383
6.90378e-05 -0.102516 0.00308023 -0.109673
6.37463e-05 -0.102516 0.00271931 -0.109942
5.85442e-05 -0.102516 0.00230915 -0.11021
5.3449e-05 -0.102516 0.00188677 -0.110485
4.84782e-05 -0.102516 0.00146679 -0.110772
4.36495e-05 -0.102516 0.00105362 -0.111075
3.89802e-05 -0.102516 0.000650315 -0.1114
3.4488e-05 -0.102516 0.000260709 -0.111753
3.01904e-05 -0.102516 -0.000108967 -0.112139
2.61048e-05 -0.102516 -0.000449245 -0.112565
2.22489e-05 -0.102516 -0.000748602 -0.113038
1.86401e-05 -0.102516 -0.000995653 -0.113563
1.5296e-05 -0.102516 -0.00117992 -0.114148
1.22342e-05 -0.102516 -0.00129182 -0.114798
9.47202e-06 -0.102516 -0.00132228 -0.115516
7.02715e-06 -0.102516 -0.00126362 -0.116292
4.91708e-06 -0.102516 -0.00110814 -0.117072
3.15934e-06 -0.102516 -0.0008465 -0.117859
1.77145e-06 -0.102516 -0.000455696 -0.118636
5.66046e-07 -0.102516 0.000264056 -0.119695
1.75348e-07 -0.102516 0.000669511 -0.120291
0 -0.100978 0.00124919 -0.119568
0 -0.080475 0.00186278 -0.0989364
0 -0.0599718 0.00246834 -0.076771
0 -0.0394686 0.00309756 -0.0535755
0 -0.0189654 0.00382473 -0.0297219
0 0 0.00460763 -0.00687209
0 0 0.00538679 -0.00306571
0 0 0.00638371 -0.000297584
0 0 0.00743599 0.00225209
0 0 0.00797901 0.00362409
0 0 0.00860075 0.00400408
0 0 0.00933733 0.00346175
0 0 0.00998403 0.00220549
0 0 0.0107488 0.000561597
0 0 0.0115357 -0.000989258
0 0 0.0121221 -0.00177261
0 0 0.012311 -0.000992756
0 0 0.0120205 0.000480171
0 0 0.0112698 0.00261912
0 0 0.0100888 0.00534754
0 0 0.00856134 0.00832724
0 0 0.00685948 0.0110752
0 0 0.00519016 0.0132483
0 0 0.00356176 0.0152343
0 0 0.00213408 0.0173627
0 0 0.000494765 0.019779
0 0 -0.00124185 0.0228682
0 0 -0.00265801 0.0260582
0 0 -0.00390707 0.0290116
0 0 -0.00491727 0.0318109
0 0 -0.00557492 0.0345631
0 0 -0.00580556 0.0373133
0 0 -0.00559974 0.0400723
0 0 -0.00500338 0.0428788
0 0 -0.00411043 0.0458074
-1.65943e-07 -0.0016125 -0.00279399 0.0472319
-2.37852e-06 -0.0231125 -0.00142848 0.0278564
-4.64641e-06 -0.04515 -0.00043156 0.0065072
-6.80368e-06 -0.0661125 0.000570655 -0.0154422
-9.01626e-06 -0.0876125 0.0019738 -0.0393153
0 0.10535 0.00265099 0.143183
0 0.0843875 0.000113524 0.116415
0 0.0628875 -0.0014554 0.0865759
0 0.0413875 -0.00208364 0.055997
0 0.0198875 -0.00206221 0.0254187
0 0 -0.00184852 -0.00372612
0 0 -0.00164241 -0.0109915
0 0 -0.00165367 -0.0166913
0 0 -0.000964652 -0.0217415
0 0 0.000364477 -0.0250571
0 0 0.00151345 -0.0265963
0 0 0.00223121 -0.0266569
0 0 0.00285237 -0.025518
0 0 0.00345603 -0.0236587
0 0 0.00399022 -0.0216335
0 0 0.00429466 -0.0200575
0 0 0.00424204 -0.0195053
0 0 0.0037704 -0.0205687
0 0 0.0029779 -0.0227373
0 0 0.00189167 -0.0257349
0 0 0.000673932 -0.0292368
0 0 -0.000554809 -0.0330519
0 0 -0.00158215 -0.0366157
0 0 -0.0026079 -0.0397897
0 0 -0.00373014 -0.0424488
0 0 -0.00517084 -0.0443597
0 0 -0.0062065 -0.0453424
0 0 -0.00715929 -0.0454614
0 0 -0.00801568 -0.046318
0 0 -0.00859234 -0.0471592
0 0 -0.00881807 -0.0482463
0 0 -0.00866953 -0.0493368
0 0 -0.00815984 -0.0506097
0 0 -0.00730162 -0.0522323
0 0 -0.0061466 -0.0541857
0 0.0017625 -0.00466986 -0.0547757
0 0.02585 -0.00307509 -0.0323547
0 0.04935 -0.0016215 -0.00908299
0 0.07285 -0.000705557 0.0154673
0 0.09635 0.00035131 0.0415769
0 -0.11515 0.00141567 -0.159077
0 -0.0922375 -0.00133246 -0.126744
0 -0.0687375 -0.00375391 -0.0908147
0 -0.0452375 -0.00511025 -0.0545811
0 -0.0217375 -0.0056906 -0.0182684
0 0 -0.00513844 0.0177349
0 0 -0.00357444 0.0301893
0 0 -0.00370862 0.0378306
0 0 -0.000938269 0.0435481
0 0 0.00188595 0.0479819
0 0 0.00490418 0.0505997
0 0 0.00842708 0.0518009
0 0 0.0119247 0.051803
0 0 0.0154294 0.0510307
0 0 0.0186177 0.0500867
0 0 0.0210272 0.0496314
0 0 0.0224388 0.050195
0 0 0.0226346 0.0520713
0 0 0.0218465 0.055224
0 0 0.0206935 0.0595938
0 0 0.019214 0.0645163
0 0 0.0170093 0.0701728
0 0 0.0138408 0.0757243
0 0 0.0105605 0.0811315
0 0 0.00817751 0.0858779
0 0 0.00611429 0.089846
0 0 0.00372783 0.0929058
0 0 0.000535669 0.0950507
0 0 -0.00320871 0.0972123
0 0 -0.00739697 0.100448
0 0 -0.0117274 0.103919
0 0 -0.0164196 0.108087
0 0 -0.0209098 0.112558
0 0 -0.0254635 0.11782
0 0 -0.0297787 0.123628
0.0015 -0.0018375 -0.0325772 0.128631
0.022 -0.02695 -0.0149908 0.109939
0.042 -0.05145 0.00414773 0.0905435
0.0615 -0.0753375 0.0246114 0.0708035
0.082 -0.10045 0.0481983 0.049102
-0.098 0.12005 -0.111108 0.26706
-0.0785 0.0961625 -0.0916288 0.244346
-0.0585 0.0716625 -0.0700159 0.21169
-0.0385 0.0471625 -0.0448949 0.174412
-0.0185 0.0226625 -0.0174197 0.132142
0 0 0.00977731 0.0883685
0 0 0.0153473 0.060524
0 0 0.0178027 0.0399913
0 0 0.0176986 0.0241822
0 0 0.0216008 0.0188724
0 0 0.0295602 0.0143583
0 0 0.0336921 0.00990871
0 0 0.0432296 0.00884179
0 0 0.0566181 0.00839208
0 0 0.0698433 0.00722541
0 0 0.0819541 0.00448798
0 0 0.0900569 -0.000209399
0 0 0.093637 -0.00623726
0 0 0.0930021 -0.0137565
0 0 0.0891153 -0.0232347
0 0 0.0831388 -0.0327225
0 0 0.0760192 -0.0421886
0 0 0.0676461 -0.0511419
0 0 0.0593372 -0.058895
0 0 0.0513062 -0.0660601
0 0 0.0447586 -0.0720331
0 0 0.0401521 -0.0768548
0 0 0.0361041 -0.0811562
0 0 0.032118 -0.0848379
0 0 0.0273637 -0.088318
0 0 0.0216161 -0.0920943
0 0 0.0145424 -0.0974173
0 0 -0.000256236 -0.104029
0 0 -0.0251385 -0.116389
0 0 -0.0418666 -0.130276
0.001 0.001225 -0.0508518 -0.145747
0.0215 0.0263375 -0.0355779 -0.136242
0.041 0.050225 -0.0171862 -0.12301
0.061 0.074725 0.0021699 -0.105572
0.0815 0.0998375 0.0222535 -0.0841049
-0.099 -0.121275 -0.124188 -0.300923
-0.0785 -0.0961625 -0.119359 -0.280994
-0.0585 -0.0716625 -0.110241 -0.253107
-0.0385 -0.0471625 -0.0966303 -0.220314
-0.0185 -0.0226625 -0.0789514 -0.182973
0 0 -0.0595516 -0.141669
0 0 -0.0584717 -0.120707
0 0 -0.0571546 -0.104129
0 0 -0.0584676 -0.0913396
0 0 -0.0617776 -0.0818439
0 0 -0.0558745 -0.0835455
0 0 -0.0512641 -0.0820916
0 0 -0.0467172 -0.0825925
0 0 -0.0339787 -0.0845214
0 0 -0.0177834 -0.0853515
0 0 -0.00297771 -0.0871713
0 0 0.0101178 -0.0881788
0 0 0.0185122 -0.089211
0 0 0.0213359 -0.0899268
0 0 0.0186081 -0.0899567
0 0 0.0116661 -0.0889008
0 0 0.0028293 -0.0868826
0 0 -0.00714794 -0.0840952
0 0 -0.0176246 -0.0803756
0 0 -0.0269214 -0.0763836
0 0 -0.0344222 -0.0723344
0 0 -0.0390376 -0.069006
0 0 -0.0421682 -0.0667527
0 0 -0.0440164 -0.0654464
0 0 -0.0474184 -0.0666304
0 0 -0.049773 -0.063878
0 0 -0.0715965 -0.0533529
0 0 -0.0998306 -0.0372074
0 0 -0.118698 -0.017363
0 0 -0.127244 0.000815398
0.0015 -0.0018375 -0.128812 0.0167741
0.021 -0.025725 -0.108251 0.00689063
0.0415 -0.0508375 -0.0839484 -0.0062189
0.0615 -0.0753375 -0.0633709 -0.0216213
0.0815 -0.0998375 -0.0483629 -0.0386736
-0.0985 0.120662 -0.230151 0.18126
-0.0785 0.0961625 -0.212707 0.161506
-0.0585 0.0716625 -0.194264 0.140787
-0.0385 0.0471625 -0.173966 0.118156
-0.019 0.023275 -0.150364 0.0937229
0 0 -0.123156 0.0671955
0 0 -0.117422 0.067066
0 0 -0.110695 0.0634819
0 0 -0.106099 0.0623771
0 0 -0.10104 0.063013
0 0 -0.0906875 0.0638428
0 0 -0.0782887 0.0651849
0 0 -0.067143 0.0673386
0 0 -0.0568955 0.0707573
0 0 -0.0479881 0.0750602
0 0 -0.0397116 0.0793989
0 0 -0.0323957 0.0830255
0 0 -0.0258908 0.0864699
0 0 -0.0208501 0.0886196
0 0 -0.0166137 0.0894532
0 0 -0.015118 0.0889267
0 0 -0.0169477 0.0871881
0 0 -0.0205703 0.0852442
0 0 -0.0239953 0.0832424
0 0 -0.0267609 0.0810934
0 0 -0.0291179 0.0787748
0 0 -0.0302441 0.0769042
0 0 -0.0305003 0.0755727
0 0 -0.0290584 0.0749318
0 0 -0.0263752 0.0749712
0 0 -0.0258795 0.0761757
0 0 -0.0258459 0.0729783
0 0 -0.0301617 0.0652305
0 0 -0.0472056 0.0520296
0 0 -0.0608302 0.0353064
0.0015 0.0018375 -0.0620611 0.0205552
0.021 0.025725 -0.0419952 0.02912
0.0415 0.0508375 -0.0185928 0.0419261
0.061 0.074725 0.00180013 0.0564019
0.0815 0.0998375 0.0201433 0.0737946
-0.099 -0.121275 -0.161671 -0.142717
-0.0785 -0.0961625 -0.143146 -0.12168
-0.059 -0.072275 -0.124991 -0.102738
-0.0385 -0.0471625 -0.103104 -0.080879
-0.0185 -0.0226625 -0.0779746 -0.0573767
0 0 -0.0509979 -0.0342224
0 0 -0.0459631 -0.0363309
0 0 -0.0421698 -0.0361177
0 0 -0.0351748 -0.0384599
0 0 -0.0254918 -0.042224
0 0 -0.0141545 -0.0461921
0 0 -0.00328292 -0.0504407
0 0 0.00682973 -0.0547523
0 0 0.016054 -0.0590055
0 0 0.023749 -0.0629303
0 0 0.0301662 -0.0657098
0 0 0.0350492 -0.0670778
0 0 0.0388623 -0.0668209
0 0 0.0418114 -0.066155
0 0 0.0440728 -0.06583
0 0 0.0456272 -0.0653947
0 0 0.0466333 -0.0646608
0 0 0.04666 -0.0637093
0 0 0.0454698 -0.0621483
0 0 0.0435525 -0.0599484
0 0 0.0414225 -0.0575284
0 0 0.0395176 -0.0550481
0 0 0.0375536 -0.0524158
0 0 0.035227 -0.0498559
0 0 0.0319508 -0.0470783
0 0 0.0224785 -0.0433825
0 0 -0.0123041 -0.0327951
0 0 -0.0562067 -0.0060951
0 0 -0.0789113 0.0140161
0 0 -0.0863342 0.0268998
0.001 -0.001225 -0.0867386 0.0397966
0.021 -0.025725 -0.0650718 0.0268835
0.0415 -0.0508375 -0.0474221 0.0116444
0.0655 -0.0802375 -0.0353802 -0.00484959
0.0815 -0.0998375 -0.0284953 -0.0142782
-0.099 0.121275 -0.219177 0.220646
-0.0785 0.0961625 -0.206511 0.20611
-0.0585 0.0716625 -0.189438 0.188585
-0.0385 0.0471625 -0.170773 0.166748
-0.019 0.023275 -0.150289 0.141388
0 0 -0.126792 0.111779
0 0 -0.121377 0.0997603
0 0 -0.114719 0.0893777
0 0 -0.109736 0.0825438
0 0 -0.106213 0.0780832
0 0 -0.102798 0.0759087
0 0 -0.0930793 0.0726932
0 0 -0.0802458 0.0696451
0 0 -0.0680678 0.0684309
0 0 -0.0582391 0.0689266
0 0 -0.0503573 0.0716578
0 0 -0.0447771 0.0754723
0 0 -0.040432 0.077932
0 0 -0.0377357 0.0799509
0 0 -0.0401663 0.080107
0 0 -0.0446248 0.079687
0 0 -0.0508936 0.0788506
0 0 -0.0552094 0.0781037
0 0 -0.0574545 0.0770251
0 0 -0.0585337 0.0748088
0 0 -0.0576574 0.0717519
0 0 -0.0548913 0.068623
0 0 -0.0504307 0.0657181
0 0 -0.0456636 0.0645126
0 0 -0.0392834 0.061828
0 0 -0.0341647 0.0562447
0 0 -0.0294718 0.0473015
0 0 -0.0243965 0.0351421
0 0 -0.0179782 0.0207798
0 0 -0.0101536 0.00538286
0 0.0018375 -0.00139102 -0.0082193
0 0.0263375 0.00816123 0.00257035
0 0.0508375 0.0168212 0.0160488
0 0.0753375 0.0206937 0.0305014
0 0.0998375 0.0224777 0.044274
0 0.121887 0.0240092 0.0559118
0 0.121887 0.0261149 0.0445781
0 0.121887 0.0290016 0.032726
0 0.121887 0.0324413 0.02153
0 0.121887 0.0362504 0.0126913
0 0.121887 0.0392067 0.00721901
0 0.121887 0.0393491 0.00676501
0 0.121887 0.0403094 0.00782325
0 0.121887 0.0426346 0.0103452
0 0.121887 0.0464143 0.0136115
0 0.121887 0.049763 0.0170339
0 0.121887 0.0517466 0.0206519
0 0.121887 0.0519452 0.0244591
0 0.121887 0.050326 0.0287006
0 0.121887 0.047381 0.0331394
0 0.121887 0.0433203 0.0382379
0 0.121887 0.0391087 0.0434585
0 0.121887 0.0347393 0.0492668
0 0.121887 0.0306997 0.0552412
0 0.121887 0.0269317 0.0615419
0 0.121887 0.0235894 0.0680397
0 0.121887 0.0206274 0.075144
0 0.121887 0.0181572 0.0827057
0 0.121887 0.0159134 0.09094
0 0.121887 0.0138297 0.0994529
0 0.121887 0.0116626 0.108394
0 0.121887 0.00942046 0.117442
0 0.121887 0.00676106 0.127042
0 0.121887 0.00325671 0.138941
0 0.121887 0.000479365 0.148234
0 0.121887 -0.00216135 0.160579
0 0.121887 -0.00417464 0.172935
0 0.121887 -0.0059729 0.182707
0 0.121887 -0.00828725 0.189116
0 0.121887 -0.0109253 0.191863
0 0.121887 -0.0126211 0.191175
0 0.121887 -0.0133874 0.188737
0 0.121887 -0.013861 0.185025
0 0.121887 -0.0134748 0.180342
0 0.121887 -0.0129151 0.175317
0 0.121887 -0.0124087 0.170407
0 0.121887 -0.0124087 0.170407
0 0.121887 -0.0124087 0.170407
0 0.121887 -0.0124087 0.170407
0 0.121887 -0.0124087 0.170407
0 0.121887 -0.0124087 0.170407
0 0.121887 -0.0124087 0.170407
0 0.121887 -0.0124087 0.170407
0 0.121887 -0.0124087 0.170407
0 0.121887 -0.0124087 0.170407
0 0.121887 -0.0124087 0.170407
0 0.121887 -0.0124087 0.170407
0 0.121887 -0.0124087 0.170407
0 0.121887 -0.0124087 0.170407
0 0.121887 -0.0124087 0.170407
0 0.121887 -0.0124087 0.170407
0 0.121887 -0.0124087 0.170407
0 0.121887 -0.0124087 0.170407
0 0.121887 -0.0124087 0.170407
0 0.121887 -0.0124087 0.170407
0 0.121887 -0.0124087 0.170407
0 0.121887 -0.0124087 0.170407
0 0.121887 -0.0124087 0.170407
0 0.121887 -0.0124087 0.170407
0 0.121887 -0.0124087 0.170407
0 0.121887 -0.0124087 0.170407
0 0.121887 -0.0124087 0.170407
0 0.121887 -0.0124087 0.170407
0 0.121887 -0.0124087 0.170407
0 0.121887 -0.0124087 0.170407
0 0.121887 -0.0124087 0.170407
0 0.121887 -0.0124087 0.170407
0 0.121887 -0.0124087 0.170407
0 0.121887 -0.0124087 0.170407
0 0.121887 -0.0124087 0.170407
0 0.121887 -0.0124087 0.170407
0 0.121887 -0.0124087 0.170407
0 0.121887 -0.0124087 0.170407
0 0.121887 -0.0124087 0.170407
0 0.121887 -0.0124087 0.170407
0 0.121887 -0.0124087 0.170407
0 0.121887 -0.0124087 0.170407
0 0.121887 -0.0124087 0.170407
0 0.121887 -0.0124087 0.170407
0 0.121887 -0.0124087 0.170407
0 0.121887 -0.0124087 0.170407
0 0.121887 -0.0124087 0.170407
0 0.121887 -0.0124087 0.170407
0 0.121887 -0.0124087 0.170407
0 0.121887 -0.0124087 0.170407
0 0.121887 -0.0124087 0.170407
0 0.121887 -0.0124087 0.170407
0 0.121887 -0.0124087 0.170407
0 0.121887 -0.0124087 0.170407
0 0.121887 -0.0124087 0.170407
0 0.121887 -0.0124087 0.170407
0 0.121887 -0.0124087 0.170407
0 0.121887 -0.0124087 0.170407
0 0.121887 -0.0124087 0.170407
0 0.121887 -0.0124087 0.170407
0 0.121887 -0.0124087 0.170407
0 0.121887 -0.0124087 0.170407
0 0.121887 -0.0124087 0.170407
0 0.121887 -0.0124087 0.170407
0 0.121887 -0.0124087 0.170407
0 0.121887 -0.0124087 0.170407
0 0.121887 -0.0124087 0.170407
0 0.121887 -0.0124087 0.170407
0 0.121887 -0.0124087 0.170407
0 0.121887 -0.0124087 0.170407
0 0.121887 -0.0124087 0.170407
0 0.121887 -0.0124087 0.170407
0 0.121887 -0.0124087 0.170407
0 0.121887 -0.0124087 0.170407
0 0.121887 -0.0124087 0.170407
0 0.121887 -0.0124087 0.170407
0 0.121887 -0.0124087 0.170407
0 0.121887 -0.0124087 0.170407
0 0.121887 -0.0124087 0.170407
0 0.121887 -0.0124087 0.170407
0 0.121887 -0.0124087 0.170407
0 0.121887 -0.0124087 0.170407
0 0.121887 -0.0124087 0.170407
0 0.121887 -0.0124087 0.170407
0 0.121887 -0.0124087 0.170407
0 0.121887 -0.0124087 0.170407
0 0.121887 -0.0124087 0.170407
0 0.121887 -0.0124087 0.170407
0 0.121887 -0.0124087 0.170407
0 0.121887 -0.0124087 0.170407
0 0.121887 -0.0124087 0.170407
0 0.121887 -0.0124087 0.170407
0 0.121887 -0.0124087 0.170407
0 0.121887 -0.0124087 0.170407
0 0.121887 -0.0124087 0.170407
0 0.121887 -0.0124087 0.170407
0 0.121887 -0.0124087 0.170407
0 0.121887 -0.0124087 0.170407
0 0.121887 -0.0124087 0.170407
0 0.121887 -0.0124087 0.170407
0 0.121887 -0.0124087 0.170407
0 0.121887 -0.0124087 0.170407
0 0.121887 -0.0124087 0.170407
0 0.121887 -0.0124087 0.170407
0 0.121887 -0.0124087 0.170407
0 0.121887 -0.0124087 0.170407
0 0.121887 -0.0124087 0.170407
0 0.121887 -0.0124087 0.170407
0 0.121887 -0.0124087 0.170407
0 0.121887 -0.0124087 0.170407
0 0.121887 -0.0124087 0.170407
0 0.121887 -0.0124087 0.170407
0 0.121887 -0.0124087 0.170407
0 0.121887 -0.0124087 0.170407
0 0.121887 -0.0124087 0.170407
0 0.121887 -0.0124087 0.170407
0 0.121887 -0.0124087 0.170407
0 0.121887 -0.0124087 0.170407
0 0.121887 -0.0124087 0.170407
0 0.121887 -0.0124087 0.170407
0 0.121887 -0.0124087 0.170407
0 0.121887 -0.0124087 0.170407
0 0.121887 -0.0124087 0.170407
0 0.121887 -0.0124087 0.170407
0 0.121887 -0.0124087 0.170407
0 0.121887 -0.0124087 0.170407
0 0.121887 -0.0124087 0.170407
0 0.121887 -0.0124087 0.170407
0 0.121887 -0.0124087 0.170407
0 0.121887 -0.0124087 0.170407
0 0.121887 -0.0124087 0.170407
0 0.121887 -0.0124087 0.170407
0 0.121887 -0.0124087 0.170407
0 0.121887 -0.0124087 0.170407
0 0.121887 -0.0124087 0.170407
