0.000184333 0.000184273 0.000184063 0.000183994 0.000183835 0.000183764 0.000183641 0.000183575 0.000183478 0.000183417
0.000184014 0.000183917 0.000183759 0.000183678 0.000183561 0.000183492 0.000183401 0.000183342 0.000183271  0.00018322
0.000183954 0.000183862 0.000183705 0.000183629 0.000183513 0.000183448  0.00018336 0.000183305 0.000183236 0.000183188
0.000183842  0.00018376 0.000183604 0.000183536 0.000183424 0.000183367 0.000183284 0.000183235 0.000183171 0.000183128
0.000183728 0.000183655   0.0001835 0.000183442 0.000183333 0.000183284 0.000183205 0.000183163 0.000183103 0.000183067
0.000183621 0.000183557 0.000183402 0.000183352 0.000183246 0.000183206  0.00018313 0.000183095 0.000183039 0.000183009
0.000183519 0.000183464 0.000183308 0.000183267 0.000183164  0.00018313 0.000183059  0.00018303 0.000182978 0.000182953
0.000183424 0.000183376 0.000183219 0.000183186 0.000183085 0.000183059  0.00018299 0.000182968  0.00018292   0.0001829
0.000183333 0.000183293 0.000183134 0.000183109 0.000183009  0.00018299 0.000182924 0.000182908 0.000182863 0.000182849
0.000183246 0.000183215 0.000183053 0.000183035 0.000182936 0.000182924 0.000182861 0.000182851 0.000182809 0.000182799
0.000183164  0.00018314 0.000182974 0.000182965 0.000182866  0.00018286 0.000182799 0.000182795 0.000182756 0.000182751
0.000183085 0.000183068 0.000182898 0.000182896 0.000182797 0.000182799 0.000182739 0.000182741 0.000182704 0.000182704
 0.00018301    0.000183 0.000182825  0.00018283 0.000182731 0.000182739 0.000182681 0.000182688 0.000182654 0.000182659
0.000182937 0.000182934 0.000182754 0.000182766 0.000182665  0.00018268 0.000182624 0.000182636 0.000182604 0.000182614
0.000182867 0.000182871 0.000182684 0.000182703 0.000182601 0.000182623 0.000182567 0.000182586 0.000182555  0.00018257
0.000182799  0.00018281 0.000182615 0.000182642 0.000182538 0.000182566 0.000182511 0.000182535 0.000182507 0.000182526
0.000182733  0.00018275 0.000182548 0.000182582 0.000182475  0.00018251 0.000182455 0.000182485 0.000182459 0.000182483
0.000182668 0.000182692 0.000182481 0.000182522 0.000182413 0.000182454   0.0001824 0.000182436  0.00018241 0.000182439
0.000182604 0.000182635 0.000182414 0.000182463  0.00018235 0.000182399 0.000182344 0.000182386 0.000182362 0.000182396
0.000182541 0.000182579 0.000182347 0.000182404 0.000182288 0.000182343 0.000182288 0.000182335 0.000182313 0.000182352
0.000182479 0.000182523  0.00018228 0.000182345 0.000182224 0.000182286 0.000182231 0.000182285 0.000182263 0.000182307
0.000182417 0.000182468 0.000182213 0.000182285  0.00018216 0.000182229 0.000182173 0.000182233 0.000182213 0.000182262
0.000182355 0.000182413 0.000182145 0.000182225 0.000182094 0.000182171 0.000182114 0.000182181 0.000182161 0.000182216
0.000182292 0.000182358 0.000182075 0.000182163 0.000182027 0.000182112 0.000182054 0.000182127 0.000182109 0.000182169
0.000182229 0.000182303 0.000182004 0.000182101 0.000181959 0.000182052 0.000181992 0.000182072 0.000182054  0.00018212
0.000182165 0.000182247 0.000181931 0.000182037 0.000181888  0.00018199 0.000181928 0.000182015 0.000181998 0.000182071
  0.0001821  0.00018219 0.000181856 0.000181972 0.000181815 0.000181926 0.000181862 0.000181956 0.000181941 0.000182021
0.000182034 0.000182131 0.000181779 0.000181904  0.00018174 0.000181859 0.000181793 0.000181897 0.000181882 0.000181969
0.000181965 0.000182072 0.000181699 0.000181835 0.000181662 0.000181791 0.000181723 0.000181835 0.000181822 0.000181915
0.000181895 0.000182011 0.000181617 0.000181763 0.000181581  0.00018172  0.00018165 0.000181771 0.000181759 0.000181859
0.000181823 0.000181948 0.000181531 0.000181688 0.000181497 0.000181647 0.000181575 0.000181705 0.000181693 0.000181801
0.000181748 0.000181883 0.000181441 0.000181611  0.00018141 0.000181572 0.000181496 0.000181636 0.000181624 0.000181739
 0.00018167 0.000181816 0.000181348 0.000181531 0.000181319 0.000181493 0.000181414 0.000181563 0.000181551 0.000181674
 0.00018159 0.000181747 0.000181252 0.000181448 0.000181224  0.00018141 0.000181327 0.000181487 0.000181475 0.000181606
0.000181505 0.000181676 0.000181151 0.000181362 0.000181125 0.000181324 0.000181236 0.000181406 0.000181394 0.000181535
 0.00018142 0.000181602 0.000181046 0.000181271 0.000181019 0.000181232 0.000181139 0.000181321 0.000181309 0.000181463
 0.00018133 0.000181525 0.000180935 0.000181175 0.000180909 0.000181135 0.000181037 0.000181232 0.000181222 0.000181392
0.000181236 0.000181444 0.000180818 0.000181074 0.000180792 0.000181033  0.00018093  0.00018114 0.000181137 0.000181321
0.000181137 0.000181358 0.000180695 0.000180967 0.000180668 0.000180926  0.00018082  0.00018105  0.00018105 0.000181216
0.000181032 0.000181269 0.000180565 0.000180854 0.000180539 0.000180815  0.00018071 0.000180958 0.000180928 0.000180984
0.000180922 0.000181174 0.000180428 0.000180736 0.000180405 0.000180705 0.000180597  0.00018083 0.000180678 0.000180502
0.000180806 0.000181074 0.000180284 0.000180614  0.00018027 0.000180592 0.000180448 0.000180575 0.000180178 0.000179731
0.000180683 0.000180969 0.000180134 0.000180492  0.00018013 0.000180442 0.000180168 0.000180068 0.000179387 0.000178618
0.000180555 0.000180861 0.000179982 0.000180366 0.000179952 0.000180163 0.000179638 0.000179271 0.000178253 0.000177156
0.000180423 0.000180753 0.000179826 0.000180202 0.000179644 0.000179631 0.000178814 0.000178129  0.00017677 0.000175328
0.000180288  0.00018064 0.000179631 0.000179908 0.000179083 0.000178808 0.000177647 0.000176639 0.000174921 0.000173146
 0.00018015 0.000180489 0.000179307 0.000179362  0.00017823 0.000177641 0.000176131 0.000174783 0.000172717 0.000170611
0.000179974 0.000180209 0.000178729 0.000178524 0.000177033 0.000176125 0.000174249 0.000172572 0.000170159  0.00016774
0.000179657 0.000179693 0.000177847 0.000177347 0.000175476 0.000174243 0.000172002 0.000170006 0.000167257  0.00016454
0.000179178  0.00017887 0.000176647 0.000175787 0.000173547 0.000171968 0.000169384 0.000167066 0.000164008 0.000161002
0.000178375 0.000177647 0.000175104 0.000173849 0.000171285 0.000169345 0.000166455 0.000163817 0.000160478 0.000157192
0.000177178 0.000176048 0.000173203  0.00017157 0.000168701 0.000166419 0.000163239 0.000160298 0.000156698 0.000153149
0.000175606 0.000174092 0.000170963  0.00016897 0.000165813 0.000163206 0.000159755 0.000156529 0.000152684  0.00014889
0.000173677 0.000171795   0.0001684 0.000166065 0.000162639 0.000159725  0.00015602 0.000152526 0.000148455 0.000144434
0.000171408 0.000169176 0.000165534 0.000162873 0.000159195 0.000155992 0.000152052 0.000148308 0.000144028 0.000139796
0.000168817 0.000166253 0.000162381 0.000159413 0.000155502 0.000152026 0.000147869 0.000143892 0.000139421 0.000134997
0.000165922 0.000163044  0.00015896 0.000155702 0.000151574 0.000147845 0.000143487 0.000139295  0.00013465 0.000130051
0.000162741 0.000159566 0.000155287 0.000151758 0.000147431 0.000143465 0.000138925 0.000134535 0.000129735 0.000124978
0.000159292 0.000155837 0.000151382 0.000147598  0.00014309 0.000138905   0.0001342  0.00012963 0.000124691 0.000119795
0.000155591 0.000151875  0.00014726 0.000143239 0.000138569 0.000134182 0.000129329 0.000124598 0.000119537 0.000114519
0.000151658 0.000147697 0.000142941 0.000138701 0.000133884 0.000129313 0.000124331 0.000119454 0.000114291 0.000109168
0.000147509 0.000143321 0.000138441 0.000133999 0.000129054 0.000124316 0.000119222 0.000114218 0.000108969 0.000103758
0.000143162 0.000138765 0.000133777 0.000129151 0.000124095 0.000119209  0.00011402 0.000108906 0.000103588 9.83087e-05
0.000138634 0.000134046 0.000128968 0.000124175 0.000119026 0.000114008 0.000108741 0.000103536 9.81675e-05 9.28357e-05
0.000133944 0.000129181  0.00012403 0.000119089 0.000113863 0.000108732 0.000103405 9.81253e-05 9.27231e-05  8.7357e-05
0.000129107 0.000124189 0.000118982 0.000113909 0.000108623 0.000103397 9.80272e-05 9.26909e-05 8.72727e-05 8.18887e-05
0.000124143 0.000119086 0.000113839 0.000108653 0.000103325 9.80208e-05 9.26255e-05 8.72503e-05 8.18323e-05 7.64488e-05
0.000119068  0.00011389  0.00010862 0.000103338 9.79851e-05 9.26207e-05 8.72171e-05 8.18196e-05 7.64198e-05 7.10544e-05
0.000113899 0.000108619 0.000103341 9.79821e-05 9.26205e-05 8.72137e-05 8.18181e-05 7.64165e-05 7.10525e-05 6.57234e-05
0.000108654 0.000103289 9.80203e-05 9.26017e-05 8.72484e-05 8.18161e-05 7.64462e-05 7.10585e-05 6.57479e-05 6.04727e-05
 0.00010335 9.79176e-05 9.26744e-05 8.72141e-05 8.18849e-05 7.64456e-05 7.11185e-05  6.5763e-05 6.05232e-05 5.53199e-05
9.80048e-05 9.25229e-05 8.73205e-05 8.18355e-05 7.65476e-05 7.11193e-05 6.58526e-05 6.05471e-05 5.53956e-05 5.02821e-05
9.26347e-05 8.71216e-05 8.19746e-05 7.64835e-05 7.12535e-05 6.58547e-05 6.06654e-05 5.54281e-05 5.03822e-05 4.53764e-05
8.72571e-05 8.17299e-05 7.66541e-05 7.11753e-05   6.602e-05 6.06688e-05  5.5574e-05  5.0423e-05 4.55002e-05   4.062e-05
8.18893e-05 7.63647e-05 7.13768e-05 6.59277e-05 6.08643e-05 5.55784e-05 5.05958e-05 4.55488e-05 4.07666e-05 3.60299e-05
7.65456e-05 7.10445e-05 6.61586e-05 6.07591e-05 5.58032e-05 5.06018e-05 4.57478e-05 4.08234e-05 3.61989e-05  3.1625e-05
7.12458e-05 6.57866e-05 6.10173e-05 5.56858e-05 5.08536e-05  4.5755e-05 4.10465e-05  3.6263e-05 3.18146e-05  2.7421e-05
6.60069e-05  6.0608e-05 5.59696e-05 5.07248e-05 4.60322e-05 4.10549e-05 3.65087e-05 3.18856e-05   2.763e-05 2.34348e-05
6.08459e-05 5.55257e-05 5.10323e-05 4.58928e-05 4.13556e-05 3.65183e-05 3.21524e-05 2.77074e-05 2.36618e-05 1.96831e-05
5.57795e-05 5.05567e-05  4.6222e-05 4.12066e-05 3.68406e-05  3.2163e-05 2.79935e-05 2.37452e-05 1.99265e-05 1.61825e-05
5.08246e-05 4.57179e-05 4.15554e-05  3.6683e-05 3.25048e-05 2.80053e-05 2.40488e-05 2.00154e-05 1.64409e-05 1.29499e-05
 4.5998e-05 4.10261e-05 3.70489e-05 3.23397e-05 2.83643e-05 2.40616e-05 2.03344e-05 1.65347e-05 1.32215e-05 1.00019e-05
4.13163e-05 3.64982e-05 3.27201e-05 2.81929e-05 2.44352e-05 2.03482e-05 1.68669e-05 1.33196e-05 1.02849e-05 7.35512e-06
3.67961e-05 3.21521e-05 2.85849e-05 2.42588e-05 2.07338e-05 1.68818e-05 1.36627e-05 1.03866e-05 7.64744e-06 5.02627e-06
3.24541e-05 2.80047e-05 2.46587e-05 2.05543e-05 1.72759e-05 1.36787e-05 1.07377e-05 7.75228e-06 5.32556e-06 3.03301e-06
2.83095e-05 2.40713e-05  2.0959e-05 1.70945e-05 1.40779e-05 1.07543e-05 8.10793e-06 5.43212e-06 3.33633e-06 1.39393e-06
2.43758e-05 2.03684e-05 1.75008e-05 1.38961e-05 1.11558e-05  8.1255e-06 5.79018e-06 3.44428e-06 1.69947e-06  1.3041e-07
 2.06694e-05  1.69125e-05  1.43003e-05  1.09755e-05  8.52567e-06  5.80861e-06  3.80152e-06  1.80794e-06  4.35438e-07 -7.43775e-07
 1.72067e-05  1.37202e-05  1.13734e-05  8.34865e-06  6.20352e-06  3.82077e-06   2.1609e-06  5.43494e-07 -4.42188e-07 -1.24583e-06
  1.4004e-05  1.08078e-05  8.73597e-06  6.03186e-06   4.2062e-06  2.18093e-06   8.8846e-07 -3.35544e-07 -9.50822e-07  -1.4581e-06
 1.10772e-05  8.19149e-06   6.4038e-06  4.04209e-06  2.55233e-06  9.09232e-07 -2.56395e-09 -8.46659e-07 -1.17304e-06 -1.50157e-06
 8.44249e-06  5.88775e-06  4.39357e-06  2.39815e-06  1.26171e-06  1.89082e-08 -5.29954e-07 -1.07251e-06  -1.2301e-06 -1.42302e-06
 6.11582e-06  3.91376e-06  2.72367e-06     1.12e-06  3.47222e-07 -5.07826e-07 -7.76697e-07 -1.13444e-06 -1.16903e-06 -1.28552e-06
  4.1141e-06  2.28841e-06  1.41373e-06  2.20685e-07 -2.09274e-07 -7.53959e-07 -8.64421e-07 -1.07955e-06 -1.05315e-06 -1.10985e-06
 2.45616e-06  1.03148e-06  4.76696e-07 -3.17876e-07 -4.90852e-07 -8.41115e-07  -8.4032e-07 -9.71183e-07 -9.03321e-07 -9.29097e-07
 1.16213e-06  1.55188e-07 -1.05042e-07 -5.78977e-07 -6.18668e-07 -8.16467e-07 -7.67315e-07 -8.30077e-07 -7.52271e-07 -7.51718e-07
 2.44913e-07 -3.59312e-07 -4.13901e-07 -6.84168e-07 -6.39038e-07 -7.42912e-07 -6.65379e-07 -6.88734e-07 -6.07805e-07 -5.94415e-07
 -3.1536e-07 -5.92644e-07 -5.72689e-07 -6.79187e-07 -6.16072e-07 -6.40441e-07 -5.68087e-07 -5.55256e-07 -4.87533e-07 -4.59976e-07
-6.09593e-07 -6.51251e-07 -6.38891e-07 -6.22574e-07 -5.80743e-07 -5.42411e-07  -4.9305e-07 -4.49531e-07 -4.02212e-07 -3.60915e-07
-6.59037e-07 -6.09817e-07 -6.39983e-07 -5.73279e-07 -5.61804e-07  -4.9585e-07   -4.678e-07 -4.09465e-07 -3.77003e-07 -3.28065e-07
-6.25416e-07 -5.77932e-07 -6.12095e-07  -5.4779e-07 -5.39891e-07 -4.76358e-07 -4.51308e-07 -3.95145e-07 -3.65111e-07 -3.18007e-07
-5.95478e-07 -5.49163e-07 -5.87563e-07 -5.25142e-07 -5.20826e-07 -4.59279e-07 -4.37136e-07 -3.82793e-07 -3.55056e-07 -3.09507e-07
-5.68749e-07 -5.23375e-07  -5.6611e-07 -5.05259e-07 -5.04445e-07 -4.44575e-07 -4.25188e-07 -3.72392e-07 -3.46788e-07 -3.02562e-07
-5.45056e-07 -5.00399e-07 -5.47586e-07 -4.88004e-07 -4.90629e-07 -4.32137e-07 -4.15373e-07 -3.63859e-07 -3.40236e-07 -2.97114e-07
 -5.2424e-07 -4.80085e-07 -5.31856e-07 -4.73253e-07 -4.79268e-07 -4.21869e-07 -4.07608e-07 -3.57122e-07 -3.35342e-07  -2.9311e-07
-5.06158e-07 -4.62295e-07   -5.188e-07 -4.60897e-07 -4.70269e-07 -4.13686e-07 -4.01819e-07 -3.52119e-07 -3.32051e-07 -9.28894e-06
-4.90682e-07 -4.46908e-07 -5.08311e-07 -4.50836e-07 -4.63547e-07 -4.07513e-07 -3.97945e-07 -3.48795e-07 -9.32875e-06 -2.28636e-05
-4.77695e-07  -4.3381e-07 -5.00296e-07 -4.42984e-07 -4.59029e-07 -4.03285e-07 -3.95931e-07 -9.34554e-06 -2.29044e-05 -3.99142e-05
-4.67095e-07 -4.22904e-07 -4.94672e-07 -4.37265e-07 -4.56653e-07 -4.00946e-07 -9.39417e-06 -2.29213e-05 -3.99563e-05 -5.81673e-05
-4.58791e-07 -4.14101e-07 -4.91369e-07 -4.33612e-07 -4.56366e-07 -9.39888e-06 -2.29716e-05 -3.99734e-05 -5.82107e-05 -7.72715e-05
-4.52705e-07 -4.07324e-07 -4.90326e-07 -4.31971e-07 -9.45656e-06 -2.29761e-05 -4.00255e-05  -5.8228e-05 -7.73164e-05 -9.60732e-05
-4.48766e-07 -4.02505e-07 -4.91495e-07 -9.43073e-06 -2.30362e-05 -4.00297e-05 -5.82822e-05 -7.73341e-05 -9.61198e-05  -0.00011454
-4.46917e-07 -3.99585e-07 -9.49327e-06 -2.30089e-05 -4.00926e-05 -5.82862e-05 -7.73906e-05 -9.61379e-05 -0.000114588 -0.000132102
-4.47109e-07 -9.39695e-06 -2.30746e-05 -4.00636e-05 -5.83519e-05 -7.73943e-05 -9.61968e-05 -0.000114607 -0.000132152 -0.000148848
-8.38115e-08 -2.94048e-05 -3.43188e-05 -6.22113e-05 -7.38323e-05 -9.85337e-05 -0.000112384 -0.000133555  -0.00014745 -0.000165319
-2.15139e-05 -4.92606e-05 -5.18827e-05  -7.8486e-05 -8.83924e-05 -0.000112013 -0.000124539 -0.000144793 -0.000157641 -0.000165731
-4.09636e-05 -6.74098e-05 -6.77321e-05 -9.32604e-05 -0.000101488 -0.000124195 -0.000135452 -0.000154922 -0.000157784 -0.000160623
 -5.8678e-05 -8.39661e-05 -8.20034e-05 -0.000106595 -0.000113198 -0.000135116 -0.000145171 -0.000154965 -0.000152331 -0.000151111
-7.47579e-05 -9.90247e-05   -9.478e-05 -0.000118569 -0.000123592  -0.00014484 -0.000144755 -0.000149398 -0.000142434 -0.000139513
-8.92964e-05 -0.000112673 -0.000106138 -0.000129253 -0.000132731 -0.000144427 -0.000138677  -0.00013937 -0.000130406 -0.000126213
-0.000102378 -0.000124989 -0.000116145  -0.00013871 -0.000131675  -0.00013835 -0.000128087 -0.000127197 -0.000116632 -0.000112389
 -0.00011408 -0.000136045 -0.000124862 -0.000137999 -0.000124893 -0.000127759 -0.000115297 -0.000113261 -0.000102287 -9.81113e-05
-0.000124471 -0.000145907 -0.000123345 -0.000131592 -0.000113531 -0.000114965 -0.000100685 -9.87382e-05 -8.74393e-05 -8.40551e-05
-0.000133614 -0.000145635 -0.000116064 -0.000120638 -9.98997e-05 -0.000100348 -8.54276e-05  -8.3695e-05 -7.27624e-05 -7.03969e-05
 -0.00014193 -0.000133272 -0.000109976 -0.000103556 -8.80054e-05 -8.27496e-05 -7.18706e-05 -6.74211e-05   -5.988e-05 -5.69649e-05
-0.000127313 -0.000120027 -9.64578e-05 -9.13409e-05 -7.60063e-05 -7.18915e-05 -6.15291e-05 -5.83667e-05 -5.20009e-05 -5.03269e-05
-0.000113578 -0.000107494 -8.35666e-05 -7.96372e-05 -6.44732e-05 -6.15104e-05 -5.18695e-05 -5.02972e-05 -4.48447e-05 -4.42753e-05
-0.000100517 -9.55888e-05 -7.11799e-05 -6.84136e-05  -5.3424e-05 -5.18294e-05 -4.32072e-05 -4.29689e-05 -3.82889e-05 -3.86842e-05
-8.80539e-05 -8.42377e-05 -5.92378e-05 -5.76906e-05 -4.30416e-05 -4.31461e-05  -3.5257e-05 -3.62337e-05 -3.21691e-05 -3.34699e-05
-7.61107e-05 -7.33884e-05 -4.77561e-05 -4.76532e-05 -3.36185e-05 -3.51751e-05 -2.78666e-05 -2.99259e-05 -2.63981e-05 -2.85383e-05
  -6.463e-05 -6.30658e-05 -3.69131e-05 -3.85973e-05 -2.48632e-05  -2.7764e-05 -2.08647e-05  -2.3957e-05 -2.08769e-05  -2.3841e-05
-5.36354e-05 -5.34513e-05 -2.70027e-05 -3.02319e-05 -1.66211e-05 -2.07411e-05 -1.41607e-05  -1.8227e-05 -1.55555e-05 -1.93029e-05
-4.33251e-05 -4.48081e-05 -1.77552e-05 -2.23929e-05 -8.74146e-06 -1.40167e-05 -7.67318e-06 -1.26915e-05 -1.03744e-05 -1.48092e-05
-3.40439e-05 -3.67503e-05 -9.09188e-06 -1.48871e-05 -1.21115e-06 -7.50403e-06 -1.42283e-06 -7.30329e-06 -5.27277e-06 -1.01035e-05
 -2.4717e-05 -2.97643e-05 -3.49482e-07 -8.00949e-06  6.37842e-06 -1.38441e-06  4.86022e-06 -2.07837e-06  1.62089e-07 -4.88529e-06
 -1.6941e-05 -2.30368e-05  7.86944e-06 -9.51228e-07  1.39144e-05   5.0762e-06  1.13897e-05  3.84432e-06  6.51519e-06  1.12756e-06
-9.29662e-06 -1.64638e-05  1.60764e-05  6.05713e-06  2.14863e-05  1.16267e-05  1.82928e-05    1.047e-05  1.33591e-05  7.51293e-06
-1.74803e-06 -1.00074e-05  2.43067e-05  1.30678e-05  2.92189e-05  1.85522e-05  2.59613e-05  1.76038e-05  2.06283e-05  1.41839e-05
  5.7451e-06 -3.63454e-06  3.26142e-05  2.02043e-05  3.73983e-05  2.62437e-05   3.4201e-05  2.51799e-05  2.82366e-05  2.11257e-05
2.69928e-05 1.89219e-05 5.89964e-05 4.77205e-05 6.73646e-05 5.64546e-05 6.52813e-05 5.58975e-05 5.90675e-05 5.13833e-05
3.66912e-05 2.74531e-05 6.97834e-05 5.71921e-05 7.77317e-05 6.56056e-05 7.46377e-05 6.42115e-05 6.72515e-05 5.87023e-05
4.64528e-05   3.604e-05 8.07918e-05 6.68526e-05  8.8368e-05 7.49886e-05 8.42614e-05 7.27583e-05 7.56803e-05 6.62369e-05
5.63445e-05 4.47187e-05 9.20801e-05   7.674e-05 9.93233e-05 8.46393e-05 9.41942e-05 8.15701e-05 8.43891e-05 7.40153e-05
 6.6412e-05 5.35296e-05 0.000103699 8.68985e-05 0.000110646 9.46004e-05  0.00010448 9.06857e-05 9.34159e-05 8.20715e-05
7.67013e-05 6.25131e-05 0.000115699 9.73732e-05 0.000122385 0.000104916 0.000115162 0.000100145   0.0001028 9.04405e-05
8.72586e-05 7.17101e-05 0.000128133  0.00010821 0.000134592 0.000115629 0.000126288 0.000109988  0.00011258 9.01585e-05
9.81311e-05 8.11618e-05 0.000141055 0.000119456 0.000147318 0.000126788 0.000137904 0.000120257   0.0001138 8.56841e-05
0.000109367 9.09101e-05  0.00015452  0.00013116 0.000160617 0.000138438  0.00015006 0.000121996 0.000110923 7.81584e-05
0.000121015 0.000100998 0.000168585 0.000143371 0.000174546  0.00015063 0.000153806 0.000119671 0.000105098 6.98953e-05
0.000133125 0.000111469  0.00018331 0.000156142 0.000189162 0.000154414 0.000153617 0.000114432 9.86431e-05 6.12872e-05
0.000145749 0.000122369 0.000198755 0.000169525 0.000195526 0.000154264 0.000150651 0.000108602 9.19595e-05 5.35312e-05
0.000158942 0.000133744 0.000214985 0.000174577 0.000198123 0.000151341 0.000147239 0.000102583 8.62513e-05 4.67049e-05
0.000172757 0.000145642 0.000223067 0.000175776 0.000198121 0.000147973 0.000143793 9.75807e-05 8.16042e-05 4.14248e-05
0.000187254 0.000149114 0.000227491 0.000174287 0.000197863 0.000144574  0.00014153 9.36848e-05 7.86428e-05 3.76523e-05
0.000202857 0.000142201 0.000235249 0.000168556 0.000201404 0.000140027 0.000142832  9.0139e-05 7.87878e-05 3.48975e-05
0.000197469  0.00013612 0.000237758 0.000169616 0.000206961  0.00014409 0.000149184 9.51948e-05 8.49422e-05 4.90018e-05
0.000194933 0.000132483 0.000243135 0.000173164 0.000215158 0.000150469 0.000157867 0.000102315 0.000102111 6.94822e-05
0.000195071 0.000131236 0.000251326 0.000179211    0.000226 0.000159202 0.000168912 0.000120546  0.00012591 9.52821e-05
0.000197855 0.000132345 0.000262337 0.000187756 0.000239506 0.000170302 0.000191339 0.000145483 0.000155261 0.000124146
0.000203267 0.000135787 0.000276185  0.00019881 0.000255707 0.000192792 0.000220763 0.000176051  0.00018792  0.00015575
0.000211301 0.000141553 0.000292901 0.000212392 0.000283645 0.000222283 0.000256124 0.000210013 0.000223579 0.000188975
0.000221964 0.000149641 0.000312527 0.000237536 0.000318952 0.000257717 0.000295202 0.000247063 0.000261133 0.000223832
0.000235275 0.000160063 0.000344117 0.000269863  0.00036059 0.000296875 0.000337711 0.000286103 0.000300609 0.000259802
0.000251263 0.000181837 0.000383319 0.000308324 0.000406365  0.00033947 0.000382573 0.000327164 0.000341506 0.000297035
0.000269605 0.000217007 0.000423294 0.000354604 0.000452383 0.000386758 0.000427557 0.000371137 0.000382541 0.000336139
0.000312514 0.000254449 0.000472793  0.00039781 0.000500605 0.000429133 0.000471347 0.000409913 0.000420959 0.000370403
0.000356278 0.000292661 0.000523888 0.000442405 0.000550601 0.000473057 0.000516843  0.00045019 0.000460917 0.000406034
 0.00040122 0.000331819 0.000576835  0.00048855 0.000602577 0.000518673  0.00056421 0.000492092 0.000502551 0.000443137
0.000447529  0.00037209 0.000631848 0.000536434 0.000656741 0.000566166  0.00061364 0.000535788 0.000546027 0.000481863
  0.0004954 0.000413645  0.00068915 0.000586253 0.000713311 0.000615727 0.000665327 0.000581452 0.000591518 0.000522364
 0.00054503 0.000456658  0.00074897 0.000638207 0.000772507 0.000667551 0.000719474 0.000629263   0.0006392 0.000564799
0.000596623 0.000501305 0.000811543   0.0006925 0.000834562 0.000721841 0.000776291 0.000679406 0.000689258 0.000609332
0.000650387 0.000547769 0.000877115 0.000749348 0.000899715 0.000778807 0.000835995 0.000732074 0.000741883 0.000656133
0.000706535 0.000596237 0.000945938 0.000808969 0.000968213 0.000838667 0.000898813 0.000787468 0.000797274 0.000705379
0.000765291   0.0006469  0.00101827 0.000871593  0.00104032 0.000901648 0.000964981 0.000845797 0.000855639 0.000757257
0.000826882 0.000699959   0.0010944 0.000937458  0.00111629 0.000967987  0.00103475 0.000907277 0.000917194 0.000811958
0.000891547  0.00075562   0.0011746  0.00100681  0.00119643  0.00103793  0.00110836 0.000972137 0.000982166 0.000869684
0.000959534 0.000814097  0.00125916  0.00107991  0.00128101  0.00111174  0.00118611  0.00104061  0.00105079 0.000930648
  0.0010311 0.000875614  0.00134841  0.00115703  0.00137035  0.00118967  0.00126825  0.00111296  0.00112332 0.000995068
 0.00110651 0.000940402  0.00144267  0.00123845  0.00146478  0.00127202   0.0013551  0.00118943  0.00120001  0.00106318
0.00118605 0.00100871 0.00154227 0.00132447 0.00156462 0.00135908 0.00144696  0.0012703 0.00128114 0.00113522
0.00127001 0.00108078 0.00164758 0.00141539 0.00167024 0.00145116 0.00154415 0.00135586 0.00136699 0.00121145
0.00135869 0.00115688 0.00175896 0.00151153   0.001782 0.00154859 0.00164701  0.0014464 0.00145786 0.00129213
0.00145243 0.00123729 0.00187682 0.00161325 0.00190029  0.0016517 0.00175591 0.00154224 0.00155406 0.00137754
0.00155155 0.00132231 0.00200155 0.00172089 0.00202553 0.00176085 0.00187121 0.00164372 0.00165593 0.00146798
 0.0016564 0.00141223  0.0021336 0.00183483 0.00215814 0.00187642 0.00199331 0.00175118 0.00176382 0.00155475
0.00176736 0.00150737 0.00227341 0.00195547 0.00229858  0.0019988 0.00212263 0.00186498 0.00186909 0.00164261
0.00188481 0.00160808 0.00242147  0.0020832 0.00244731 0.00212841  0.0022596 0.00197651 0.00197653 0.00173299
0.00200917  0.0017147 0.00257826 0.00221848 0.00260483 0.00226567 0.00239566 0.00209058 0.00208767 0.00182854
0.00214085  0.0018276 0.00274432 0.00236174 0.00277167 0.00240205 0.00253573 0.00220874 0.00220519 0.00192997
0.00228032 0.00194717 0.00292018 0.00251347 0.00293936 0.00254245 0.00268141 0.00233369  0.0023299 0.00203881
0.00242803 0.00207381 0.00310644 0.00266516 0.00311292 0.00268846  0.0028355 0.00246625 0.00246338 0.00215547
0.00258448 0.00220796 0.00329469 0.00282177 0.00329403  0.0028429  0.0029989 0.00260804 0.00260612 0.00228086
 0.0027502 0.00234107 0.00348999 0.00298495 0.00348561 0.00300666 0.00317333 0.00275956  0.0027591 0.00241536
 0.0029261 0.00247159 0.00369992 0.00315365  0.0036923 0.00317913 0.00336166 0.00292045 0.00292424 0.00255945
0.00309058 0.00261118 0.00391653 0.00333945 0.00391291 0.00337056 0.00356585 0.00309946 0.00310547 0.00273117
0.00326802 0.00276193 0.00414857  0.0035386 0.00414868 0.00357512  0.0037838 0.00329113  0.0033101  0.0029233
0.00345881 0.00292426 0.00439666 0.00375164 0.00440018 0.00379347 0.00401669  0.0035068 0.00353707 0.00313434
0.00366352 0.00309863 0.00466147 0.00397911 0.00466817 0.00402678 0.00427595 0.00374545 0.00378495  0.0033428
0.00388271  0.0032855 0.00494367 0.00422168 0.00495394 0.00428647 0.00456066 0.00400566 0.00403233 0.00348691
0.00411698 0.00348536 0.00524408 0.00448059 0.00526907 0.00457162 0.00486954 0.00426606 0.00421757 0.00347189
0.00436691  0.0036988 0.00556408 0.00476733 0.00561276 0.00488095 0.00518133 0.00446503 0.00424598 0.00334466
0.00463325 0.00392703  0.0059153 0.00508106 0.00598386  0.0051932 0.00543452 0.00450791 0.00416456 0.00382326
0.00491732 0.00418144 0.00629706 0.00542054 0.00636127 0.00544685 0.00553458 0.00444174 0.00469147 0.00708429
0.00522144 0.00446728 0.00670264 0.00576839 0.00668017 0.00554972 0.00552657 0.00498613 0.00800211  0.0162931
0.00557161 0.00477256 0.00712247 0.00605249 0.00684976 0.00553949 0.00612849 0.00830984   0.017259  0.0293215
0.00594408 0.00507593  0.0074884 0.00618403 0.00691792 0.00614197 0.00952098   0.017585  0.0303455  0.0452505
0.00631926 0.00531752 0.00770733 0.00621155 0.00760407 0.00953502  0.0188696  0.0306911  0.0463365  0.0629851
0.00663255 0.00541276 0.00782185 0.00685719  0.0110803  0.0188841  0.0320487  0.0467015  0.0641327  0.0821236
0.00678411 0.00543198 0.00853478  0.0103019  0.0204934  0.0320631   0.048115  0.0645121  0.0833183    0.10215
 0.0068207 0.00612076  0.0119973   0.019706  0.0336883  0.0481281   0.065939  0.0837001   0.103356   0.122955
 0.0074988 0.00961056  0.0213834  0.0329082  0.0497343  0.0659499  0.0851096   0.103732   0.124145   0.144173
0.0111265 0.0187532 0.0347561 0.0488755 0.0677202 0.0851227  0.105286   0.12456  0.145486  0.165076
0.0213205 0.0305099 0.0518885 0.0662978 0.0879691  0.105259   0.12704  0.146108  0.167161  0.183646
0.0288434 0.0497115 0.0672585 0.0882671  0.107219  0.128386  0.148313  0.168861  0.185768  0.197462
0.0485906 0.0694243 0.0867748  0.107886  0.126913  0.148249  0.167547  0.185373  0.196342  0.204266
0.0681833 0.0891136  0.106268  0.127643  0.146663  0.167492  0.183963  0.195928  0.203066  0.208161
0.087735  0.10883 0.125866 0.147469 0.165756  0.18391 0.194389 0.202621 0.206853 0.210222
 0.10731 0.128658 0.145529  0.16664 0.182021 0.194339 0.200949 0.206375 0.208801 0.210869
 -0.0729902  -0.0514708  -0.0354491  -0.0170243 -0.00769024  0.00090061   0.0045815  0.00829443  0.00934672   0.0106795
 -0.0532136  -0.0323032  -0.0192178 -0.00668492 -0.00122488  0.00453699   0.0064177  0.00882138   0.0090879  0.00985817
 -0.0341161  -0.0159703  -0.0089526 -0.00018281  0.00234437  0.00637738  0.00688754  0.00855128  0.00821931  0.00872148
 -0.0180061 -0.00532443 -0.00271869  0.00351189  0.00392905  0.00684687  0.00639358  0.00762423  0.00689378  0.00728049
 -0.00850126   0.00267116 -0.000292938   0.00570944   0.00322494   0.00639384   0.00445601   0.00607118   0.00460936   0.00537631
0.00363366 0.00318274 0.00384689 0.00333714 0.00355519 0.00308484 0.00308708 0.00268647 0.00259224 0.00226355
 0.0034994   0.003145 0.00381036 0.00335402 0.00356844 0.00312759 0.00312501 0.00274045 0.00264156 0.00231228
0.00347503 0.00311275 0.00382704 0.00336297 0.00360525 0.00315794 0.00317109 0.00278141 0.00268218 0.00234428
0.00346694 0.00309546 0.00386094 0.00338727 0.00365795 0.00320232 0.00323095  0.0028255 0.00272976 0.00238295
0.00347498 0.00309276 0.00391197 0.00342671  0.0037265 0.00326063 0.00329558  0.0028771 0.00278543  0.0024306
 0.0034989 0.00310436 0.00398003 0.00348118  0.0038109 0.00332386 0.00336946 0.00293737 0.00285158 0.00248765
0.00353852 0.00313009  0.0040651 0.00355064 0.00390222 0.00339647 0.00345382  0.0030087 0.00292868  0.0025554
0.00359373 0.00316978 0.00416723 0.00362611   0.004005 0.00347969  0.0035511 0.00309158 0.00301807 0.00263398
0.00366448 0.00322337 0.00427753 0.00371209 0.00412055 0.00357595 0.00366186 0.00318735 0.00311996  0.0027241
0.00375079 0.00328183  0.0044006 0.00380983 0.00425138 0.00368581 0.00378753 0.00329623  0.0032351 0.00282594
0.00385311  0.0033432 0.00454362  0.0039179 0.00440179 0.00380834 0.00393068 0.00341761 0.00336519 0.00293976
0.00394943 0.00341872 0.00469823 0.00404753 0.00457025  0.0039535 0.00409302 0.00356003 0.00351395 0.00308345
0.00406372  0.0035101 0.00487282 0.00419463  0.0047577  0.0041152 0.00427219  0.0037178 0.00368849 0.00324961
0.00419601 0.00361743 0.00506769 0.00435946 0.00496444 0.00429383 0.00446915 0.00390207 0.00388759 0.00343659
 0.0043465 0.00374084 0.00528319 0.00454225 0.00519095 0.00449034 0.00469513 0.00411162 0.00410965 0.00362277
0.00451547  0.0038805  0.0055197 0.00474343 0.00543829 0.00471594   0.004949 0.00434487 0.00433312 0.00374624
0.00470321  0.0040366 0.00577778 0.00496398 0.00571782 0.00496951 0.00522931  0.0045803 0.00449621  0.0037121
0.00491003 0.00420952 0.00605855 0.00521519 0.00602852 0.00524957 0.00551464 0.00475614 0.00450409 0.00356717
0.00513643  0.0044002 0.00637343   0.005496 0.00636906 0.00553471 0.00574331 0.00477758 0.00440366 0.00402936
 0.0053835 0.00461982 0.00672151 0.00580497 0.00671815 0.00576325 0.00582065 0.00469157 0.00491295 0.00727519
0.00565333 0.00487343  0.0070959 0.00612457 0.00701082 0.00584284 0.00579159 0.00521757 0.00820727  0.0164699
0.00597174 0.00514884 0.00748682 0.00638248 0.00715609 0.00581106 0.00637401 0.00852423   0.017449  0.0294853
0.00631478 0.00542455 0.00782597 0.00648976 0.00720173 0.00639356 0.00974844  0.0177836  0.0305216  0.0454022
 0.0066627  0.0056405  0.0080201  0.0064948 0.00786702 0.00976811  0.0190803  0.0308751  0.0464996  0.0631256
0.00695072   0.005712 0.00811162 0.00711962   0.011324     0.0191  0.0322439  0.0468719  0.0642838  0.0822537
0.00707889  0.0057092 0.00880325   0.010545  0.0207191  0.0322631  0.0482958    0.06467  0.0834583   0.102271
0.00709379  0.0063776   0.012246  0.0199313  0.0338974  0.0483134  0.0661065  0.0838464   0.103486   0.123066
 0.0077518 0.00984852  0.0216139  0.0331169  0.0499281  0.0661216  0.0852648   0.103867   0.124266   0.144277
0.0113609 0.0189737 0.0349696 0.0490688 0.0678997 0.0852817  0.105429  0.124686  0.145597  0.165172
0.0215377 0.0307141 0.0520864  0.066477 0.0881354  0.105407  0.127173  0.146224  0.167264  0.183735
0.0290445 0.0499007 0.0674418 0.0884331  0.107373  0.128523  0.148436  0.168969  0.185864  0.197544
 0.048777 0.0695996 0.0869446  0.108039  0.127056  0.148376  0.167662  0.185473   0.19643  0.204342
0.068356 0.089276 0.106425 0.127786 0.146795 0.167609 0.184069 0.196021 0.203148 0.208232
0.0878949   0.10898  0.126012  0.147601  0.165879  0.184019  0.194487  0.202707  0.206928  0.210287
0.107459 0.128798 0.145664 0.166762 0.182135 0.194439  0.20104 0.206454 0.208871 0.210929
 -0.0728529  -0.0513416   -0.035324   -0.016911 -0.00758508 0.000993784   0.0046657   0.0083679   0.0094118   0.0107355
 -0.0530864  -0.0321836  -0.0191019 -0.00657996 -0.00112745  0.00462331  0.00649571  0.00888944  0.00914819  0.00991007
  -0.0339983   -0.0158594  -0.00884521 -8.55754e-05   0.00243463   0.00645735   0.00695981   0.00861433   0.00827516   0.00876955
 -0.0178969 -0.00522173  -0.0026192  0.00360197  0.00401267  0.00692096  0.00646053  0.00768264  0.00694551  0.00732501
 -0.00840012    0.0027663 -0.000200761    0.0057929   0.00330241   0.00646247   0.00451803   0.00612529   0.00465728   0.00541755
0.00372736 0.00327089 0.00393229 0.00341446 0.00362696 0.00314843 0.00314453 0.00273659 0.00263663 0.00230175
 0.0035862 0.00322666 0.00388948 0.00342565 0.00363493 0.00318649 0.00317823 0.00278688 0.00268267 0.00234766
0.00355544 0.00318841 0.00390034 0.00342933 0.00366685  0.0032125  0.0032204 0.00282442 0.00272026 0.00237705
0.00354144 0.00316555 0.00392885 0.00344875 0.00371502 0.00325287 0.00327663 0.00286534 0.00276504  0.0024133
  0.003544 0.00315769 0.00397489 0.00348367 0.00377938 0.00330746 0.00333789   0.002914 0.00281811 0.00245871
0.00356284 0.00316452 0.00403832 0.00353395 0.00385989 0.00336724 0.00340866 0.00297155 0.00288184 0.00251369
0.00359775 0.00318581  0.0041191 0.00359953  0.0039476 0.00343667 0.00349013 0.00304036 0.00295672 0.00257951
 0.0036486 0.00322141 0.00421726  0.0036714 0.00404705 0.00351693 0.00358474 0.00312091 0.00304404 0.00265632
0.00371531  0.0032712 0.00432388 0.00375405  0.0041595 0.00361045 0.00369302 0.00321452 0.00314401 0.00274479
0.00379788 0.00332614 0.00444355  0.0038487 0.00428747 0.00371777 0.00381639  0.0033214 0.00325738 0.00284509
0.00389674 0.00338425 0.00458341 0.00395392 0.00443522 0.00383795 0.00395742 0.00344093 0.00338582  0.0029575
0.00398985 0.00345675 0.00473509  0.0040809 0.00460123 0.00398092 0.00411779 0.00358163 0.00353307 0.00309988
0.00410117 0.00354533 0.00490697 0.00422555 0.00478639  0.0041406 0.00429514  0.0037378  0.0037062 0.00326483
0.00423069 0.00365006 0.00509933 0.00438809 0.00499102 0.00431737 0.00449041  0.0039206 0.00390399 0.00345069
0.00437864 0.00377107  0.0053125 0.00456878 0.00521558 0.00451214 0.00471482 0.00412878 0.00412484 0.00363582
0.00454524 0.00390851 0.00554685 0.00476801 0.00546111 0.00473614 0.00496725 0.00436077 0.00434719 0.00375833
0.00473079 0.00406256 0.00580293 0.00498675 0.00573895 0.00498822 0.00524621 0.00459503 0.00450924  0.0037233
0.00493558 0.00423356 0.00608186 0.00523629  0.0060481 0.00526691 0.00553029 0.00476978 0.00451616 0.00357754
 0.0051601 0.00442247 0.00639502 0.00551554  0.0063872 0.00555077 0.00575781 0.00479022 0.00441484 0.00403896
0.00540542 0.00464045 0.00674152 0.00582308 0.00673496 0.00577812 0.00583408 0.00470327 0.00492331 0.00728408
0.00567364 0.00489254 0.00711443 0.00614134 0.00702638 0.00585662 0.00580404 0.00522841 0.00821687  0.0164781
0.00599056 0.00516655 0.00750399 0.00639802 0.00717052 0.00582383 0.00638554 0.00853428  0.0174579   0.029493
0.00633221 0.00544095 0.00784188 0.00650416 0.00721509 0.00640539 0.00975912  0.0177929  0.0305298  0.0454093
0.00667884  0.0056557 0.00803483 0.00650814  0.0078794 0.00977906  0.0190902  0.0308837  0.0465072  0.0631321
0.00696568 0.00572608 0.00812527 0.00713197  0.0113354  0.0191102  0.0322531  0.0468799  0.0642908  0.0822598
0.00709274 0.00572225  0.0088159  0.0105565  0.0207297  0.0322725  0.0483043  0.0646774  0.0834648   0.102277
0.00710663 0.00638969  0.0122577  0.0199419  0.0339072  0.0483221  0.0661144  0.0838533   0.103492   0.123072
 0.0077637 0.00985971  0.0216247  0.0331268  0.0499372  0.0661297  0.0852721   0.103874   0.124271   0.144281
0.0113719  0.018984 0.0349796 0.0490779 0.0679082 0.0852892  0.105436  0.124692  0.145602  0.165176
0.0215479 0.0307237 0.0520957 0.0664854 0.0881432  0.105413  0.127179  0.146229  0.167269  0.183739
 0.029054 0.0499096 0.0674504 0.0884409   0.10738  0.128529  0.148442  0.168974  0.185868  0.197548
0.0487857 0.0696079 0.0869526  0.108047  0.127062  0.148381  0.167667  0.185477  0.196434  0.204345
0.0683641 0.0892837  0.106432  0.127793  0.146801  0.167615  0.184074  0.196025  0.203152  0.208235
0.0879024  0.108988  0.126019  0.147607  0.165884  0.184024  0.194492  0.202711  0.206932   0.21029
0.107466 0.128804  0.14567 0.166768  0.18214 0.194444 0.201044 0.206458 0.208875 0.210932
 -0.0728465  -0.0513356  -0.0353181  -0.0169057 -0.00758014  0.00099816  0.00466965  0.00837134  0.00941484   0.0107381
 -0.0530804   -0.032178  -0.0190964 -0.00657503 -0.00112287  0.00462736  0.00649937  0.00889262    0.009151  0.00991249
 -0.0339927  -0.0158542 -0.00884016 -8.1002e-05  0.00243887   0.0064611   0.0069632  0.00861728  0.00827777  0.00877178
 -0.0178918 -0.00521691 -0.00261452  0.00360621   0.0040166  0.00692443  0.00646367  0.00768537  0.00694792  0.00732708
 -0.00839537   0.00277077 -0.000196423   0.00579683   0.00330606   0.00646569   0.00452094   0.00612782   0.00465952   0.00541946
0.00373175 0.00327503 0.00393631 0.00341809 0.00363033 0.00315141 0.00314723 0.00273893  0.0026387 0.00230352
0.00359027 0.00323049  0.0038932 0.00342902 0.00363806 0.00318925 0.00318073 0.00278905 0.00268459  0.0023583
0.00355922 0.00319196 0.00390379 0.00343245 0.00366975 0.00321507 0.00322271 0.00282643 0.00273104 0.00240115
0.00354494 0.00316884 0.00393205 0.00345165 0.00371771 0.00325525 0.00327877  0.0028762 0.00278926 0.00245434
0.00354724 0.00316074 0.00397785 0.00348635 0.00378186 0.00330966 0.00334888  0.0029383 0.00285926  0.0025179
0.00356584 0.00316734 0.00404106 0.00353643 0.00386219 0.00337828 0.00343308 0.00301278 0.00294114 0.00259189
0.00360053 0.00318843 0.00412164 0.00360183 0.00395873 0.00346113 0.00353146 0.00309972 0.00303501 0.00267642
0.00365118 0.00322383 0.00421961 0.00368253  0.0040716 0.00355831  0.0036442 0.00319927 0.00314104 0.00277161
 0.0037177 0.00327344 0.00433506  0.0037786 0.00420096 0.00366995 0.00377147 0.00331157 0.00325939 0.00287756
0.00380009 0.00333722 0.00446815 0.00389016 0.00434705 0.00379626 0.00391354 0.00343682 0.00339023 0.00299453
0.00389842 0.00341518 0.00461909 0.00401739 0.00451014 0.00393746 0.00407064 0.00357521 0.00353388 0.00312334
0.00401281  0.0035074 0.00478819 0.00416051 0.00469059  0.0040938 0.00424306 0.00372706 0.00369124 0.00326606
0.00414343   0.003614 0.00497579 0.00431981 0.00488873 0.00426556 0.00443122 0.00389328 0.00386443 0.00342583
0.00429054 0.00373516 0.00518229 0.00449557 0.00510496 0.00445315 0.00463612 0.00407603  0.0040567 0.00360211
0.00445443 0.00387111 0.00540811 0.00468812  0.0053398 0.00465755 0.00486003 0.00427857 0.00426758 0.00377558
0.00463545 0.00402208  0.0056537 0.00489793 0.00559437 0.00488104 0.00510629 0.00450045 0.00447783 0.00388474
0.00483397 0.00418834 0.00591968 0.00512603 0.00587105 0.00512695 0.00537458 0.00472247 0.00462604 0.00383585
0.00505035  0.0043703 0.00620721 0.00537476 0.00617332 0.00539496 0.00564579 0.00488322 0.00461857  0.0036758
0.00528516 0.00456898 0.00651875 0.00564751 0.00650096 0.00566595 0.00585862 0.00488909 0.00450239 0.00412308
0.00553953 0.00478659 0.00685786   0.005944 0.00683499 0.00587861 0.00591958 0.00478707 0.00499609 0.00735416
0.00581597 0.00502622 0.00722459 0.00624509 0.00711445 0.00593946 0.00587595 0.00529584 0.00827637  0.0165337
0.00611816  0.0052869 0.00760053 0.00648947 0.00724652 0.00589577 0.00644701 0.00859226  0.0175085  0.0295405
0.00644599 0.00554868 0.00792544 0.00658385 0.00727952 0.00646685 0.00981053  0.0178418  0.0305718  0.0454489
0.00677947 0.00575145 0.00810594 0.00657657 0.00793266 0.00983044  0.0191319  0.0309238  0.0465408  0.0631642
0.00705377 0.00581043 0.00818439 0.00718957  0.0113779  0.0191518  0.0322853  0.0469114  0.0643163  0.0822845
0.00716883 0.00579571 0.00886342  0.0106036  0.0207617  0.0323047  0.0483274  0.0647006  0.0834824   0.102294
0.00717119 0.00645272   0.012294  0.0199789   0.033929  0.0483451  0.0661285  0.0838684   0.103502   0.123082
0.00781716 0.00991271    0.02165  0.0331539  0.0499489  0.0661436  0.0852774   0.103881   0.124273   0.144285
0.0114146 0.0190273 0.0349942 0.0490955   0.06791 0.0852943  0.105433  0.124691  0.145597  0.165173
0.0215802 0.0307577 0.0520996 0.0664935 0.0881353   0.10541  0.127167  0.146221  0.167256  0.183729
0.0290761 0.0499344  0.067444 0.0884397  0.107362  0.128517  0.148421  0.168958  0.185848  0.197532
0.0487979 0.0696237 0.0869357  0.108036  0.127035   0.14836  0.167638  0.185453  0.196406  0.204322
0.0683664 0.0892908  0.106405  0.127773  0.146764  0.167585  0.184036  0.195993  0.203116  0.208205
0.087895 0.108986 0.125981 0.147578 0.165837 0.183986 0.194445 0.202671 0.206889 0.210253
0.107449 0.128794 0.145622  0.16673 0.182083 0.194397 0.200988 0.206411 0.208824 0.210888
 -0.0728732  -0.0513542  -0.0353769  -0.0169531  -0.0076473 0.000941895  0.00460454  0.00831559   0.0093559   0.0106868
 -0.0531168  -0.0322052   -0.019166 -0.00663201 -0.00120041  0.00456192  0.00642489  0.00882854  0.00908387  0.00985388
   -0.034039     -0.01589  -0.00892073 -0.000147662   0.00235068   0.00638627   0.00687908   0.00854465   0.00820219   0.00870564
  -0.017948 -0.00526142  -0.0027064  0.00352964  0.00391744  0.00683994  0.00636961  0.00760391  0.00686363  0.00725316
 -0.00846159   0.00271743 -0.000299939   0.00571009   0.00319556   0.00637123   0.00441658   0.00603724   0.00456619   0.00533747
0.00365524 0.00321269 0.00382078 0.00332087 0.00350809 0.00304662 0.00303218 0.00263889 0.00253598 0.00221316
0.00350319 0.00315895 0.00376522 0.00332095  0.0035036 0.00307374 0.00305454 0.00267915 0.00257209 0.00225921
0.00346125 0.00311095 0.00376288 0.00331313 0.00352255 0.00308838  0.0030849 0.00270625 0.00260831 0.00229295
0.00343572 0.00307807 0.00377766 0.00332061  0.0035572 0.00311691  0.0031288 0.00274528 0.00265583 0.00233661
0.00342636 0.00305987 0.00380939 0.00334309 0.00360742 0.00315912 0.00318615 0.00279613  0.0027146 0.00239017
0.00343284 0.00305599 0.00385787 0.00338039 0.00367312 0.00321495 0.00325696 0.00285879 0.00278467 0.00245366
 0.0034549 0.00306617 0.00392299  0.0034324  0.0037543 0.00328437 0.00334125  0.0029333 0.00286612 0.00252715
0.00349234 0.00309019 0.00400473 0.00349904 0.00385098 0.00336741 0.00343914 0.00301975 0.00295905 0.00261069
0.00354504  0.0031279 0.00410309 0.00358033 0.00396329 0.00346416 0.00355075 0.00311826 0.00306358 0.00270437
0.00361293  0.0031792 0.00421816 0.00367632 0.00409137 0.00357476 0.00367627 0.00322894 0.00317982 0.00280837
0.00369602 0.00324405 0.00435011 0.00378713 0.00423545 0.00369937 0.00381589 0.00335192 0.00330804 0.00292346
0.00379435 0.00332249 0.00449913 0.00391292 0.00439578 0.00383817 0.00396982 0.00348749 0.00344905 0.00305167
0.00390806 0.00341457 0.00466551  0.0040539 0.00457264 0.00399138 0.00413839 0.00363646 0.00360495 0.00319608
0.00403732 0.00352043 0.00484955 0.00421028 0.00476632 0.00415932 0.00432254 0.00380095 0.00377888 0.00335609
0.00418235 0.00364021  0.0050516 0.00438232 0.00497727 0.00434291 0.00452444 0.00398413 0.00397032 0.00351231
0.00434343 0.00377409   0.005272  0.0045704 0.00520652 0.00454433 0.00474737 0.00418549 0.00415996 0.00360317
0.00452083 0.00392227 0.00551126 0.00477548 0.00545634 0.00476685 0.00499091 0.00438573  0.0042863 0.00353487
0.00471486  0.0040851 0.00577047 0.00499979 0.00573011 0.00501004 0.00523586 0.00452338 0.00425561 0.00335421
0.00492598  0.0042635 0.00605196 0.00524664 0.00602749 0.00525468 0.00542081 0.00450473 0.00411477 0.00377962
0.00515523 0.00445962 0.00635918 0.00551564 0.00632941 0.00543938 0.00545217 0.00437668  0.0045823 0.00698748
0.00540503 0.00467647 0.00669205 0.00578756 0.00657476 0.00547054 0.00537709  0.0048578 0.00783479  0.0161424
0.00567896 0.00491297 0.00703204 0.00600097 0.00667062 0.00539532 0.00591476 0.00812485  0.0170374  0.0291229
0.00597678 0.00514909 0.00731877 0.00606246 0.00666514 0.00593291  0.0092428  0.0173432  0.0300693  0.0450036
0.00627841 0.00532462 0.00745872 0.00602024 0.00727742 0.00926092  0.0185265  0.0303921   0.046005  0.0626893
0.00651888 0.00535467 0.00749409 0.00659614  0.0106792  0.0185445  0.0316399  0.0463445  0.0637451  0.0817782
0.00659802 0.00530924 0.00812737  0.0099708  0.0200169  0.0316573  0.0476394  0.0640963  0.0828736   0.101755
0.00656222 0.00593362  0.0115093  0.0193042  0.0331352   0.047655  0.0653953  0.0832243   0.102853   0.122507
0.00716765 0.00935895  0.0208137  0.0324347  0.0491031  0.0654082  0.0844962   0.103194   0.123582   0.143672
0.0107221 0.0184368  0.034103  0.048329 0.0670089 0.0845108    0.1046   0.12396  0.144861   0.16452
0.0208419  0.030128 0.0511502 0.0656769 0.0871754  0.104575  0.126281  0.145442  0.166472  0.183034
0.0282892 0.0492631 0.0664326 0.0875697   0.10634  0.127628  0.147478  0.168128  0.185013  0.196791
0.0479593 0.0689083 0.0858586  0.107109  0.125946  0.147414  0.166633   0.18457  0.195517  0.203534
0.0674729 0.0885284  0.105258  0.126786  0.145605  0.166577  0.182966  0.195053   0.20217  0.207366
0.0869433  0.108174   0.12476  0.146527  0.164604  0.182913  0.193306   0.20167  0.205881   0.20936
0.106435 0.127929 0.144322 0.165611  0.18077 0.193255 0.199776 0.205345 0.207752 0.209937
  -0.0739527   -0.0522757   -0.0367605   -0.0181438  -0.00904467 -0.000273651   0.00331474   0.00718208   0.00821498   0.00967506
 -0.0542662  -0.0331864  -0.0206384 -0.00789925 -0.00268727  0.00326847  0.00505259  0.00762248     0.00787  0.00877738
 -0.0352625  -0.0169347  -0.0104875 -0.00149616  0.00076884  0.00501012  0.00541922  0.00726157   0.0069109  0.00756045
 -0.0192503 -0.00637355 -0.00437325  0.00209488   0.0022348  0.00537601  0.00481681   0.0062391  0.00549018  0.00603506
-0.00984757   0.0015337 -0.00207303  0.00418377  0.00140594  0.00481415  0.00276518   0.0045857  0.00310556  0.00404202
 0.00218042  0.00195292  0.00193495  0.00169738  0.00160497  0.00139071  0.00127615  0.00109533 0.000982863 0.000835633
0.00193407 0.00181845 0.00175978 0.00159435 0.00148007 0.00131297 0.00118753 0.00103798 0.00092086 0.00079463
 0.00179204  0.00168476  0.00163055  0.00147714  0.00137131  0.00121639  0.00110019 0.000961546 0.000853041 0.000736032
 0.00166029  0.00156092  0.00151074  0.00136858  0.00127053  0.00112695  0.00101928 0.000890782 0.000790227 0.000681787
 0.00153823  0.00144619  0.00139973    0.001268  0.00117715  0.00104409 0.000944308 0.000825224 0.000732037 0.000631538
 0.00142513  0.00133988  0.00129688  0.00117481  0.00109063 0.000967323 0.000874854 0.000764489 0.000678131 0.000584991
 0.00132035  0.00124139  0.00120158  0.00108847  0.00101047 0.000896196 0.000810506 0.000708223 0.000628193 0.000541874
 0.00122327  0.00115014  0.00111329  0.00100847 0.000936205 0.000830297  0.00075089 0.000656097 0.000581931 0.000501933
 0.00113333  0.00106559  0.00103148 0.000934349 0.000867393 0.000769243 0.000695658 0.000607806 0.000539075 0.000464935
    0.00105 0.000987255 0.000955679 0.000865675 0.000803637 0.000712677 0.000644487 0.000563068 0.000499373 0.000430663
0.000972792 0.000914678 0.000885448 0.000802047 0.000744566  0.00066027 0.000597079 0.000521622 0.000462595 0.000398916
0.000901261 0.000847435 0.000820378 0.000743094 0.000689836 0.000611715 0.000553157 0.000483226 0.000428524 0.000369509
0.000834988 0.000785134 0.000760088 0.000688474 0.000639129  0.00056673 0.000512465 0.000447655 0.000396962 0.000342269
0.000773588 0.000727412 0.000704228 0.000637867 0.000592147 0.000525052 0.000474766 0.000414702 0.000367724 0.000317036
0.000716701 0.000673933 0.000652473  0.00059098 0.000548618 0.000486439 0.000439839 0.000384174 0.000340638 0.000293662
0.000663996 0.000624384  0.00060452 0.000547538 0.000508288 0.000450664 0.000407481 0.000355892 0.000315547 0.000272011
0.000615166 0.000578477  0.00056009 0.000507288 0.000470922 0.000417519 0.000377503 0.000329692 0.000292303 0.000251956
0.000569926 0.000535945 0.000518925 0.000469997 0.000436303 0.000386812  0.00034973  0.00030542 0.000270771 0.000233379
0.000528012 0.000496538 0.000480785 0.000435446 0.000404227 0.000358362 0.000323999 0.000282934 0.000250824 0.000216171
0.000489179 0.000460029 0.000445447 0.000403434 0.000374509 0.000332004 0.000300161 0.000262103 0.000232347 0.000200231
0.000453202 0.000426203 0.000412706 0.000373775 0.000346976 0.000307585 0.000278076 0.000242805  0.00021523 0.000185466
 0.00041987 0.000394864 0.000382371 0.000346296 0.000321466  0.00028496 0.000257616 0.000224928 0.000199373 0.000171789
0.000388989 0.000365828 0.000354264 0.000320837 0.000297831    0.000264  0.00023866 0.000208366 0.000184685 0.000159121
0.000360378 0.000338927 0.000328224 0.000297248 0.000275933 0.000244581 0.000221099 0.000193024 0.000171078 0.000147386
0.000333871 0.000314004 0.000304097 0.000275394 0.000255645 0.000226589  0.00020483 0.000178811 0.000158473 0.000136516
0.000309313 0.000290913 0.000281743 0.000255146 0.000236848 0.000209921 0.000189757 0.000165644 0.000146796 0.000126448
0.000286561 0.000269519 0.000261032 0.000236386 0.000219433 0.000194479 0.000175794 0.000153446  0.00013598 0.000117122
0.000265482 0.000249699 0.000241843 0.000219006 0.000203298 0.000180172 0.000162857 0.000142146  0.00012596 0.000108483
0.000245954 0.000231335 0.000224064 0.000202902 0.000188349 0.000166918 0.000150872 0.000131678 0.000116678 0.000100482
0.000227861 0.000214322 0.000207592 0.000187983 0.000174499 0.000154638 0.000139769 0.000121981  0.00010808 9.30699e-05
0.000211099 0.000198559  0.00019233  0.00017416 0.000161667 0.000143261 0.000129483 0.000112997 0.000100116 8.62046e-05
0.000195569 0.000183956 0.000178191 0.000161354 0.000149779 0.000132721 0.000119953 0.000104675 9.27378e-05 7.98456e-05
0.000181182 0.000170426  0.00016509 0.000149488 0.000138764 0.000122957 0.000111125 9.69657e-05 8.59033e-05 7.39554e-05
0.000167853 0.000157891 0.000152952 0.000138496  0.00012856  0.00011391 0.000102946 8.98239e-05 7.95723e-05 6.84995e-05
0.000155504 0.000146278 0.000141707 0.000128311 0.000119105 0.000105529 9.53691e-05 8.32079e-05 7.37077e-05  6.3446e-05
0.000144063 0.000135518 0.000131288 0.000118875 0.000110346 9.77643e-05 8.83495e-05 7.70791e-05 6.82752e-05 5.87651e-05
0.000133464  0.00012555 0.000121635 0.000110133  0.00010223 9.05707e-05 8.18465e-05 7.14015e-05 6.32429e-05 5.44294e-05
0.000123644 0.000116315 0.000112691 0.000102033 9.47117e-05 8.39064e-05 7.58219e-05 6.61419e-05 5.85814e-05 5.04134e-05
0.000114547 0.000107759 0.000104405 9.45291e-05 8.77458e-05 7.77322e-05 7.02407e-05 6.12697e-05 5.42634e-05 4.66937e-05
0.000106119 9.98321e-05 9.67282e-05 8.75769e-05 8.12921e-05 7.20122e-05 6.50702e-05 5.67562e-05 5.02635e-05 4.32482e-05
9.83103e-05 9.24882e-05 8.96155e-05 8.11357e-05 7.53129e-05  6.6713e-05 6.02801e-05 5.25751e-05 4.65583e-05 4.00569e-05
9.10764e-05 8.56843e-05 8.30257e-05 7.51682e-05 6.97734e-05 6.18037e-05 5.58426e-05 4.87019e-05 4.31261e-05  3.7101e-05
8.43746e-05 7.93809e-05 7.69204e-05 6.96395e-05 6.46412e-05 5.72555e-05 5.17316e-05  4.5114e-05 3.99469e-05 3.43631e-05
7.81658e-05  7.3541e-05 7.12639e-05 6.45173e-05 5.98864e-05 5.30419e-05 4.79231e-05 4.17902e-05 3.70019e-05 3.18271e-05
7.24137e-05 6.81306e-05 6.60232e-05 5.97717e-05 5.54813e-05 4.91383e-05  4.4395e-05 3.87113e-05  3.4274e-05 2.94782e-05
6.70848e-05 6.31181e-05 6.11678e-05 5.53751e-05 5.14001e-05 4.55219e-05 4.11265e-05 3.58591e-05  3.1747e-05 2.73026e-05
6.21479e-05 5.84743e-05 5.66694e-05 5.13018e-05  4.7619e-05 4.21715e-05 3.80985e-05  3.3217e-05 2.94064e-05 2.52875e-05
5.75743e-05 5.41721e-05 5.25017e-05 4.75281e-05  4.4116e-05 3.90677e-05 3.52934e-05 3.07694e-05 2.72382e-05  2.3421e-05
5.33371e-05 5.01863e-05 4.86404e-05 4.40318e-05 4.08706e-05 3.61922e-05 3.26948e-05 2.85022e-05 2.52298e-05 2.16922e-05
4.94116e-05 4.64937e-05 4.50631e-05 4.07927e-05 3.78639e-05 3.35283e-05 3.02874e-05 2.64019e-05 2.33694e-05  2.0091e-05
 4.5775e-05 4.30726e-05 4.17487e-05 3.77918e-05 3.50783e-05 3.10604e-05 2.80573e-05 2.44564e-05 2.16462e-05 1.86079e-05
4.24059e-05 3.99033e-05 3.86781e-05 3.50116e-05 3.24976e-05 2.87741e-05 2.59913e-05 2.26542e-05   2.005e-05 1.72343e-05
3.92847e-05  3.6967e-05 3.58332e-05 3.24358e-05 3.01066e-05 2.66561e-05 2.40774e-05 2.09847e-05 1.85714e-05  1.5962e-05
3.63932e-05 3.42468e-05 3.31976e-05 3.00495e-05 2.78916e-05 2.46939e-05 2.23043e-05 1.94382e-05 1.72018e-05 1.47836e-05
3.37144e-05 3.17267e-05 3.07557e-05 2.78387e-05 2.58394e-05 2.28761e-05 2.06618e-05 1.80056e-05 1.59332e-05 1.36921e-05
3.12327e-05 2.93919e-05 2.84934e-05 2.57905e-05 2.39382e-05  2.1192e-05 1.91402e-05 1.66786e-05 1.47581e-05 1.26812e-05
2.89337e-05 2.72289e-05 2.63975e-05  2.3893e-05 2.21769e-05 1.96319e-05 1.77306e-05 1.54493e-05 1.36697e-05 1.17449e-05
2.68038e-05 2.52251e-05 2.44556e-05  2.2135e-05 2.05451e-05 1.81866e-05 1.64248e-05 1.43106e-05 1.26614e-05 1.08777e-05
2.48307e-05 2.33686e-05 2.26566e-05 2.05063e-05 1.90333e-05 1.68477e-05 1.52151e-05 1.32558e-05 1.17275e-05 1.00744e-05
2.30027e-05 2.16488e-05 2.09899e-05 1.89974e-05 1.76328e-05 1.56073e-05 1.40945e-05 1.22787e-05 1.08625e-05 9.33051e-06
2.13093e-05 2.00555e-05 1.94458e-05 1.75996e-05 1.63352e-05 1.44582e-05 1.30564e-05 1.13736e-05 1.00612e-05 8.64148e-06
1.97405e-05 1.85794e-05 1.80152e-05 1.63045e-05 1.51331e-05 1.33937e-05 1.20947e-05 1.05352e-05 9.31905e-06 8.00331e-06
1.82872e-05 1.72119e-05 1.66898e-05 1.51047e-05 1.40195e-05 1.24076e-05 1.12038e-05 9.75861e-06 8.63159e-06 7.41225e-06
1.69408e-05  1.5945e-05 1.54619e-05 1.39932e-05 1.29878e-05  1.1494e-05 1.03786e-05 9.03921e-06 7.99482e-06 6.86481e-06
1.56935e-05 1.47714e-05 1.43244e-05 1.29634e-05  1.2032e-05 1.06476e-05 9.61407e-06 8.37282e-06 7.40501e-06 6.35779e-06
1.45381e-05 1.36841e-05 1.32705e-05 1.20094e-05 1.11465e-05 9.86359e-06 8.90586e-06 7.75554e-06 6.85869e-06 5.88819e-06
1.34676e-05 1.26768e-05 1.22941e-05 1.11256e-05 1.03261e-05 9.13726e-06  8.2498e-06 7.18375e-06 6.35266e-06 5.45327e-06
 1.2476e-05 1.17436e-05 1.13895e-05 1.03068e-05 9.56611e-06  8.4644e-06 7.64205e-06  6.6541e-06 5.88395e-06 5.05045e-06
1.15573e-05 1.08792e-05 1.05515e-05 9.54827e-06 8.86204e-06 7.84107e-06 7.07905e-06 6.16349e-06  5.4498e-06 4.67737e-06
1.07063e-05 1.00783e-05 9.77506e-06 8.84552e-06 8.20976e-06 7.26363e-06 6.55752e-06 5.70903e-06 5.04767e-06 4.33183e-06
9.91791e-06 9.33634e-06 9.05578e-06 8.19448e-06 7.60548e-06  6.7287e-06  6.0744e-06 5.28807e-06 4.67521e-06 4.01181e-06
9.18756e-06 8.64901e-06 8.38941e-06 7.59135e-06 7.04567e-06 6.23315e-06 5.62685e-06 4.89813e-06 4.33021e-06 3.71542e-06
8.51097e-06 8.01226e-06 7.77206e-06 7.03259e-06 6.52705e-06 5.77408e-06 5.21227e-06 4.53694e-06 4.01066e-06 3.44092e-06
7.88419e-06 7.42237e-06 7.20012e-06 6.51494e-06 6.04659e-06 5.34881e-06 4.82822e-06 4.20237e-06 3.71468e-06 3.18668e-06
7.30355e-06 6.87589e-06 6.67026e-06 6.03539e-06 5.60148e-06 4.95485e-06 4.47246e-06 3.89246e-06 3.44053e-06 2.95122e-06
7.09701e-06  6.6815e-06 6.48177e-06  5.8648e-06 5.44315e-06 4.81471e-06 4.34591e-06 3.78223e-06 3.34302e-06 2.86748e-06
7.09701e-06  6.6815e-06 6.48177e-06  5.8648e-06 5.44315e-06 4.81471e-06 4.34591e-06 3.78223e-06 3.34302e-06 2.86748e-06
7.09701e-06  6.6815e-06 6.48177e-06  5.8648e-06 5.44315e-06 4.81471e-06 4.34591e-06 3.78223e-06 3.34302e-06 2.86748e-06
7.09701e-06  6.6815e-06 6.48177e-06  5.8648e-06 5.44315e-06 4.81471e-06 4.34591e-06 3.78223e-06 3.34302e-06 2.86748e-06
7.09701e-06  6.6815e-06 6.48177e-06  5.8648e-06 5.44315e-06 4.81471e-06 4.34591e-06 3.78223e-06 3.34302e-06 2.86748e-06
7.09701e-06  6.6815e-06 6.48177e-06  5.8648e-06 5.44315e-06 4.81471e-06 4.34591e-06 3.78223e-06 3.34302e-06 2.86748e-06
7.09701e-06  6.6815e-06 6.48177e-06  5.8648e-06 5.44315e-06 4.81471e-06 4.34591e-06 3.78223e-06 3.34302e-06 2.86748e-06
7.09701e-06  6.6815e-06 6.48177e-06  5.8648e-06 5.44315e-06 4.81471e-06 4.34591e-06 3.78223e-06 3.34302e-06 2.86748e-06
7.09701e-06  6.6815e-06 6.48177e-06  5.8648e-06 5.44315e-06 4.81471e-06 4.34591e-06 3.78223e-06 3.34302e-06 2.86748e-06
7.09701e-06  6.6815e-06 6.48177e-06  5.8648e-06 5.44315e-06 4.81471e-06 4.34591e-06 3.78223e-06 3.34302e-06 2.86748e-06
7.09701e-06  6.6815e-06 6.48177e-06  5.8648e-06 5.44315e-06 4.81471e-06 4.34591e-06 3.78223e-06 3.34302e-06 2.86748e-06
7.09701e-06  6.6815e-06 6.48177e-06  5.8648e-06 5.44315e-06 4.81471e-06 4.34591e-06 3.78223e-06 3.34302e-06 2.86748e-06
7.09701e-06  6.6815e-06 6.48177e-06  5.8648e-06 5.44315e-06 4.81471e-06 4.34591e-06 3.78223e-06 3.34302e-06 2.86748e-06
7.09701e-06  6.6815e-06 6.48177e-06  5.8648e-06 5.44315e-06 4.81471e-06 4.34591e-06 3.78223e-06 3.34302e-06 2.86748e-06
7.09701e-06  6.6815e-06 6.48177e-06  5.8648e-06 5.44315e-06 4.81471e-06 4.34591e-06 3.78223e-06 3.34302e-06 2.86748e-06
7.09701e-06  6.6815e-06 6.48177e-06  5.8648e-06 5.44315e-06 4.81471e-06 4.34591e-06 3.78223e-06 3.34302e-06 2.86748e-06
7.09701e-06  6.6815e-06 6.48177e-06  5.8648e-06 5.44315e-06 4.81471e-06 4.34591e-06 3.78223e-06 3.34302e-06 2.86748e-06
7.09701e-06  6.6815e-06 6.48177e-06  5.8648e-06 5.44315e-06 4.81471e-06 4.34591e-06 3.78223e-06 3.34302e-06 2.86748e-06
7.09701e-06  6.6815e-06 6.48177e-06  5.8648e-06 5.44315e-06 4.81471e-06 4.34591e-06 3.78223e-06 3.34302e-06 2.86748e-06
7.09701e-06  6.6815e-06 6.48177e-06  5.8648e-06 5.44315e-06 4.81471e-06 4.34591e-06 3.78223e-06 3.34302e-06 2.86748e-06
7.09701e-06  6.6815e-06 6.48177e-06  5.8648e-06 5.44315e-06 4.81471e-06 4.34591e-06 3.78223e-06 3.34302e-06 2.86748e-06
7.09701e-06  6.6815e-06 6.48177e-06  5.8648e-06 5.44315e-06 4.81471e-06 4.34591e-06 3.78223e-06 3.34302e-06 2.86748e-06
7.09701e-06  6.6815e-06 6.48177e-06  5.8648e-06 5.44315e-06 4.81471e-06 4.34591e-06 3.78223e-06 3.34302e-06 2.86748e-06
7.09701e-06  6.6815e-06 6.48177e-06  5.8648e-06 5.44315e-06 4.81471e-06 4.34591e-06 3.78223e-06 3.34302e-06 2.86748e-06
7.09701e-06  6.6815e-06 6.48177e-06  5.8648e-06 5.44315e-06 4.81471e-06 4.34591e-06 3.78223e-06 3.34302e-06 2.86748e-06
7.09701e-06  6.6815e-06 6.48177e-06  5.8648e-06 5.44315e-06 4.81471e-06 4.34591e-06 3.78223e-06 3.34302e-06 2.86748e-06
7.09701e-06  6.6815e-06 6.48177e-06  5.8648e-06 5.44315e-06 4.81471e-06 4.34591e-06 3.78223e-06 3.34302e-06 2.86748e-06
7.09701e-06  6.6815e-06 6.48177e-06  5.8648e-06 5.44315e-06 4.81471e-06 4.34591e-06 3.78223e-06 3.34302e-06 2.86748e-06
7.09701e-06  6.6815e-06 6.48177e-06  5.8648e-06 5.44315e-06 4.81471e-06 4.34591e-06 3.78223e-06 3.34302e-06 2.86748e-06
7.09701e-06  6.6815e-06 6.48177e-06  5.8648e-06 5.44315e-06 4.81471e-06 4.34591e-06 3.78223e-06 3.34302e-06 2.86748e-06
7.09701e-06  6.6815e-06 6.48177e-06  5.8648e-06 5.44315e-06 4.81471e-06 4.34591e-06 3.78223e-06 3.34302e-06 2.86748e-06
7.09701e-06  6.6815e-06 6.48177e-06  5.8648e-06 5.44315e-06 4.81471e-06 4.34591e-06 3.78223e-06 3.34302e-06 2.86748e-06
7.09701e-06  6.6815e-06 6.48177e-06  5.8648e-06 5.44315e-06 4.81471e-06 4.34591e-06 3.78223e-06 3.34302e-06 2.86748e-06
7.09701e-06  6.6815e-06 6.48177e-06  5.8648e-06 5.44315e-06 4.81471e-06 4.34591e-06 3.78223e-06 3.34302e-06 2.86748e-06
7.09701e-06  6.6815e-06 6.48177e-06  5.8648e-06 5.44315e-06 4.81471e-06 4.34591e-06 3.78223e-06 3.34302e-06 2.86748e-06
7.09701e-06  6.6815e-06 6.48177e-06  5.8648e-06 5.44315e-06 4.81471e-06 4.34591e-06 3.78223e-06 3.34302e-06 2.86748e-06
7.09701e-06  6.6815e-06 6.48177e-06  5.8648e-06 5.44315e-06 4.81471e-06 4.34591e-06 3.78223e-06 3.34302e-06 2.86748e-06
7.09701e-06  6.6815e-06 6.48177e-06  5.8648e-06 5.44315e-06 4.81471e-06 4.34591e-06 3.78223e-06 3.34302e-06 2.86748e-06
7.09701e-06  6.6815e-06 6.48177e-06  5.8648e-06 5.44315e-06 4.81471e-06 4.34591e-06 3.78223e-06 3.34302e-06 2.86748e-06
7.09701e-06  6.6815e-06 6.48177e-06  5.8648e-06 5.44315e-06 4.81471e-06 4.34591e-06 3.78223e-06 3.34302e-06 2.86748e-06
7.09701e-06  6.6815e-06 6.48177e-06  5.8648e-06 5.44315e-06 4.81471e-06 4.34591e-06 3.78223e-06 3.34302e-06 2.86748e-06
7.09701e-06  6.6815e-06 6.48177e-06  5.8648e-06 5.44315e-06 4.81471e-06 4.34591e-06 3.78223e-06 3.34302e-06 2.86748e-06
7.09701e-06  6.6815e-06 6.48177e-06  5.8648e-06 5.44315e-06 4.81471e-06 4.34591e-06 3.78223e-06 3.34302e-06 2.86748e-06
7.09701e-06  6.6815e-06 6.48177e-06  5.8648e-06 5.44315e-06 4.81471e-06 4.34591e-06 3.78223e-06 3.34302e-06 2.86748e-06
7.09701e-06  6.6815e-06 6.48177e-06  5.8648e-06 5.44315e-06 4.81471e-06 4.34591e-06 3.78223e-06 3.34302e-06 2.86748e-06
7.09701e-06  6.6815e-06 6.48177e-06  5.8648e-06 5.44315e-06 4.81471e-06 4.34591e-06 3.78223e-06 3.34302e-06 2.86748e-06
7.09701e-06  6.6815e-06 6.48177e-06  5.8648e-06 5.44315e-06 4.81471e-06 4.34591e-06 3.78223e-06 3.34302e-06 2.86748e-06
7.09701e-06  6.6815e-06 6.48177e-06  5.8648e-06 5.44315e-06 4.81471e-06 4.34591e-06 3.78223e-06 3.34302e-06 2.86748e-06
7.09701e-06  6.6815e-06 6.48177e-06  5.8648e-06 5.44315e-06 4.81471e-06 4.34591e-06 3.78223e-06 3.34302e-06 2.86748e-06
7.09701e-06  6.6815e-06 6.48177e-06  5.8648e-06 5.44315e-06 4.81471e-06 4.34591e-06 3.78223e-06 3.34302e-06 2.86748e-06
7.09701e-06  6.6815e-06 6.48177e-06  5.8648e-06 5.44315e-06 4.81471e-06 4.34591e-06 3.78223e-06 3.34302e-06 2.86748e-06
7.09701e-06  6.6815e-06 6.48177e-06  5.8648e-06 5.44315e-06 4.81471e-06 4.34591e-06 3.78223e-06 3.34302e-06 2.86748e-06
7.09701e-06  6.6815e-06 6.48177e-06  5.8648e-06 5.44315e-06 4.81471e-06 4.34591e-06 3.78223e-06 3.34302e-06 2.86748e-06
7.09701e-06  6.6815e-06 6.48177e-06  5.8648e-06 5.44315e-06 4.81471e-06 4.34591e-06 3.78223e-06 3.34302e-06 2.86748e-06
7.09701e-06  6.6815e-06 6.48177e-06  5.8648e-06 5.44315e-06 4.81471e-06 4.34591e-06 3.78223e-06 3.34302e-06 2.86748e-06
7.09701e-06  6.6815e-06 6.48177e-06  5.8648e-06 5.44315e-06 4.81471e-06 4.34591e-06 3.78223e-06 3.34302e-06 2.86748e-06
7.09701e-06  6.6815e-06 6.48177e-06  5.8648e-06 5.44315e-06 4.81471e-06 4.34591e-06 3.78223e-06 3.34302e-06 2.86748e-06
7.09701e-06  6.6815e-06 6.48177e-06  5.8648e-06 5.44315e-06 4.81471e-06 4.34591e-06 3.78223e-06 3.34302e-06 2.86748e-06
7.09701e-06  6.6815e-06 6.48177e-06  5.8648e-06 5.44315e-06 4.81471e-06 4.34591e-06 3.78223e-06 3.34302e-06 2.86748e-06
7.09701e-06  6.6815e-06 6.48177e-06  5.8648e-06 5.44315e-06 4.81471e-06 4.34591e-06 3.78223e-06 3.34302e-06 2.86748e-06
7.09701e-06  6.6815e-06 6.48177e-06  5.8648e-06 5.44315e-06 4.81471e-06 4.34591e-06 3.78223e-06 3.34302e-06 2.86748e-06
7.09701e-06  6.6815e-06 6.48177e-06  5.8648e-06 5.44315e-06 4.81471e-06 4.34591e-06 3.78223e-06 3.34302e-06 2.86748e-06
7.09701e-06  6.6815e-06 6.48177e-06  5.8648e-06 5.44315e-06 4.81471e-06 4.34591e-06 3.78223e-06 3.34302e-06 2.86748e-06
7.09701e-06  6.6815e-06 6.48177e-06  5.8648e-06 5.44315e-06 4.81471e-06 4.34591e-06 3.78223e-06 3.34302e-06 2.86748e-06
7.09701e-06  6.6815e-06 6.48177e-06  5.8648e-06 5.44315e-06 4.81471e-06 4.34591e-06 3.78223e-06 3.34302e-06 2.86748e-06
7.09701e-06  6.6815e-06 6.48177e-06  5.8648e-06 5.44315e-06 4.81471e-06 4.34591e-06 3.78223e-06 3.34302e-06 2.86748e-06
7.09701e-06  6.6815e-06 6.48177e-06  5.8648e-06 5.44315e-06 4.81471e-06 4.34591e-06 3.78223e-06 3.34302e-06 2.86748e-06
7.09701e-06  6.6815e-06 6.48177e-06  5.8648e-06 5.44315e-06 4.81471e-06 4.34591e-06 3.78223e-06 3.34302e-06 2.86748e-06
7.09701e-06  6.6815e-06 6.48177e-06  5.8648e-06 5.44315e-06 4.81471e-06 4.34591e-06 3.78223e-06 3.34302e-06 2.86748e-06
7.09701e-06  6.6815e-06 6.48177e-06  5.8648e-06 5.44315e-06 4.81471e-06 4.34591e-06 3.78223e-06 3.34302e-06 2.86748e-06
7.09701e-06  6.6815e-06 6.48177e-06  5.8648e-06 5.44315e-06 4.81471e-06 4.34591e-06 3.78223e-06 3.34302e-06 2.86748e-06
7.09701e-06  6.6815e-06 6.48177e-06  5.8648e-06 5.44315e-06 4.81471e-06 4.34591e-06 3.78223e-06 3.34302e-06 2.86748e-06
7.09701e-06  6.6815e-06 6.48177e-06  5.8648e-06 5.44315e-06 4.81471e-06 4.34591e-06 3.78223e-06 3.34302e-06 2.86748e-06
7.09701e-06  6.6815e-06 6.48177e-06  5.8648e-06 5.44315e-06 4.81471e-06 4.34591e-06 3.78223e-06 3.34302e-06 2.86748e-06
7.09701e-06  6.6815e-06 6.48177e-06  5.8648e-06 5.44315e-06 4.81471e-06 4.34591e-06 3.78223e-06 3.34302e-06 2.86748e-06
7.09701e-06  6.6815e-06 6.48177e-06  5.8648e-06 5.44315e-06 4.81471e-06 4.34591e-06 3.78223e-06 3.34302e-06 2.86748e-06
7.09701e-06  6.6815e-06 6.48177e-06  5.8648e-06 5.44315e-06 4.81471e-06 4.34591e-06 3.78223e-06 3.34302e-06 2.86748e-06
7.09701e-06  6.6815e-06 6.48177e-06  5.8648e-06 5.44315e-06 4.81471e-06 4.34591e-06 3.78223e-06 3.34302e-06 2.86748e-06
7.09701e-06  6.6815e-06 6.48177e-06  5.8648e-06 5.44315e-06 4.81471e-06 4.34591e-06 3.78223e-06 3.34302e-06 2.86748e-06
7.09701e-06  6.6815e-06 6.48177e-06  5.8648e-06 5.44315e-06 4.81471e-06 4.34591e-06 3.78223e-06 3.34302e-06 2.86748e-06
7.09701e-06  6.6815e-06 6.48177e-06  5.8648e-06 5.44315e-06 4.81471e-06 4.34591e-06 3.78223e-06 3.34302e-06 2.86748e-06
7.09701e-06  6.6815e-06 6.48177e-06  5.8648e-06 5.44315e-06 4.81471e-06 4.34591e-06 3.78223e-06 3.34302e-06 2.86748e-06
7.09701e-06  6.6815e-06 6.48177e-06  5.8648e-06 5.44315e-06 4.81471e-06 4.34591e-06 3.78223e-06 3.34302e-06 2.86748e-06
7.09701e-06  6.6815e-06 6.48177e-06  5.8648e-06 5.44315e-06 4.81471e-06 4.34591e-06 3.78223e-06 3.34302e-06 2.86748e-06
7.09701e-06  6.6815e-06 6.48177e-06  5.8648e-06 5.44315e-06 4.81471e-06 4.34591e-06 3.78223e-06 3.34302e-06 2.86748e-06
7.09701e-06  6.6815e-06 6.48177e-06  5.8648e-06 5.44315e-06 4.81471e-06 4.34591e-06 3.78223e-06 3.34302e-06 2.86748e-06
7.09701e-06  6.6815e-06 6.48177e-06  5.8648e-06 5.44315e-06 4.81471e-06 4.34591e-06 3.78223e-06 3.34302e-06 2.86748e-06
7.09701e-06  6.6815e-06 6.48177e-06  5.8648e-06 5.44315e-06 4.81471e-06 4.34591e-06 3.78223e-06 3.34302e-06 2.86748e-06
7.09701e-06  6.6815e-06 6.48177e-06  5.8648e-06 5.44315e-06 4.81471e-06 4.34591e-06 3.78223e-06 3.34302e-06 2.86748e-06
7.09701e-06  6.6815e-06 6.48177e-06  5.8648e-06 5.44315e-06 4.81471e-06 4.34591e-06 3.78223e-06 3.34302e-06 2.86748e-06
7.09701e-06  6.6815e-06 6.48177e-06  5.8648e-06 5.44315e-06 4.81471e-06 4.34591e-06 3.78223e-06 3.34302e-06 2.86748e-06
7.09701e-06  6.6815e-06 6.48177e-06  5.8648e-06 5.44315e-06 4.81471e-06 4.34591e-06 3.78223e-06 3.34302e-06 2.86748e-06
7.09701e-06  6.6815e-06 6.48177e-06  5.8648e-06 5.44315e-06 4.81471e-06 4.34591e-06 3.78223e-06 3.34302e-06 2.86748e-06
7.09701e-06  6.6815e-06 6.48177e-06  5.8648e-06 5.44315e-06 4.81471e-06 4.34591e-06 3.78223e-06 3.34302e-06 2.86748e-06
7.09701e-06  6.6815e-06 6.48177e-06  5.8648e-06 5.44315e-06 4.81471e-06 4.34591e-06 3.78223e-06 3.34302e-06 2.86748e-06
7.09701e-06  6.6815e-06 6.48177e-06  5.8648e-06 5.44315e-06 4.81471e-06 4.34591e-06 3.78223e-06 3.34302e-06 2.86748e-06
7.09701e-06  6.6815e-06 6.48177e-06  5.8648e-06 5.44315e-06 4.81471e-06 4.34591e-06 3.78223e-06 3.34302e-06 2.86748e-06
7.09701e-06  6.6815e-06 6.48177e-06  5.8648e-06 5.44315e-06 4.81471e-06 4.34591e-06 3.78223e-06 3.34302e-06 2.86748e-06
7.09701e-06  6.6815e-06 6.48177e-06  5.8648e-06 5.44315e-06 4.81471e-06 4.34591e-06 3.78223e-06 3.34302e-06 2.86748e-06
7.09701e-06  6.6815e-06 6.48177e-06  5.8648e-06 5.44315e-06 4.81471e-06 4.34591e-06 3.78223e-06 3.34302e-06 2.86748e-06
7.09701e-06  6.6815e-06 6.48177e-06  5.8648e-06 5.44315e-06 4.81471e-06 4.34591e-06 3.78223e-06 3.34302e-06 2.86748e-06
7.09701e-06  6.6815e-06 6.48177e-06  5.8648e-06 5.44315e-06 4.81471e-06 4.34591e-06 3.78223e-06 3.34302e-06 2.86748e-06
7.09701e-06  6.6815e-06 6.48177e-06  5.8648e-06 5.44315e-06 4.81471e-06 4.34591e-06 3.78223e-06 3.34302e-06 2.86748e-06
7.09701e-06  6.6815e-06 6.48177e-06  5.8648e-06 5.44315e-06 4.81471e-06 4.34591e-06 3.78223e-06 3.34302e-06 2.86748e-06
7.09701e-06  6.6815e-06 6.48177e-06  5.8648e-06 5.44315e-06 4.81471e-06 4.34591e-06 3.78223e-06 3.34302e-06 2.86748e-06
7.09701e-06  6.6815e-06 6.48177e-06  5.8648e-06 5.44315e-06 4.81471e-06 4.34591e-06 3.78223e-06 3.34302e-06 2.86748e-06
7.09701e-06  6.6815e-06 6.48177e-06  5.8648e-06 5.44315e-06 4.81471e-06 4.34591e-06 3.78223e-06 3.34302e-06 2.86748e-06
7.09701e-06  6.6815e-06 6.48177e-06  5.8648e-06 5.44315e-06 4.81471e-06 4.34591e-06 3.78223e-06 3.34302e-06 2.86748e-06
7.09701e-06  6.6815e-06 6.48177e-06  5.8648e-06 5.44315e-06 4.81471e-06 4.34591e-06 3.78223e-06 3.34302e-06 2.86748e-06
7.09701e-06  6.6815e-06 6.48177e-06  5.8648e-06 5.44315e-06 4.81471e-06 4.34591e-06 3.78223e-06 3.34302e-06 2.86748e-06
7.09701e-06  6.6815e-06 6.48177e-06  5.8648e-06 5.44315e-06 4.81471e-06 4.34591e-06 3.78223e-06 3.34302e-06 2.86748e-06
7.09701e-06  6.6815e-06 6.48177e-06  5.8648e-06 5.44315e-06 4.81471e-06 4.34591e-06 3.78223e-06 3.34302e-06 2.86748e-06
7.09701e-06  6.6815e-06 6.48177e-06  5.8648e-06 5.44315e-06 4.81471e-06 4.34591e-06 3.78223e-06 3.34302e-06 2.86748e-06
7.09701e-06  6.6815e-06 6.48177e-06  5.8648e-06 5.44315e-06 4.81471e-06 4.34591e-06 3.78223e-06 3.34302e-06 2.86748e-06
7.09701e-06  6.6815e-06 6.48177e-06  5.8648e-06 5.44315e-06 4.81471e-06 4.34591e-06 3.78223e-06 3.34302e-06 2.86748e-06
7.09701e-06  6.6815e-06 6.48177e-06  5.8648e-06 5.44315e-06 4.81471e-06 4.34591e-06 3.78223e-06 3.34302e-06 2.86748e-06
7.09701e-06  6.6815e-06 6.48177e-06  5.8648e-06 5.44315e-06 4.81471e-06 4.34591e-06 3.78223e-06 3.34302e-06 2.86748e-06
7.09701e-06  6.6815e-06 6.48177e-06  5.8648e-06 5.44315e-06 4.81471e-06 4.34591e-06 3.78223e-06 3.34302e-06 2.86748e-06
7.09701e-06  6.6815e-06 6.48177e-06  5.8648e-06 5.44315e-06 4.81471e-06 4.34591e-06 3.78223e-06 3.34302e-06 2.86748e-06
7.09701e-06  6.6815e-06 6.48177e-06  5.8648e-06 5.44315e-06 4.81471e-06 4.34591e-06 3.78223e-06 3.34302e-06 2.86748e-06
7.09701e-06  6.6815e-06 6.48177e-06  5.8648e-06 5.44315e-06 4.81471e-06 4.34591e-06 3.78223e-06 3.34302e-06 2.86748e-06
7.09701e-06  6.6815e-06 6.48177e-06  5.8648e-06 5.44315e-06 4.81471e-06 4.34591e-06 3.78223e-06 3.34302e-06 2.86748e-06
7.09701e-06  6.6815e-06 6.48177e-06  5.8648e-06 5.44315e-06 4.81471e-06 4.34591e-06 3.78223e-06 3.34302e-06 2.86748e-06
7.09701e-06  6.6815e-06 6.48177e-06  5.8648e-06 5.44315e-06 4.81471e-06 4.34591e-06 3.78223e-06 3.34302e-06 2.86748e-06
7.09701e-06  6.6815e-06 6.48177e-06  5.8648e-06 5.44315e-06 4.81471e-06 4.34591e-06 3.78223e-06 3.34302e-06 2.86748e-06
7.09701e-06  6.6815e-06 6.48177e-06  5.8648e-06 5.44315e-06 4.81471e-06 4.34591e-06 3.78223e-06 3.34302e-06 2.86748e-06
7.09701e-06  6.6815e-06 6.48177e-06  5.8648e-06 5.44315e-06 4.81471e-06 4.34591e-06 3.78223e-06 3.34302e-06 2.86748e-06
7.09701e-06  6.6815e-06 6.48177e-06  5.8648e-06 5.44315e-06 4.81471e-06 4.34591e-06 3.78223e-06 3.34302e-06 2.86748e-06
7.09701e-06  6.6815e-06 6.48177e-06  5.8648e-06 5.44315e-06 4.81471e-06 4.34591e-06 3.78223e-06 3.34302e-06 2.86748e-06
7.09701e-06  6.6815e-06 6.48177e-06  5.8648e-06 5.44315e-06 4.81471e-06 4.34591e-06 3.78223e-06 3.34302e-06 2.86748e-06
7.09701e-06  6.6815e-06 6.48177e-06  5.8648e-06 5.44315e-06 4.81471e-06 4.34591e-06 3.78223e-06 3.34302e-06 2.86748e-06
7.09701e-06  6.6815e-06 6.48177e-06  5.8648e-06 5.44315e-06 4.81471e-06 4.34591e-06 3.78223e-06 3.34302e-06 2.86748e-06
7.09701e-06  6.6815e-06 6.48177e-06  5.8648e-06 5.44315e-06 4.81471e-06 4.34591e-06 3.78223e-06 3.34302e-06 2.86748e-06
7.09701e-06  6.6815e-06 6.48177e-06  5.8648e-06 5.44315e-06 4.81471e-06 4.34591e-06 3.78223e-06 3.34302e-06 2.86748e-06
