0.102516 0.102516 0.102516 0.102515 0.102514 0.102513 0.102512 0.102509 0.102507 0.102503
0.102514 0.102513 0.102512  0.10251 0.102507 0.102504 0.102501 0.102497 0.102492 0.102487
0.102514 0.102512 0.102511 0.102508 0.102505 0.102502 0.102498 0.102494 0.102489 0.102484
0.102512  0.10251 0.102508 0.102505 0.102501 0.102497 0.102493 0.102488 0.102482 0.102477
 0.10251 0.102507 0.102504   0.1025 0.102496 0.102491 0.102486 0.102481 0.102475 0.102468
0.102507 0.102504   0.1025 0.102496 0.102491 0.102486  0.10248 0.102474 0.102468 0.102461
0.102504   0.1025 0.102496 0.102491 0.102486  0.10248 0.102474 0.102467  0.10246 0.102453
  0.1025 0.102496 0.102491 0.102485  0.10248 0.102474 0.102467  0.10246 0.102452 0.102444
0.102496 0.102491 0.102485 0.102479 0.102473 0.102467  0.10246 0.102452 0.102444 0.102435
0.102491 0.102485 0.102479 0.102473 0.102466 0.102459 0.102451 0.102443 0.102435 0.102426
0.102485 0.102479 0.102473 0.102466 0.102459 0.102451 0.102443 0.102434 0.102425 0.102415
0.102479 0.102473 0.102466 0.102458 0.102451 0.102442 0.102434 0.102424 0.102414 0.102404
0.102472 0.102466 0.102458  0.10245 0.102442 0.102433 0.102424 0.102414 0.102403 0.102392
0.102465 0.102458  0.10245 0.102441 0.102432 0.102423 0.102413 0.102402 0.102391 0.102379
0.102458  0.10245 0.102441 0.102432 0.102422 0.102412 0.102402  0.10239 0.102378 0.102365
 0.10245 0.102441 0.102432 0.102422 0.102412 0.102401 0.102389 0.102377 0.102364 0.102351
0.102441 0.102431 0.102422 0.102411   0.1024 0.102389 0.102376 0.102363  0.10235 0.102335
0.102431 0.102421 0.102411   0.1024 0.102388 0.102376 0.102363 0.102349 0.102334 0.102318
0.102421 0.102411 0.102399 0.102387 0.102375 0.102362 0.102348 0.102333 0.102317   0.1023
 0.10241 0.102399 0.102387 0.102374 0.102361 0.102347 0.102332 0.102316 0.102299 0.102281
0.102399 0.102387 0.102374  0.10236 0.102346 0.102331 0.102315 0.102298  0.10228 0.102261
0.102386 0.102373  0.10236 0.102345  0.10233 0.102314 0.102297 0.102278 0.102259 0.102238
0.102373 0.102359 0.102345 0.102329 0.102313 0.102295 0.102277 0.102258 0.102237 0.102215
0.102359 0.102344 0.102328 0.102312 0.102294 0.102276 0.102256 0.102235 0.102213 0.102189
0.102344 0.102328 0.102311 0.102294 0.102275 0.102255 0.102234 0.102212 0.102188 0.102162
0.102328 0.102311 0.102293 0.102274 0.102254 0.102232  0.10221 0.102186  0.10216 0.102133
0.102311 0.102292 0.102273 0.102253 0.102231 0.102208 0.102184 0.102158 0.102131 0.102102
0.102292 0.102273 0.102252  0.10223 0.102207 0.102183 0.102157 0.102129   0.1021 0.102068
0.102272 0.102251 0.102229 0.102206 0.102181 0.102155 0.102127 0.102098 0.102066 0.102033
0.102251 0.102229 0.102205  0.10218 0.102153 0.102125 0.102095 0.102064  0.10203 0.101995
0.102228 0.102204 0.102179 0.102152 0.102124 0.102093 0.102062 0.102028 0.101992 0.101954
0.102204 0.102178 0.102151 0.102122 0.102092 0.102059 0.102025 0.101989 0.101951 0.101911
0.102178  0.10215 0.102121  0.10209 0.102058 0.102023 0.101987 0.101949 0.101908 0.101866
 0.10215  0.10212 0.102089 0.102056 0.102021 0.101985 0.101946 0.101905 0.101863 0.101817
 0.10212 0.102088 0.102055  0.10202 0.101982 0.101944 0.101903 0.101859 0.101814 0.101766
0.102088 0.102054 0.102019 0.101981 0.101942 0.101901 0.101858 0.101812 0.101764 0.101713
0.102054 0.102018 0.101981 0.101941   0.1019 0.101856  0.10181 0.101762 0.101711 0.101657
0.102018  0.10198  0.10194 0.101899 0.101855 0.101809  0.10176 0.101709 0.101655 0.101598
 0.10198  0.10194 0.101898 0.101853 0.101807 0.101758 0.101707 0.101653 0.101595 0.101535
0.101939 0.101897 0.101852 0.101806 0.101757 0.101705  0.10165 0.101593 0.101532 0.101467
0.101897 0.101852 0.101805 0.101755 0.101703 0.101648  0.10159 0.101529 0.101464 0.101394
0.101851 0.101804 0.101754 0.101702 0.101646 0.101588 0.101526 0.101461 0.101391 0.101316
0.101803 0.101753   0.1017 0.101645 0.101586 0.101524 0.101458 0.101388 0.101313 0.101233
0.101753 0.101699 0.101643 0.101584 0.101522 0.101455 0.101385  0.10131 0.101229 0.101143
0.101699 0.101642 0.101583  0.10152 0.101453 0.101382 0.101306 0.101226 0.101139 0.101047
0.101642 0.101581 0.101517  0.10145 0.101378 0.101302 0.101221 0.101134 0.101041 0.100941
0.101581 0.101516 0.101448 0.101375 0.101298 0.101216 0.101129 0.101035 0.100935 0.100828
0.101515 0.101446 0.101373 0.101295 0.101212 0.101124  0.10103 0.100929 0.100821 0.100705
0.101445 0.101371 0.101292 0.101209  0.10112 0.101025 0.100923 0.100815 0.100698 0.100573
 0.10137 0.101291 0.101206 0.101116  0.10102 0.100918 0.100808 0.100691 0.100566 0.100431
 0.10129 0.101204 0.101113 0.101016 0.100913 0.100803 0.100685 0.100559 0.100423 0.100278
0.101203 0.101111 0.101013 0.100909 0.100797 0.100679 0.100552 0.100416  0.10027 0.100113
  0.10111  0.101011  0.100905  0.100793  0.100673  0.100545  0.100408  0.100262  0.100104 0.0999352
  0.10101  0.100903   0.10079  0.100669  0.100539  0.100401  0.100254  0.100096 0.0999259 0.0997437
 0.100902  0.100787  0.100665  0.100534  0.100395  0.100246  0.100087 0.0999167 0.0997338 0.0995373
 0.100786  0.100662   0.10053   0.10039   0.10024  0.100079 0.0999079 0.0997241 0.0995268 0.0993149
 0.100661  0.100528  0.100386  0.100234  0.100072 0.0998996 0.0997147 0.0995165 0.0993038 0.0990753
 0.100526  0.100383   0.10023  0.100067 0.0998922 0.0997059 0.0995065 0.0992928 0.0990635 0.0988172
 0.100381  0.100227  0.100062 0.0998859  0.099698 0.0994972 0.0992822 0.0990518 0.0988047 0.0985392
 0.100225  0.100059 0.0998809 0.0996913 0.0994888 0.0992723 0.0990406 0.0987923 0.0985258 0.0982396
 0.100057 0.0998776  0.099686 0.0994817 0.0992634 0.0990301 0.0987803 0.0985127 0.0982255  0.097917
0.0998757 0.0996825 0.0994761 0.0992559 0.0990206 0.0987692    0.0985 0.0982115 0.0979019 0.0975694
0.0996805 0.0994723 0.0992499 0.0990127 0.0987592 0.0984882 0.0981981 0.0978871 0.0975534 0.0971951
0.0994702 0.0992459 0.0990063 0.0987507 0.0984775 0.0981855 0.0978728 0.0975377 0.0971781 0.0967919
0.0992437 0.0990021  0.098744 0.0984685 0.0981742 0.0978595 0.0975226 0.0971614 0.0967739 0.0963576
0.0989998 0.0987395 0.0984614 0.0981646 0.0978475 0.0975084 0.0971454 0.0967562 0.0963386   0.09589
 0.098737 0.0984566 0.0981571 0.0978374 0.0974957 0.0971304 0.0967391 0.0963198 0.0958697 0.0953863
 0.098454  0.098152 0.0978293 0.0974849 0.0971168 0.0967232 0.0963017 0.0958498 0.0953648 0.0948437
0.0981492  0.097824 0.0974764 0.0971054 0.0967089 0.0962848 0.0958306 0.0953436 0.0948209 0.0942591
 0.097821 0.0974707 0.0970964 0.0966968 0.0962696 0.0958127 0.0953233 0.0947985 0.0942349 0.0936293
0.0974676 0.0970904 0.0966872 0.0962567 0.0957965 0.0953043 0.0947768 0.0942112 0.0936037 0.0929507
 0.097087 0.0966808 0.0962466 0.0957829 0.0952872 0.0947567 0.0941883 0.0935785 0.0929235 0.0922194
0.0966773 0.0962398 0.0957722 0.0952727 0.0947386 0.0941669 0.0935542 0.0928968 0.0921906 0.0914314
 0.096236  0.095765 0.0952613 0.0947233 0.0941477 0.0935316  0.092871 0.0921623 0.0914008 0.0905822
 0.095761 0.0952537 0.0947111 0.0941314 0.0935111  0.092847 0.0921349 0.0913707 0.0905497  0.089667
0.0952492 0.0947026 0.0941179  0.093493 0.0928242 0.0921081 0.0913403 0.0905162 0.0896308 0.0886789
0.0946979 0.0941089 0.0934787 0.0928051 0.0920841  0.091312  0.090484 0.0895954 0.0886407 0.0876143
 0.094104 0.0934692   0.09279 0.0920638 0.0912865  0.090454 0.0895613 0.0886032 0.0875738 0.0864673
 0.093464 0.0927799 0.0920478 0.0912651 0.0904271 0.0895296 0.0885671 0.0875341 0.0864245 0.0852318
0.0927743 0.0920372 0.0912481 0.0904044 0.0895011 0.0885335  0.087496 0.0863825 0.0851864 0.0839009
0.0920313 0.0912369 0.0903865 0.0894771 0.0885034 0.0874605 0.0863421  0.085142  0.083853 0.0824677
0.0912306 0.0903746 0.0894581  0.088478 0.0874286 0.0863046 0.0850993  0.083806  0.082417 0.0809243
 0.090368 0.0894455  0.088458 0.0874017 0.0862708 0.0850596 0.0837608 0.0823673 0.0808706 0.0792624
0.0894386 0.0884446 0.0873805 0.0862424 0.0850239 0.0837188 0.0823195 0.0808181 0.0792057  0.077473
0.0884373 0.0873665 0.0862201 0.0849939 0.0836812 0.0822752 0.0807676 0.0791502 0.0774132 0.0755466
0.0873589 0.0862056  0.084971 0.0836504 0.0822364 0.0807221 0.0790983 0.0773561 0.0754851 0.0734739
0.0861976 0.0849557 0.0836261 0.0822039 0.0806811 0.0790502 0.0773013 0.0754248 0.0734088 0.0712404
0.0849472 0.0836099 0.0821782 0.0806467 0.0790069 0.0772504 0.0753668 0.0733451 0.0711716 0.0688326
0.0836009 0.0821611 0.0806196 0.0789705 0.0772047 0.0753131 0.0732839 0.0711043   0.06876 0.0662406
0.0821517 0.0806015 0.0789418 0.0771663 0.0752648 0.0732271 0.0710397 0.0686889 0.0661639 0.0634702
0.0805915 0.0789228  0.077136 0.0752242  0.073176 0.0709797 0.0686205 0.0660887 0.0633891 0.0605554
0.0789122 0.0771158 0.0751921  0.073133 0.0709256  0.068557 0.0660163 0.0633095 0.0604695 0.0575526
0.0771046 0.0751706  0.073099 0.0708799 0.0684996 0.0659489 0.0632327  0.060385 0.0574615 0.0545344
0.0751588 0.0730764 0.0708441 0.0684516 0.0658885 0.0631617 0.0603042 0.0573726 0.0544385 0.0515799
0.0730644 0.0708212 0.0684152 0.0658398 0.0631005 0.0602323 0.0572907 0.0543484 0.0514828 0.0487632
0.0708101  0.068394  0.065806 0.0630553 0.0601753 0.0572238 0.0542722  0.051399 0.0486728 0.0461401
0.0683844 0.0657878 0.0630262 0.0601365 0.0571749 0.0542148 0.0513336 0.0486009 0.0460626 0.0437466
0.0657764 0.0630045 0.0601019 0.0571287 0.0541566 0.0512652 0.0485231  0.045977 0.0436543 0.0415701
 0.062975 0.0600461 0.0570401 0.0540383 0.0511165 0.0483485 0.0457783 0.0434359 0.0413346 0.0394819
 0.060007 0.0569575 0.0539077 0.0509364 0.0481217 0.0455082 0.0431278 0.0409934 0.0391133 0.0374867
0.0570096 0.0540077 0.0510953 0.0483348 0.0457763 0.0434432 0.0413526 0.0395084  0.037913 0.0365626
0.0540609 0.0511973  0.048497 0.0459938 0.0437168 0.0416745  0.039875 0.0383162 0.0369977 0.0359137
 0.051256 0.0486093 0.0461723 0.0439561 0.0419755  0.040229 0.0387195 0.0374412 0.0363923 0.0355667
0.0486896 0.0463257 0.0441998 0.0423018 0.0406394 0.0392018 0.0379905 0.0369963 0.0362183   0.03565
0.0464192 0.0443866  0.042598 0.0410415  0.039708 0.0385891 0.0376785  0.036971 0.0364627 0.0361507
0.0443916 0.0426075 0.0410565  0.039728 0.0386142  0.037708 0.0370045 0.0364994 0.0361903 0.0360754
0.0426136 0.0410681 0.0397463 0.0386386 0.0377387 0.0370406 0.0365405 0.0362355 0.0361241 0.0362059
0.0410747 0.0397588 0.0386585 0.0377652 0.0370739 0.0365796   0.03628  0.036173 0.0362586 0.0365374
0.0397659 0.0386719 0.0377866 0.0371025 0.0366156 0.0363222 0.0362211 0.0363115 0.0365944 0.0370717
0.0386796 0.0378011 0.0371255 0.0366464  0.036361 0.0362666 0.0363633 0.0366513 0.0371331 0.0378115
0.0378093 0.0371411 0.0366712 0.0363941 0.0363082 0.0364122  0.036707 0.0371943 0.0378775 0.0387608
0.0371499 0.0366879 0.0364206 0.0363438 0.0364568 0.0367595  0.037254 0.0379432 0.0388316 0.0399246
0.0366973 0.0364385 0.0363722 0.0364949 0.0368073 0.0373102 0.0380072 0.0389019 0.0400005 0.0413092
0.0364486 0.0363913 0.0365253  0.036848 0.0373613 0.0380672 0.0389703 0.0400757 0.0413903 0.0429221
0.0364021 0.0365457 0.0368805 0.0374048 0.0381219 0.0390345 0.0401488 0.0414707 0.0430088 0.0447721
0.0365574 0.0369027 0.0374401 0.0381691  0.039094 0.0402186 0.0415502 0.0430962 0.0448664 0.0468711
0.0369151 0.0374638 0.0382067 0.0391443 0.0402819 0.0416246 0.0431809 0.0449595 0.0469715 0.0492286
 0.037477 0.0382319 0.0391842 0.0403354 0.0416919   0.04326 0.0450496 0.0470706 0.0493354 0.0518572
0.0382459  0.039211 0.0403779 0.0417488 0.0433315 0.0451337 0.0471663 0.0494407 0.0519708 0.0547711
0.0392259 0.0404063 0.0417939  0.043392 0.0452097 0.0472556 0.0495424 0.0520826 0.0548918  0.057986
0.0404221  0.041824 0.0434399 0.0452738 0.0473363 0.0496373 0.0521906 0.0550105 0.0581141 0.0615199
0.0418408 0.0434719 0.0453247 0.0474044 0.0497229 0.0522913 0.0551251 0.0582401 0.0616559 0.0653934
0.0434897 0.0453586 0.0474583 0.0497951  0.052382 0.0552318 0.0583616 0.0617895 0.0655375 0.0696288
0.0453774 0.0474942 0.0498522 0.0524585  0.055328 0.0584747 0.0619182 0.0656791 0.0697816 0.0742458
0.0475142 0.0498902  0.052519 0.0554089 0.0585765 0.0620379 0.0658154 0.0699315 0.0744075 0.0792483
0.0499111 0.0525588 0.0554723 0.0586614 0.0621447 0.0659409 0.0700743 0.0745646 0.0794179  0.084611
 0.052581 0.0555146 0.0587286 0.0622347 0.0660541 0.0702074 0.0747162 0.0795845 0.0847908 0.0902902
0.0555381 0.0587735  0.062306 0.0661496 0.0703275 0.0748574 0.0797453 0.0849676  0.090481 0.0962254
0.0587983 0.0623534 0.0662249 0.0704284 0.0749842 0.0798944 0.0851374 0.0906677 0.0964268  0.102345
0.0623791  0.066274 0.0705065 0.0750888 0.0800259  0.085292 0.0908437 0.0966204  0.102554  0.108567
0.0662997 0.0705555 0.0751666 0.0801302 0.0854231 0.0909978 0.0967959  0.102747  0.108775  0.114799
0.0705804 0.0752141 0.0802056 0.0855241 0.0911249 0.0969452  0.102917  0.108962     0.115  0.120946
0.0752418 0.0802585 0.0856082 0.0912375 0.0970868  0.103083  0.109151  0.115209  0.121171  0.126949
0.0803061 0.0856985 0.0913809 0.0972785  0.103324  0.109435  0.115531  0.121525  0.127331  0.132862
0.0857566 0.0915001 0.0974673  0.103582   0.10976  0.115917  0.121965  0.127817  0.133387  0.138606
 0.091462 0.0973941  0.103466  0.109603   0.11572  0.121734  0.127554  0.133097  0.138293    0.1431
0.0973535  0.103388  0.109479  0.115554  0.121524  0.127307  0.132816  0.137984  0.142767  0.147146
0.103344 0.109395  0.11542 0.121344 0.127081  0.13255  0.13768 0.142433 0.146786 0.150734
0.109347 0.115328 0.121199 0.126886 0.132305 0.137393 0.142105 0.146425 0.150345 0.153868
0.109638 0.115462 0.121092 0.126458 0.131492 0.136158 0.140435  0.14432 0.147813 0.150924
0.115409 0.120989 0.126295 0.131274 0.135884 0.140114 0.143953  0.14741 0.150489 0.153202
0.120934  0.12619 0.131106 0.135659  0.13983  0.14362  0.14703 0.150071 0.152752 0.155086
0.126129 0.130989 0.135474 0.139582 0.143308 0.146663 0.149653 0.152292  0.15459 0.156559
0.130906 0.135314 0.139328 0.142968 0.146235  0.14915  0.15172 0.153961  0.15588 0.157493
0.135216 0.139133 0.142659 0.145816 0.148622 0.151095 0.153248 0.155095 0.156645 0.157907
0.139128 0.142649 0.145801 0.148603 0.151071  0.15322 0.155062 0.156609 0.157868 0.158848
0.142643 0.145789 0.148584 0.151046 0.153189 0.155027 0.156568 0.157824 0.158799 0.159501
0.145783 0.148572 0.151026 0.153163 0.154993 0.156529 0.157779  0.15875 0.159448 0.159876
0.148564 0.151012 0.153141 0.154964 0.156492 0.157736 0.158701 0.159394 0.159818 0.159976
0.151004 0.153126  0.15494  0.15646 0.157696 0.158654 0.159341  0.15976 0.159912   0.1598
0.153117 0.154923 0.156434 0.157661 0.158611  0.15929 0.159702 0.159849 0.159732 0.159349
0.154914 0.156417 0.157633 0.158573 0.159243 0.159646 0.159786 0.159663 0.159275  0.15862
0.156407 0.157614 0.158543 0.159203 0.159596 0.159727 0.159595 0.159201  0.15854 0.157609
0.157603 0.158523  0.15917 0.159553 0.159673 0.159531 0.159128  0.15846 0.157523 0.156312
0.158511 0.159148 0.159518 0.159626 0.159473 0.159059 0.158382 0.157437 0.156219  0.15472
0.159136 0.159494 0.159588 0.159423 0.158996 0.158307 0.157352 0.156126 0.154619 0.152824
0.159481 0.159563 0.159382 0.158942  0.15824 0.157273 0.156035 0.154519 0.152717 0.150616
0.159549 0.159355 0.158899 0.158182   0.1572  0.15595 0.154423  0.15261 0.150501 0.148083
 0.15934  0.15887 0.158136 0.157139 0.155873 0.154332 0.152507 0.150388 0.147961 0.145213
0.158854 0.158105  0.15709 0.155807  0.15425  0.15241 0.150278  0.14784 0.145083  0.14199
0.158088 0.157057 0.155755  0.15418 0.152323 0.150175 0.147723 0.144954 0.141851 0.138395
0.157039 0.155721 0.154125 0.152249 0.150082 0.147614  0.14483 0.141714 0.138247 0.134408
0.155701 0.154088 0.152191 0.150004 0.147515 0.144714 0.141582 0.138102 0.134252 0.130006
0.154068 0.152151 0.149942 0.147432 0.144609 0.141459 0.137962 0.134098  0.12984 0.125168
 0.15213   0.1499 0.147366 0.144521 0.141348 0.137832 0.133949 0.129677 0.124992 0.119892
0.149877 0.147323 0.144452 0.141256 0.137716 0.133812 0.129521 0.124821 0.119707 0.114206
0.147299 0.144406 0.141183 0.137617 0.133689 0.129375 0.124656 0.119526  0.11401 0.108159
 0.14438 0.141133 0.137539 0.133584 0.129244 0.124501  0.11935 0.113817 0.107951 0.101818
 0.141106  0.137488  0.133502  0.129134  0.124363  0.119187  0.113631  0.107747  0.101598 0.0952627
 0.137459  0.133448  0.129049  0.124248  0.119043  0.113462  0.107554  0.101387 0.0950343 0.0885825
  0.13342  0.128995  0.124163  0.118929  0.113319  0.107386  0.101195 0.0948231 0.0883547 0.0818794
 0.128968  0.124111  0.118846  0.113208  0.107247  0.101031 0.0946369 0.0881499 0.0816585 0.0752574
 0.124081  0.118788  0.113116  0.107123  0.100876 0.0944547 0.0879424 0.0814303 0.0750112 0.0687829
 0.118736  0.113017  0.106966  0.100666 0.0941908 0.0876325 0.0810775 0.0746234 0.0683645 0.0623964
 0.112954  0.106836  0.100459  0.093908 0.0872765 0.0806551 0.0741418 0.0678322 0.0618214 0.0561848
 0.106877  0.100539  0.094035 0.0874468 0.0808694  0.074394 0.0681195 0.0621375 0.0565259 0.0513295
 0.100583 0.0941199  0.087582 0.0810507 0.0746221  0.068388 0.0624433 0.0568623 0.0516925 0.0469552
0.0941679  0.087674 0.0811971 0.0748184 0.0686349 0.0627338 0.0571931 0.0520565  0.047348 0.0430733
0.0877258 0.0812964 0.0749763 0.0688467 0.0630002 0.0575065 0.0524134 0.0477407  0.043497 0.0396781
 0.106992  0.100722 0.0946554 0.0888665 0.0834311 0.0783881 0.0737619 0.0695563 0.0657705 0.0623943
 0.100781 0.0947666 0.0890432  0.083668 0.0786861 0.0741124 0.0699555 0.0662096 0.0628681 0.0599177
0.0948267 0.0891583  0.083851 0.0789314 0.0744209 0.0703183 0.0666228 0.0633225 0.0604081 0.0578649
0.0892246  0.083978 0.0791332 0.0746914 0.0706586 0.0670229 0.0637782 0.0609093 0.0584057 0.0562529
0.0840693 0.0793075 0.0749682 0.0710291 0.0674889 0.0643259 0.0615329 0.0590913 0.0569926 0.0552222
0.0794139 0.0751808 0.0713663 0.0679466  0.064902 0.0622141 0.0598678 0.0578492 0.0561471 0.0547517
0.0751859 0.0713757 0.0679616 0.0649219 0.0622391 0.0598971 0.0578825 0.0561836  0.054791 0.0536967
0.0713821 0.0679736 0.0649409 0.0622644 0.0599288 0.0579198  0.056226 0.0548375 0.0537468 0.0529476
0.0679806 0.0649541 0.0622853 0.0599567 0.0579547  0.056267 0.0548842 0.0537981 0.0530028 0.0524941
0.0649617 0.0622997 0.0599795 0.0579852 0.0563053 0.0549291 0.0538492  0.053059 0.0525546 0.0523333
 0.062308 0.0599952   0.05801 0.0563385 0.0549708 0.0538981 0.0531147 0.0526158 0.0523992 0.0524639
0.0600041  0.058027 0.0563654 0.0550068 0.0539433 0.0531677 0.0526762 0.0524656 0.0525355 0.0528865
0.0580367 0.0563838 0.0550359 0.0539822 0.0532166 0.0527336  0.052531 0.0526073 0.0529639 0.0536029
0.0563942 0.0550557 0.0540136 0.0532586 0.0527863 0.0525929 0.0526778 0.0530413 0.0536864 0.0546169
0.0550668 0.0540348 0.0532923 0.0528314 0.0526495 0.0527443 0.0531171 0.0537697 0.0547067 0.0559337
0.0540468 0.0533151 0.0528676  0.052698 0.0528052 0.0531886 0.0538511 0.0547962 0.0560302 0.0575604
0.0533281 0.0528924 0.0527374  0.052858 0.0532549  0.053929 0.0548849 0.0561277 0.0576656 0.0595075
0.0529064 0.0527639 0.0529001 0.0533113 0.0539999 0.0549681 0.0562225 0.0577698   0.05962 0.0617837
0.0527788 0.0529284 0.0533562   0.05406 0.0550438 0.0563114  0.057871 0.0597312 0.0619037 0.0644008
0.0529442 0.0533864 0.0541079 0.0551079  0.056392 0.0579657 0.0598391 0.0620223 0.0645288  0.067373
0.0534032   0.05414 0.0551589 0.0564603 0.0580516   0.05994 0.0621371 0.0646551 0.0675092 0.0707162
0.0541579  0.055193 0.0565145 0.0581242 0.0600313 0.0622444 0.0647773 0.0676436 0.0708611  0.074449
0.0552121 0.0565508 0.0581819 0.0601085 0.0623415 0.0648913 0.0677735 0.0710039  0.074603 0.0785931
 0.056571 0.0582204 0.0601697 0.0624235 0.0649944 0.0678946 0.0711419 0.0747547 0.0787568 0.0831727
0.0582418 0.0602106 0.0624884 0.0650814  0.068004 0.0712704 0.0749011 0.0789177 0.0833464 0.0882087
0.0602333 0.0625317 0.0651502 0.0680962 0.0713864 0.0750374 0.0790729  0.083517 0.0883928 0.0937043
0.0625556 0.0651957 0.0681685 0.0714832 0.0751592 0.0792161 0.0836801  0.088572 0.0938977 0.0996296
0.0652211 0.0682169   0.07156  0.075262 0.0793454 0.0838321 0.0887451  0.094088 0.0998349  0.105934
0.0682437 0.0716113 0.0753435 0.0794546 0.0839694 0.0889065 0.0942718  0.100037  0.106152  0.112547
0.0716397 0.0753978 0.0795407 0.0840848 0.0890516 0.0944423  0.100231  0.106365  0.112777  0.119386
0.0754272  0.079597 0.0841741 0.0891713 0.0945929  0.100408  0.106567  0.112999  0.119625  0.126357
0.0796264 0.0842303 0.0892605 0.0947123  0.100558  0.106743    0.1132  0.119846  0.126596  0.133355
0.0842588  0.089315 0.0947989  0.100674  0.106889  0.113371  0.120041   0.12681  0.133586   0.14027
0.0893468 0.0948596  0.100771  0.107018  0.113533  0.120232  0.127027  0.133825  0.140528  0.147035
0.094914 0.100874 0.107182 0.113753 0.120508 0.127351 0.134194 0.140934 0.147472  0.15371
0.100941 0.107319 0.113969 0.120803 0.127723 0.134635 0.141437 0.148028 0.154311 0.160205
0.107276 0.113886 0.120671 0.127546 0.134413 0.141175  0.14773 0.153982 0.159851  0.16529
 0.11384 0.120583 0.127406 0.134224 0.140938 0.147451 0.153665 0.159502 0.164913 0.169875
0.120533 0.127311 0.134072 0.140734 0.147195 0.153363 0.159158 0.164535 0.169467 0.173951
0.127257 0.133969  0.14057 0.146975 0.153086 0.158833 0.164164  0.16906 0.173511 0.177522
0.127991 0.134539 0.140879 0.146931 0.152617 0.157896 0.162743 0.167155 0.171132 0.174685
0.134479 0.140763 0.146747 0.152371 0.157586 0.162379  0.16674 0.170676 0.174193 0.177305
0.140701 0.146628 0.152181 0.157332 0.162059 0.166364 0.170247 0.173721 0.176796 0.179488
0.146559 0.152049 0.157122 0.161778  0.16601 0.169831 0.173248 0.176276 0.178926 0.181215
0.151954 0.156941  0.16149 0.165625 0.169347 0.172678 0.175628 0.178214 0.180446  0.18234
 0.15683 0.161269 0.165274 0.168871 0.172079 0.174919 0.177406 0.179555 0.181378 0.182886
0.161264 0.165265 0.168856  0.17206 0.174895 0.177378 0.179523 0.181343 0.182847 0.184046
0.165259 0.168844 0.172041  0.17487 0.177346 0.179486 0.181301 0.182801 0.183996 0.184892
0.168837 0.172028 0.174849 0.177319 0.179451  0.18126 0.182755 0.183946 0.184837 0.185435
0.172021 0.174835 0.177296 0.179421 0.181222 0.182711 0.183895 0.184782 0.185375  0.18568
0.174826  0.17728 0.179396 0.181189 0.182669 0.183846 0.184726 0.185315 0.185614 0.185626
0.177272  0.17938 0.181163 0.182634 0.183801 0.184674 0.185255 0.185548 0.185555 0.185276
 0.17937 0.181144 0.182605 0.183763 0.184625 0.185198 0.185483 0.185484 0.185199 0.184626
0.181134 0.182585 0.183731 0.184583 0.185145 0.185422 0.185414 0.185122 0.184543 0.183674
0.182574  0.18371  0.18455   0.1851 0.185365 0.185348 0.185046  0.18446 0.183584 0.182414
0.183698 0.184527 0.185064 0.185317 0.185287 0.184975 0.184379 0.183495 0.182318 0.180841
0.184514 0.185039 0.185278 0.185234 0.184909 0.184301 0.183407 0.182221 0.180736 0.178943
0.185025 0.185251 0.185192 0.184853  0.18423 0.183324 0.182126 0.180632  0.17883 0.176712
0.185236 0.185164 0.184808  0.18417 0.183248 0.182038 0.180531 0.178719 0.176592 0.174137
0.185148 0.184778 0.184123 0.183184 0.181957 0.180436 0.178612 0.176474  0.17401 0.171205
0.184761  0.18409 0.183133 0.181889  0.18035 0.178511 0.176359 0.173884 0.171068 0.167898
0.184073 0.183099 0.181835 0.180278  0.17842 0.176252 0.173762 0.170934 0.167753 0.164199
 0.18308 0.181798  0.18022 0.178343 0.176155 0.173648 0.170805  0.16761 0.164045 0.160086
0.181778 0.180182 0.178282 0.176073 0.173545 0.170684 0.167473 0.163893 0.159922 0.155535
 0.18016 0.178241 0.176009 0.173458 0.170574 0.167344 0.163747 0.159762 0.155362 0.150526
0.178218 0.175965 0.173389 0.170482 0.167228 0.163611 0.159607 0.155191 0.150342 0.145056
0.175941 0.173344  0.17041 0.167132 0.163489 0.159464 0.155028 0.150163 0.144863 0.139154
0.173318 0.170362 0.167055 0.163386 0.159334 0.154877  0.14999 0.144672 0.138948 0.132871
0.170335 0.167004 0.163305 0.159225 0.154739 0.149829 0.144489 0.138746 0.132653 0.126278
0.166975 0.163251 0.159139 0.154624 0.149684 0.144318 0.138552  0.13244 0.126048 0.119457
0.163221 0.159083 0.154535 0.149564 0.144168 0.138376 0.132238 0.125826 0.119218 0.112503
0.159053 0.154479 0.149475 0.144048 0.138225 0.132062 0.125625 0.118997 0.112265 0.105521
  0.15445  0.149421  0.143962   0.13811  0.131916  0.125454  0.118803   0.11205   0.10529 0.0986206
 0.149389  0.143901  0.138013  0.131787  0.125292  0.118612  0.111833  0.105051 0.0983629   0.09187
 0.143847   0.13791  0.131623  0.125072  0.118336  0.111509  0.104682 0.0979576 0.0914327 0.0852075
 0.137843  0.131487  0.124856  0.118041  0.111137  0.104241 0.0974544 0.0908766 0.0846068 0.0787237
  0.13153  0.124939  0.118172  0.111314  0.104464 0.0977164  0.091175 0.0849352  0.079078 0.0736503
 0.124985  0.118261  0.111455  0.104652 0.0979534 0.0914538 0.0852528 0.0794274 0.0740273 0.0690747
  0.11831   0.11155  0.104804 0.0981572 0.0917103 0.0855545 0.0797711 0.0744054 0.0694827 0.0650086
 0.111604  0.104907 0.0983213 0.0919303 0.0858312 0.0800966 0.0747762 0.0698906 0.0654487  0.061446
 0.110885  0.104352 0.0980261 0.0919867 0.0863127 0.0810443  0.076207 0.0718047 0.0678364 0.0642914
 0.104412 0.0981415 0.0921703 0.0865588 0.0813539 0.0765711 0.0722193 0.0682925 0.0647835 0.0616783
 0.098204 0.0922898 0.0867488 0.0816086 0.0768914 0.0725961 0.0687216 0.0652554 0.0621876 0.0595027
0.0923587 0.0868807 0.0818182 0.0771724 0.0729495 0.0691372 0.0657287 0.0627081 0.0600644 0.0577822
0.0869756 0.0819993 0.0774601 0.0733347 0.0696216  0.066298 0.0633563 0.0607771 0.0585512  0.056663
  0.08211 0.0776812 0.0736853 0.0700975 0.0668971 0.0640648 0.0615846  0.059442 0.0576249 0.0561228
0.0776862 0.0736946 0.0701122 0.0669165 0.0640893 0.0616132 0.0594745 0.0576606 0.0561613  0.054968
0.0737009 0.0701241 0.0669353 0.0641143 0.0616446 0.0595113 0.0577024 0.0562072 0.0550176 0.0541266
 0.070131 0.0669484 0.0641349 0.0616722 0.0595459  0.057743 0.0562534 0.0550683 0.0541814 0.0535875
 0.066956 0.0641492 0.0616948 0.0595762  0.057781  0.056298  0.055119  0.054237 0.0536476 0.0533473
0.0641575 0.0617104 0.0596009 0.0578139 0.0563394 0.0551676 0.0542923 0.0537083 0.0534128 0.0534044
0.0617193 0.0596177 0.0578407 0.0563751 0.0552125 0.0543451 0.0537683 0.0534788 0.0534756 0.0537586
0.0596274  0.057859 0.0564041 0.0552512 0.0543937 0.0538255 0.0535438  0.053547 0.0538357 0.0544118
0.0578694 0.0564238 0.0552825 0.0544354 0.0538779 0.0536054 0.0536171 0.0539128 0.0544949  0.055367
0.0564349 0.0553036  0.054469 0.0539228 0.0536619 0.0536834 0.0539882 0.0545779 0.0554565 0.0566294
0.0553156 0.0544918 0.0539589 0.0537102 0.0537441 0.0540595  0.054659 0.0555457 0.0567256 0.0582056
0.0545048 0.0539837 0.0537495 0.0537967 0.0541256 0.0547367 0.0556341 0.0568228 0.0583105 0.0601059
0.0539976 0.0537759 0.0538387 0.0541819 0.0548074 0.0557172 0.0569174 0.0584145 0.0602181 0.0623386
0.0537908  0.053867 0.0542267 0.0548674 0.0557927  0.057006 0.0585154 0.0603291 0.0624583 0.0649155
0.0538828 0.0542568 0.0549152 0.0558566 0.0570865   0.05861 0.0604367 0.0625767 0.0650432 0.0678503
0.0542736 0.0549473 0.0559076 0.0571547 0.0586957 0.0605374 0.0626914 0.0651693 0.0679863 0.0711588
0.0549652 0.0559417 0.0572089 0.0587682 0.0606286 0.0627985 0.0652913 0.0681205 0.0713036 0.0748595
0.0559607 0.0572451 0.0588258 0.0607057 0.0628955 0.0654052 0.0682502 0.0714462 0.0750134 0.0789738
0.0572653 0.0588643 0.0607669 0.0629774 0.0655082 0.0683712  0.071584 0.0751649 0.0791373 0.0835258
0.0588857 0.0608077 0.0630423 0.0655951 0.0684805 0.0717124 0.0753111 0.0792981 0.0836993 0.0885361
0.0608304 0.0630855 0.0656639 0.0685726 0.0718283 0.0754473 0.0794531 0.0838698 0.0887201 0.0940079
0.0631094 0.0657093 0.0686449 0.0719251  0.075569 0.0795962 0.0840327 0.0888992 0.0942012 0.0999112
0.0657347 0.0686932 0.0720018 0.0756718 0.0797255 0.0841846 0.0890722 0.0943914  0.100116  0.106195
0.0687201 0.0720531 0.0757533 0.0798346 0.0843219 0.0892335 0.0945751  0.100318  0.106413  0.112789
0.0720815 0.0758075 0.0799207 0.0844372 0.0893785 0.0947456  0.100513  0.106626  0.113019   0.11961
0.0758369 0.0799769 0.0845265 0.0894982 0.0948961  0.100689  0.106828  0.113241  0.119849  0.126565
0.0800063 0.0845827 0.0895873 0.0950155   0.10084  0.107004  0.113442   0.12007  0.126804  0.133548
0.0846112 0.0896418  0.095102  0.100955   0.10715  0.113613  0.120265  0.127018  0.133779   0.14045
0.0896736 0.0951626  0.101052  0.107279  0.113775  0.120456  0.127236  0.134018  0.140707  0.147201
0.0952171  0.101155  0.107443  0.113995  0.120732  0.127559  0.134387  0.141113  0.147638  0.153864
0.101222 0.107579  0.11421 0.121027 0.127931 0.134828 0.141616 0.148194 0.154465 0.160348
0.107536 0.114128 0.120895 0.127754 0.134606 0.141354 0.147896 0.154136 0.159994 0.165422
0.114082 0.120807 0.127614 0.134417 0.141117 0.147617 0.153819 0.159645 0.165045 0.169998
0.120757 0.127518 0.134265 0.140913 0.147361 0.153517 0.159301 0.164667  0.16959 0.174065
0.127465 0.134162 0.140749 0.147141  0.15324 0.158975 0.164296 0.169183 0.173625 0.177628
 0.12508 0.131614 0.137941 0.143981 0.149655 0.154924 0.159762 0.164165 0.168133 0.171679
0.131554 0.137825 0.143797 0.149409 0.154615 0.159398  0.16375 0.167677 0.171187 0.174292
0.137763 0.143678 0.149219  0.15436 0.159078 0.163373 0.167248 0.170715 0.173783 0.176468
0.143609 0.149087  0.15415 0.158797  0.16302 0.166833 0.170242 0.173263 0.175907 0.178189
0.148992 0.153969 0.158509 0.162635 0.166348 0.169672 0.172614 0.175194  0.17742 0.179309
0.153859 0.158288 0.162284 0.165872 0.169073 0.171906 0.174386 0.176529 0.178347 0.179849
0.158283 0.162275 0.165858 0.169054 0.171881 0.174358 0.176497 0.178311 0.179811 0.181004
0.162269 0.165846 0.169035 0.171856 0.174326  0.17646 0.178269 0.179765 0.180955 0.181846
0.165839 0.169022 0.171836 0.174299 0.176425 0.178229 0.179718 0.180904 0.181791 0.182385
0.169014 0.171821 0.174276 0.176395 0.178191 0.179674 0.180853 0.181735 0.182325 0.182625
0.171813 0.174261  0.17637 0.178158 0.179633 0.180805  0.18168 0.182264  0.18256 0.182569
0.174252 0.176354 0.178131 0.179597  0.18076 0.181627 0.182204 0.182494 0.182497 0.182215
0.176344 0.178113 0.179568 0.180721 0.181579 0.182147 0.182429 0.182426 0.182137 0.181562
0.178102 0.179548  0.18069 0.181537 0.182095 0.182367 0.182356  0.18206 0.181478 0.180607
0.179537 0.180669 0.181503  0.18205 0.182311  0.18229 0.181985 0.181396 0.180517 0.179345
0.180657 0.181481 0.182014 0.182263 0.182229 0.181914 0.181314 0.180428 0.179249  0.17777
0.181468 0.181989 0.182223 0.182176 0.181848 0.181237  0.18034 0.179152 0.177665 0.175871
0.181975 0.182197 0.182134 0.181791 0.181166 0.180257 0.179057 0.177561 0.175759 0.173641
0.182182 0.182106 0.181746 0.181106 0.180181 0.178968  0.17746 0.175648 0.173521 0.171067
 0.18209 0.181716 0.181058 0.180117 0.178888 0.177365  0.17554 0.173402 0.170939 0.168135
  0.1817 0.181026 0.180066  0.17882  0.17728  0.17544 0.173288 0.170813 0.167999 0.164831
0.181009 0.180033 0.178766 0.177208  0.17535 0.173182 0.170692 0.167867 0.164688 0.161137
0.180014 0.178731 0.177151 0.175274 0.173086  0.17058 0.167739 0.164547 0.160985  0.15703
0.178711 0.177113 0.175213 0.173006 0.170478 0.167619 0.164411 0.160836 0.156869 0.152487
0.177092 0.175173 0.172942 0.170393 0.167511 0.164284 0.160691  0.15671 0.152316 0.147486
 0.17515 0.172899 0.170325  0.16742  0.16417 0.160557 0.156557 0.152147 0.147304 0.142024
0.172875 0.170279 0.167348 0.164073 0.160435 0.156414 0.151985 0.147125 0.141831  0.13613
0.170254   0.1673 0.163997 0.160333 0.156285 0.151833 0.146953 0.141642 0.135925 0.129856
0.167273 0.163946 0.160251 0.156176 0.151696 0.146792 0.141458 0.135724 0.129638 0.123272
0.163917 0.160197 0.156091 0.151581 0.146647 0.141288  0.13553 0.129425 0.123042 0.116461
0.160168 0.156035 0.151492 0.146528 0.141138 0.135354 0.129225 0.122821 0.116223 0.109518
0.156005 0.151436 0.146439 0.141019 0.135204 0.129049 0.122621 0.116003  0.10928 0.102548
 0.151408  0.146385  0.140933  0.135089  0.128903  0.122451  0.115809  0.109067  0.102318 0.0956601
 0.146353  0.140873  0.134992  0.128775  0.122289  0.115618   0.10885   0.10208 0.0954033 0.0889232
 0.140818  0.134889  0.128611   0.12207  0.115343  0.108527  0.101712 0.0949989 0.0884869 0.0822755
 0.134823  0.128475  0.121854  0.115048  0.108156  0.101271 0.0944966 0.0879318 0.0816759 0.0758076
 0.128518  0.121937  0.115181  0.108333  0.101495 0.0947594 0.0882312 0.0820053 0.0761631 0.0707513
 0.121984  0.115269  0.108474  0.101684 0.0949972 0.0885109  0.082324 0.0765136 0.0711296 0.0661941
 0.115319   0.10857  0.101836 0.0952017 0.0887683 0.0826267 0.0768584 0.0715089 0.0666035 0.0621477
 0.108624  0.101939 0.0953663 0.0889889 0.0829043  0.077185 0.0718809 0.0670126 0.0625892 0.0586063
 0.111022  0.104501 0.0981893 0.0921646 0.0865061 0.0812542 0.0764344 0.0720507 0.0681023 0.0645785
 0.104562 0.0983052 0.0923488  0.086753 0.0815648 0.0767997 0.0724667 0.0685599 0.0650722 0.0619898
0.0983678 0.0924687 0.0869437 0.0818204 0.0771212 0.0728448 0.0689905 0.0655458 0.0625008 0.0598404
0.0925379  0.087076 0.0820307 0.0774031 0.0731994 0.0694074 0.0660206 0.0630231  0.060404 0.0581481
0.0871712 0.0822123 0.0776915 0.0735856 0.0698931 0.0665914  0.063673 0.0611185  0.058919 0.0570591
0.0823232 0.0779131  0.073937 0.0703701 0.0671918 0.0643831 0.0619278 0.0598118  0.058023 0.0565513
0.0779184 0.0739468 0.0703856 0.0672124 0.0644089 0.0619581 0.0598462 0.0580608  0.056592 0.0554313
0.0739534 0.0703981 0.0672321 0.0644352 0.0619911 0.0598849 0.0581048 0.0566402 0.0554833 0.0546273
0.0704053 0.0672458 0.0644568 0.0620199 0.0599211 0.0581473 0.0566887 0.0555365 0.0546846 0.0541282
0.0672537 0.0644718 0.0620436 0.0599527  0.058187 0.0567352 0.0555895 0.0547429  0.054191 0.0539307
0.0644804 0.0620599 0.0599785 0.0582214 0.0567785 0.0556403 0.0548007 0.0542545 0.0539992 0.0540333
0.0620692 0.0599962 0.0582494 0.0568159 0.0556872 0.0548558 0.0543172 0.0540681 0.0541076 0.0544361
0.0600062 0.0582685 0.0568461 0.0557276 0.0549065 0.0543768  0.054136 0.0541822 0.0545165 0.0551408
0.0582793 0.0568666 0.0557602 0.0549501 0.0544316 0.0542003 0.0542554 0.0545969 0.0552275 0.0561508
0.0568783 0.0557823 0.0549851 0.0544784 0.0542591 0.0543246 0.0546757 0.0553141 0.0562442 0.0574715
0.0557947 0.0550088  0.054516 0.0543094 0.0543878 0.0547499 0.0553986 0.0563371 0.0575717 0.0591094
0.0550221 0.0545413 0.0543497 0.0544416 0.0548176 0.0554781 0.0564276 0.0576712 0.0592168 0.0610734
0.0545556 0.0543768 0.0544846 0.0548752 0.0555505 0.0565127  0.057768 0.0593233 0.0611883 0.0633737
0.0543919 0.0545136 0.0549211  0.055612   0.05659 0.0578589 0.0594267  0.061302 0.0634964 0.0660227
0.0545298  0.054952  0.055661 0.0566556 0.0579413 0.0595236 0.0614123 0.0636177 0.0661535 0.0690344
0.0549692 0.0556938 0.0567078 0.0580112 0.0596115 0.0615155 0.0637353 0.0662828 0.0691738  0.072425
0.0557122 0.0567427 0.0580668 0.0596858  0.061609 0.0638452 0.0664079 0.0693114 0.0725735 0.0762137
0.0567622 0.0581039 0.0597449 0.0616881 0.0639446 0.0665248 0.0694444 0.0727197 0.0763715 0.0804224
0.0581246 0.0597844 0.0617508 0.0640286 0.0666304 0.0695686 0.0728611 0.0765269   0.08059 0.0850756
0.0598063 0.0617927 0.0640952 0.0667195 0.0696807 0.0729929  0.076677  0.080755 0.0852536 0.0901947
 0.061816 0.0641396 0.0667902 0.0697753 0.0731118 0.0768168 0.0809142 0.0854287 0.0903836 0.0957837
0.0641643 0.0668373 0.0698502 0.0732122  0.076943 0.0810626 0.0855976 0.0905693 0.0959841  0.101815
0.0668636 0.0699002 0.0732917 0.0770495 0.0811965  0.085755 0.0907486 0.0961812  0.102028  0.108237
0.0699281 0.0733449 0.0771339 0.0813096 0.0858972 0.0909158 0.0963716  0.102237  0.108462  0.114979
0.0733743 0.0771901 0.0813989 0.0860168 0.0910661 0.0965483  0.102438  0.108684  0.115218  0.121961
0.0772207 0.0814572 0.0861095 0.0911902 0.0967044  0.102622  0.108893  0.115447  0.122208  0.129088
0.0814878 0.0861678 0.0912829 0.0968285  0.102778  0.109076  0.115656  0.122438  0.129336  0.136256
0.0861976 0.0913398 0.0969188  0.102899  0.109228  0.115835  0.122642  0.129559  0.136497  0.143358
0.0913729  0.096982  0.102999  0.109363  0.116004   0.12284  0.129786  0.136746  0.143626  0.150325
0.0970378  0.103105  0.109531  0.116229  0.123123  0.130118  0.137125  0.144042  0.150773   0.15722
0.103173  0.10967  0.11645 0.123425 0.130498 0.137575 0.144555  0.15134 0.157833 0.163955
0.109629  0.11637 0.123298 0.130327  0.13736 0.144303 0.151053 0.157516 0.163613 0.169298
0.116325 0.123213 0.130192 0.137179 0.144074 0.150784  0.15721 0.163276 0.168935 0.174165
0.123164 0.130099 0.137032 0.143878 0.150537 0.156919 0.162945  0.16857 0.173771 0.178544
0.130048 0.136932 0.143719 0.150324 0.156652  0.16263 0.168212 0.173377 0.178119 0.182444
0.136514  0.14325 0.149792 0.156062 0.161982 0.167513 0.172632 0.177336 0.181627  0.18552
0.143192 0.149681 0.155885 0.161745 0.167215 0.172281 0.176936 0.181187 0.185045 0.188524
 0.14962  0.15577 0.161561 0.166969 0.171972 0.176572 0.180774  0.18459 0.188033 0.191121
0.155703 0.161434 0.166767 0.171701 0.176231 0.180372 0.184133 0.187531 0.190579 0.193296
0.161342  0.16659 0.171421 0.175856 0.179901 0.183579   0.1869 0.189886 0.192548 0.194904
0.166482 0.171205 0.175514 0.179436 0.182994 0.186208 0.189097 0.191677 0.193964 0.195971
0.171203  0.17551  0.17943 0.182986 0.186198 0.189085 0.191664  0.19395 0.195956 0.197693
0.175507 0.179424 0.182976 0.186185 0.189069 0.191646 0.193929 0.195933 0.197668 0.199145
 0.17942 0.182969 0.186174 0.189055 0.191628 0.193908 0.195908 0.197641 0.199116 0.200342
0.182965 0.186167 0.189043 0.191611 0.193887 0.195885 0.197614 0.199086 0.200309  0.20129
0.186162 0.189034 0.191598 0.193869 0.195862 0.197587 0.199056 0.200276 0.201254 0.201997
0.189029 0.191588 0.193854 0.195842 0.197562 0.199026 0.200242 0.201217 0.201957 0.202465
0.191582 0.193844 0.195825  0.19754 0.198999  0.20021  0.20118 0.201916 0.202421 0.202698
0.193838 0.195814 0.197522 0.198974 0.200179 0.201145 0.201876 0.202376  0.20265 0.202697
0.195807  0.19751 0.198955 0.200153 0.201112 0.201837 0.202332 0.202601 0.202645 0.202463
0.197502 0.198941 0.200132 0.201083 0.201801  0.20229 0.202554 0.202592 0.202407 0.201996
0.198934 0.200117  0.20106  0.20177 0.202252 0.202508 0.202541  0.20235 0.201934 0.201291
0.200109 0.201045 0.201746 0.202219 0.202467 0.202492 0.202295 0.201873 0.201226 0.200347
0.201036 0.201729 0.202192 0.202431 0.202447 0.202242 0.201814  0.20116 0.200277 0.199159
 0.20172 0.202174 0.202403 0.202409 0.202194 0.201758 0.201096 0.200206 0.199083 0.197719
0.202164 0.202384 0.202379 0.202154 0.201706 0.201036 0.200138 0.199008 0.197638 0.196021
0.202373 0.202359 0.202121 0.201663 0.200981 0.200074 0.198935 0.197558 0.195935 0.194055
0.202347 0.202099 0.201628 0.200935 0.200016 0.198866  0.19748 0.195849 0.193962 0.191808
0.202087 0.201605 0.200898 0.199966 0.198804 0.197407 0.195766 0.193871  0.19171 0.189267
0.201592 0.200873 0.199927 0.198752 0.197341 0.195688 0.193783 0.191613 0.189162 0.186422
 0.20086 0.199901  0.19871 0.197285 0.195618   0.1937 0.191519 0.189059 0.186311 0.183281
0.199886 0.198682 0.197241 0.195559 0.193626 0.191431 0.188959 0.186201 0.183163 0.179886
0.198667 0.197211 0.195512 0.193563 0.191352 0.188866 0.186095 0.183046  0.17976 0.176305
0.197195  0.19548 0.193513 0.191285 0.188782 0.185995 0.182933 0.179636 0.176171 0.172625
0.195463 0.193479 0.191231 0.188711 0.185906 0.182828 0.179516 0.176039 0.172483  0.16894
0.193461 0.191197 0.188656 0.185833 0.182736 0.179408 0.175917 0.172348 0.168794 0.165337
 0.19118 0.188623 0.185781 0.182666  0.17932 0.175813 0.172231 0.168665 0.165197  0.16188
0.188608 0.185751 0.182619 0.179257 0.175734 0.172137 0.168558  0.16508 0.161753 0.158611
0.185733 0.182584 0.179202  0.17566 0.172044  0.16845 0.164956 0.161617 0.158464 0.155511
0.182544 0.179126  0.17554 0.171883 0.168247 0.164718 0.161347 0.158167  0.15519 0.152424
0.179074 0.175431 0.171712 0.168011 0.164421 0.160993 0.157763 0.154744 0.151942 0.149352
0.175488  0.17182 0.168184 0.164653 0.161285 0.158107 0.155135 0.152372 0.149816  0.14746
0.171878 0.168295 0.164829 0.161521 0.158403 0.155484 0.152769 0.150254 0.147932 0.145793
0.168359 0.164951 0.161716 0.158664 0.155812 0.153155 0.150693 0.148415 0.146315 0.144378
0.165042 0.161888 0.158938  0.15618 0.153617 0.151236 0.149034 0.146995 0.145112 0.143373
 0.16199 0.152364 0.149724 0.147278  0.14501 0.142908  0.14096 0.139154  0.13748 0.135929
0.159141 0.149707 0.147258 0.144988 0.142884 0.140935 0.139127 0.137452   0.1359  0.13446
0.156498 0.147181  0.14491 0.142805 0.140855 0.139046  0.13737 0.135817 0.134377 0.133042
0.154048 0.144797 0.142691 0.140739  0.13893 0.137253 0.135698 0.134258 0.132922 0.131685
0.151775  0.14245 0.140497 0.138686 0.137008 0.135453 0.134012 0.132676 0.131438  0.13029
0.149668 0.140054 0.138243 0.136564 0.135008 0.133566 0.132229  0.13099 0.129842 0.128777
0.147713 0.137903 0.136224 0.134667 0.133224 0.131886 0.130647 0.129498 0.128433 0.127445
0.145901 0.135927 0.134369 0.132925 0.131587 0.130347 0.129197 0.128132 0.127144 0.126228
 0.14422 0.134246 0.132802 0.131463 0.130222 0.129072 0.128005 0.127017 0.126101 0.125252
0.142661 0.132509  0.13117 0.129928 0.128777  0.12771 0.126722 0.125805 0.124956 0.124168
0.141215  0.13066 0.129417 0.128266 0.127198 0.126209 0.125292 0.124442 0.123654 0.122924
0.139875 0.128923 0.127771 0.126703 0.125713 0.124796 0.123945 0.123157 0.122427 0.121749
0.138631 0.127463 0.126395 0.125404 0.124486 0.123636 0.122847 0.122116 0.121438  0.12081
0.137478 0.126286 0.125295 0.124376 0.123525 0.122736 0.122005 0.121327 0.120698 0.120116
0.136409 0.125292 0.124373 0.123521 0.122732    0.122 0.121322 0.120693  0.12011  0.11957
0.135417 0.124362  0.12351  0.12272 0.121988 0.121309  0.12068 0.120097 0.119557 0.119056
0.134498 0.123423 0.122633   0.1219 0.121221 0.120592 0.120008 0.119468 0.118967 0.118502
0.133645 0.122494 0.121761 0.121082 0.120452 0.119868 0.119327 0.118826 0.118361  0.11793
0.132854 0.121634 0.120954 0.120324  0.11974 0.119199 0.118697 0.118232 0.117801 0.117401
 0.13212 0.120894 0.120264 0.119679 0.119138 0.118636 0.118171 0.117739 0.117339 0.116969
 0.13144 0.120282 0.119698 0.119156 0.118653 0.118188 0.117756 0.117356 0.116986 0.116642
0.130809  0.11975 0.119208 0.118705 0.118239 0.117808 0.117408 0.117037 0.116693 0.116374
0.130224 0.119249 0.118746  0.11828 0.117848 0.117448 0.117077 0.116733 0.116414 0.116118
0.129682 0.118757 0.118291 0.117858 0.117458 0.117086 0.116742 0.116423 0.116127 0.115853
0.129178 0.118292 0.117859 0.117459 0.117087 0.116743 0.116423 0.116128 0.115853 0.115599
0.128712 0.117874 0.117473 0.117101 0.116756 0.116437 0.116141 0.115867 0.115612 0.115377
0.128279  0.11747 0.117098 0.116753 0.116433 0.116137 0.115863 0.115608 0.115372 0.115153
0.127878 0.117127 0.116782 0.116462 0.116166 0.115891 0.115637 0.115401 0.115182 0.114979
0.127505 0.116779 0.116459 0.116163 0.115888 0.115633 0.115397 0.115178 0.114975 0.114787
 0.12716 0.116523 0.116227 0.115952 0.115697  0.11546 0.115241 0.115038  0.11485 0.114676
 0.12684 0.116557 0.116282 0.116027 0.115791 0.115572 0.115369  0.11518 0.115006 0.114844
0.126543 0.116294 0.116039 0.115802 0.115583  0.11538 0.115191 0.115017 0.114855 0.114746
0.126268 0.115946  0.11571  0.11549 0.115287 0.115098 0.114924 0.114762 0.114666 0.114473
0.126012 0.115821 0.115601 0.115398 0.115209 0.115035 0.114873 0.114615 0.114583 0.114454
0.125776 0.115832 0.115628 0.115439 0.115264 0.115102  0.11481 0.114813 0.114684 0.114564
0.125556 0.115745 0.115557 0.115382 0.115219 0.115023  0.11493 0.114801 0.114681  0.11457
0.125352 0.115438 0.115263 0.115101 0.115039 0.114811 0.114682 0.114562 0.114451 0.114348
0.125163 0.115157 0.114994 0.114899 0.114704 0.114575 0.114455 0.114344 0.114241 0.114146
0.124988 0.114999 0.114832 0.114709 0.114579 0.114459 0.114348 0.114245  0.11415 0.114061
0.124826 0.114879  0.11482  0.11469  0.11457 0.114459 0.114356  0.11426 0.114172  0.11409
0.124768 0.114825 0.114878 0.114752 0.114636 0.114528 0.114427 0.114334 0.114248 0.114169
0.124768 0.114825 0.114878 0.114752 0.114636 0.114528 0.114427 0.114334 0.114248 0.114169
0.124768 0.114825 0.114878 0.114752 0.114636 0.114528 0.114427 0.114334 0.114248 0.114169
0.124768 0.114825 0.114878 0.114752 0.114636 0.114528 0.114427 0.114334 0.114248 0.114169
0.124768 0.114825 0.114878 0.114752 0.114636 0.114528 0.114427 0.114334 0.114248 0.114169
0.124768 0.114825 0.114878 0.114752 0.114636 0.114528 0.114427 0.114334 0.114248 0.114169
0.124768 0.114825 0.114878 0.114752 0.114636 0.114528 0.114427 0.114334 0.114248 0.114169
0.124768 0.114825 0.114878 0.114752 0.114636 0.114528 0.114427 0.114334 0.114248 0.114169
0.124768 0.114825 0.114878 0.114752 0.114636 0.114528 0.114427 0.114334 0.114248 0.114169
0.124768 0.114825 0.114878 0.114752 0.114636 0.114528 0.114427 0.114334 0.114248 0.114169
0.124768 0.114825 0.114878 0.114752 0.114636 0.114528 0.114427 0.114334 0.114248 0.114169
0.124768 0.114825 0.114878 0.114752 0.114636 0.114528 0.114427 0.114334 0.114248 0.114169
0.124768 0.114825 0.114878 0.114752 0.114636 0.114528 0.114427 0.114334 0.114248 0.114169
0.124768 0.114825 0.114878 0.114752 0.114636 0.114528 0.114427 0.114334 0.114248 0.114169
0.124768 0.114825 0.114878 0.114752 0.114636 0.114528 0.114427 0.114334 0.114248 0.114169
0.124768 0.114825 0.114878 0.114752 0.114636 0.114528 0.114427 0.114334 0.114248 0.114169
0.124768 0.114825 0.114878 0.114752 0.114636 0.114528 0.114427 0.114334 0.114248 0.114169
0.124768 0.114825 0.114878 0.114752 0.114636 0.114528 0.114427 0.114334 0.114248 0.114169
0.124768 0.114825 0.114878 0.114752 0.114636 0.114528 0.114427 0.114334 0.114248 0.114169
0.124768 0.114825 0.114878 0.114752 0.114636 0.114528 0.114427 0.114334 0.114248 0.114169
0.124768 0.114825 0.114878 0.114752 0.114636 0.114528 0.114427 0.114334 0.114248 0.114169
0.124768 0.114825 0.114878 0.114752 0.114636 0.114528 0.114427 0.114334 0.114248 0.114169
0.124768 0.114825 0.114878 0.114752 0.114636 0.114528 0.114427 0.114334 0.114248 0.114169
0.124768 0.114825 0.114878 0.114752 0.114636 0.114528 0.114427 0.114334 0.114248 0.114169
0.124768 0.114825 0.114878 0.114752 0.114636 0.114528 0.114427 0.114334 0.114248 0.114169
0.124768 0.114825 0.114878 0.114752 0.114636 0.114528 0.114427 0.114334 0.114248 0.114169
0.124768 0.114825 0.114878 0.114752 0.114636 0.114528 0.114427 0.114334 0.114248 0.114169
0.124768 0.114825 0.114878 0.114752 0.114636 0.114528 0.114427 0.114334 0.114248 0.114169
0.124768 0.114825 0.114878 0.114752 0.114636 0.114528 0.114427 0.114334 0.114248 0.114169
0.124768 0.114825 0.114878 0.114752 0.114636 0.114528 0.114427 0.114334 0.114248 0.114169
0.124768 0.114825 0.114878 0.114752 0.114636 0.114528 0.114427 0.114334 0.114248 0.114169
0.124768 0.114825 0.114878 0.114752 0.114636 0.114528 0.114427 0.114334 0.114248 0.114169
0.124768 0.114825 0.114878 0.114752 0.114636 0.114528 0.114427 0.114334 0.114248 0.114169
0.124768 0.114825 0.114878 0.114752 0.114636 0.114528 0.114427 0.114334 0.114248 0.114169
0.124768 0.114825 0.114878 0.114752 0.114636 0.114528 0.114427 0.114334 0.114248 0.114169
0.124768 0.114825 0.114878 0.114752 0.114636 0.114528 0.114427 0.114334 0.114248 0.114169
0.124768 0.114825 0.114878 0.114752 0.114636 0.114528 0.114427 0.114334 0.114248 0.114169
0.124768 0.114825 0.114878 0.114752 0.114636 0.114528 0.114427 0.114334 0.114248 0.114169
0.124768 0.114825 0.114878 0.114752 0.114636 0.114528 0.114427 0.114334 0.114248 0.114169
0.124768 0.114825 0.114878 0.114752 0.114636 0.114528 0.114427 0.114334 0.114248 0.114169
0.124768 0.114825 0.114878 0.114752 0.114636 0.114528 0.114427 0.114334 0.114248 0.114169
0.124768 0.114825 0.114878 0.114752 0.114636 0.114528 0.114427 0.114334 0.114248 0.114169
0.124768 0.114825 0.114878 0.114752 0.114636 0.114528 0.114427 0.114334 0.114248 0.114169
0.124768 0.114825 0.114878 0.114752 0.114636 0.114528 0.114427 0.114334 0.114248 0.114169
0.124768 0.114825 0.114878 0.114752 0.114636 0.114528 0.114427 0.114334 0.114248 0.114169
0.124768 0.114825 0.114878 0.114752 0.114636 0.114528 0.114427 0.114334 0.114248 0.114169
0.124768 0.114825 0.114878 0.114752 0.114636 0.114528 0.114427 0.114334 0.114248 0.114169
0.124768 0.114825 0.114878 0.114752 0.114636 0.114528 0.114427 0.114334 0.114248 0.114169
0.124768 0.114825 0.114878 0.114752 0.114636 0.114528 0.114427 0.114334 0.114248 0.114169
0.124768 0.114825 0.114878 0.114752 0.114636 0.114528 0.114427 0.114334 0.114248 0.114169
0.124768 0.114825 0.114878 0.114752 0.114636 0.114528 0.114427 0.114334 0.114248 0.114169
0.124768 0.114825 0.114878 0.114752 0.114636 0.114528 0.114427 0.114334 0.114248 0.114169
0.124768 0.114825 0.114878 0.114752 0.114636 0.114528 0.114427 0.114334 0.114248 0.114169
0.124768 0.114825 0.114878 0.114752 0.114636 0.114528 0.114427 0.114334 0.114248 0.114169
0.124768 0.114825 0.114878 0.114752 0.114636 0.114528 0.114427 0.114334 0.114248 0.114169
0.124768 0.114825 0.114878 0.114752 0.114636 0.114528 0.114427 0.114334 0.114248 0.114169
0.124768 0.114825 0.114878 0.114752 0.114636 0.114528 0.114427 0.114334 0.114248 0.114169
0.124768 0.114825 0.114878 0.114752 0.114636 0.114528 0.114427 0.114334 0.114248 0.114169
0.124768 0.114825 0.114878 0.114752 0.114636 0.114528 0.114427 0.114334 0.114248 0.114169
0.124768 0.114825 0.114878 0.114752 0.114636 0.114528 0.114427 0.114334 0.114248 0.114169
0.124768 0.114825 0.114878 0.114752 0.114636 0.114528 0.114427 0.114334 0.114248 0.114169
0.124768 0.114825 0.114878 0.114752 0.114636 0.114528 0.114427 0.114334 0.114248 0.114169
0.124768 0.114825 0.114878 0.114752 0.114636 0.114528 0.114427 0.114334 0.114248 0.114169
0.124768 0.114825 0.114878 0.114752 0.114636 0.114528 0.114427 0.114334 0.114248 0.114169
0.124768 0.114825 0.114878 0.114752 0.114636 0.114528 0.114427 0.114334 0.114248 0.114169
0.124768 0.114825 0.114878 0.114752 0.114636 0.114528 0.114427 0.114334 0.114248 0.114169
0.124768 0.114825 0.114878 0.114752 0.114636 0.114528 0.114427 0.114334 0.114248 0.114169
0.124768 0.114825 0.114878 0.114752 0.114636 0.114528 0.114427 0.114334 0.114248 0.114169
0.124768 0.114825 0.114878 0.114752 0.114636 0.114528 0.114427 0.114334 0.114248 0.114169
0.124768 0.114825 0.114878 0.114752 0.114636 0.114528 0.114427 0.114334 0.114248 0.114169
0.124768 0.114825 0.114878 0.114752 0.114636 0.114528 0.114427 0.114334 0.114248 0.114169
0.124768 0.114825 0.114878 0.114752 0.114636 0.114528 0.114427 0.114334 0.114248 0.114169
0.124768 0.114825 0.114878 0.114752 0.114636 0.114528 0.114427 0.114334 0.114248 0.114169
0.124768 0.114825 0.114878 0.114752 0.114636 0.114528 0.114427 0.114334 0.114248 0.114169
0.124768 0.114825 0.114878 0.114752 0.114636 0.114528 0.114427 0.114334 0.114248 0.114169
0.124768 0.114825 0.114878 0.114752 0.114636 0.114528 0.114427 0.114334 0.114248 0.114169
0.124768 0.114825 0.114878 0.114752 0.114636 0.114528 0.114427 0.114334 0.114248 0.114169
0.124768 0.114825 0.114878 0.114752 0.114636 0.114528 0.114427 0.114334 0.114248 0.114169
0.124768 0.114825 0.114878 0.114752 0.114636 0.114528 0.114427 0.114334 0.114248 0.114169
0.124768 0.114825 0.114878 0.114752 0.114636 0.114528 0.114427 0.114334 0.114248 0.114169
0.124768 0.114825 0.114878 0.114752 0.114636 0.114528 0.114427 0.114334 0.114248 0.114169
0.124768 0.114825 0.114878 0.114752 0.114636 0.114528 0.114427 0.114334 0.114248 0.114169
0.124768 0.114825 0.114878 0.114752 0.114636 0.114528 0.114427 0.114334 0.114248 0.114169
0.124768 0.114825 0.114878 0.114752 0.114636 0.114528 0.114427 0.114334 0.114248 0.114169
0.124768 0.114825 0.114878 0.114752 0.114636 0.114528 0.114427 0.114334 0.114248 0.114169
0.124768 0.114825 0.114878 0.114752 0.114636 0.114528 0.114427 0.114334 0.114248 0.114169
0.124768 0.114825 0.114878 0.114752 0.114636 0.114528 0.114427 0.114334 0.114248 0.114169
0.124768 0.114825 0.114878 0.114752 0.114636 0.114528 0.114427 0.114334 0.114248 0.114169
0.124768 0.114825 0.114878 0.114752 0.114636 0.114528 0.114427 0.114334 0.114248 0.114169
0.124768 0.114825 0.114878 0.114752 0.114636 0.114528 0.114427 0.114334 0.114248 0.114169
0.124768 0.114825 0.114878 0.114752 0.114636 0.114528 0.114427 0.114334 0.114248 0.114169
0.124768 0.114825 0.114878 0.114752 0.114636 0.114528 0.114427 0.114334 0.114248 0.114169
0.124768 0.114825 0.114878 0.114752 0.114636 0.114528 0.114427 0.114334 0.114248 0.114169
0.124768 0.114825 0.114878 0.114752 0.114636 0.114528 0.114427 0.114334 0.114248 0.114169
0.124768 0.114825 0.114878 0.114752 0.114636 0.114528 0.114427 0.114334 0.114248 0.114169
0.124768 0.114825 0.114878 0.114752 0.114636 0.114528 0.114427 0.114334 0.114248 0.114169
0.124768 0.114825 0.114878 0.114752 0.114636 0.114528 0.114427 0.114334 0.114248 0.114169
0.124768 0.114825 0.114878 0.114752 0.114636 0.114528 0.114427 0.114334 0.114248 0.114169
0.124768 0.114825 0.114878 0.114752 0.114636 0.114528 0.114427 0.114334 0.114248 0.114169
0.124768 0.114825 0.114878 0.114752 0.114636 0.114528 0.114427 0.114334 0.114248 0.114169
0.124768 0.114825 0.114878 0.114752 0.114636 0.114528 0.114427 0.114334 0.114248 0.114169
0.124768 0.114825 0.114878 0.114752 0.114636 0.114528 0.114427 0.114334 0.114248 0.114169
0.124768 0.114825 0.114878 0.114752 0.114636 0.114528 0.114427 0.114334 0.114248 0.114169
0.124768 0.114825 0.114878 0.114752 0.114636 0.114528 0.114427 0.114334 0.114248 0.114169
0.124768 0.114825 0.114878 0.114752 0.114636 0.114528 0.114427 0.114334 0.114248 0.114169
0.124768 0.114825 0.114878 0.114752 0.114636 0.114528 0.114427 0.114334 0.114248 0.114169
0.124768 0.114825 0.114878 0.114752 0.114636 0.114528 0.114427 0.114334 0.114248 0.114169
0.124768 0.114825 0.114878 0.114752 0.114636 0.114528 0.114427 0.114334 0.114248 0.114169
0.124768 0.114825 0.114878 0.114752 0.114636 0.114528 0.114427 0.114334 0.114248 0.114169
0.124768 0.114825 0.114878 0.114752 0.114636 0.114528 0.114427 0.114334 0.114248 0.114169
0.124768 0.114825 0.114878 0.114752 0.114636 0.114528 0.114427 0.114334 0.114248 0.114169
0.124768 0.114825 0.114878 0.114752 0.114636 0.114528 0.114427 0.114334 0.114248 0.114169
0.124768 0.114825 0.114878 0.114752 0.114636 0.114528 0.114427 0.114334 0.114248 0.114169
0.124768 0.114825 0.114878 0.114752 0.114636 0.114528 0.114427 0.114334 0.114248 0.114169
0.124768 0.114825 0.114878 0.114752 0.114636 0.114528 0.114427 0.114334 0.114248 0.114169
0.124768 0.114825 0.114878 0.114752 0.114636 0.114528 0.114427 0.114334 0.114248 0.114169
0.124768 0.114825 0.114878 0.114752 0.114636 0.114528 0.114427 0.114334 0.114248 0.114169
0.124768 0.114825 0.114878 0.114752 0.114636 0.114528 0.114427 0.114334 0.114248 0.114169
0.124768 0.114825 0.114878 0.114752 0.114636 0.114528 0.114427 0.114334 0.114248 0.114169
0.124768 0.114825 0.114878 0.114752 0.114636 0.114528 0.114427 0.114334 0.114248 0.114169
0.124768 0.114825 0.114878 0.114752 0.114636 0.114528 0.114427 0.114334 0.114248 0.114169
0.124768 0.114825 0.114878 0.114752 0.114636 0.114528 0.114427 0.114334 0.114248 0.114169
0.124768 0.114825 0.114878 0.114752 0.114636 0.114528 0.114427 0.114334 0.114248 0.114169
0.124768 0.114825 0.114878 0.114752 0.114636 0.114528 0.114427 0.114334 0.114248 0.114169
0.124768 0.114825 0.114878 0.114752 0.114636 0.114528 0.114427 0.114334 0.114248 0.114169
0.124768 0.114825 0.114878 0.114752 0.114636 0.114528 0.114427 0.114334 0.114248 0.114169
0.124768 0.114825 0.114878 0.114752 0.114636 0.114528 0.114427 0.114334 0.114248 0.114169
0.124768 0.114825 0.114878 0.114752 0.114636 0.114528 0.114427 0.114334 0.114248 0.114169
0.124768 0.114825 0.114878 0.114752 0.114636 0.114528 0.114427 0.114334 0.114248 0.114169
0.124768 0.114825 0.114878 0.114752 0.114636 0.114528 0.114427 0.114334 0.114248 0.114169
0.124768 0.114825 0.114878 0.114752 0.114636 0.114528 0.114427 0.114334 0.114248 0.114169
0.124768 0.114825 0.114878 0.114752 0.114636 0.114528 0.114427 0.114334 0.114248 0.114169
0.124768 0.114825 0.114878 0.114752 0.114636 0.114528 0.114427 0.114334 0.114248 0.114169
0.124768 0.114825 0.114878 0.114752 0.114636 0.114528 0.114427 0.114334 0.114248 0.114169
