-2.38354e-05 -2.19796e-05  -1.9921e-05 -1.76765e-05 -1.52721e-05 -1.27418e-05 -1.01285e-05 -7.48359e-06 -4.86685e-06 -2.34669e-06
-2.38202e-05 -2.19655e-05 -1.99079e-05 -1.76647e-05 -1.52615e-05 -1.27327e-05 -1.01211e-05 -7.47786e-06 -4.86296e-06 -2.34472e-06
-2.38172e-05 -2.19626e-05 -1.99053e-05 -1.76623e-05 -1.52594e-05 -1.27309e-05 -1.01196e-05 -7.47671e-06 -4.86218e-06 -2.34432e-06
-2.38106e-05 -2.19565e-05 -1.98996e-05 -1.76572e-05 -1.52549e-05  -1.2727e-05 -1.01164e-05 -7.47425e-06 -4.86051e-06 -2.34348e-06
 -2.3802e-05 -2.19485e-05 -1.98923e-05 -1.76506e-05  -1.5249e-05  -1.2722e-05 -1.01123e-05 -7.47116e-06 -4.85843e-06 -2.34244e-06
-2.37925e-05 -2.19397e-05 -1.98842e-05 -1.76433e-05 -1.52426e-05 -1.27166e-05 -1.01078e-05 -7.46777e-06 -4.85616e-06 -2.34131e-06
-2.37827e-05 -2.19305e-05 -1.98758e-05 -1.76357e-05  -1.5236e-05 -1.27109e-05 -1.01032e-05 -7.46423e-06 -4.85378e-06 -2.34011e-06
-2.37719e-05 -2.19206e-05 -1.98666e-05 -1.76274e-05 -1.52287e-05 -1.27047e-05 -1.00981e-05 -7.46039e-06  -4.8512e-06 -2.33882e-06
-2.37597e-05 -2.19092e-05 -1.98562e-05 -1.76181e-05 -1.52205e-05 -1.26977e-05 -1.00924e-05 -7.45608e-06 -4.84832e-06 -2.33739e-06
-2.37456e-05 -2.18962e-05 -1.98443e-05 -1.76074e-05 -1.52111e-05 -1.26897e-05  -1.0086e-05 -7.45125e-06  -4.8451e-06 -2.33579e-06
  -2.373e-05 -2.18816e-05 -1.98311e-05 -1.75955e-05 -1.52007e-05 -1.26809e-05 -1.00789e-05 -7.44589e-06 -4.84154e-06 -2.33403e-06
-2.37128e-05 -2.18657e-05 -1.98166e-05 -1.75825e-05 -1.51894e-05 -1.26714e-05 -1.00712e-05 -7.44008e-06 -4.83768e-06 -2.33213e-06
-2.36943e-05 -2.18486e-05  -1.9801e-05 -1.75686e-05 -1.51772e-05 -1.26611e-05 -1.00629e-05 -7.43383e-06 -4.83354e-06 -2.33008e-06
-2.36745e-05 -2.18302e-05 -1.97842e-05 -1.75535e-05 -1.51641e-05   -1.265e-05  -1.0054e-05 -7.42712e-06 -4.82909e-06 -2.32789e-06
 -2.3653e-05 -2.18104e-05 -1.97661e-05 -1.75374e-05   -1.515e-05 -1.26381e-05 -1.00443e-05  -7.4199e-06  -4.8243e-06 -2.32553e-06
-2.36299e-05  -2.1789e-05 -1.97465e-05 -1.75199e-05 -1.51347e-05 -1.26252e-05  -1.0034e-05 -7.41213e-06 -4.81915e-06 -2.32299e-06
-2.36049e-05 -2.17658e-05 -1.97255e-05 -1.75011e-05 -1.51183e-05 -1.26114e-05 -1.00228e-05 -7.40375e-06  -4.8136e-06 -2.32026e-06
 -2.3578e-05  -2.1741e-05 -1.97028e-05 -1.74808e-05 -1.51006e-05 -1.25964e-05 -1.00108e-05 -7.39475e-06 -4.80764e-06 -2.31732e-06
-2.35491e-05 -2.17142e-05 -1.96784e-05  -1.7459e-05 -1.50816e-05 -1.25804e-05 -9.99793e-06 -7.38508e-06 -4.80124e-06 -2.31417e-06
-2.35181e-05 -2.16855e-05 -1.96523e-05 -1.74357e-05 -1.50613e-05 -1.25633e-05 -9.98411e-06 -7.37471e-06 -4.79438e-06 -2.31079e-06
-2.34849e-05 -2.16548e-05 -1.96243e-05 -1.74106e-05 -1.50395e-05 -1.25449e-05  -9.9693e-06  -7.3636e-06 -4.78703e-06 -2.30717e-06
-2.34493e-05 -2.16218e-05 -1.95942e-05 -1.73838e-05 -1.50161e-05 -1.25251e-05 -9.95342e-06  -7.3517e-06 -4.77915e-06 -2.30329e-06
-2.34111e-05 -2.15865e-05  -1.9562e-05  -1.7355e-05  -1.4991e-05  -1.2504e-05 -9.93641e-06 -7.33894e-06  -4.7707e-06 -2.29913e-06
-2.33703e-05 -2.15487e-05 -1.95276e-05 -1.73242e-05 -1.49642e-05 -1.24814e-05 -9.91819e-06 -7.32527e-06 -4.76165e-06 -2.29468e-06
-2.33265e-05 -2.15082e-05 -1.94907e-05 -1.72913e-05 -1.49354e-05 -1.24572e-05 -9.89868e-06 -7.31063e-06 -4.75196e-06 -2.28991e-06
-2.32797e-05 -2.14648e-05 -1.94512e-05  -1.7256e-05 -1.49047e-05 -1.24312e-05 -9.87779e-06 -7.29496e-06 -4.74158e-06 -2.28479e-06
-2.32296e-05 -2.14185e-05 -1.94089e-05 -1.72182e-05 -1.48717e-05 -1.24034e-05 -9.85541e-06 -7.27817e-06 -4.73046e-06 -2.27931e-06
-2.31759e-05 -2.13688e-05 -1.93637e-05 -1.71778e-05 -1.48365e-05 -1.23737e-05 -9.83145e-06 -7.26019e-06 -4.71855e-06 -2.27344e-06
-2.31185e-05 -2.13157e-05 -1.93153e-05 -1.71345e-05 -1.47987e-05 -1.23418e-05 -9.80579e-06 -7.24092e-06 -4.70578e-06 -2.26715e-06
-2.30571e-05 -2.12588e-05 -1.92634e-05 -1.70881e-05 -1.47583e-05 -1.23077e-05  -9.7783e-06 -7.22028e-06 -4.69211e-06 -2.26041e-06
-2.29913e-05 -2.11979e-05 -1.92079e-05 -1.70385e-05  -1.4715e-05 -1.22712e-05 -9.74885e-06 -7.19817e-06 -4.67744e-06 -2.25318e-06
-2.29208e-05 -2.11326e-05 -1.91484e-05 -1.69853e-05 -1.46686e-05  -1.2232e-05 -9.71729e-06 -7.17446e-06 -4.66173e-06 -2.24542e-06
-2.28453e-05 -2.10627e-05 -1.90847e-05 -1.69283e-05 -1.46189e-05 -1.21901e-05 -9.68346e-06 -7.14905e-06 -4.64487e-06 -2.23711e-06
-2.27645e-05 -2.09879e-05 -1.90165e-05 -1.68673e-05 -1.45657e-05 -1.21451e-05  -9.6472e-06  -7.1218e-06  -4.6268e-06 -2.22819e-06
-2.26778e-05 -2.09077e-05 -1.89433e-05 -1.68019e-05 -1.45086e-05 -1.20969e-05 -9.60832e-06 -7.09258e-06 -4.60742e-06 -2.21862e-06
 -2.2585e-05 -2.08217e-05 -1.88649e-05 -1.67317e-05 -1.44474e-05 -1.20452e-05 -9.56663e-06 -7.06125e-06 -4.58662e-06 -2.20835e-06
-2.24855e-05 -2.07295e-05 -1.87809e-05 -1.66566e-05 -1.43818e-05 -1.19898e-05 -9.52191e-06 -7.02763e-06 -4.56431e-06 -2.19734e-06
-2.23788e-05 -2.06307e-05 -1.86908e-05 -1.65759e-05 -1.43114e-05 -1.19303e-05 -9.47394e-06 -6.99156e-06 -4.54037e-06 -2.18551e-06
-2.22644e-05 -2.05248e-05 -1.85941e-05 -1.64895e-05 -1.42359e-05 -1.18665e-05 -9.42247e-06 -6.95285e-06 -4.51467e-06 -2.17281e-06
-2.21417e-05 -2.04111e-05 -1.84905e-05 -1.63967e-05 -1.41549e-05 -1.17981e-05 -9.36722e-06  -6.9113e-06 -4.48708e-06 -2.15918e-06
-2.20101e-05 -2.02893e-05 -1.83793e-05 -1.62972e-05  -1.4068e-05 -1.17246e-05 -9.30796e-06 -6.86672e-06 -4.45747e-06 -2.14454e-06
-2.18691e-05 -2.01586e-05 -1.82601e-05 -1.61905e-05 -1.39748e-05 -1.16459e-05 -9.24437e-06 -6.81887e-06 -4.42568e-06 -2.12883e-06
-2.17177e-05 -2.00184e-05 -1.81322e-05  -1.6076e-05 -1.38748e-05 -1.15613e-05 -9.17611e-06 -6.76751e-06 -4.39156e-06 -2.11197e-06
-2.15553e-05  -1.9868e-05 -1.79949e-05 -1.59532e-05 -1.37675e-05 -1.14706e-05 -9.10286e-06 -6.71239e-06 -4.35495e-06 -2.09387e-06
-2.13811e-05 -1.97066e-05 -1.78477e-05 -1.58213e-05 -1.36524e-05 -1.13733e-05 -9.02428e-06 -6.65327e-06 -4.31569e-06 -2.07448e-06
-2.11943e-05 -1.95335e-05 -1.76898e-05   -1.568e-05 -1.35289e-05 -1.12689e-05 -8.94006e-06 -6.58992e-06 -4.27363e-06 -2.05371e-06
-2.09942e-05 -1.93482e-05 -1.75207e-05 -1.55287e-05 -1.33968e-05 -1.11572e-05 -8.84991e-06 -6.52214e-06 -4.22866e-06 -2.03151e-06
-2.07801e-05 -1.91499e-05 -1.73398e-05 -1.53668e-05 -1.32554e-05 -1.10378e-05 -8.75355e-06 -6.44973e-06 -4.18064e-06 -2.00784e-06
-2.05513e-05 -1.89379e-05 -1.71465e-05 -1.51938e-05 -1.31044e-05 -1.09102e-05 -8.65072e-06  -6.3725e-06 -4.12946e-06 -1.98262e-06
-2.03068e-05 -1.87116e-05   -1.694e-05 -1.50091e-05 -1.29432e-05 -1.07742e-05 -8.54107e-06 -6.29019e-06 -4.07496e-06  -1.9558e-06
-2.00469e-05 -1.84709e-05 -1.67206e-05 -1.48129e-05 -1.27721e-05 -1.06298e-05 -8.42476e-06 -6.20296e-06 -4.01726e-06 -1.92743e-06
-1.97715e-05  -1.8216e-05 -1.64882e-05 -1.46052e-05  -1.2591e-05 -1.04771e-05 -8.30186e-06 -6.11087e-06  -3.9564e-06 -1.89755e-06
-1.94805e-05 -1.79466e-05 -1.62428e-05 -1.43859e-05 -1.23999e-05 -1.03161e-05  -8.1724e-06 -6.01394e-06 -3.89242e-06 -1.86617e-06
-1.91741e-05 -1.76631e-05 -1.59846e-05 -1.41553e-05 -1.21991e-05 -1.01469e-05 -8.03648e-06 -5.91228e-06 -3.82538e-06 -1.83333e-06
-1.88525e-05 -1.73656e-05 -1.57137e-05 -1.39134e-05 -1.19886e-05 -9.96974e-06 -7.89424e-06 -5.80599e-06 -3.75536e-06 -1.79907e-06
 -1.8516e-05 -1.70544e-05 -1.54303e-05 -1.36606e-05 -1.17686e-05 -9.78475e-06 -7.74582e-06 -5.69517e-06 -3.68243e-06 -1.76343e-06
-1.81648e-05 -1.67296e-05 -1.51348e-05 -1.33969e-05 -1.15394e-05 -9.59209e-06 -7.59137e-06 -5.57995e-06 -3.60668e-06 -1.72645e-06
-1.77991e-05 -1.63915e-05 -1.48273e-05 -1.31228e-05 -1.13012e-05 -9.39197e-06 -7.43106e-06 -5.46046e-06  -3.5282e-06 -1.68819e-06
-1.74195e-05 -1.60406e-05 -1.45082e-05 -1.28384e-05 -1.10542e-05 -9.18464e-06  -7.2651e-06 -5.33687e-06 -3.44712e-06 -1.64869e-06
-1.70268e-05 -1.56778e-05 -1.41783e-05 -1.25446e-05 -1.07991e-05 -8.97065e-06 -7.09393e-06  -5.2095e-06 -3.36362e-06 -1.60808e-06
 -1.6622e-05 -1.53038e-05 -1.38384e-05 -1.22419e-05 -1.05365e-05 -8.75046e-06 -6.91792e-06 -5.07863e-06 -3.27791e-06 -1.56642e-06
-1.62057e-05 -1.49193e-05 -1.34891e-05 -1.19309e-05 -1.02668e-05 -8.52449e-06  -6.7374e-06 -4.94452e-06 -3.19015e-06 -1.52381e-06
 -1.5779e-05 -1.45252e-05 -1.31311e-05 -1.16124e-05 -9.99074e-06 -8.29328e-06 -6.55282e-06 -4.80748e-06 -3.10056e-06 -1.48036e-06
-1.53428e-05 -1.41225e-05 -1.27654e-05 -1.12871e-05 -9.70888e-06 -8.05734e-06 -6.36458e-06 -4.66783e-06 -3.00933e-06 -1.43615e-06
-1.48981e-05 -1.37119e-05 -1.23927e-05 -1.09557e-05 -9.42186e-06 -7.81721e-06  -6.1731e-06 -4.52587e-06 -2.91667e-06 -1.39129e-06
-1.44459e-05 -1.32945e-05 -1.20139e-05  -1.0619e-05 -9.13038e-06 -7.57346e-06 -5.97886e-06 -4.38196e-06  -2.8228e-06 -1.34588e-06
-1.39876e-05 -1.28715e-05 -1.16301e-05  -1.0278e-05 -8.83526e-06 -7.32679e-06 -5.78239e-06  -4.2365e-06 -2.72799e-06 -1.30006e-06
-1.35244e-05 -1.24442e-05 -1.12424e-05 -9.93363e-06 -8.53735e-06  -7.0779e-06 -5.58426e-06 -4.08988e-06  -2.6325e-06 -1.25395e-06
-1.30575e-05 -1.20134e-05 -1.08518e-05 -9.58673e-06 -8.23737e-06 -6.82738e-06 -5.38494e-06 -3.94248e-06 -2.53656e-06 -1.20765e-06
 -1.2588e-05 -1.15803e-05  -1.0459e-05 -9.23807e-06 -7.93598e-06  -6.5758e-06 -5.18487e-06  -3.7946e-06 -2.44037e-06 -1.16128e-06
-1.21168e-05 -1.11458e-05 -1.00651e-05 -8.88847e-06 -7.63388e-06 -6.32373e-06 -4.98451e-06  -3.6466e-06 -2.34417e-06 -1.11493e-06
-1.16452e-05 -1.07109e-05 -9.67097e-06 -8.53874e-06 -7.33178e-06 -6.07177e-06 -4.78433e-06 -3.49882e-06 -2.24818e-06 -1.06872e-06
-1.11742e-05 -1.02766e-05 -9.27745e-06 -8.18968e-06 -7.03036e-06 -5.82049e-06 -4.58479e-06 -3.35159e-06  -2.1526e-06 -1.02274e-06
-1.07048e-05 -9.84385e-06 -8.88541e-06 -7.84203e-06 -6.73027e-06 -5.57041e-06  -4.3863e-06 -3.20522e-06 -2.05764e-06 -9.77098e-07
-1.02382e-05 -9.41378e-06 -8.49587e-06  -7.4967e-06 -6.43228e-06 -5.32218e-06 -4.18938e-06 -3.06008e-06 -1.96355e-06   -9.319e-07
-9.77541e-06 -8.98729e-06 -8.10967e-06 -7.15442e-06 -6.13701e-06 -5.07632e-06 -3.99442e-06 -2.91647e-06  -1.8705e-06 -8.87238e-07
-9.31707e-06 -8.56495e-06 -7.72729e-06 -6.81563e-06 -5.84487e-06 -4.83316e-06 -3.80171e-06 -2.77459e-06 -1.77863e-06 -8.43176e-07
-8.86401e-06 -8.14753e-06 -7.34947e-06 -6.48096e-06 -5.55638e-06 -4.59315e-06 -3.61158e-06  -2.6347e-06 -1.68811e-06 -7.99793e-07
-8.41726e-06 -7.73598e-06 -6.97704e-06 -6.15117e-06 -5.27219e-06 -4.35681e-06 -3.42445e-06 -2.49709e-06 -1.59912e-06 -7.57176e-07
-7.97782e-06 -7.33124e-06 -6.61084e-06 -5.82699e-06 -4.99294e-06 -4.12467e-06 -3.24072e-06 -2.36205e-06 -1.51185e-06 -7.15411e-07
-7.54663e-06 -6.93414e-06 -6.25163e-06 -5.50908e-06 -4.71917e-06 -3.89718e-06 -3.06076e-06 -2.22985e-06 -1.42646e-06 -6.74574e-07
-7.12447e-06 -6.54541e-06 -5.90007e-06 -5.19801e-06 -4.45139e-06 -3.67474e-06 -2.88487e-06  -2.1007e-06 -1.34308e-06 -6.34727e-07
-6.71203e-06 -6.16568e-06 -5.55671e-06 -4.89428e-06 -4.18999e-06 -3.45768e-06 -2.71331e-06 -1.97478e-06 -1.26185e-06 -5.95922e-07
 -6.3099e-06  -5.7955e-06 -5.22204e-06 -4.59831e-06 -3.93535e-06  -3.2463e-06  -2.5463e-06 -1.85226e-06 -1.18283e-06 -5.58201e-07
-5.91858e-06  -5.4353e-06 -4.89646e-06 -4.31044e-06 -3.68774e-06 -3.04083e-06 -2.38401e-06 -1.73325e-06 -1.10612e-06 -5.21595e-07
-5.53849e-06 -5.08549e-06 -4.58031e-06 -4.03097e-06 -3.44742e-06 -2.84146e-06 -2.22659e-06 -1.61785e-06 -1.03176e-06 -4.86126e-07
-5.16993e-06 -4.74631e-06 -4.27382e-06 -3.76008e-06 -3.21452e-06  -2.6483e-06 -2.07411e-06  -1.5061e-06 -9.59766e-07 -4.51797e-07
-4.81308e-06 -4.41794e-06 -3.97713e-06 -3.49789e-06 -2.98914e-06  -2.4614e-06  -1.9266e-06 -1.39801e-06 -8.90148e-07 -4.18604e-07
-4.46799e-06 -4.10041e-06 -3.69026e-06  -3.2444e-06 -2.77127e-06 -2.28074e-06 -1.78403e-06 -1.29355e-06 -8.22867e-07 -3.86524e-07
-4.13459e-06 -3.79364e-06 -3.41312e-06 -2.99953e-06 -2.56081e-06 -2.10624e-06 -1.64631e-06 -1.19264e-06 -7.57865e-07 -3.55527e-07
 -3.8151e-06 -3.49983e-06 -3.14789e-06 -2.76541e-06 -2.35987e-06 -1.93997e-06 -1.51551e-06 -1.09734e-06 -6.97196e-07 -3.27666e-07
-3.51402e-06 -3.22335e-06 -2.89879e-06 -2.54615e-06 -2.17244e-06  -1.7858e-06 -1.39539e-06  -1.0113e-06 -6.44418e-07 -3.04344e-07
-3.23691e-06 -2.96949e-06 -2.67088e-06 -2.34654e-06 -2.00307e-06 -1.64805e-06 -1.29004e-06 -9.38376e-07 -6.01105e-07 -2.85605e-07
-2.99034e-06 -2.74444e-06 -2.46995e-06 -2.17201e-06 -1.85679e-06 -1.53141e-06 -1.20376e-06 -8.80477e-07 -5.67493e-07 -2.71509e-07
-2.78181e-06 -2.55517e-06 -2.30245e-06  -2.0285e-06 -1.73908e-06  -1.4408e-06 -1.13896e-06 -8.38191e-07 -5.43862e-07 -2.62137e-07
-2.61733e-06 -2.40707e-06 -2.17316e-06 -1.92014e-06 -1.65343e-06  -1.3771e-06 -1.09458e-06  -8.1003e-07  -5.2841e-07 -5.29396e-23
-2.50139e-06 -2.30395e-06 -2.08519e-06 -1.84943e-06 -1.59962e-06  -1.3381e-06 -1.06792e-06 -7.92956e-07 -1.05879e-22 -5.87747e-39
-2.43731e-06 -2.24848e-06 -2.04062e-06 -1.81572e-06 -1.57509e-06 -1.32082e-06 -1.05574e-06 -1.05879e-22 -1.17549e-38  -6.5253e-55
-2.42649e-06 -2.24149e-06 -2.03765e-06 -1.81539e-06  -1.5759e-06 -1.32112e-06            0 -1.17549e-38 -1.30506e-54 -7.24454e-71
-2.47152e-06 -2.28282e-06 -2.07411e-06 -1.84579e-06 -1.59901e-06 -2.11758e-22            0 -1.30506e-54 -1.44891e-70 -8.04306e-87
 -2.53352e-06   -2.3377e-06  -2.12066e-06  -1.88274e-06  -2.11758e-22  -2.35099e-38             0  -1.44891e-70  -1.60861e-86 -8.92959e-103
 -2.56472e-06  -2.36366e-06  -2.14002e-06  -2.11758e-22  -2.35099e-38  -2.61012e-54             0  -1.60861e-86 -1.78592e-102 -9.91384e-119
 -2.55672e-06  -2.35312e-06  -4.23516e-22  -2.35099e-38  -2.61012e-54  -2.89782e-70             0 -1.78592e-102 -1.98277e-118 -1.10066e-134
 -2.50144e-06  -4.23516e-22  -4.70198e-38  -2.61012e-54  -2.89782e-70  -3.21722e-86             0 -1.98277e-118 -2.20131e-134 -1.22197e-150
 -4.23516e-22  -4.70198e-38  -5.22024e-54  -2.89782e-70  -3.21722e-86 -3.57184e-102             0 -2.20131e-134 -2.44395e-150 -1.35666e-166
 -4.70198e-38  -5.22024e-54  -5.79563e-70  -3.21722e-86 -3.57184e-102 -3.96553e-118             0 -2.44395e-150 -2.71333e-166  -1.5062e-182
 -5.22024e-54  -5.79563e-70  -6.43445e-86 -3.57184e-102 -3.96553e-118 -4.40263e-134             0 -2.71333e-166  -3.0124e-182 -1.67222e-198
 -5.79563e-70  -6.43445e-86 -7.14367e-102 -3.96553e-118 -4.40263e-134  -4.8879e-150             0  -3.0124e-182 -3.34444e-198 -1.85653e-214
 -6.43445e-86 -7.14367e-102 -7.93107e-118 -4.40263e-134  -4.8879e-150 -5.42666e-166             0 -3.34444e-198 -3.71307e-214 -2.06117e-230
-7.14367e-102 -7.93107e-118 -8.80525e-134  -4.8879e-150 -5.42666e-166  -6.0248e-182             0 -3.71307e-214 -4.12234e-230 -2.28836e-246
-7.93107e-118 -8.80525e-134  -9.7758e-150 -5.42666e-166  -6.0248e-182 -6.68887e-198             0 -4.12234e-230 -4.57671e-246 -2.54059e-262
-8.80525e-134  -9.7758e-150 -1.08533e-165  -6.0248e-182 -6.68887e-198 -7.42614e-214             0 -4.57671e-246 -5.08117e-262 -2.82062e-278
 -9.7758e-150 -1.08533e-165 -1.20496e-181 -6.68887e-198 -7.42614e-214 -8.24467e-230             0 -5.08117e-262 -5.64123e-278 -3.13151e-294
-1.08533e-165 -1.20496e-181 -1.33777e-197 -7.42614e-214 -8.24467e-230 -9.15342e-246             0 -5.64123e-278 -6.26303e-294 -3.47668e-310
-1.20496e-181 -1.33777e-197 -1.48523e-213 -8.24467e-230 -9.15342e-246 -1.01623e-261             0 -6.26303e-294 -6.95336e-310             0
-1.33777e-197 -1.48523e-213 -1.64893e-229 -9.15342e-246 -1.01623e-261 -1.12825e-277             0 -6.95336e-310             0             0
-1.48523e-213 -1.64893e-229 -1.83068e-245 -1.01623e-261 -1.12825e-277 -1.25261e-293             0             0             0             0
-1.64893e-229 -1.83068e-245 -2.03247e-261 -1.12825e-277 -1.25261e-293 -1.39067e-309             0             0             0             0
-1.83068e-245 -2.03247e-261 -2.25649e-277 -1.25261e-293 -1.39067e-309             0             0             0             0             0
-2.03247e-261 -2.25649e-277 -2.50521e-293 -1.39067e-309             0             0             0             0             0             0
-2.25649e-277 -2.50521e-293 -2.78134e-309             0             0             0             0             0             0             0
-2.50521e-293 -2.78134e-309             0             0             0             0             0             0             0             0
-2.78134e-309             0             0             0             0             0             0             0             0             0
0 0 0 0 0 0 0 0 0 0
0 0 0 0 0 0 0 0 0 0
           0            0            0            0            0            0            0            0            0 -1.21571e-06
           0            0            0            0            0            0            0            0 -2.74473e-06 -1.38126e-06
           0            0            0            0            0            0            0  -4.6097e-06 -3.10447e-06 -1.55757e-06
           0            0            0            0            0            0 -6.82607e-06 -5.18986e-06 -3.48679e-06 -1.74498e-06
           0            0            0            0            0 -9.40139e-06 -7.64956e-06 -5.80504e-06 -3.89246e-06 -1.94397e-06
           0            0            0            0 -1.23349e-05  -1.0487e-05 -8.52065e-06 -6.45641e-06 -4.32241e-06 -2.15509e-06
           0            0            0  -1.5618e-05 -1.36968e-05 -1.16326e-05 -9.44098e-06 -7.14545e-06 -4.77779e-06 -2.37898e-06
           0            0 -1.92347e-05 -1.72654e-05 -1.51306e-05 -1.28404e-05 -1.04127e-05 -7.87403e-06 -5.26001e-06 -2.61644e-06
           0 -2.31641e-05 -2.11727e-05 -1.89967e-05 -1.66399e-05 -1.41139e-05  -1.1439e-05  -8.6448e-06 -5.77102e-06 -2.86849e-06
-2.73804e-05 -2.53922e-05 -2.32051e-05 -2.08158e-05 -1.82286e-05 -1.54569e-05 -1.25233e-05 -9.46056e-06 -6.31289e-06 -3.13638e-06
-2.99457e-05 -2.77693e-05 -2.53749e-05  -2.2759e-05 -1.99271e-05 -1.68938e-05 -1.36844e-05 -1.03354e-05 -6.89551e-06  -3.4262e-06
 -3.2721e-05 -3.03413e-05 -2.77228e-05 -2.48623e-05 -2.17658e-05 -1.84502e-05 -1.49433e-05 -1.12854e-05 -7.53011e-06 -3.74161e-06
-3.57261e-05 -3.31266e-05  -3.0266e-05  -2.7141e-05 -2.37589e-05 -2.01383e-05 -1.63103e-05 -1.23191e-05    -8.22e-06 -4.08421e-06
-3.89817e-05 -3.61445e-05 -3.30221e-05 -2.96115e-05 -2.59209e-05 -2.19711e-05 -1.77962e-05 -1.34416e-05 -8.96859e-06 -4.45563e-06
-2.01292e-05 -1.92122e-05 -1.82789e-05 -1.72087e-05 -1.58845e-05 -1.41973e-05 -1.21023e-05 -9.60389e-06 -6.72389e-06  -3.5025e-06
-3.11448e-05 -2.93071e-05   -2.734e-05 -2.51303e-05  -2.2573e-05 -1.96268e-05 -1.63004e-05 -1.26197e-05  -8.6292e-06 -4.39375e-06
-4.12898e-05 -3.85859e-05 -3.56376e-05  -3.2339e-05 -2.86479e-05 -2.45721e-05  -2.0137e-05 -1.53865e-05 -1.03852e-05  -5.2196e-06
-5.03414e-05  -4.6849e-05 -4.29949e-05 -3.87312e-05 -3.40601e-05 -2.90013e-05 -2.35934e-05 -1.78957e-05 -1.19896e-05 -5.98056e-06
-5.80697e-05 -5.38927e-05  -4.9285e-05 -4.42381e-05 -3.87612e-05 -3.28826e-05 -2.66513e-05 -2.01385e-05 -1.34399e-05 -6.67716e-06
-6.42438e-05  -5.9566e-05 -5.44181e-05 -4.87936e-05 -4.27052e-05 -3.61866e-05 -2.92939e-05 -2.21077e-05 -1.47348e-05 -7.31041e-06
-6.99895e-05 -6.48868e-05 -5.92704e-05 -5.31344e-05 -4.64937e-05 -3.93863e-05 -3.18745e-05  -2.4047e-05 -1.60213e-05 -7.94526e-06
-7.61323e-05 -7.05756e-05 -6.44587e-05 -5.77761e-05 -5.05454e-05 -4.28087e-05  -3.4635e-05 -2.61219e-05 -1.73979e-05 -8.62484e-06
-8.27053e-05 -7.66631e-05 -7.00108e-05 -6.27438e-05  -5.4882e-05 -4.64723e-05 -3.75906e-05 -2.83438e-05 -1.88725e-05 -9.35293e-06
-8.97426e-05 -8.31808e-05 -7.59558e-05 -6.80634e-05 -5.95263e-05 -5.03963e-05 -4.07568e-05 -3.07246e-05 -2.04529e-05 -1.01335e-05
-9.72816e-05 -9.01636e-05 -8.23254e-05 -7.37635e-05 -6.45034e-05 -5.46022e-05  -4.4151e-05 -3.32774e-05  -2.2148e-05 -1.09711e-05
-0.000105364 -9.76501e-05 -8.91551e-05 -7.98759e-05 -6.98412e-05 -5.91136e-05 -4.77927e-05 -3.60171e-05 -2.39677e-05 -1.18706e-05
-0.000114036 -0.000105683 -9.64839e-05 -8.64358e-05 -7.55707e-05  -6.3957e-05 -5.17032e-05 -3.89598e-05  -2.5923e-05 -1.28374e-05
-0.000123348  -0.00011431 -0.000104355 -9.34819e-05 -8.17257e-05 -6.91612e-05  -5.5906e-05 -4.21233e-05 -2.80256e-05 -1.38775e-05
-0.000133356 -0.000123581 -0.000112815 -0.000101056 -8.83435e-05 -7.47578e-05 -6.04267e-05  -4.5527e-05 -3.02884e-05 -1.49972e-05
-0.000144126  -0.00013356 -0.000121922 -0.000109211 -9.54689e-05 -8.07847e-05  -6.5296e-05 -4.91941e-05  -3.2727e-05 -1.62041e-05
-0.000155802 -0.000144379 -0.000131797 -0.000118056 -0.000103201 -8.73269e-05 -7.05838e-05 -5.31779e-05 -3.53775e-05 -1.75165e-05
-0.000168401 -0.000156054 -0.000142454 -0.000127602 -0.000111545 -9.43882e-05 -7.62916e-05 -5.74785e-05 -3.82388e-05 -1.89334e-05
-0.000182002 -0.000168658  -0.00015396 -0.000137908 -0.000120555 -0.000102013 -8.24547e-05 -6.21223e-05 -4.13285e-05 -2.04634e-05
 -0.00019669 -0.000182269 -0.000166385 -0.000149038 -0.000130285 -0.000110246 -8.91103e-05 -6.71371e-05 -4.46649e-05 -2.21154e-05
-0.000212552 -0.000196968 -0.000179803 -0.000161057 -0.000140792 -0.000119138 -9.62975e-05  -7.2552e-05 -4.82672e-05 -2.38989e-05
-0.000229681 -0.000212841 -0.000194293 -0.000174037 -0.000152138 -0.000128739 -0.000104057 -7.83978e-05 -5.21557e-05 -2.58239e-05
-0.000248175 -0.000229979 -0.000209937 -0.000188049 -0.000164387 -0.000139103 -0.000112433  -8.4707e-05  -5.6352e-05 -2.79008e-05
-0.000268138 -0.000248477 -0.000226822 -0.000203173 -0.000177606 -0.000150286 -0.000121471 -9.15139e-05 -6.08786e-05 -3.01409e-05
-0.000289677 -0.000268435  -0.00024504 -0.000219488 -0.000191866  -0.00016235 -0.000131218 -9.88548e-05 -6.57596e-05 -3.25561e-05
-0.000312903 -0.000289957 -0.000264683  -0.00023708  -0.00020724 -0.000175355 -0.000141725 -0.000106766 -7.10196e-05 -3.51584e-05
-0.000337796 -0.000313016 -0.000285723 -0.000255914 -0.000223691  -0.00018926 -0.000152946 -0.000115201 -7.66071e-05  -3.7894e-05
-0.000364408  -0.00033766 -0.000308196 -0.000276017 -0.000241231 -0.000204063 -0.000164865 -0.000124124 -8.24701e-05 -4.07476e-05
-0.000392715  -0.00036386 -0.000332072 -0.000297354 -0.000259821  -0.00021972 -0.000177429 -0.000133475 -8.85958e-05 -4.37329e-05
-0.000422677 -0.000391576 -0.000357311 -0.000319882 -0.000279417  -0.00023618 -0.000190584 -0.000143252 -9.50112e-05 -4.68652e-05
-0.000454242 -0.000420762 -0.000383866 -0.000343556 -0.000299972 -0.000253399 -0.000204338 -0.000153494 -0.000101746 -5.01612e-05
 -0.00048735 -0.000451362 -0.000411689 -0.000368333 -0.000321446 -0.000271392 -0.000218742 -0.000164245 -0.000108834  -5.3639e-05
-0.000521942 -0.000483327 -0.000440737 -0.000394175  -0.00034386 -0.000290219 -0.000233853 -0.000175554  -0.00011631 -5.73184e-05
-0.000557958 -0.000516609 -0.000470972 -0.000421109 -0.000367286 -0.000309949 -0.000249734 -0.000187474 -0.000124214 -6.12208e-05
-0.000595348 -0.000551172 -0.000502427 -0.000449212 -0.000391802 -0.000330661 -0.000266457 -0.000200065 -0.000132589 -6.53694e-05
-0.000634151 -0.000587125 -0.000535261  -0.00047865 -0.000417573 -0.000352514 -0.000284169  -0.00021346  -0.00014155 -8.34715e-06
-0.000676009 -0.000625966 -0.000570785 -0.000510549 -0.000445549 -0.000376283 -0.000303483 -0.000228117 -1.04569e-05 -8.29131e-16
-0.000722203 -0.000668838 -0.000610005 -0.000545783 -0.000476466 -0.000402577 -0.000324881   -2.943e-05 -3.92618e-16 -6.37652e-16
-0.000773231 -0.000716206  -0.00065335 -0.000584738 -0.000510672 -0.000431698 -7.07268e-05 -3.98855e-16 -1.63178e-16 -6.37652e-16
-0.000829638 -0.000768573 -0.000701282 -0.000627833 -0.000548538 -0.000132433 -1.87586e-15  6.86708e-16 -1.63178e-16 -6.37652e-16
-0.000968626 -0.000897691 -0.000819574 -0.000734243 -0.000641953 -6.73262e-16  6.99215e-18  6.86708e-16 -1.63178e-16 -6.37652e-16
 -0.00104697 -0.000970229 -0.000885704 -0.000793371            0 -9.68105e-17  6.99215e-18  6.86708e-16 -1.63178e-16 -6.37652e-16
 -0.00113051  -0.00104758 -0.000956215            0            0 -9.68105e-17  6.99215e-18  6.86708e-16 -1.63178e-16 -6.37652e-16
 -0.00121958  -0.00113004  -1.0842e-19            0            0 -9.68105e-17  6.99215e-18  6.86708e-16 -1.63178e-16 -6.37652e-16
 -0.00131451  -2.1684e-19 -1.20371e-35            0            0 -9.68105e-17  6.99215e-18  6.86708e-16 -1.63178e-16 -6.37652e-16
 -2.1684e-19 -2.40741e-35 -1.33638e-51            0            0 -9.68105e-17  6.99215e-18  6.86708e-16 -1.63178e-16 -6.37652e-16
-2.40741e-35 -2.67276e-51 -1.48368e-67            0            0 -9.68105e-17  6.99215e-18  6.86708e-16 -1.63178e-16 -6.37652e-16
-2.67276e-51 -2.96736e-67 -1.64722e-83            0            0 -9.68105e-17  6.99215e-18  6.86708e-16 -1.63178e-16 -6.37652e-16
-2.96736e-67 -3.29444e-83 -1.82878e-99            0            0 -9.68105e-17  6.99215e-18  6.86708e-16 -1.63178e-16 -6.37652e-16
 -3.29444e-83  -3.65756e-99 -2.03035e-115             0             0  -9.68105e-17   6.99215e-18   6.86708e-16  -1.63178e-16  -6.37652e-16
 -3.65756e-99 -4.06071e-115 -2.25415e-131             0             0  -9.68105e-17   6.99215e-18   6.86708e-16  -1.63178e-16  -6.37652e-16
-4.06071e-115 -4.50829e-131  -2.5026e-147             0             0  -9.68105e-17   6.99215e-18   6.86708e-16  -1.63178e-16  -6.37652e-16
-4.50829e-131 -5.00521e-147 -2.77845e-163             0             0  -9.68105e-17   6.99215e-18   6.86708e-16  -1.63178e-16  -6.37652e-16
-5.00521e-147  -5.5569e-163  -3.0847e-179             0             0  -9.68105e-17   6.99215e-18   6.86708e-16  -1.63178e-16  -6.37652e-16
 -5.5569e-163 -6.16939e-179  -3.4247e-195             0             0  -9.68105e-17   6.99215e-18   6.86708e-16  -1.63178e-16  -6.37652e-16
-6.16939e-179  -6.8494e-195 -3.80218e-211             0             0  -9.68105e-17   6.99215e-18   6.86708e-16  -1.63178e-16  -6.37652e-16
 -6.8494e-195 -7.60437e-211 -4.22127e-227             0             0  -9.68105e-17   6.99215e-18   6.86708e-16  -1.63178e-16  -6.37652e-16
-7.60437e-211 -8.44254e-227 -4.68655e-243             0             0  -9.68105e-17   6.99215e-18   6.86708e-16  -1.63178e-16  -6.37652e-16
-8.44254e-227 -9.37311e-243 -5.20312e-259             0             0  -9.68105e-17   6.99215e-18   6.86708e-16  -1.63178e-16  -6.37652e-16
-9.37311e-243 -1.04062e-258 -5.77662e-275             0             0  -9.68105e-17   6.99215e-18   6.86708e-16  -1.63178e-16  -6.37652e-16
-1.04062e-258 -1.15532e-274 -6.41334e-291             0             0  -9.68105e-17   6.99215e-18   6.86708e-16  -1.63178e-16  -6.37652e-16
-1.15532e-274 -1.28267e-290 -7.12024e-307             0             0  -9.68105e-17   6.99215e-18   6.86708e-16  -1.63178e-16  -6.37652e-16
-1.28267e-290 -1.42405e-306 -7.90505e-323             0             0  -9.68105e-17   6.99215e-18   6.86708e-16  -1.63178e-16  -6.37652e-16
-1.42405e-306 -1.58101e-322             0             0             0  -9.68105e-17   6.99215e-18   6.86708e-16  -1.63178e-16  -6.37652e-16
-1.58101e-322             0             0             0             0  -9.68105e-17   6.99215e-18   6.86708e-16  -1.63178e-16  -6.37652e-16
           0            0            0            0            0 -9.68105e-17  6.99215e-18  6.86708e-16 -1.63178e-16 -6.37652e-16
           0            0            0            0            0 -9.68105e-17  6.99215e-18  6.86708e-16 -1.63178e-16 -0.000731744
           0            0            0            0            0 -9.68105e-17  6.99215e-18  6.86708e-16  -0.00155403 -0.000750061
           0            0            0            0            0 -9.68105e-17  6.99215e-18   -0.0024318  -0.00157221 -0.000747631
           0            0            0            0            0 -9.68105e-17  -0.00331973  -0.00242432  -0.00154582 -0.000723942
           0            0            0            0            0  -0.00415821  -0.00325079  -0.00234321  -0.00147275 -0.000678358
           0            0            0            0  -0.00486928  -0.00397841  -0.00307159  -0.00218353  -0.00135057 -0.000610095
           0            0            0  -0.00535267  -0.00451233  -0.00364191  -0.00277327  -0.00193996  -0.00117658 -0.000518253
           0            0  -0.00548322   -0.0047334  -0.00394129  -0.00313574  -0.00234725  -0.00160741 -0.000948325  -0.00040205
           0  -0.00511112  -0.00449807  -0.00383282  -0.00314093  -0.00244963  -0.00178723  -0.00118261 -0.000664578 -0.000261362
 -0.00405443  -0.00363157   -0.0031494  -0.00262989   -0.0020967  -0.00157464  -0.00108903  -0.00066521 -0.000327927 -0.000100788
  -0.0022572  -0.00197686  -0.00165286  -0.00130569 -0.000956974 -0.000628883  -0.00034356 -0.000122567  1.36982e-05  5.22453e-05
-0.000536919  -0.00039601 -0.000226944   -4.885e-05  0.000118603  0.000255771  0.000343607  0.000364237  0.000307208  0.000181998
 0.00106944   0.0010759  0.00109506  0.00110907  0.00110013  0.00105104 0.000945763 0.000775724 0.000552275 0.000288706
 0.00251773  0.00239758  0.00227465  0.00213229  0.00195448  0.00172639  0.00144062  0.00110975 0.000748289 0.000372465
 0.00311173  0.00292781  0.00273175  0.00251018  0.00225053  0.00194159  0.00158654   0.0011989 0.000793879 0.000388229
 0.00407548  0.00379911  0.00349728  0.00315744  0.00276842  0.00233343  0.00186603  0.00138152 0.000896719 0.000429777
 0.00478971  0.00443699  0.00404522  0.00360266  0.00311203  0.00258635  0.00204041  0.00149056 0.000954476 0.000451005
 0.00519954  0.00479211  0.00433171  0.00381994  0.00326874  0.00269182  0.00210445  0.00152327   0.0009661 0.000451774
 0.00525206  0.00481771  0.00432861  0.00379502  0.00322895  0.00264402  0.00205521  0.00147872 0.000931805 0.000432603
 0.00488495  0.00447156  0.00400909  0.00350727  0.00297741  0.00243224  0.00188572  0.00135289 0.000849715 0.000392956
 0.00431899  0.00395114  0.00353935  0.00309264  0.00262143  0.00213739  0.00165327  0.00118273 0.000740197 0.000340764
 0.00377819  0.00345374  0.00309024  0.00269605  0.00228076  0.00185505  0.00143051  0.00101951 0.000635036 0.000290584
 0.00325929  0.00297637  0.00265906  0.00231511  0.00195334   0.0015835  0.00121608 0.000862233  0.00053358 0.000242102
 0.00275938  0.00251635  0.00224339  0.00194768  0.00163733  0.00132119  0.00100876  0.00071001 0.000435257 0.000195045
 0.00227565  0.00207109  0.00184088   0.0015917  0.00133095  0.00106668 0.000807402 0.000561989 0.000339519 0.000149151
  0.0018054   0.0016381   0.0014493  0.00124517  0.00103249 0.000818523 0.000610869 0.000417341 0.000245828 0.000104163
 0.00134598  0.00121495  0.00106643 0.000906146 0.000740271 0.000575333 0.000418061 0.000275254 0.000153658 5.98268e-05
0.000894821  0.00079927 0.000690146 0.000572736 0.000452663 0.000335754 0.000227901 0.000134935 6.24953e-05 1.58965e-05
 0.000449414  0.000388749  0.000318339  0.000243078  0.000168061  9.84467e-05  3.93282e-05 -4.39919e-06 -2.81687e-05 -2.78735e-05
 7.26302e-06 -1.89121e-05 -5.10666e-05 -8.46695e-05 -0.000115127 -0.000137915 -0.000148712 -0.000143528 -0.000118841 -7.17276e-05
-0.000434171 -0.000426057 -0.000420196 -0.000412395 -0.000398534 -0.000374696 -0.000337305 -0.000283256 -0.000210047 -0.000115921
-0.000877291 -0.000834901 -0.000791057 -0.000741878 -0.000683695 -0.000613177 -0.000527471 -0.000424336 -0.000302277 -0.000160689
 -0.00132456  -0.00124772  -0.00116571  -0.00107495 -0.000972196 -0.000854683 -0.000720266 -0.000567551 -0.000396043 -0.000206282
 -0.00177847   -0.0016668  -0.00154624  -0.00141346  -0.00126564  -0.00110055 -0.000916758 -0.000713696 -0.000491863 -0.000252951
 -0.00224153  -0.00209448  -0.00193475  -0.00175928  -0.00156564  -0.00135215  -0.00111803 -0.000863578 -0.000590268 -0.000300953
  -0.0027163   -0.0025331  -0.00233338  -0.00211433  -0.00187387  -0.00161086  -0.00132521  -0.00101802   -0.0006918 -0.000350554
  -0.0032054  -0.00298509  -0.00274435  -0.00248055  -0.00219202  -0.00187811  -0.00153941  -0.00117788 -0.000797021 -0.000402029
 -0.00371153  -0.00345295   -0.0031699  -0.00285998  -0.00252185  -0.00215538  -0.00176184  -0.00134405 -0.000906513 -0.000455664
 -0.00423748  -0.00393925   -0.0036124   -0.0032547  -0.00286517   -0.0024442  -0.00199372  -0.00151743  -0.00102088 -0.000511752
  -0.0047861  -0.00444664  -0.00407424  -0.00366686  -0.00322385  -0.00274612   -0.0022363  -0.00169896  -0.00114073 -0.000570579
 -0.00534406  -0.00496182  -0.00454216   -0.0040832  -0.00358462  -0.00304785  -0.00247623  -0.00187523   -0.0012526 -0.000618658
  -0.0058824  -0.00545661  -0.00498871  -0.00447698  -0.00392143  -0.00332402  -0.00268881  -0.00202218  -0.00133309 -0.000646762
 -0.00636428  -0.00589585  -0.00538039  -0.00481633  -0.00420402  -0.00354594  -0.00284689  -0.00211427  -0.00137173 -0.000654543
  -0.0067457  -0.00623813  -0.00567837  -0.00506497  -0.00439862  -0.00368234  -0.00292175  -0.00213874  -0.00136682 -0.000641552
 -0.00697606   -0.0064364   -0.0058391  -0.00518284  -0.00446865  -0.00370013  -0.00289722  -0.00209144   -0.0013164 -0.000607213
 -0.00699865  -0.00643847   -0.0058149  -0.00512672  -0.00437534  -0.00357849  -0.00276548  -0.00196773  -0.00121819 -0.000550798
 -0.00675149  -0.00618788  -0.00555477  -0.00485111  -0.00409218  -0.00330486  -0.00251815  -0.00176257  -0.00106966 -0.000471461
 -0.00616972  -0.00562616  -0.00500667  -0.00432382  -0.00360182  -0.00286697  -0.00214712  -0.00147116 -0.000868478 -0.000368473
 -0.00519024  -0.00469736  -0.00413518  -0.00352494  -0.00288998   -0.0022552  -0.00164655  -0.00109051 -0.000613584  -0.00024176
 -0.00374054  -0.00335097  -0.00290681  -0.00242816  -0.00193666  -0.00145505  -0.00100657 -0.000614553 -0.000301818 -9.02044e-05
 -0.00207905  -0.00182013   -0.0015209  -0.00120013 -0.000877611 -0.000573715 -0.000308824 -0.000102841  2.53416e-05 -1.35525e-20
-0.000472141 -0.000341935 -0.000185588 -2.06261e-05   0.00013489  0.000262873  0.000345734  0.000366901  3.38813e-21 -1.50463e-36
  0.00104754   0.00105241   0.00106928   0.00108177   0.00107348   0.00102853  0.000932049  5.42101e-20  3.76158e-37 -1.67048e-52
 0.00244008  0.00232537  0.00220847  0.00207406  0.00190734  0.00169455  1.0842e-19 6.01853e-36 4.17619e-53 -1.8546e-68
  0.00389465   0.00364098   0.00336644   0.00306018   0.00271246   2.1684e-19  1.20371e-35  6.68191e-52  4.63651e-69 -2.05902e-84
   0.00471222    0.00437893    0.00401309    0.00360453   4.33681e-19   2.40741e-35   1.33638e-51   7.41841e-68   5.14756e-85 -2.28597e-100
   0.00530162    0.00490337     0.0044606   4.33681e-19   4.81482e-35   2.67276e-51   1.48368e-67   8.23609e-84  5.71494e-101 -2.53794e-116
   0.00561183    0.00516842   8.67362e-19   4.81482e-35   5.34553e-51   2.96736e-67   1.64722e-83   9.1439e-100  6.34485e-117 -2.81768e-132
   0.00559389   8.67362e-19   9.62965e-35   5.34553e-51   5.93473e-67   3.29444e-83   1.82878e-99  1.01518e-115   7.0442e-133 -3.12825e-148
  1.73472e-18   9.62965e-35   1.06911e-50   5.93473e-67   6.58887e-83   3.65756e-99  2.03035e-115  1.12707e-131  7.82064e-149 -3.47306e-164
  1.92593e-34   1.06911e-50   1.18695e-66   6.58887e-83   7.31512e-99  4.06071e-115  2.25415e-131   1.2513e-147  8.68265e-165 -3.85587e-180
  2.13821e-50   1.18695e-66   1.31777e-82   7.31512e-99  8.12141e-115  4.50829e-131   2.5026e-147  1.38922e-163  9.63968e-181 -4.28088e-196
  2.37389e-66   1.31777e-82   1.46302e-98  8.12141e-115  9.01658e-131  5.00521e-147  2.77845e-163  1.54235e-179  1.07022e-196 -4.75273e-212
  2.63555e-82   1.46302e-98  1.62428e-114  9.01658e-131  1.00104e-146   5.5569e-163   3.0847e-179  1.71235e-195  1.18818e-212 -5.27659e-228
  2.92605e-98  1.62428e-114  1.80332e-130  1.00104e-146  1.11138e-162  6.16939e-179   3.4247e-195  1.90109e-211  1.31915e-228 -5.85819e-244
3.24857e-114 1.80332e-130 2.00208e-146 1.11138e-162 1.23388e-178  6.8494e-195 3.80218e-211 2.11064e-227 1.46455e-244 -6.5039e-260
 3.60663e-130  2.00208e-146  2.22276e-162  1.23388e-178  1.36988e-194  7.60437e-211  4.22127e-227  2.34328e-243  1.62597e-260 -7.22078e-276
 4.00417e-146  2.22276e-162  2.46776e-178  1.36988e-194  1.52087e-210  8.44254e-227  4.68655e-243  2.60156e-259  1.80519e-276 -8.01667e-292
4.44552e-162 2.46776e-178 2.73976e-194 1.52087e-210 1.68851e-226 9.37311e-243 5.20312e-259 2.88831e-275 2.00417e-292 -8.9003e-308
 4.93552e-178  2.73976e-194  3.04175e-210  1.68851e-226  1.87462e-242  1.04062e-258  5.77662e-275  3.20667e-291  2.22507e-308 -9.88131e-324
5.47952e-194 3.04175e-210 3.37702e-226 1.87462e-242 2.08125e-258 1.15532e-274 6.41334e-291 3.56012e-307 4.94066e-324            0
6.08349e-210 3.37702e-226 3.74924e-242 2.08125e-258 2.31065e-274 1.28267e-290 7.12024e-307 3.95253e-323            0            0
6.75403e-226 3.74924e-242 4.16249e-258 2.31065e-274 2.56534e-290 1.42405e-306 7.90505e-323            0            0            0
7.49848e-242 4.16249e-258  4.6213e-274 2.56534e-290 2.84809e-306 1.58101e-322            0            0            0            0
8.32499e-258  4.6213e-274 5.13067e-290 2.84809e-306 3.16202e-322            0            0            0            0            0
 9.2426e-274 5.13067e-290 5.69619e-306 3.16202e-322            0            0            0            0            0            0
1.02613e-289 5.69619e-306 6.32404e-322            0            0            0            0            0            0            0
1.13924e-305 6.32404e-322            0            0            0            0            0            0            0            0
1.26481e-321            0            0            0            0            0            0            0            0            0
0 0 0 0 0 0 0 0 0 0
           0            0            0            0            0            0            0            0            0 -0.000613497
           0            0            0            0            0            0            0            0  -0.00132279 -0.000641818
           0            0            0            0            0            0            0  -0.00209892  -0.00136171 -0.000649654
           0            0            0            0            0            0  -0.00290135   -0.0021235  -0.00135673 -0.000636554
           0            0            0            0            0  -0.00367449   -0.0028765  -0.00207577  -0.00130588 -0.000601941
           0            0            0            0  -0.00434391  -0.00355173  -0.00274363  -0.00195104  -0.00120689 -0.000545085
           0            0            0  -0.00481285  -0.00405841   -0.0032759  -0.00249435  -0.00174428  -0.00105721 -0.000465141
           0            0  -0.00495989  -0.00428147  -0.00356428  -0.00283467   -0.0021205  -0.00145066 -0.000854518 -0.000361379
           0  -0.00463951  -0.00408189  -0.00347664  -0.00284714  -0.00221834  -0.00161621  -0.00106719 -0.000597728 -0.000233724
 -0.00366804  -0.00328341  -0.00284465  -0.00237192  -0.00188692  -0.00141238 -0.000971573 -0.000587755 -0.000283678 -8.10551e-05
 -0.00199619  -0.00174311  -0.00145027  -0.00113649 -0.000821621 -0.000526029 -0.000270071 -7.35816e-05  4.46569e-05   6.7471e-05
-0.000380854 -0.000257303 -0.000108264  4.86837e-05  0.000195453  0.000313967  0.000386683  0.000397124   0.00033043  0.000194073
 0.00114473  0.00114225  0.00115101  0.00115458  0.00113657   0.0010811  0.00097338 0.000800251 0.000570893 0.000298982
 0.00254006  0.00241748  0.00229185  0.00214781  0.00197056  0.00174638  0.00146321   0.0011313 0.000765459  0.00038229
 0.00327662  0.00308411  0.00287911   0.0026473  0.00237517  0.00205067    0.001677  0.00126832 0.000840622 0.000411509
 0.00430968   0.0040183  0.00370018   0.0033419  0.00293145  0.00247209  0.00197805  0.00146541 0.000951891 0.000456628
 0.00507841  0.00470517  0.00429067  0.00382237  0.00330299  0.00274623  0.00216765  0.00158447  0.00101535 0.000480193
  0.0055241  0.00509193  0.00460367  0.00406088  0.00347612  0.00286383  0.00224009  0.00162248  0.00102981 0.000482025
 0.00558985  0.00512832  0.00460871  0.00404178  0.00344021  0.00281832  0.00219195   0.0015782 0.000995349 0.000462602
 0.00520939  0.00476936  0.00427717  0.00374306  0.00317895  0.00259827  0.00201577  0.00144736  0.00090996 0.000421349
  0.0046199  0.00422734  0.00378798  0.00331133  0.00280835  0.00229138  0.00177389  0.00127034 0.000796072 0.000367097
 0.00405727   0.0037099  0.00332084  0.00289888  0.00245413  0.00199787  0.00154238  0.00110077 0.000686858 0.000315006
 0.00351813  0.00321395  0.00287294  0.00250323  0.00211414  0.00171596  0.00131983 0.000937602 0.000581643 0.000264753
 0.00299945   0.0027367  0.00244175  0.00212216  0.00178646  0.00144405  0.00110499 0.000779914 0.000479836 0.000216055
 0.00249831  0.00227546  0.00202486  0.00175352  0.00146927  0.00118062 0.000896655 0.000626825 0.000380866 0.000168638
 0.00201191  0.00182765  0.00161994  0.00139526  0.00116078 0.000924209 0.000693653  0.00047748  0.00028418 0.000122239
 0.00153753  0.00139077  0.00122471  0.00104537 0.000859273  0.00067337 0.000494855 0.000331043 0.000189238 7.65978e-05
 0.00107252 0.000962381 0.000836983 0.000701892 0.000563064 0.000426708  0.00029915 0.000186698 9.55107e-05   3.146e-05
 0.000614288  0.000540087   0.00045458  0.000362918  0.000270501  0.000182846  0.000105447  4.36408e-05  2.47567e-06 -1.34255e-05
 0.000160274  0.000121539  7.53774e-05  2.65566e-05 -2.00445e-05 -5.95715e-05  -8.7331e-05 -9.89246e-05 -9.03842e-05 -5.83082e-05
-0.000292042 -0.000295589 -0.000302733  -0.00030906 -0.000310187 -0.000301892 -0.000280254  -0.00024179 -0.000183584 -0.000103437
-0.000745169 -0.000713612 -0.000681848 -0.000645793 -0.000601534 -0.000545458 -0.000474393 -0.000385746 -0.000277641 -0.000149062
 -0.00120162  -0.00113485  -0.00106407 -0.000985509 -0.000895701 -0.000791618  -0.00067082 -0.000531589 -0.000373074 -0.000195435
 -0.00166391  -0.00156162  -0.00145151  -0.00133008  -0.00119431  -0.00104173 -0.000870622 -0.000680126  -0.00047041 -0.000242813
  -0.0021346  -0.00199628   -0.0018463  -0.00168142  -0.00149901  -0.00129718   -0.0010749 -0.000832173 -0.000570186 -0.000291455
 -0.00261628  -0.00244124  -0.00225062  -0.00204145  -0.00181148  -0.00155937  -0.00128478  -0.00098857 -0.000672951 -0.000341631
 -0.00311161  -0.00289894   -0.0026667  -0.00241216  -0.00213345  -0.00182974  -0.00150141  -0.00115018 -0.000779274 -0.000393619
 -0.00362331   -0.0033719  -0.00309684   -0.0027956  -0.00246668   -0.0021098  -0.00172601   -0.0013179 -0.000889744 -0.000447707
 -0.00415421  -0.00386273   -0.0035434  -0.00319387  -0.00281302  -0.00240107  -0.00195979  -0.00149264  -0.00100497 -0.000504193
  -0.0047072  -0.00437412  -0.00400882  -0.00360915  -0.00317435  -0.00270515  -0.00220404  -0.00167537  -0.00112557 -0.000563364
 -0.00526883  -0.00489264  -0.00447971  -0.00402806  -0.00353727  -0.00300861  -0.00244526  -0.00185251  -0.00123791 -0.000611566
 -0.00580971   -0.0053897  -0.00492822  -0.00442347  -0.00387535  -0.00328569  -0.00265839  -0.00199967  -0.00131828 -0.000639443
 -0.00629248  -0.00582964  -0.00532039  -0.00476306  -0.00415792  -0.00350732  -0.00281592  -0.00209095  -0.00135608 -0.000646641
 -0.00667259  -0.00617053  -0.00561687  -0.00501008  -0.00435077  -0.00364184  -0.00288875  -0.00211345  -0.00134956 -0.000632709
 -0.00689875  -0.00636469  -0.00577355  -0.00512396  -0.00441684   -0.0036557  -0.00286052  -0.00206297  -0.00129676 -0.000597065
 -0.00691352  -0.00635925  -0.00574213   -0.0050609  -0.00431687  -0.00352784  -0.00272331  -0.00193481  -0.00119537 -0.000538978
 -0.00665415  -0.00609705  -0.00547099  -0.00477485  -0.00402401  -0.00324557  -0.00246864  -0.00172387  -0.00104285 -0.000457595
 -0.00605493  -0.00551887  -0.00490739  -0.00423321  -0.00352073  -0.00279644  -0.00208832  -0.00142533 -0.000836848 -0.000352182
 -0.00505192  -0.00456798  -0.00401545  -0.00341578  -0.00279252  -0.00217071  -0.00157642  -0.00103612 -0.000576264  -0.00022266
 -0.00357172  -0.00319331  -0.00276129  -0.00229597  -0.00181917  -0.00135374 -0.000922976 -0.000550141 -0.000257924 -6.79068e-05
 -0.00188032   -0.0016351  -0.00135083  -0.00104646  -0.00074195  -0.00045773 -0.000214167  -3.1047e-05  7.29626e-05            0
-0.000248376 -0.000134235  4.50699e-06  0.000150142    0.0002845   0.00038947  0.000447538  0.000442318  1.35525e-20            0
 0.00129001  0.00127676  0.00127368  0.00126422  0.00123193  0.00116093  0.00103648 5.42101e-20 1.50463e-36           0
 0.00269349  0.00255907  0.00242032  0.00226181  0.00206869  0.00182727           0 6.01853e-36 1.67048e-52           0
 0.00331945  0.00312375  0.00291524  0.00267959  0.00240334  2.1684e-19           0 6.68191e-52  1.8546e-68           0
  0.0043552  0.00406045  0.00373862  0.00337631 4.33681e-19 2.40741e-35           0 7.41841e-68 2.05902e-84           0
  0.00512714   0.00475032   0.00433189  4.33681e-19  4.81482e-35  2.67276e-51            0  8.23609e-84 2.28597e-100            0
  0.00557664   0.00514065            0  4.81482e-35  5.34553e-51  2.96736e-67            0  9.1439e-100 2.53794e-116            0
  0.00564691  8.67362e-19            0  5.34553e-51  5.93473e-67  3.29444e-83            0 1.01518e-115 2.81768e-132            0
 8.67362e-19  9.62965e-35            0  5.93473e-67  6.58887e-83  3.65756e-99            0 1.12707e-131 3.12825e-148            0
 9.62965e-35  1.06911e-50            0  6.58887e-83  7.31512e-99 4.06071e-115            0  1.2513e-147 3.47306e-164            0
 1.06911e-50  1.18695e-66            0  7.31512e-99 8.12141e-115 4.50829e-131            0 1.38922e-163 3.85587e-180            0
 1.18695e-66  1.31777e-82            0 8.12141e-115 9.01658e-131 5.00521e-147            0 1.54235e-179 4.28088e-196            0
 1.31777e-82  1.46302e-98            0 9.01658e-131 1.00104e-146  5.5569e-163            0 1.71235e-195 4.75273e-212            0
 1.46302e-98 1.62428e-114            0 1.00104e-146 1.11138e-162 6.16939e-179            0 1.90109e-211 5.27659e-228            0
1.62428e-114 1.80332e-130            0 1.11138e-162 1.23388e-178  6.8494e-195            0 2.11064e-227 5.85819e-244            0
1.80332e-130 2.00208e-146            0 1.23388e-178 1.36988e-194 7.60437e-211            0 2.34328e-243  6.5039e-260            0
2.00208e-146 2.22276e-162            0 1.36988e-194 1.52087e-210 8.44254e-227            0 2.60156e-259 7.22078e-276            0
2.22276e-162 2.46776e-178            0 1.52087e-210 1.68851e-226 9.37311e-243            0 2.88831e-275 8.01667e-292            0
2.46776e-178 2.73976e-194            0 1.68851e-226 1.87462e-242 1.04062e-258            0 3.20667e-291  8.9003e-308            0
2.73976e-194 3.04175e-210            0 1.87462e-242 2.08125e-258 1.15532e-274            0 3.56012e-307 9.88131e-324            0
3.04175e-210 3.37702e-226            0 2.08125e-258 2.31065e-274 1.28267e-290            0 3.95253e-323            0            0
3.37702e-226 3.74924e-242            0 2.31065e-274 2.56534e-290 1.42405e-306            0            0            0            0
3.74924e-242 4.16249e-258            0 2.56534e-290 2.84809e-306 1.58101e-322            0            0            0            0
4.16249e-258  4.6213e-274            0 2.84809e-306 3.16202e-322            0            0            0            0            0
 4.6213e-274 5.13067e-290            0 3.16202e-322            0            0            0            0            0            0
5.13067e-290 5.69619e-306            0            0            0            0            0            0            0            0
5.69619e-306 6.32404e-322            0            0            0            0            0            0            0            0
6.32404e-322            0            0            0            0            0            0            0            0            0
0 0 0 0 0 0 0 0 0 0
           0            0            0            0            0            0            0            0            0 -0.000574928
           0            0            0            0            0            0            0            0  -0.00123848 -0.000599953
          0           0           0           0           0           0           0 -0.00196159 -0.00127005 -0.00060407
           0            0            0            0            0            0   -0.0027036    -0.001974  -0.00125682 -0.000586807
           0            0            0            0            0  -0.00340866   -0.0026609  -0.00191261  -0.00119676 -0.000547564
          0           0           0           0 -0.00400203 -0.00326147 -0.00250805 -0.00177266 -0.00108752 -0.00048559
           0            0            0  -0.00438642   -0.0036845  -0.00295831  -0.00223649    -0.001549 -0.000926536 -0.000400014
           0            0  -0.00443968   -0.0038143  -0.00315456  -0.00248662  -0.00183793  -0.00123671 -0.000711393  -0.00029008
           0   -0.0040153  -0.00351095  -0.00296391  -0.00239754  -0.00183653  -0.00130634 -0.000832685 -0.000440954 -0.000155683
 -0.00292823  -0.00259702    -0.002217  -0.00180847  -0.00139307 -0.000993237 -0.000631647 -0.000330705 -0.000111983  4.32684e-06
 -0.00118614 -0.000991859 -0.000763699 -0.000520617 -0.000282357  -6.8914e-05  0.000100017  0.000205579  0.000230312  0.000158734
0.000500196 0.000559386 0.000637594 0.000717119 0.000780017 0.000808647 0.000786221  0.00069736 0.000528677 0.000291438
 0.00209691   0.0020244  0.00195605   0.0018753  0.00176596  0.00161264  0.00140141  0.00112034 0.000782156 0.000402699
 0.00356292  0.00336463  0.00315553  0.00292017    0.002644  0.00231385  0.00191862  0.00147184 0.000990221  0.00049264
0.00436279 0.00408776  0.0037915 0.00346026 0.00308152  0.0026445 0.00215378 0.00162506 0.00107624 0.00052729
0.00543411 0.00505798 0.00464624 0.00418603 0.00366626 0.00309119 0.00247623 0.00183902 0.00119924 0.00057848
 0.00625298  0.00579194   0.0052806  0.00470695  0.00407432  0.00339723  0.00269243  0.00197874  0.00127687 0.000609274
 0.00676245  0.00623845  0.00564909  0.00499617  0.00429267  0.00355385  0.00279702  0.00204142  0.00130806 0.000619551
 0.00690744  0.00634887   0.0057224  0.00503886  0.00431131  0.00355496  0.00278692   0.0020261  0.00129305 0.000609852
 0.00662354   0.0060796  0.00547294  0.00481382  0.00411462  0.00338965  0.00265508  0.00192872  0.00122997 0.000579665
 0.00614252  0.00563808  0.00507547  0.00446421  0.00381578  0.00314347  0.00246224  0.00178863  0.00114063 0.000537558
 0.00569662   0.0052288  0.00470703  0.00414015  0.00353879  0.00291528   0.0022835  0.00165879  0.00105783 0.000498537
  0.0052831  0.00484924  0.00436535  0.00383962  0.00328191  0.00270366  0.00211774  0.00153838 0.000981043 0.000462349
 0.00489961  0.00449724  0.00404848  0.00356091  0.00304369  0.00250741  0.00196403  0.00142672 0.000909834  0.00042879
 0.00454397  0.00417081  0.00375462  0.00330244  0.00282276  0.00232541  0.00182147  0.00132316 0.000843796 0.000397668
 0.00421415  0.00386807  0.00348209  0.00306274  0.00261788  0.00215663  0.00168926  0.00122712 0.000782553 0.000368805
 0.00390827  0.00358732  0.00322936  0.00284044  0.00242787   0.0020001  0.00156666  0.00113806 0.000725757 0.000342039
 0.00362462  0.00332696  0.00299498  0.00263429  0.00225166  0.00185494  0.00145295  0.00105547 0.000673086 0.000317216
 0.00336156  0.00308551  0.00277762  0.00244311  0.00208825  0.00172032  0.00134751 0.000978871  0.00062424 0.000294196
 0.00311761  0.00286159  0.00257605  0.00226581  0.00193671  0.00159548  0.00124973 0.000907838 0.000578942 0.000272849
 0.00289138  0.00265394  0.00238912  0.00210139  0.00179617  0.00147971  0.00115904 0.000841965 0.000536935 0.000253051
 0.00268158  0.00246137  0.00221576  0.00194892  0.00166585  0.00137235  0.00107495 0.000780877 0.000497979 0.000234692
 0.00248702  0.00228279    0.002055  0.00180752  0.00154499  0.00127278 0.000996963 0.000724227 0.000461853 0.000217667
  0.0023066  0.00211718  0.00190593   0.0016764  0.00143291  0.00118045 0.000924644 0.000671693 0.000428352 0.000201879
 0.00213929  0.00196361  0.00176768   0.0015548  0.00132898  0.00109483 0.000857579 0.000622976 0.000397285 0.000187238
 0.00198413   0.0018212  0.00163947  0.00144204  0.00123259  0.00101543 0.000795387 0.000577799 0.000368476 0.000173661
 0.00184024  0.00168913  0.00152058  0.00133747  0.00114321   0.0009418 0.000737712 0.000535903 0.000341759  0.00016107
 0.00170681  0.00156665  0.00141033  0.00124049  0.00106033 0.000873517 0.000684229 0.000497052 0.000316984 0.000149395
 0.00158307  0.00145307  0.00130809  0.00115057 0.000983461 0.000810197 0.000634631 0.000461025  0.00029401 0.000138567
 0.00146832  0.00134775  0.00121328  0.00106717 0.000912181 0.000751478 0.000588639 0.000427615 0.000272705 0.000128527
 0.00134628  0.00123471  0.00111024  0.00097499 0.000831495 0.000682702 0.000531927 0.000382835 0.000239412 0.000105942
 0.00118553  0.00108356 0.000969618 0.000845676 0.000714087 0.000577582 0.000439239 0.000302456  0.00017093 6.16477e-05
  0.00094738  0.000857472   0.00075647  0.000646188  0.000528813  0.000406877  0.000283235  0.000161039  5.67312e-05 -4.84304e-06
 0.000586664  0.000514059  0.000431165  0.000339662  0.000241578  0.000139264  3.53655e-05 -5.41802e-05 -0.000105032 -9.40126e-05
 5.26668e-05  6.23196e-06 -4.97488e-05 -0.000113716 -0.000183787 -0.000257784  -0.00032024 -0.000347282 -0.000316199  -0.00020634
-0.000693734 -0.000700903 -0.000716928 -0.000740362 -0.000769461 -0.000789192 -0.000776116 -0.000707959 -0.000564501 -0.000328473
 -0.00168077  -0.00163119  -0.00158982  -0.00155533  -0.00151308  -0.00144005  -0.00131435  -0.00111618 -0.000828655 -0.000452316
-0.00293229 -0.00280408 -0.00268349 -0.00255627 -0.00239976 -0.00219247 -0.00191494 -0.00155068  -0.0011006  -0.0005779
 -0.00446772  -0.00423462  -0.00399558  -0.00372831  -0.00341163  -0.00302646  -0.00255665  -0.00200344  -0.00138039 -0.000705255
 -0.00630209  -0.00592046  -0.00551123  -0.00505358  -0.00452872  -0.00392083  -0.00323147  -0.00247453  -0.00166809 -0.000834408
-0.00810315 -0.00756101    -0.00697 -0.00631111 -0.00556829 -0.00474288 -0.00384852 -0.00290307 -0.00192857 -1.0842e-19
 -0.00960845  -0.00892532  -0.00817208  -0.00733154  -0.00640391  -0.00540172   -0.0043417  -0.00324477 -4.33681e-19 -1.20371e-35
  -0.0107568  -0.00995833  -0.00906856  -0.00808565  -0.00702011  -0.00588663  -0.00470412 -4.33681e-19 -4.81482e-35 -1.33638e-51
  -0.0114847   -0.0106037  -0.00962367   -0.0085523  -0.00740134  -0.00618677 -8.67362e-19 -4.81482e-35 -5.34553e-51 -1.48368e-67
  -0.0025056  -0.00219103   -0.0018808  -0.00157872  -0.00128861 -8.67362e-19 -9.62965e-35 -5.34553e-51 -5.93473e-67 -1.64722e-83
 -0.00258105  -0.00226103  -0.00194475  -0.00163609  -2.1684e-19 -9.62965e-35 -1.06911e-50 -5.93473e-67 -6.58887e-83 -1.82878e-99
  -0.00264568   -0.00232079   -0.00199922   -2.1684e-19  -2.40741e-35  -1.06911e-50  -1.18695e-66  -6.58887e-83  -7.31512e-99 -2.03035e-115
   -0.0027019   -0.00237255  -4.33681e-19  -2.40741e-35  -2.67276e-51  -1.18695e-66  -1.31777e-82  -7.31512e-99 -8.12141e-115 -2.25415e-131
  -0.00275565  -4.33681e-19  -4.81482e-35  -2.67276e-51  -2.96736e-67  -1.31777e-82  -1.46302e-98 -8.12141e-115 -9.01658e-131  -2.5026e-147
  -0.00276744  -4.81482e-35  -5.34553e-51  -2.96736e-67  -3.29444e-83  -1.46302e-98 -1.62428e-114 -9.01658e-131 -1.00104e-146 -2.77845e-163
  -0.00277073  -5.34553e-51  -5.93473e-67  -3.29444e-83  -3.65756e-99 -1.62428e-114 -1.80332e-130 -1.00104e-146 -1.11138e-162  -3.0847e-179
  -0.00276179  -5.93473e-67  -6.58887e-83  -3.65756e-99 -4.06071e-115 -1.80332e-130 -2.00208e-146 -1.11138e-162 -1.23388e-178  -3.4247e-195
  -0.00272199  -6.58887e-83  -7.31512e-99 -4.06071e-115 -4.50829e-131 -2.00208e-146 -2.22276e-162 -1.23388e-178 -1.36988e-194 -3.80218e-211
  -0.00262632  -7.31512e-99 -8.12141e-115 -4.50829e-131 -5.00521e-147 -2.22276e-162 -2.46776e-178 -1.36988e-194 -1.52087e-210 -4.22127e-227
  -0.00249055 -8.12141e-115 -9.01658e-131 -5.00521e-147  -5.5569e-163 -2.46776e-178 -2.73976e-194 -1.52087e-210 -1.68851e-226 -4.68655e-243
   -0.0023407 -9.01658e-131 -1.00104e-146  -5.5569e-163 -6.16939e-179 -2.73976e-194 -3.04175e-210 -1.68851e-226 -1.87462e-242 -5.20312e-259
   -0.0021989 -1.00104e-146 -1.11138e-162 -6.16939e-179  -6.8494e-195 -3.04175e-210 -3.37702e-226 -1.87462e-242 -2.08125e-258 -5.77662e-275
  -0.00207964 -1.11138e-162 -1.23388e-178  -6.8494e-195 -7.60437e-211 -3.37702e-226 -3.74924e-242 -2.08125e-258 -2.31065e-274 -6.41334e-291
  -0.00198981 -1.23388e-178 -1.36988e-194 -7.60437e-211 -8.44254e-227 -3.74924e-242 -4.16249e-258 -2.31065e-274 -2.56534e-290 -7.12024e-307
  -0.00193191 -1.36988e-194 -1.52087e-210 -8.44254e-227 -9.37311e-243 -4.16249e-258  -4.6213e-274 -2.56534e-290 -2.84809e-306 -7.90505e-323
  -0.00190865 -1.52087e-210 -1.68851e-226 -9.37311e-243 -1.04062e-258  -4.6213e-274 -5.13067e-290 -2.84809e-306 -3.16202e-322             0
  -0.00191488 -1.68851e-226 -1.87462e-242 -1.04062e-258 -1.15532e-274 -5.13067e-290 -5.69619e-306 -3.16202e-322             0             0
  -0.00194541 -1.87462e-242 -2.08125e-258 -1.15532e-274 -1.28267e-290 -5.69619e-306 -6.32404e-322             0             0             0
   -0.0019933 -2.08125e-258 -2.31065e-274 -1.28267e-290 -1.42405e-306 -6.32404e-322             0             0             0             0
  -0.00204922 -2.31065e-274 -2.56534e-290 -1.42405e-306 -1.58101e-322             0             0             0             0             0
  -0.00210403 -2.56534e-290 -2.84809e-306 -1.58101e-322             0             0             0             0             0             0
  -0.00215252 -2.84809e-306 -3.16202e-322             0             0             0             0             0             0             0
  -0.00218676 -3.16202e-322             0             0             0             0             0             0             0             0
-0.00220328           0           0           0           0           0           0           0           0           0
-0.00220151           0           0           0           0           0           0           0           0           0
-0.00205733           0           0           0           0           0           0           0           0 1.57013e-05
-0.00173405           0           0           0           0           0           0           0 0.000119686  0.00012879
-0.00120582           0           0           0           0           0           0 0.000340733 0.000360141 0.000244673
-0.000453247            0            0            0            0            0  0.000715564  0.000727907  0.000608287  0.000362302
0.000542398           0           0           0           0  0.00129108  0.00127569  0.00113119 0.000863048 0.000481186
 0.00180801           0           0           0  0.00213037  0.00206141  0.00186647  0.00155085   0.0011243 0.000601079
 0.00336306           0           0  0.00331172  0.00315862  0.00288287  0.00248959  0.00198835   0.0013932 0.000722782
 0.00521227           0  0.00491827  0.00464682  0.00425631  0.00375163  0.00314212  0.00244164  0.00166853 0.000845563
 0.00737619  0.00706168  0.00663178  0.00608664  0.00543093  0.00467378   0.0038288  0.00291414  0.00195233 0.000970437
 0.00737859  0.00706398  0.00663393  0.00608863  0.00543271  0.00467532   0.0038301  0.00291514  0.00195301 0.000970776
 0.00736747  0.00705331  0.00662376    0.006079  0.00542367  0.00466688  0.00382225  0.00290788  0.00194634 0.000964698
 0.00734786  0.00703446  0.00660571  0.00606179  0.00540732  0.00465143  0.00380772  0.00289428  0.00193367 0.000958479
 0.00731295  0.00700119  0.00657422   0.0060321  0.00537955  0.00462568  0.00378406  0.00287275  0.00191974 0.000951813
 0.00725485  0.00694632  0.00652267  0.00598429  0.00533577  0.00458621  0.00374912  0.00284758  0.00190383 0.000944383
  0.0072402  0.00693267  0.00651003  0.00597293  0.00532599  0.00457823  0.00374315  0.00284346  0.00190136 0.000943294
  0.0072402  0.00693267  0.00651003  0.00597293  0.00532599  0.00457823  0.00374315  0.00284346  0.00190136 0.000943294
  0.0072402  0.00693267  0.00651003  0.00597293  0.00532599  0.00457823  0.00374315  0.00284346  0.00190136 0.000943294
  0.0072402  0.00693267  0.00651003  0.00597293  0.00532599  0.00457823  0.00374315  0.00284346  0.00190136 0.000943294
  0.0072402  0.00693267  0.00651003  0.00597293  0.00532599  0.00457823  0.00374315  0.00284346  0.00190136 0.000943294
  0.0072402  0.00693267  0.00651003  0.00597293  0.00532599  0.00457823  0.00374315  0.00284346  0.00190136 0.000943294
  0.0072402  0.00693267  0.00651003  0.00597293  0.00532599  0.00457823  0.00374315  0.00284346  0.00190136 0.000943294
  0.0072402  0.00693267  0.00651003  0.00597293  0.00532599  0.00457823  0.00374315  0.00284346  0.00190136 0.000943294
  0.0072402  0.00693267  0.00651003  0.00597293  0.00532599  0.00457823  0.00374315  0.00284346  0.00190136 0.000943294
  0.0072402  0.00693267  0.00651003  0.00597293  0.00532599  0.00457823  0.00374315  0.00284346  0.00190136 0.000943294
  0.0072402  0.00693267  0.00651003  0.00597293  0.00532599  0.00457823  0.00374315  0.00284346  0.00190136 0.000943294
  0.0072402  0.00693267  0.00651003  0.00597293  0.00532599  0.00457823  0.00374315  0.00284346  0.00190136 0.000943294
  0.0072402  0.00693267  0.00651003  0.00597293  0.00532599  0.00457823  0.00374315  0.00284346  0.00190136 0.000943294
  0.0072402  0.00693267  0.00651003  0.00597293  0.00532599  0.00457823  0.00374315  0.00284346  0.00190136 0.000943294
  0.0072402  0.00693267  0.00651003  0.00597293  0.00532599  0.00457823  0.00374315  0.00284346  0.00190136 0.000943294
  0.0072402  0.00693267  0.00651003  0.00597293  0.00532599  0.00457823  0.00374315  0.00284346  0.00190136 0.000943294
  0.0072402  0.00693267  0.00651003  0.00597293  0.00532599  0.00457823  0.00374315  0.00284346  0.00190136 0.000943294
  0.0072402  0.00693267  0.00651003  0.00597293  0.00532599  0.00457823  0.00374315  0.00284346  0.00190136 0.000943294
  0.0072402  0.00693267  0.00651003  0.00597293  0.00532599  0.00457823  0.00374315  0.00284346  0.00190136 0.000943294
  0.0072402  0.00693267  0.00651003  0.00597293  0.00532599  0.00457823  0.00374315  0.00284346  0.00190136 0.000943294
  0.0072402  0.00693267  0.00651003  0.00597293  0.00532599  0.00457823  0.00374315  0.00284346  0.00190136 0.000943294
  0.0072402  0.00693267  0.00651003  0.00597293  0.00532599  0.00457823  0.00374315  0.00284346  0.00190136 0.000943294
  0.0072402  0.00693267  0.00651003  0.00597293  0.00532599  0.00457823  0.00374315  0.00284346  0.00190136 0.000943294
  0.0072402  0.00693267  0.00651003  0.00597293  0.00532599  0.00457823  0.00374315  0.00284346  0.00190136 0.000943294
  0.0072402  0.00693267  0.00651003  0.00597293  0.00532599  0.00457823  0.00374315  0.00284346  0.00190136 0.000943294
  0.0072402  0.00693267  0.00651003  0.00597293  0.00532599  0.00457823  0.00374315  0.00284346  0.00190136 0.000943294
  0.0072402  0.00693267  0.00651003  0.00597293  0.00532599  0.00457823  0.00374315  0.00284346  0.00190136 0.000943294
  0.0072402  0.00693267  0.00651003  0.00597293  0.00532599  0.00457823  0.00374315  0.00284346  0.00190136 0.000943294
  0.0072402  0.00693267  0.00651003  0.00597293  0.00532599  0.00457823  0.00374315  0.00284346  0.00190136 0.000943294
  0.0072402  0.00693267  0.00651003  0.00597293  0.00532599  0.00457823  0.00374315  0.00284346  0.00190136 0.000943294
  0.0072402  0.00693267  0.00651003  0.00597293  0.00532599  0.00457823  0.00374315  0.00284346  0.00190136 0.000943294
  0.0072402  0.00693267  0.00651003  0.00597293  0.00532599  0.00457823  0.00374315  0.00284346  0.00190136 0.000943294
  0.0072402  0.00693267  0.00651003  0.00597293  0.00532599  0.00457823  0.00374315  0.00284346  0.00190136 0.000943294
  0.0072402  0.00693267  0.00651003  0.00597293  0.00532599  0.00457823  0.00374315  0.00284346  0.00190136 0.000943294
  0.0072402  0.00693267  0.00651003  0.00597293  0.00532599  0.00457823  0.00374315  0.00284346  0.00190136 0.000943294
  0.0072402  0.00693267  0.00651003  0.00597293  0.00532599  0.00457823  0.00374315  0.00284346  0.00190136 0.000943294
  0.0072402  0.00693267  0.00651003  0.00597293  0.00532599  0.00457823  0.00374315  0.00284346  0.00190136 0.000943294
  0.0072402  0.00693267  0.00651003  0.00597293  0.00532599  0.00457823  0.00374315  0.00284346  0.00190136 0.000943294
  0.0072402  0.00693267  0.00651003  0.00597293  0.00532599  0.00457823  0.00374315  0.00284346  0.00190136 0.000943294
  0.0072402  0.00693267  0.00651003  0.00597293  0.00532599  0.00457823  0.00374315  0.00284346  0.00190136 0.000943294
  0.0072402  0.00693267  0.00651003  0.00597293  0.00532599  0.00457823  0.00374315  0.00284346  0.00190136 0.000943294
  0.0072402  0.00693267  0.00651003  0.00597293  0.00532599  0.00457823  0.00374315  0.00284346  0.00190136 0.000943294
  0.0072402  0.00693267  0.00651003  0.00597293  0.00532599  0.00457823  0.00374315  0.00284346  0.00190136 0.000943294
  0.0072402  0.00693267  0.00651003  0.00597293  0.00532599  0.00457823  0.00374315  0.00284346  0.00190136 0.000943294
  0.0072402  0.00693267  0.00651003  0.00597293  0.00532599  0.00457823  0.00374315  0.00284346  0.00190136 0.000943294
  0.0072402  0.00693267  0.00651003  0.00597293  0.00532599  0.00457823  0.00374315  0.00284346  0.00190136 0.000943294
  0.0072402  0.00693267  0.00651003  0.00597293  0.00532599  0.00457823  0.00374315  0.00284346  0.00190136 0.000943294
  0.0072402  0.00693267  0.00651003  0.00597293  0.00532599  0.00457823  0.00374315  0.00284346  0.00190136 0.000943294
  0.0072402  0.00693267  0.00651003  0.00597293  0.00532599  0.00457823  0.00374315  0.00284346  0.00190136 0.000943294
  0.0072402  0.00693267  0.00651003  0.00597293  0.00532599  0.00457823  0.00374315  0.00284346  0.00190136 0.000943294
  0.0072402  0.00693267  0.00651003  0.00597293  0.00532599  0.00457823  0.00374315  0.00284346  0.00190136 0.000943294
  0.0072402  0.00693267  0.00651003  0.00597293  0.00532599  0.00457823  0.00374315  0.00284346  0.00190136 0.000943294
  0.0072402  0.00693267  0.00651003  0.00597293  0.00532599  0.00457823  0.00374315  0.00284346  0.00190136 0.000943294
  0.0072402  0.00693267  0.00651003  0.00597293  0.00532599  0.00457823  0.00374315  0.00284346  0.00190136 0.000943294
  0.0072402  0.00693267  0.00651003  0.00597293  0.00532599  0.00457823  0.00374315  0.00284346  0.00190136 0.000943294
  0.0072402  0.00693267  0.00651003  0.00597293  0.00532599  0.00457823  0.00374315  0.00284346  0.00190136 0.000943294
  0.0072402  0.00693267  0.00651003  0.00597293  0.00532599  0.00457823  0.00374315  0.00284346  0.00190136 0.000943294
  0.0072402  0.00693267  0.00651003  0.00597293  0.00532599  0.00457823  0.00374315  0.00284346  0.00190136 0.000943294
  0.0072402  0.00693267  0.00651003  0.00597293  0.00532599  0.00457823  0.00374315  0.00284346  0.00190136 0.000943294
  0.0072402  0.00693267  0.00651003  0.00597293  0.00532599  0.00457823  0.00374315  0.00284346  0.00190136 0.000943294
  0.0072402  0.00693267  0.00651003  0.00597293  0.00532599  0.00457823  0.00374315  0.00284346  0.00190136 0.000943294
  0.0072402  0.00693267  0.00651003  0.00597293  0.00532599  0.00457823  0.00374315  0.00284346  0.00190136 0.000943294
  0.0072402  0.00693267  0.00651003  0.00597293  0.00532599  0.00457823  0.00374315  0.00284346  0.00190136 0.000943294
  0.0072402  0.00693267  0.00651003  0.00597293  0.00532599  0.00457823  0.00374315  0.00284346  0.00190136 0.000943294
  0.0072402  0.00693267  0.00651003  0.00597293  0.00532599  0.00457823  0.00374315  0.00284346  0.00190136 0.000943294
  0.0072402  0.00693267  0.00651003  0.00597293  0.00532599  0.00457823  0.00374315  0.00284346  0.00190136 0.000943294
  0.0072402  0.00693267  0.00651003  0.00597293  0.00532599  0.00457823  0.00374315  0.00284346  0.00190136 0.000943294
  0.0072402  0.00693267  0.00651003  0.00597293  0.00532599  0.00457823  0.00374315  0.00284346  0.00190136 0.000943294
  0.0072402  0.00693267  0.00651003  0.00597293  0.00532599  0.00457823  0.00374315  0.00284346  0.00190136 0.000943294
  0.0072402  0.00693267  0.00651003  0.00597293  0.00532599  0.00457823  0.00374315  0.00284346  0.00190136 0.000943294
  0.0072402  0.00693267  0.00651003  0.00597293  0.00532599  0.00457823  0.00374315  0.00284346  0.00190136 0.000943294
  0.0072402  0.00693267  0.00651003  0.00597293  0.00532599  0.00457823  0.00374315  0.00284346  0.00190136 0.000943294
  0.0072402  0.00693267  0.00651003  0.00597293  0.00532599  0.00457823  0.00374315  0.00284346  0.00190136 0.000943294
  0.0072402  0.00693267  0.00651003  0.00597293  0.00532599  0.00457823  0.00374315  0.00284346  0.00190136 0.000943294
  0.0072402  0.00693267  0.00651003  0.00597293  0.00532599  0.00457823  0.00374315  0.00284346  0.00190136 0.000943294
  0.0072402  0.00693267  0.00651003  0.00597293  0.00532599  0.00457823  0.00374315  0.00284346  0.00190136 0.000943294
  0.0072402  0.00693267  0.00651003  0.00597293  0.00532599  0.00457823  0.00374315  0.00284346  0.00190136 0.000943294
  0.0072402  0.00693267  0.00651003  0.00597293  0.00532599  0.00457823  0.00374315  0.00284346  0.00190136 0.000943294
  0.0072402  0.00693267  0.00651003  0.00597293  0.00532599  0.00457823  0.00374315  0.00284346  0.00190136 0.000943294
  0.0072402  0.00693267  0.00651003  0.00597293  0.00532599  0.00457823  0.00374315  0.00284346  0.00190136 0.000943294
  0.0072402  0.00693267  0.00651003  0.00597293  0.00532599  0.00457823  0.00374315  0.00284346  0.00190136 0.000943294
  0.0072402  0.00693267  0.00651003  0.00597293  0.00532599  0.00457823  0.00374315  0.00284346  0.00190136 0.000943294
  0.0072402  0.00693267  0.00651003  0.00597293  0.00532599  0.00457823  0.00374315  0.00284346  0.00190136 0.000943294
  0.0072402  0.00693267  0.00651003  0.00597293  0.00532599  0.00457823  0.00374315  0.00284346  0.00190136 0.000943294
  0.0072402  0.00693267  0.00651003  0.00597293  0.00532599  0.00457823  0.00374315  0.00284346  0.00190136 0.000943294
  0.0072402  0.00693267  0.00651003  0.00597293  0.00532599  0.00457823  0.00374315  0.00284346  0.00190136 0.000943294
  0.0072402  0.00693267  0.00651003  0.00597293  0.00532599  0.00457823  0.00374315  0.00284346  0.00190136 0.000943294
  0.0072402  0.00693267  0.00651003  0.00597293  0.00532599  0.00457823  0.00374315  0.00284346  0.00190136 0.000943294
  0.0072402  0.00693267  0.00651003  0.00597293  0.00532599  0.00457823  0.00374315  0.00284346  0.00190136 0.000943294
  0.0072402  0.00693267  0.00651003  0.00597293  0.00532599  0.00457823  0.00374315  0.00284346  0.00190136 0.000943294
  0.0072402  0.00693267  0.00651003  0.00597293  0.00532599  0.00457823  0.00374315  0.00284346  0.00190136 0.000943294
  0.0072402  0.00693267  0.00651003  0.00597293  0.00532599  0.00457823  0.00374315  0.00284346  0.00190136 0.000943294
  0.0072402  0.00693267  0.00651003  0.00597293  0.00532599  0.00457823  0.00374315  0.00284346  0.00190136 0.000943294
  0.0072402  0.00693267  0.00651003  0.00597293  0.00532599  0.00457823  0.00374315  0.00284346  0.00190136 0.000943294
  0.0072402  0.00693267  0.00651003  0.00597293  0.00532599  0.00457823  0.00374315  0.00284346  0.00190136 0.000943294
  0.0072402  0.00693267  0.00651003  0.00597293  0.00532599  0.00457823  0.00374315  0.00284346  0.00190136 0.000943294
  0.0072402  0.00693267  0.00651003  0.00597293  0.00532599  0.00457823  0.00374315  0.00284346  0.00190136 0.000943294
  0.0072402  0.00693267  0.00651003  0.00597293  0.00532599  0.00457823  0.00374315  0.00284346  0.00190136 0.000943294
  0.0072402  0.00693267  0.00651003  0.00597293  0.00532599  0.00457823  0.00374315  0.00284346  0.00190136 0.000943294
  0.0072402  0.00693267  0.00651003  0.00597293  0.00532599  0.00457823  0.00374315  0.00284346  0.00190136 0.000943294
  0.0072402  0.00693267  0.00651003  0.00597293  0.00532599  0.00457823  0.00374315  0.00284346  0.00190136 0.000943294
  0.0072402  0.00693267  0.00651003  0.00597293  0.00532599  0.00457823  0.00374315  0.00284346  0.00190136 0.000943294
  0.0072402  0.00693267  0.00651003  0.00597293  0.00532599  0.00457823  0.00374315  0.00284346  0.00190136 0.000943294
  0.0072402  0.00693267  0.00651003  0.00597293  0.00532599  0.00457823  0.00374315  0.00284346  0.00190136 0.000943294
  0.0072402  0.00693267  0.00651003  0.00597293  0.00532599  0.00457823  0.00374315  0.00284346  0.00190136 0.000943294
  0.0072402  0.00693267  0.00651003  0.00597293  0.00532599  0.00457823  0.00374315  0.00284346  0.00190136 0.000943294
  0.0072402  0.00693267  0.00651003  0.00597293  0.00532599  0.00457823  0.00374315  0.00284346  0.00190136 0.000943294
  0.0072402  0.00693267  0.00651003  0.00597293  0.00532599  0.00457823  0.00374315  0.00284346  0.00190136 0.000943294
  0.0072402  0.00693267  0.00651003  0.00597293  0.00532599  0.00457823  0.00374315  0.00284346  0.00190136 0.000943294
  0.0072402  0.00693267  0.00651003  0.00597293  0.00532599  0.00457823  0.00374315  0.00284346  0.00190136 0.000943294
  0.0072402  0.00693267  0.00651003  0.00597293  0.00532599  0.00457823  0.00374315  0.00284346  0.00190136 0.000943294
  0.0072402  0.00693267  0.00651003  0.00597293  0.00532599  0.00457823  0.00374315  0.00284346  0.00190136 0.000943294
  0.0072402  0.00693267  0.00651003  0.00597293  0.00532599  0.00457823  0.00374315  0.00284346  0.00190136 0.000943294
  0.0072402  0.00693267  0.00651003  0.00597293  0.00532599  0.00457823  0.00374315  0.00284346  0.00190136 0.000943294
  0.0072402  0.00693267  0.00651003  0.00597293  0.00532599  0.00457823  0.00374315  0.00284346  0.00190136 0.000943294
  0.0072402  0.00693267  0.00651003  0.00597293  0.00532599  0.00457823  0.00374315  0.00284346  0.00190136 0.000943294
  0.0072402  0.00693267  0.00651003  0.00597293  0.00532599  0.00457823  0.00374315  0.00284346  0.00190136 0.000943294
  0.0072402  0.00693267  0.00651003  0.00597293  0.00532599  0.00457823  0.00374315  0.00284346  0.00190136 0.000943294
  0.0072402  0.00693267  0.00651003  0.00597293  0.00532599  0.00457823  0.00374315  0.00284346  0.00190136 0.000943294
  0.0072402  0.00693267  0.00651003  0.00597293  0.00532599  0.00457823  0.00374315  0.00284346  0.00190136 0.000943294
  0.0072402  0.00693267  0.00651003  0.00597293  0.00532599  0.00457823  0.00374315  0.00284346  0.00190136 0.000943294
  0.0072402  0.00693267  0.00651003  0.00597293  0.00532599  0.00457823  0.00374315  0.00284346  0.00190136 0.000943294
  0.0072402  0.00693267  0.00651003  0.00597293  0.00532599  0.00457823  0.00374315  0.00284346  0.00190136 0.000943294
  0.0072402  0.00693267  0.00651003  0.00597293  0.00532599  0.00457823  0.00374315  0.00284346  0.00190136 0.000943294
  0.0072402  0.00693267  0.00651003  0.00597293  0.00532599  0.00457823  0.00374315  0.00284346  0.00190136 0.000943294
  0.0072402  0.00693267  0.00651003  0.00597293  0.00532599  0.00457823  0.00374315  0.00284346  0.00190136 0.000943294
  0.0072402  0.00693267  0.00651003  0.00597293  0.00532599  0.00457823  0.00374315  0.00284346  0.00190136 0.000943294
  0.0072402  0.00693267  0.00651003  0.00597293  0.00532599  0.00457823  0.00374315  0.00284346  0.00190136 0.000943294
  0.0072402  0.00693267  0.00651003  0.00597293  0.00532599  0.00457823  0.00374315  0.00284346  0.00190136 0.000943294
  0.0072402  0.00693267  0.00651003  0.00597293  0.00532599  0.00457823  0.00374315  0.00284346  0.00190136 0.000943294
  0.0072402  0.00693267  0.00651003  0.00597293  0.00532599  0.00457823  0.00374315  0.00284346  0.00190136 0.000943294
  0.0072402  0.00693267  0.00651003  0.00597293  0.00532599  0.00457823  0.00374315  0.00284346  0.00190136 0.000943294
  0.0072402  0.00693267  0.00651003  0.00597293  0.00532599  0.00457823  0.00374315  0.00284346  0.00190136 0.000943294
  0.0072402  0.00693267  0.00651003  0.00597293  0.00532599  0.00457823  0.00374315  0.00284346  0.00190136 0.000943294
