-7.73726e-07 -1.25292e-06 -1.70173e-06 -2.12131e-06 -2.52104e-06 -2.90303e-06 -3.27434e-06 -3.63755e-06 -3.99827e-06 -4.35931e-06
-2.01552e-06 -2.42533e-06 -2.81333e-06 -3.18383e-06 -3.54447e-06 -3.89889e-06 -4.25281e-06 -4.60955e-06 -4.97374e-06 -5.34853e-06
-2.22369e-06 -2.62376e-06 -3.00391e-06 -3.36841e-06   -3.725e-06 -4.07724e-06 -4.43089e-06 -4.78918e-06 -5.15673e-06 -5.53666e-06
-2.61742e-06 -3.00136e-06 -3.36893e-06 -3.72427e-06 -4.07541e-06 -4.42573e-06  -4.7811e-06 -5.14459e-06 -5.52087e-06 -5.91295e-06
-3.02924e-06  -3.3998e-06  -3.7576e-06 -4.10669e-06 -4.45544e-06 -4.80708e-06  -5.1676e-06 -5.53996e-06  -5.9289e-06 -6.33733e-06
-3.43088e-06 -3.79205e-06 -4.14388e-06 -4.49037e-06 -4.84025e-06 -5.19662e-06 -5.56566e-06 -5.95023e-06 -6.35514e-06 -6.78328e-06
-3.82642e-06 -4.18203e-06 -4.53154e-06 -4.87893e-06 -5.23335e-06 -5.59781e-06  -5.9787e-06 -6.37878e-06 -6.80301e-06 -7.25423e-06
-4.21982e-06 -4.57351e-06 -4.92423e-06 -5.27592e-06 -5.63823e-06 -6.01408e-06 -6.41011e-06 -6.82903e-06 -7.27595e-06  -7.7537e-06
-4.61484e-06 -4.97016e-06 -5.32549e-06 -5.68483e-06 -6.05832e-06 -6.44884e-06 -6.86332e-06 -7.30443e-06 -7.77747e-06 -8.28528e-06
-5.01517e-06 -5.37554e-06 -5.73884e-06 -6.10911e-06 -6.49706e-06 -6.90554e-06 -7.34181e-06 -7.80852e-06  -8.3112e-06  -8.8527e-06
 -5.4244e-06 -5.79319e-06 -6.16776e-06 -6.55222e-06  -6.9579e-06 -7.38767e-06 -7.84912e-06 -8.34492e-06 -8.88085e-06 -9.45982e-06
-5.84607e-06  -6.2266e-06 -6.61571e-06 -7.01763e-06 -7.44436e-06 -7.89877e-06 -8.38888e-06 -8.91737e-06  -9.4903e-06 -1.01107e-05
-6.28368e-06 -6.67925e-06 -7.08619e-06 -7.50887e-06    -7.96e-06 -8.44251e-06 -8.96485e-06 -9.52975e-06 -1.01436e-05 -1.08095e-05
-6.74075e-06 -7.15466e-06 -7.58274e-06 -8.02951e-06 -8.50848e-06 -9.02264e-06 -9.58091e-06 -1.01861e-05  -1.0845e-05 -1.15607e-05
-7.22079e-06 -7.65639e-06 -8.10898e-06 -8.58326e-06 -9.09361e-06 -9.64308e-06 -1.02412e-05 -1.08907e-05 -1.15989e-05  -1.2369e-05
 -7.7274e-06 -8.18806e-06  -8.6686e-06 -9.17392e-06  -9.7193e-06 -1.03079e-05 -1.09498e-05  -1.1648e-05   -1.241e-05 -1.32394e-05
-8.26421e-06 -8.75342e-06 -9.26544e-06 -9.80544e-06 -1.03897e-05 -1.10214e-05 -1.17114e-05 -1.24627e-05 -1.32834e-05 -1.41772e-05
-8.83499e-06  -9.3563e-06 -9.90348e-06 -1.04819e-05  -1.1109e-05 -1.17881e-05 -1.25306e-05 -1.33398e-05 -1.42243e-05 -1.51879e-05
-9.44359e-06 -1.00007e-05 -1.05869e-05 -1.12078e-05 -1.18818e-05 -1.26127e-05 -1.34125e-05 -1.42847e-05 -1.52383e-05 -1.62776e-05
 -1.0094e-05 -1.06908e-05 -1.13199e-05 -1.19874e-05 -1.27129e-05 -1.35003e-05 -1.43624e-05 -1.53029e-05 -1.63315e-05 -1.74527e-05
-1.07905e-05  -1.1431e-05 -1.21073e-05 -1.28258e-05 -1.36074e-05 -1.44562e-05 -1.53859e-05 -1.64005e-05 -1.75103e-05   -1.872e-05
-1.15374e-05 -1.22259e-05 -1.29537e-05 -1.37278e-05 -1.45705e-05 -1.54861e-05 -1.64892e-05  -1.7584e-05 -1.87815e-05 -2.00868e-05
-1.23394e-05 -1.30802e-05 -1.38643e-05  -1.4699e-05  -1.5608e-05  -1.6596e-05 -1.76785e-05 -1.88601e-05 -2.01524e-05 -2.15611e-05
-1.32013e-05 -1.39993e-05 -1.48446e-05 -1.57451e-05 -1.67261e-05 -1.77925e-05 -1.89609e-05 -2.02363e-05 -2.16311e-05 -2.31513e-05
-1.41283e-05 -1.49884e-05 -1.59003e-05 -1.68721e-05 -1.79311e-05 -1.90824e-05 -2.03438e-05 -2.17204e-05 -2.32258e-05 -2.48663e-05
-1.51259e-05 -1.60535e-05 -1.70375e-05 -1.80867e-05 -1.92301e-05 -2.04732e-05  -2.1835e-05  -2.3321e-05 -2.49458e-05 -2.67162e-05
-1.61999e-05 -1.72006e-05 -1.82628e-05 -1.93958e-05 -2.06305e-05 -2.19728e-05  -2.3443e-05 -2.50472e-05 -2.68008e-05 -2.87115e-05
-1.73565e-05 -1.84365e-05 -1.95833e-05 -2.08069e-05 -2.21402e-05 -2.35897e-05  -2.5177e-05 -2.69087e-05 -2.88016e-05 -3.08637e-05
-1.86024e-05 -1.97681e-05 -2.10064e-05  -2.2328e-05 -2.37679e-05 -2.53332e-05 -2.70469e-05 -2.89164e-05 -3.09595e-05 -3.31848e-05
-1.99447e-05 -2.12031e-05 -2.25402e-05 -2.39677e-05 -2.55227e-05  -2.7213e-05 -2.90635e-05 -3.10817e-05 -3.32868e-05 -3.56881e-05
-2.13908e-05 -2.27494e-05 -2.41934e-05 -2.57352e-05 -2.74147e-05 -2.92401e-05 -3.12381e-05 -3.34168e-05 -3.57965e-05 -3.83874e-05
-2.29491e-05 -2.44158e-05 -2.59752e-05 -2.76406e-05 -2.94545e-05 -3.14259e-05 -3.35831e-05 -3.59347e-05 -3.85027e-05  -4.1298e-05
-2.46281e-05 -2.62117e-05 -2.78957e-05 -2.96947e-05 -3.16538e-05 -3.37827e-05 -3.61115e-05 -3.86497e-05 -4.14205e-05 -4.44359e-05
-2.64372e-05  -2.8147e-05 -2.99658e-05 -3.19091e-05 -3.40249e-05 -3.63237e-05 -3.88375e-05 -4.15767e-05 -4.45661e-05 -4.78186e-05
-2.83867e-05 -3.02328e-05 -3.21972e-05 -3.42961e-05  -3.6581e-05  -3.9063e-05 -4.17763e-05  -4.4732e-05  -4.7957e-05  -5.1465e-05
-3.04884e-05 -3.24819e-05 -3.46033e-05 -3.68702e-05 -3.93374e-05 -4.20167e-05 -4.49448e-05 -4.81339e-05 -5.16126e-05 -5.53964e-05
-3.27532e-05 -3.49056e-05 -3.71964e-05 -3.96444e-05  -4.2308e-05 -4.52001e-05 -4.83599e-05 -5.18004e-05 -5.55531e-05 -5.96351e-05
-3.51937e-05 -3.75173e-05 -3.99907e-05  -4.2634e-05 -4.55094e-05 -4.86309e-05 -5.20403e-05 -5.57525e-05 -5.98015e-05 -6.42063e-05
-3.78231e-05 -4.03313e-05 -4.30016e-05 -4.58554e-05 -4.89592e-05  -5.2328e-05 -5.60071e-05 -6.00131e-05 -6.43829e-05 -6.91316e-05
-4.06559e-05 -4.33631e-05 -4.62455e-05 -4.93264e-05 -5.26764e-05 -5.63124e-05 -6.02834e-05 -6.46074e-05  -6.9319e-05 -7.44174e-05
-4.37074e-05 -4.66291e-05 -4.97402e-05  -5.3066e-05 -5.66821e-05 -6.06073e-05 -6.48942e-05 -6.95572e-05 -7.46162e-05 -8.00424e-05
-4.69944e-05 -5.01471e-05  -5.3505e-05 -5.70953e-05 -6.09994e-05 -6.52377e-05 -6.98614e-05  -7.4869e-05 -8.02534e-05 -8.59649e-05
-5.05347e-05 -5.39367e-05 -5.75611e-05 -6.14378e-05 -6.56537e-05 -7.02258e-05 -7.51916e-05 -8.05215e-05 -8.61887e-05 -9.21319e-05
-5.43477e-05 -5.80189e-05 -6.19318e-05 -6.61187e-05 -7.06671e-05 -7.55782e-05 -8.08637e-05  -8.6473e-05 -9.23692e-05 -9.84837e-05
-5.84544e-05 -6.24169e-05 -6.66421e-05 -7.11598e-05 -7.60457e-05 -8.12733e-05 -8.68357e-05 -9.26706e-05 -9.87352e-05 -0.000104959
-6.28767e-05 -6.71542e-05 -7.17123e-05 -7.65657e-05 -8.17668e-05  -8.7268e-05 -9.30533e-05 -9.90533e-05 -0.000105224 -0.000111494
-6.76386e-05 -7.22518e-05 -7.71478e-05 -8.23147e-05 -8.77879e-05 -9.35088e-05 -9.94565e-05 -0.000105559 -0.000111773 -0.000118029
-7.27613e-05 -7.77153e-05  -8.2927e-05 -8.83642e-05 -9.40556e-05 -9.99356e-05 -0.000105983 -0.000112126 -0.000118323 -0.000124507
 -7.8259e-05 -8.35323e-05 -8.90173e-05 -9.46702e-05 -0.000100519 -0.000106494 -0.000112578 -0.000118699  -0.00012482 -0.000130876
-8.41402e-05 -8.97007e-05 -9.54073e-05 -0.000101215 -0.000107155 -0.000113158 -0.000119212 -0.000125248 -0.000131233 -0.000137105
-9.03014e-05  -9.6083e-05 -0.000101944 -0.000107843 -0.000113811 -0.000119786 -0.000125755 -0.000131655 -0.000137457 -0.000143103
-9.66497e-05 -0.000102581  -0.00010853  -0.00011446 -0.000120401 -0.000126296 -0.000132133 -0.000137855 -0.000143436 -0.000148821
-0.000103114 -0.000109129 -0.000115106 -0.000121011 -0.000126874 -0.000132641 -0.000138305  -0.00014381 -0.000149133 -0.000154225
-0.000109628 -0.000115667 -0.000121616 -0.000127445 -0.000133183 -0.000138781 -0.000144231 -0.000149483 -0.000154517 -0.000159286
-0.000116131 -0.000122138 -0.000128009 -0.000133715 -0.000139285 -0.000144674 -0.000149875 -0.000154843 -0.000159558 -0.000163978
-0.000122569 -0.000128493 -0.000134237 -0.000139779 -0.000145142 -0.000150286 -0.000155206 -0.000159861 -0.000164231 -0.000168279
-0.000128889 -0.000134683 -0.000140259 -0.000145596 -0.000150717 -0.000155585 -0.000160195 -0.000164509 -0.000168512 -0.000172168
-0.000135046 -0.000140667 -0.000146036 -0.000151132 -0.000155979 -0.000160541 -0.000164815 -0.000168767  -0.00017238 -0.000175626
-0.000140996 -0.000146406 -0.000151531 -0.000156356 -0.000160899 -0.000165129 -0.000169044 -0.000172612 -0.000175819 -0.000178639
-0.000146701 -0.000151863 -0.000156714 -0.000161237  -0.00016545 -0.000169326 -0.000172861 -0.000176027 -0.000178812 -0.000181193
-0.000152125 -0.000157008 -0.000161554  -0.00016575  -0.00016961 -0.000173111 -0.000176247 -0.000178996 -0.000181347 -0.000183278
-0.000157236 -0.000161811 -0.000166027 -0.000169872 -0.000173359 -0.000176465 -0.000179189 -0.000181507 -0.000183412 -0.000184884
-0.000162006 -0.000166246 -0.000170109 -0.000173582 -0.000176678 -0.000179375 -0.000181672 -0.000183549 -0.000184999 -0.000186007
-0.000166409 -0.000170291 -0.000173779 -0.000176864 -0.000179552 -0.000181827 -0.000183686 -0.000185113 -0.000186102 -0.000186641
-0.000170421 -0.000173925 -0.000177021 -0.000179701 -0.000181968  -0.00018381 -0.000185223 -0.000186193 -0.000186717 -0.000186784
-0.000174023 -0.000177131 -0.000179819  -0.00018208 -0.000183916 -0.000185316 -0.000186276 -0.000186786 -0.000186841 -0.000186437
-0.000177197 -0.000179893  -0.00018216 -0.000183992 -0.000185388 -0.000186339 -0.000186841 -0.000186888 -0.000186476 -0.000185602
-0.000179927 -0.000182199 -0.000184034 -0.000185428 -0.000186377 -0.000186875 -0.000186917 -0.000186501 -0.000185622 -0.000184282
-0.000182202 -0.000184038 -0.000185432 -0.000186382 -0.000186879 -0.000186921 -0.000186504 -0.000185625 -0.000184285 -0.000182485
-0.000184011 -0.000185403  -0.00018635 -0.000186849 -0.000186893 -0.000186479 -0.000185603 -0.000184267  -0.00018247 -0.000180218
-0.000185347 -0.000186287 -0.000186782  -0.00018683 -0.000186419 -0.000185551  -0.00018422 -0.000182431 -0.000180186 -0.000177494
-0.000186202 -0.000186687 -0.000186727 -0.000186323 -0.000185459  -0.00018414  -0.00018236 -0.000180127 -0.000177445 -0.000174324
-0.000186574 -0.000186601 -0.000186187 -0.000185331 -0.000184018 -0.000182254 -0.000180033 -0.000177366 -0.000174259 -0.000170726
-0.000186461  -0.00018603 -0.000185162 -0.000183859 -0.000182103 -0.000179901 -0.000177249 -0.000174162 -0.000170644 -0.000166716
-0.000185864 -0.000184977 -0.000183659 -0.000181914 -0.000179722 -0.000177093 -0.000174023 -0.000170529 -0.000166619 -0.000162315
-0.000184785 -0.000183445 -0.000181683 -0.000179504 -0.000176886 -0.000173842 -0.000170369 -0.000166486 -0.000162204 -0.000157547
 -0.00018323 -0.000181442 -0.000179244 -0.000176641 -0.000173609 -0.000170165 -0.000166306 -0.000162054 -0.000157422 -0.000152438
-0.000181205 -0.000178979 -0.000176355 -0.000173339 -0.000169909 -0.000166081 -0.000161855 -0.000157256   -0.0001523 -0.000147017
-0.000178721 -0.000176066 -0.000173028 -0.000169615 -0.000165802 -0.000161611  -0.00015704  -0.00015212 -0.000146867 -0.000141318
-0.000175789 -0.000172718 -0.000169281 -0.000165487 -0.000161312 -0.000156778 -0.000151888 -0.000146674 -0.000141156 -0.000135374
-0.000172424 -0.000168952 -0.000165132 -0.000160977  -0.00015646 -0.000151609 -0.000146428 -0.000140951 -0.000135202 -0.000129225
-0.000168642 -0.000164786 -0.000160603 -0.000156108 -0.000151275 -0.000146134 -0.000140692 -0.000134986 -0.000129044 -0.000122913
-0.000164463 -0.000160242 -0.000155718 -0.000150908 -0.000145786 -0.000140386 -0.000134716 -0.000128819 -0.000122725 -0.000116485
-0.000159909 -0.000155345 -0.000150505 -0.000145406 -0.000140026   -0.0001344 -0.000128539 -0.000122492 -0.000116291 -0.000109991
-0.000155004 -0.000150122 -0.000144993 -0.000139636  -0.00013403 -0.000128215 -0.000122205 -0.000116052 -0.000109792 -0.000103487
-0.000149776 -0.000144605 -0.000139217 -0.000133635  -0.00012784 -0.000121876 -0.000115761  -0.00010955 -0.000103285 -9.70325e-05
-0.000144256 -0.000138826 -0.000133213 -0.000127442 -0.000121498 -0.000115429 -0.000109256  -0.00010304 -9.68287e-05 -9.06944e-05
-0.000138477 -0.000132822  -0.00012702   -0.0001211 -0.000115051 -0.000108924 -0.000102747 -9.65844e-05 -9.04907e-05 -8.45446e-05
-0.000132477 -0.000126633 -0.000120682 -0.000114657  -0.00010855 -0.000102418 -9.62938e-05 -9.02487e-05 -8.43428e-05 -7.86559e-05
-0.000126295 -0.000120302 -0.000114247 -0.000108163 -0.000102052 -9.59716e-05 -8.99637e-05 -8.41055e-05  -7.8458e-05 -7.30893e-05
-0.000119975 -0.000113879 -0.000107767 -0.000101677 -9.56164e-05 -8.96516e-05 -8.38295e-05 -7.82281e-05 -7.28975e-05 -6.78796e-05
-0.000113567 -0.000107416 -0.000101298 -9.52583e-05 -8.93123e-05 -8.35312e-05 -7.79644e-05 -7.26778e-05 -6.76963e-05 -6.30408e-05
-0.000107123 -0.000100968 -9.49028e-05 -8.89759e-05 -8.32124e-05 -7.76841e-05   -7.243e-05 -6.74898e-05 -6.28686e-05 -5.85741e-05
  -0.0001007 -9.45996e-05 -8.86491e-05  -8.2903e-05  -7.7391e-05 -7.21721e-05 -6.72619e-05 -6.26785e-05 -5.84157e-05 -5.44717e-05
  -9.436e-05 -8.83778e-05 -8.26107e-05 -7.71138e-05 -7.19097e-05 -6.70308e-05 -6.24743e-05 -5.82454e-05 -5.43298e-05 -5.07204e-05
-8.81714e-05 -8.23761e-05 -7.68612e-05 -7.16698e-05 -6.68037e-05 -6.22742e-05 -5.80686e-05 -5.41821e-05 -5.05974e-05 -4.73033e-05
-8.22065e-05 -7.66674e-05 -7.14611e-05 -6.66051e-05 -6.20863e-05 -5.79027e-05 -5.40357e-05  -5.0475e-05 -4.72014e-05 -4.42018e-05
-7.65391e-05 -7.13131e-05 -6.64459e-05 -6.19342e-05  -5.7759e-05 -5.39085e-05 -5.03628e-05 -4.71073e-05 -4.41235e-05 -4.13969e-05
-7.12399e-05 -6.63588e-05 -6.18407e-05 -5.76685e-05 -5.38233e-05 -5.02868e-05 -4.70405e-05 -4.40672e-05 -4.13501e-05 -3.88739e-05
-6.63773e-05 -6.18622e-05 -5.76919e-05 -5.38457e-05 -5.03081e-05 -4.70594e-05 -4.40839e-05 -4.13641e-05 -3.88856e-05 -3.66334e-05
-6.19067e-05 -5.77432e-05 -5.39008e-05 -5.03607e-05 -4.71091e-05 -4.41279e-05 -4.14029e-05 -3.89182e-05 -3.66605e-05 -3.46163e-05
-5.77874e-05 -5.39517e-05 -5.04155e-05 -4.71614e-05 -4.41773e-05 -4.14466e-05 -3.89567e-05 -3.66928e-05 -3.46431e-05 -3.27952e-05
-5.39961e-05 -5.04664e-05 -4.72161e-05 -4.42295e-05  -4.1496e-05 -3.90003e-05 -3.67313e-05 -3.46753e-05  -3.2822e-05 -3.11598e-05
 -5.0511e-05 -4.72672e-05 -4.42845e-05 -4.15483e-05 -3.90498e-05  -3.6775e-05 -3.47139e-05 -3.28543e-05 -3.11867e-05 -2.97008e-05
-4.73123e-05  -4.4336e-05 -4.16038e-05 -3.91026e-05 -3.68249e-05  -3.4758e-05 -3.28932e-05 -3.12192e-05 -2.97279e-05 -2.84098e-05
-4.43817e-05 -4.16559e-05 -3.91587e-05 -3.68783e-05 -3.48085e-05 -3.29377e-05 -3.12586e-05 -2.97608e-05 -2.84372e-05 -2.60354e-05
-4.17025e-05 -3.92118e-05 -3.69354e-05 -3.48627e-05 -3.29891e-05 -3.13038e-05 -2.98007e-05 -2.84706e-05 -2.60632e-05 -2.06873e-05
-3.92594e-05 -3.69895e-05  -3.4921e-05 -3.30444e-05 -3.13562e-05 -2.98469e-05 -2.85113e-05 -2.60972e-05 -2.07156e-05 -1.12225e-05
-3.70384e-05 -3.49764e-05  -3.3104e-05 -3.14128e-05 -2.99004e-05 -2.85585e-05 -2.61389e-05 -2.07504e-05 -1.12515e-05  3.05797e-06
-3.50267e-05 -3.31609e-05 -3.14741e-05 -2.99585e-05 -2.86135e-05 -2.61873e-05 -2.07932e-05 -1.12872e-05  3.02821e-06  2.25168e-05
-3.32128e-05 -3.15327e-05 -3.00217e-05 -2.86734e-05  -2.6244e-05 -2.08431e-05 -1.13312e-05  2.99146e-06  2.24861e-05  4.73372e-05
-3.15864e-05 -3.00823e-05 -2.87387e-05 -2.63058e-05 -2.09016e-05 -1.13827e-05  2.94593e-06  2.24482e-05  4.73056e-05  7.75683e-05
 -3.0138e-05 -2.88014e-05 -2.63735e-05 -2.09656e-05 -1.14434e-05  2.89263e-06  2.24011e-05  4.72663e-05  7.75355e-05  0.000113205
-2.88594e-05 -2.64386e-05 -2.10359e-05 -1.15098e-05  2.82967e-06  2.23457e-05  4.72174e-05  7.74948e-05  0.000113171  0.000154208
-2.56756e-05 -2.06775e-05 -1.10608e-05  3.03027e-06  2.26008e-05  4.73178e-05  7.76263e-05  0.000113206  0.000154259  0.000200557
-1.19313e-05 -1.26412e-06  1.35945e-05  3.25686e-05  5.67704e-05   8.5921e-05  0.000120544  0.000160366   0.00020565  0.000254967
7.77296e-06 2.37093e-05 4.34774e-05 6.70598e-05 9.56798e-05 0.000129106 0.000167941 0.000211953 0.000260224 0.000310723
3.31307e-05 5.40175e-05 7.84277e-05   0.0001064 0.000139274  0.00017686 0.000219845  0.00026679   0.0003162 0.000366825
6.38708e-05 8.94464e-05 0.000118285 0.000150479 0.000187489 0.000229167 0.000275039 0.000323062  0.00037255 0.000422732
 9.9781e-05 0.000129837  0.00016294 0.000199236  0.00024031 0.000284811 0.000331709 0.000379743 0.000428732 0.000478274
0.000140704 0.000175084 0.000212335 0.000252657 0.000296523  0.00034198 0.000388832 0.000436292  0.00048458 0.000533502
0.000186536 0.000225129 0.000266458 0.000309531 0.000354319 0.000399651 0.000445866 0.000492543 0.000540145  0.00058864
0.000237223 0.000279965 0.000324101 0.000368049 0.000412677 0.000457287  0.00050265  0.00054855 0.000595652 0.000644018
0.000292757 0.000338386 0.000383459 0.000427196 0.000471062 0.000514727 0.000559238  0.00060454 0.000651433 0.000700091
0.000351114 0.000398163 0.000442996  0.00048617 0.000528996 0.000571871 0.000615677 0.000660769 0.000707857 0.000757414
0.000403728 0.000449175  0.00049284 0.000535265 0.000577823 0.000620887 0.000665383 0.000711688 0.000760612 0.000812631
0.000455337  0.00049969 0.000542657 0.000584774 0.000627485  0.00067116 0.000716803 0.000764861 0.000816177 0.000871174
0.000506425 0.000550148 0.000592858 0.000635088 0.000678377 0.000723124 0.000770457 0.000820826 0.000875054 0.000933528
0.000557484  0.00060102 0.000643897 0.000686664 0.000730989 0.000777345 0.000826924 0.000880121 0.000937757   0.0010002
0.000608988 0.000652766 0.000696234 0.000739994 0.000785892 0.000834411 0.000886748 0.000943264  0.00100479  0.00107169
0.000661403 0.000705851 0.000750371 0.000795658 0.000843679 0.000894867 0.000950452  0.00101077  0.00107667  0.00114851
0.000715196 0.000760779 0.000806888 0.000854248 0.000904898 0.000959239  0.00101854  0.00108314  0.00115391  0.00123121
0.000770853  0.00081811 0.000866357 0.000916295 0.000970055  0.00102802  0.00109152  0.00116088  0.00123703  0.00132031
0.000828874 0.000878352 0.000929237 0.000982239  0.00103958  0.00110165  0.00116985  0.00124448  0.00132653   0.0014163
0.000889882 0.000942062 0.000996082   0.0010526  0.00111401  0.00118067  0.00125407  0.00133449  0.00142295  0.00151966
0.000954935  0.00101043  0.00106808  0.00112859   0.0011945  0.00126619  0.00134522  0.00143186   0.0015271  0.00163116
0.00102424 0.00108348  0.0011452 0.00121014 0.00128103 0.00135822 0.00144338 0.00153667 0.00163914 0.00175109
0.00109829 0.00116171 0.00122796  0.0012978 0.00137414 0.00145732 0.00154901  0.0016494 0.00175965  0.0018801
0.00117759 0.00124565 0.00131689 0.00139212 0.00147438 0.00156396 0.00166263 0.00177065 0.00188928 0.00201891
0.00129298 0.00136539 0.00144092 0.00152044 0.00160722 0.00170167 0.00180582 0.00192004 0.00204573 0.00218336
0.00138331 0.00146091   0.001542 0.00162752 0.00172093  0.0018227 0.00193498 0.00205815 0.00219372 0.00234218
0.00148009 0.00156339 0.00165059 0.00174266 0.00184332 0.00195304 0.00207414 0.00220701 0.00235328 0.00251345
 0.0015839 0.00167345 0.00176733 0.00186655 0.00197508 0.00209345 0.00222411 0.00236749 0.00252531 0.00269815
0.00169537 0.00179177 0.00189291 0.00199991 0.00211701 0.00224475 0.00238576  0.0025405 0.00271082 0.00289733
0.00181519 0.00191902 0.00202808 0.00214354 0.00226993 0.00240782 0.00256003 0.00272705 0.00291087 0.00311212
0.00194404 0.00205598 0.00217363 0.00229826 0.00243471 0.00258359 0.00274791 0.00292821 0.00312659   0.003345
0.00208269 0.00220342 0.00233039 0.00246497  0.0026123 0.00277307 0.00295048  0.0031451 0.00336045 0.00359916
0.00223193 0.00236219 0.00249927 0.00264461 0.00280372 0.00297734 0.00316888 0.00338021 0.00361565 0.00387715
0.00239263 0.00253321 0.00268122  0.0028382 0.00301005 0.00319755 0.00340559 0.00363675 0.00389475 0.00418117
0.00256569 0.00271744 0.00287728 0.00304685 0.00323246 0.00343619 0.00366383 0.00391726 0.00419996 0.00451322
0.00275209 0.00291592 0.00308854 0.00327172 0.00347344 0.00369647 0.00394616 0.00422397 0.00453326 0.00487523
0.00295289 0.00312976 0.00331619 0.00351531 0.00373621 0.00398098  0.0042548 0.00455888 0.00489661 0.00526915
0.00316919 0.00336015 0.00356275 0.00378087 0.00402336 0.00429194 0.00459176 0.00492394 0.00529195 0.00569698
 0.0034022 0.00360963 0.00383146 0.00407099 0.00433713 0.00463137   0.004959 0.00532109  0.0057213  0.0061609
0.00365529 0.00388188 0.00412545 0.00438819 0.00467988 0.00500139 0.00535865 0.00575245 0.00618691 0.00666322
0.00393849 0.00418861 0.00445633 0.00474406 0.00506229 0.00541203 0.00579969 0.00622619 0.00669599 0.00720922
0.00424867 0.00452334 0.00481635 0.00513037 0.00547663 0.00585631  0.0062763 0.00673766 0.00724398  0.0077949
0.00458714 0.00488752 0.00520715 0.00554895 0.00592493 0.00633644 0.00679089 0.00728823 0.00783182 0.00842221
0.00495533 0.00528279 0.00563054 0.00600178 0.00640936 0.00685479 0.00734479 0.00787884 0.00846145  0.0090938
0.00535488 0.00571095 0.00608852 0.00649105 0.00693231 0.00741273 0.00793897 0.00851144 0.00913551  0.0098129
0.00578762 0.00617403  0.0065833 0.00701918 0.00749516 0.00801121 0.00857538 0.00918866 0.00985725  0.0105833
0.00625558 0.00667424  0.0071173 0.00758756 0.00809889 0.00865221 0.00925667 0.00991379  0.0106304  0.0114091
0.00676101 0.00721405 0.00769194 0.00819719 0.00874549 0.00933841 0.00998614  0.0106906  0.0114593   0.012295
0.00730638 0.00779489 0.00830826 0.00885008 0.00943766  0.0100731  0.0107676  0.0115233  0.0123484  0.0132459
0.00789233 0.00841739 0.00896776 0.00954869  0.0101784    0.01086   0.011605  0.0124164  0.0133027  0.0142673
0.00851316 0.00907449 0.00966385  0.0102868  0.0109628  0.0116952  0.0124962   0.013369  0.0143227   0.015361
0.00917669 0.00977776  0.0104097  0.0110786   0.011805  0.0125924  0.0134541  0.0143935  0.0154201  0.0165381
0.00988674  0.0105312  0.0112096  0.0119283  0.0127095  0.0135567  0.0144843  0.0154956  0.0166011  0.0178052
0.0106474 0.0113391 0.0120681  0.012841 0.0136816 0.0145936 0.0155924 0.0166816 0.0178723 0.0191694
0.0114629 0.0122061 0.0129899 0.0138218 0.0147267  0.015709 0.0167847 0.0179581 0.0192409 0.0206384
 0.012338  0.013137 0.0139804  0.014876 0.0158507 0.0169089  0.018068 0.0193323 0.0207146 0.0222204
0.0132775  0.014137  0.015045 0.0160098 0.0170599 0.0182003 0.0194494  0.020812 0.0223016 0.0239243
0.0142867 0.0152119 0.0161898 0.0172294 0.0183611 0.0195903 0.0209367 0.0224053 0.0240108 0.0257596
0.0153712 0.0163674  0.017421 0.0185416 0.0197616 0.0210867 0.0225381 0.0241212 0.0258517 0.0277365
0.0165371 0.0176101 0.0187456 0.0199536  0.021269 0.0226978 0.0242625 0.0259692 0.0278345  0.029866
0.0177907 0.0189469 0.0201708 0.0214734 0.0228918 0.0244325 0.0261196 0.0279596 0.0299704 0.0321601
 0.019139  0.020385 0.0217045 0.0231094  0.024639 0.0263005 0.0281197 0.0301035 0.0322712 0.0346315
0.0205895 0.0219324 0.0233552 0.0248705 0.0265202 0.0283122 0.0302739 0.0324128 0.0347497 0.0372939
  0.02215 0.0235977  0.025132 0.0267665 0.0285459 0.0304786 0.0325941 0.0349003 0.0374196 0.0401622
0.0238291 0.0253899 0.0270447 0.0288078 0.0307272 0.0328119 0.0350931 0.0375799 0.0402959 0.0432522
 0.025636 0.0273189 0.0291037 0.0310057 0.0330762 0.0353247 0.0377849 0.0404663 0.0433944 0.0465811
0.0275806 0.0293953 0.0313203 0.0333723 0.0356058 0.0380311 0.0406843 0.0435755 0.0467323 0.0501674
0.0296734 0.0316303 0.0337068 0.0359206 0.0383299 0.0409461 0.0438073 0.0469249 0.0503281  0.054031
 0.031926 0.0340363 0.0362761 0.0386646 0.0412636 0.0440856 0.0471712 0.0505329 0.0542019 0.0581934
0.0343505 0.0366263 0.0390424 0.0416193 0.0444231 0.0474669 0.0507946 0.0544194 0.0583749 0.0626775
0.0369602 0.0394145 0.0420208  0.044801 0.0478256 0.0511089 0.0546976 0.0586061 0.0628704 0.0675096
0.0397693 0.0424161 0.0452275 0.0482271 0.0514899 0.0550315 0.0589016 0.0631161 0.0677145 0.0727182
 0.042793 0.0456475 0.0486802 0.0519164 0.0554362 0.0592563   0.06343 0.0679754  0.072936 0.0783335
0.0460478 0.0491262 0.0523976 0.0558892 0.0596861 0.0638066 0.0683088  0.073213 0.0785647  0.084387
0.0495513 0.0528712 0.0564002 0.0601671 0.0642631 0.0687088 0.0735671 0.0788589 0.0846325 0.0909127
0.0533225  0.056903 0.0607097 0.0647738 0.0691934 0.0739917 0.0792348 0.0849449 0.0911734 0.0979468
0.0573821 0.0612434 0.0653497 0.0697355 0.0745061 0.0796855 0.0853439  0.091505 0.0982235  0.105528
0.0617519 0.0659161 0.0703467 0.0750815 0.0802315 0.0858223 0.0919284 0.0985754  0.105822  0.113699
0.0664557 0.0709478   0.07573  0.080842 0.0864016  0.092436 0.0990248  0.106195   0.11401  0.122503
0.0715211 0.0763682 0.0815306 0.0870496  0.093051 0.0995634  0.106672  0.114407  0.122834  0.131991
0.0769843  0.082217 0.0877901  0.093748  0.100225  0.107252   0.11492   0.12326  0.132347  0.142216
0.0828701 0.0885177 0.0945331  0.100964  0.107953  0.115534  0.123804  0.132799  0.142593  0.153226
0.0892101 0.0953044  0.101796  0.108736  0.116277  0.124456  0.133375  0.143072  0.153626  0.165081
0.0960383  0.102614  0.109618  0.117108  0.125243  0.134065  0.143683  0.154134  0.165505  0.177847
0.103391 0.110485 0.118042 0.126123   0.1349 0.144414 0.154781 0.166043 0.178296 0.191607
0.111309  0.11896 0.127114 0.135832 0.145299 0.155556 0.166729 0.178866 0.192083 0.206471
0.119833 0.128086 0.136882 0.146286 0.156493  0.16755 0.179593 0.192687 0.206975 0.222563
0.129011 0.137911 0.147397 0.157539 0.168542 0.180462 0.193456 0.207614 0.223096 0.239907
 0.13889 0.148488 0.158715  0.16965 0.181513 0.194377 0.208429 0.223774 0.240472 0.258135
0.149523 0.159869 0.170894 0.182685 0.195489 0.209404 0.224636 0.241189 0.258733 0.276145
0.160958 0.172107 0.183993  0.19672 0.210572  0.22566 0.242095 0.259486 0.276773 0.292686
0.173261 0.185278 0.198106 0.211877 0.226898  0.24318 0.260446 0.277571 0.293352  0.30693
0.186502 0.199469 0.213348 0.228282 0.244493 0.261597  0.27859 0.294198 0.307636 0.318311
0.200763 0.214788 0.229836 0.245955 0.262985 0.279805 0.295274 0.308531 0.319058 0.326452
0.216134 0.231335 0.247573 0.264506  0.28125  0.29654 0.309651 0.319988 0.327228 0.331075
0.232693 0.249085 0.266138 0.282784 0.297996 0.310927 0.321118 0.328167 0.331858 0.331957
0.250425 0.267629 0.284394 0.299511 0.312364 0.322377 0.329281 0.332784  0.33273 0.328925
0.269108 0.286039 0.301286 0.314034 0.323962  0.33067 0.334013 0.333751 0.329777 0.322026
0.288373 0.303872 0.316825 0.326583 0.333159  0.33619 0.335679 0.331378 0.323362 0.311944
0.306783 0.320293 0.330263  0.33673 0.339534 0.338669 0.333995 0.325573 0.313774 0.299755
0.319013 0.328827 0.335182 0.338072 0.337283 0.332779 0.324498 0.312878 0.299008  0.28418
0.327462 0.333653 0.336423 0.335727 0.331304 0.323203 0.311733 0.298055 0.283385 0.268591
0.332166  0.33476 0.333933 0.329612 0.321598 0.310325  0.29681 0.282349 0.267726 0.253533
0.333147 0.332131 0.327668 0.319766 0.308587 0.295285    0.281 0.266604 0.252597 0.239366
0.330406 0.325741 0.317687 0.306628 0.293427 0.279371 0.265162 0.251398 0.238366 0.226321
0.323939 0.315676 0.304458 0.291383 0.277431 0.263462 0.249893 0.237114 0.225278 0.214543
0.313822  0.30239 0.289152  0.27533 0.261468 0.248146 0.235568 0.223992  0.21347 0.204106
0.300324 0.286848 0.272844 0.259128 0.245925 0.233621 0.222269 0.212038 0.202911 0.194953
0.283848 0.269512 0.255532 0.242545 0.230413  0.21946 0.209551 0.200845 0.193229 0.186777
 0.26585 0.251224 0.237959 0.225988 0.215307 0.205851 0.197599 0.190494 0.184511 0.179607
0.251663 0.238454 0.226521 0.215812  0.20633  0.19802 0.190866 0.184822 0.179866 0.175964
0.238881 0.227002  0.21633  0.20682 0.198485 0.191275 0.185183 0.180167 0.176215 0.173298
0.227445  0.21683 0.207358 0.198994 0.191757 0.185607 0.180542 0.176528 0.173559 0.171611
0.217291 0.207878 0.199554 0.192287 0.186109 0.180983 0.176917 0.173883 0.171881 0.170892
 0.20836 0.200095 0.192871 0.186661 0.181506 0.177377  0.17429  0.17222 0.171174 0.171137
  0.2006 0.193437 0.187271 0.182082 0.177923  0.17477 0.172644 0.171527 0.171431 0.172346
0.193965 0.187863 0.182721 0.178526 0.175341 0.173146 0.171971 0.171801 0.172654 0.174526
0.188417 0.183342 0.179196 0.175973 0.173745 0.172497 0.172266 0.173042 0.174849 0.177687
0.183924 0.179847 0.176676 0.174408 0.173126 0.172818  0.17353 0.175255 0.178026 0.181846
 0.18046 0.177361 0.175147 0.173822 0.173478 0.174109 0.175768 0.178452 0.182202 0.187025
0.178013 0.175877 0.174609 0.174221 0.174813 0.176385 0.178999 0.182657 0.187404 0.193255
0.176563 0.175377 0.175049 0.175594 0.177126 0.179648 0.183231 0.187883 0.193653  0.20056
0.176101 0.175857 0.176466 0.177948 0.180428 0.183915 0.188488 0.194157  0.20098 0.208979
 0.17662 0.177318 0.178867 0.181294 0.184737 0.189208 0.194794  0.20151 0.209421 0.218558
0.178122 0.179765 0.182263  0.18565 0.190074 0.195554 0.202182  0.20998 0.219024 0.229362
0.180614 0.183211 0.186672 0.191037 0.196467 0.202983 0.210689 0.219614 0.229854 0.241486
0.184107 0.187672 0.192116 0.197483 0.203947 0.211534 0.220361 0.230476 0.242004 0.255036
0.188618 0.193171 0.198622 0.205019 0.212551 0.221253 0.231265  0.24266 0.255583 0.270022
 0.19417 0.199736 0.206221 0.213683 0.222327 0.232206 0.243493 0.256276   0.2706 0.286064
 0.20079 0.207397 0.214951 0.223522  0.23334 0.244487 0.257155 0.271331 0.286674 0.302047
0.208503 0.216184 0.224852 0.234592 0.245675 0.258196 0.272253  0.28744 0.302686 0.316708
0.217354 0.226156 0.235999    0.247 0.259453 0.273354 0.288415 0.303496 0.317384 0.329208
0.227394 0.237379 0.248489 0.260855 0.274685 0.289581 0.304528 0.318242 0.329924 0.338972
0.238686 0.249946 0.262427 0.276164 0.290985 0.305758  0.31933 0.330829 0.339727 0.345613
0.251305  0.26394 0.277798 0.292522 0.307217 0.320609  0.33196 0.340668 0.346398 0.348845
 0.26531 0.279323 0.294169 0.308767 0.322079 0.333249 0.341808 0.347346 0.349636 0.348438
0.280675 0.295673  0.31039 0.323607 0.334699 0.343078  0.34847  0.35057 0.349218 0.344209
0.297162 0.312048 0.325395 0.336381 0.344675 0.349869 0.351809 0.350247 0.345068 0.336201
 0.31439 0.327992 0.339184 0.347308 0.352369 0.353996 0.352184 0.346676 0.337543 0.325091
0.330912 0.342662 0.350999  0.35595 0.357349 0.355182 0.349302 0.339761 0.326926 0.311947
 0.34139 0.349573 0.354413 0.355898 0.353806 0.348094 0.338693 0.326036 0.311206 0.295487
0.348215 0.352892 0.354258 0.352259 0.346627 0.337406 0.324898 0.310258 0.294697 0.279077
0.351412 0.352603 0.350474 0.344944 0.335809 0.323497 0.309019 0.293666 0.278217 0.263259
0.350997 0.348679 0.343008 0.333985 0.321767 0.307502 0.292323 0.277101 0.262327 0.248386
 0.34696 0.341088 0.331914 0.319815  0.30565   0.2907 0.275664 0.261133 0.247389 0.234687
0.339292 0.329909 0.317652 0.303613 0.288767 0.273969 0.259633 0.246142 0.233646 0.222301
 0.32806  0.31559 0.301388 0.286672 0.271982 0.257891   0.2446 0.232364 0.221232 0.211301
0.313529  0.29909 0.284193 0.269647 0.255675 0.242659 0.230646 0.219803 0.210109 0.201626
0.296094 0.280866 0.266057 0.252301 0.239455 0.227842  0.21732 0.208047 0.199905 0.192966
0.277207 0.261754  0.24772 0.235035 0.223693 0.213625 0.204804 0.197173 0.190703 0.185347
0.262196  0.24822 0.235574 0.224203 0.214108 0.205229 0.197549 0.191016 0.185608 0.181287
0.248649 0.236059 0.224726 0.214603 0.205698 0.197961 0.191381 0.185912 0.181541 0.178235
0.236505 0.225229 0.215145 0.206211 0.198447 0.191808  0.18629 0.181855 0.178498 0.176189
0.225694 0.215668 0.206775  0.19898 0.192313 0.186734 0.182248 0.178825 0.176462 0.175138
0.216153  0.20732 0.199568 0.192868  0.18726 0.182711 0.179234 0.176803 0.175422 0.175075
0.207827 0.200137 0.193482  0.18784  0.18326 0.179716 0.177229 0.175777 0.175371 0.175999
0.200667 0.194077 0.188482 0.183866 0.180291 0.177734 0.176224 0.175743 0.176309 0.177913
0.194633 0.189105 0.184538 0.180925 0.178336 0.176752  0.17621 0.176697 0.178238 0.180829
0.189689 0.185192 0.181631 0.179001 0.177383 0.176764 0.177187 0.178646 0.181169  0.18476
0.185807 0.182318 0.179742 0.178082 0.177427 0.177769  0.17916 0.181597 0.185117 0.189728
0.182972 0.180474 0.178871 0.178171 0.178475 0.179779 0.182145 0.185573 0.190108 0.195761
0.181162 0.179641 0.179001 0.179258 0.180522 0.182796 0.186149 0.190587 0.196161 0.202884
0.180366 0.179812 0.180132 0.181346 0.183578 0.186835 0.191194 0.196665 0.203305 0.211135
0.180576 0.180985 0.182267 0.184446 0.187658 0.191916 0.197304 0.203837 0.211578 0.220557
0.181791 0.183167 0.185416 0.188573 0.192784 0.198065  0.20451 0.212138 0.221024 0.231217
0.184017 0.186365 0.189596 0.193748  0.19898 0.205312 0.212848 0.221615 0.231709 0.243205
0.187262 0.190598 0.194828 0.199997 0.206277 0.213694 0.222364 0.232332 0.243725 0.256631
0.191544 0.195885 0.201137 0.207351 0.214712 0.223256 0.233122 0.244382 0.257179 0.271502
0.196884 0.202252 0.208554 0.215845 0.224331 0.234064 0.245216 0.257872  0.27208 0.287436
0.203307 0.209731 0.217115 0.225527 0.235199  0.24621 0.258752 0.272812 0.288047 0.303319
0.210837 0.218349 0.226858 0.236452 0.247399 0.259794 0.273734 0.288814 0.303959 0.317888
 0.21952 0.228163  0.23786 0.248725 0.261052 0.274837 0.289789  0.30477 0.318565 0.330303
0.229403 0.239241 0.250215 0.262455 0.276168 0.290956 0.305803 0.319423 0.331019 0.339988
0.240549 0.251672 0.264027 0.277648  0.29236 0.307033 0.320512 0.331924 0.340743 0.346555
0.253032 0.265542 0.279282 0.293898 0.308493 0.321791 0.333057 0.341684  0.34734 0.349719
0.266913 0.280809 0.295545 0.310043 0.323262 0.334345 0.342825 0.348288  0.35051 0.349248
0.282161 0.297051 0.311667 0.324791 0.335796 0.344095 0.349413 0.351444 0.350028 0.344961
 0.29854 0.313325  0.32658 0.337479 0.345693 0.350812 0.352683 0.351057  0.34582 0.336898
0.315669 0.329177 0.340283 0.348326 0.353313 0.354871 0.352995 0.347428  0.33824 0.325737
0.332097 0.343761 0.352018 0.356895 0.358225 0.355993 0.350054 0.340459 0.327572 0.312547
0.342489 0.350592 0.355358 0.356774 0.354618 0.348846 0.339391 0.326683 0.311805 0.296043
0.349235 0.353838 0.355135 0.353071  0.34738 0.338104 0.325545 0.310858 0.295253 0.279593
0.352358  0.35348 0.351287 0.345697 0.336508 0.324145 0.309619 0.294223 0.278733 0.263737
0.351874 0.349493 0.343762 0.334684 0.322415 0.308102  0.29288 0.277616 0.262806 0.248829
0.347774 0.341842 0.332613 0.320463 0.306251 0.291257  0.27618 0.261611 0.247833 0.235098
0.340046 0.330608 0.318301 0.304214 0.289324 0.274486 0.260112 0.246586 0.234058 0.222683
 0.32876 0.316239  0.30199 0.287229 0.272498  0.25837 0.245044 0.232776 0.221613 0.211655
0.314178 0.299692  0.28475 0.270164 0.256155 0.243103 0.231058 0.220185 0.210463 0.201954
0.296696 0.281424 0.266574  0.25278   0.2399 0.228254 0.217702 0.208401 0.200233  0.19327
0.277766 0.262272   0.2482  0.23548 0.224105 0.214007 0.205158 0.197502 0.191007 0.185629
0.262714   0.2487 0.236019 0.224616  0.21449 0.205584 0.197877 0.191321 0.185891 0.181548
 0.24913 0.236504 0.225139 0.214985 0.206053  0.19829 0.191685 0.186194 0.181801 0.178472
0.236951 0.225642 0.215528 0.206566 0.198776 0.192113 0.186572 0.182116 0.178735   0.1764
0.226107 0.216051  0.20713 0.199309 0.192618 0.187017 0.182509 0.179062 0.176673 0.175319
0.216536 0.207675 0.199897 0.193174 0.187543 0.182972 0.179471 0.177014 0.175603 0.175222
0.208182 0.200466 0.193787 0.188123 0.183521 0.179954 0.177441 0.175959 0.175518 0.176107
0.200997 0.194383 0.188765 0.184127 0.180529 0.177945 0.176405  0.17589 0.176417 0.177979
0.194939 0.189388   0.1848 0.181163 0.178547 0.176933 0.176357 0.176806 0.178303 0.180847
0.189972 0.185454 0.181869 0.179213 0.177564 0.176911 0.177296 0.178711 0.181187 0.184726
0.186067 0.182555 0.179953 0.178263 0.177574 0.177878 0.179226 0.181615 0.185083 0.189637
0.183201 0.180675 0.179042 0.178308 0.178574 0.179837 0.182156 0.185533 0.190012 0.195605
0.181355 0.179802 0.179128 0.179347 0.180569 0.182798 0.186101 0.190485    0.196 0.202664
0.180517 0.179927 0.180209 0.181383  0.18357 0.186778 0.191083 0.196498 0.203079 0.210849
0.180682 0.181052 0.182292 0.184426  0.18759 0.191796 0.197129 0.203604 0.211287 0.220208
0.181847  0.18318 0.185385 0.188493 0.192653  0.19788 0.204268 0.211839 0.220669 0.230803
0.184019 0.186321 0.189504 0.193605 0.198783  0.20506  0.21254 0.221251  0.23129 0.242729
0.187207 0.190492 0.194671 0.199787 0.206013 0.213376 0.221991 0.231904 0.243242 0.256092
0.191427 0.195714 0.200912 0.207073 0.214381 0.222872 0.232684 0.243891 0.256633 0.270901
0.196701 0.202013  0.20826 0.215499 0.223933 0.233614 0.244714 0.257318 0.271472 0.286773
0.203055 0.209423 0.216753 0.225114 0.234735 0.245696 0.258187 0.272194 0.287375 0.302592
0.210524 0.217981 0.226438 0.235982 0.246879 0.259224 0.273112 0.288138 0.303229   0.3171
0.219145 0.227736 0.237382 0.248197 0.260475 0.274209 0.289109 0.304035 0.317773 0.329451
0.228969 0.238756  0.24968  0.26187 0.275533 0.290269 0.305062 0.318627 0.330163 0.339069
0.240056 0.251128 0.263433 0.277004 0.291665 0.306286  0.31971 0.331064  0.33982 0.345565
 0.25248 0.264939 0.278629 0.293195 0.307737 0.320981 0.332189 0.340755 0.346346 0.348654
0.266301 0.280146 0.294831 0.309277 0.322443  0.33347 0.341889 0.347288  0.34944 0.348104
0.281488 0.296326  0.31089  0.32396  0.33491 0.343151 0.348405 0.350369 0.348879 0.343732
0.297805 0.312537 0.325737 0.336582 0.344737 0.349795 0.351599 0.349901 0.344586 0.335579
0.314869 0.328323 0.339372 0.347358 0.352283 0.353776 0.351829 0.346186 0.336915 0.324321
0.331231 0.342838 0.351036 0.355852 0.357117 0.354817 0.348802 0.339125  0.32615 0.311028
0.341553 0.349596   0.3543 0.355652 0.353428 0.347583 0.338047 0.325252 0.310279 0.294413
0.348225 0.352765 0.353997 0.351866 0.346102 0.336748 0.324103 0.309322 0.293615 0.277843
 0.35127 0.352326 0.350064 0.344402 0.335136 0.322689 0.308071 0.292574 0.276975 0.261859
0.350704 0.348252 0.342449 0.333294 0.320942 0.306539 0.291219 0.275847 0.260918 0.246813
0.346516  0.34051 0.331203 0.318971  0.30467  0.28958 0.274397 0.259712 0.245807 0.232933
0.338696 0.329178 0.316787 0.302613 0.287628 0.272686 0.258198 0.244548 0.231882 0.220357
0.327311 0.314704 0.300366 0.285511 0.270678 0.256438  0.24299 0.230587 0.219277 0.209157
0.312623 0.298045 0.283008  0.26832 0.254201 0.241029 0.228852 0.217834 0.207953  0.19927
0.295027 0.279657 0.264704 0.250801 0.237803 0.226027 0.215333 0.205876 0.197537 0.190387
0.275975 0.260375 0.246193 0.233356 0.221854 0.211616 0.202614 0.194789  0.18811  0.18253
0.260793 0.246665 0.233865 0.222336 0.212072 0.203016 0.195144 0.188406 0.182776 0.178216
0.247068  0.23432 0.222827 0.212537 0.203456 0.195531 0.188748 0.183062 0.178454 0.174889
0.234738 0.223298 0.213045 0.203937 0.195987 0.189149 0.183416 0.178749 0.175136 0.172547
0.223732 0.213534 0.204464 0.196486 0.189622 0.183832 0.179116 0.175442 0.172802 0.171175
0.213987 0.204973 0.197034  0.19014 0.184323 0.179548 0.175824 0.173121  0.17144 0.170764
0.205446 0.197565 0.190712 0.184864 0.180061 0.176274 0.173519 0.171772  0.17104 0.171311
0.198059 0.191267 0.185461 0.180625 0.176809 0.173988 0.172187 0.171386   0.1716 0.172818
0.191783 0.186041  0.18125 0.177399 0.174548 0.172678 0.171821 0.171961  0.17312 0.175293
0.186583 0.181857 0.178054 0.175166 0.173264 0.172335 0.172416 0.173499 0.175609 0.178749
0.182426  0.17869 0.175853 0.173912  0.17295 0.172955 0.173976 0.176006  0.17908 0.183203
0.179288 0.176521 0.174634  0.17363 0.173601 0.174542 0.176507 0.179497 0.183551  0.18868
 0.17715 0.175336 0.174388 0.174315  0.17522 0.177101 0.180023 0.183989 0.189046 0.195209
0.175998 0.175127 0.175113 0.175971 0.177815 0.180648 0.184542 0.189506 0.195593 0.202823
0.175824 0.175891 0.176811 0.178606 0.181399   0.1852 0.190088 0.196077 0.203227 0.211566
0.176625  0.17763  0.17949 0.182232  0.18599 0.190781 0.196691 0.203737 0.211992 0.221499
0.178404 0.180353 0.183163 0.186868 0.191614 0.197421 0.204383 0.212529 0.221947 0.232711
0.181169 0.184074  0.18785 0.192539 0.198298 0.205153  0.21321 0.222513 0.233183 0.245304
0.184934  0.18881 0.193574 0.199274 0.206078 0.214021 0.223231  0.23378 0.245802 0.259283
0.189717 0.194587 0.200366 0.207106 0.214997 0.224086 0.234537 0.246431 0.259808 0.274261
0.195544 0.201433 0.208258 0.216081 0.225116 0.235439 0.247229 0.260472 0.274815 0.289117
0.202444 0.209385 0.217297 0.226261 0.236525 0.248181 0.261314 0.275515 0.289702 0.302588
0.210454 0.218489 0.227546 0.237735 0.249329  0.26232 0.276406 0.290442 0.303205 0.313821
0.219619 0.228806 0.239094 0.250609 0.263535  0.27747 0.291384 0.303988 0.314474 0.322235
0.229997 0.240422 0.252042 0.264883 0.278749 0.292505 0.304981 0.315299 0.322923 0.327434
0.241658 0.253418 0.266369 0.280147 0.293832 0.306143 0.316328 0.323778 0.328147 0.329125
0.254657 0.267748 0.281636 0.295233 0.307472 0.317493 0.324809 0.329004  0.32984 0.327069
 0.26896 0.282985 0.296688 0.308842 0.318792 0.325947 0.330012 0.330677 0.327768 0.321075
0.284324 0.298179 0.310451 0.320306 0.327384 0.331271 0.331792 0.328694 0.321848 0.311174
0.300363 0.312871 0.322918 0.329837 0.333599 0.333829 0.330498 0.323345 0.312424 0.298033
0.315621 0.326208 0.333325  0.33699 0.337001 0.333337  0.32583 0.314525 0.299771 0.282712
0.324755 0.331698 0.335235 0.335345 0.331768 0.324452 0.313307 0.298757 0.281866 0.263912
0.330148 0.333501 0.333475 0.330004  0.32278 0.311839 0.297458 0.280786 0.263011 0.244988
0.331817 0.331592 0.327973 0.320865 0.310024 0.295866 0.279376 0.261838  0.24401 0.226468
0.329769 0.325937 0.318669 0.307953 0.293902 0.277654 0.260315 0.242743 0.225411  0.20869
0.323986 0.316491 0.305604 0.291689 0.275555 0.258474 0.241114 0.224056  0.20756 0.191867
0.314449 0.303325  0.28923 0.273239 0.256277 0.239188 0.222351 0.206143 0.190685 0.176121
0.301216 0.286877   0.2707 0.253886 0.236919 0.220363 0.204383 0.189222 0.174901 0.161505
0.284538 0.268092 0.251072  0.23427 0.217849  0.20218 0.187272  0.17328 0.160153  0.14794
0.264801 0.247416 0.230324  0.21414 0.198659  0.18419 0.170551 0.157886 0.146048 0.135093
0.243444 0.225672 0.209182 0.193884 0.179704  0.16656 0.154382 0.143099 0.132648 0.122966
 0.22578  0.20931 0.194021 0.179836 0.166684 0.154493 0.143197  0.13273 0.123035 0.114053
0.209385 0.194111 0.179932 0.166778 0.154581 0.143275 0.132799 0.123093 0.114101 0.105772
 0.194181  0.180016  0.166867  0.154668  0.143357  0.132872  0.123157  0.114156  0.105817 0.0980926
  0.18008  0.166944  0.154751  0.143437  0.132948  0.123225  0.114215  0.105867 0.0981342 0.0909707
 0.167004  0.154822  0.143514  0.133022  0.123295  0.114278  0.105922 0.0981807 0.0910093  0.084366
 0.154878   0.14358  0.133093  0.123364  0.114343   0.10598 0.0982317 0.0910524 0.0844018 0.0782409
 0.143632  0.133155   0.12343  0.114407  0.106041 0.0982856 0.0910997 0.0844417  0.078274 0.0725605
 0.133203  0.123487  0.114468    0.1061 0.0983415 0.0911496 0.0844856 0.0783111 0.0725913 0.0672927
 0.123531  0.114521  0.106157 0.0983965 0.0912015 0.0845319 0.0783518 0.0726257 0.0673212 0.0624073
 0.114562  0.106206 0.0984492 0.0912525   0.08458 0.0783947 0.0726634 0.0673531 0.0624338 0.0578767
 0.106244 0.0984947 0.0913013 0.0846273 0.0784393 0.0727032  0.067388 0.0624633 0.0579012 0.0536751
  0.09853 0.0913436 0.0846726 0.0784832 0.0727445  0.067425 0.0624958 0.0579286 0.0536978 0.0497785
0.0913763 0.0847117 0.0785251 0.0727852 0.0674633   0.06253 0.0579587 0.0537232 0.0497996 0.0461649
0.0847421 0.0785614 0.0728241  0.067501 0.0625655 0.0579905 0.0537511 0.0498232 0.0461845 0.0428137
0.0785896 0.0728578 0.0675371 0.0626005 0.0580234 0.0537805  0.049849 0.0462063 0.0428318 0.0397057
0.0728839 0.0675683  0.062634 0.0580558 0.0538111 0.0498763 0.0462303  0.042852 0.0397225 0.0368235
0.0675925 0.0626629 0.0580869 0.0538412 0.0499046 0.0462556 0.0428743 0.0397413  0.036839 0.0341504
0.0626854 0.0581137 0.0538699 0.0499325 0.0462818 0.0428977 0.0397619 0.0368565 0.0341649 0.0316715
0.0581345 0.0538948 0.0499592 0.0463077 0.0429221 0.0397837 0.0368756  0.034181 0.0316849 0.0293725
0.0539141 0.0499823 0.0463324 0.0429461 0.0398063 0.0368957 0.0341988 0.0316999  0.029385 0.0272405
0.0500002 0.0463538  0.042969 0.0398285 0.0369167 0.0342175 0.0317163 0.0293989  0.027252 0.0252632
0.0463704 0.0429888 0.0398498 0.0369373 0.0342369 0.0317337 0.0294141 0.0272649 0.0252739 0.0234295
0.0430042 0.0398682  0.036957  0.034256 0.0317517 0.0294302  0.027279 0.0252859 0.0234394 0.0217289
0.0398824 0.0369741 0.0342743 0.0317694 0.0294469 0.0272939  0.025299 0.0234505 0.0217381 0.0201518
0.0369873 0.0342901 0.0317864 0.0294633 0.0273094 0.0253128 0.0234627 0.0217484 0.0201603 0.0186892
0.0343024  0.031801  0.029479 0.0273247 0.0253271 0.0234755 0.0217597 0.0201698 0.0186971 0.0173327
0.0318124 0.0294926 0.0273392 0.0253413 0.0234888 0.0217715 0.0201803 0.0187059   0.01734 0.0160747
0.0295032 0.0273518 0.0253548 0.0235019 0.0217839 0.0201913 0.0187156 0.0173482 0.0160815 0.0149081
0.0273616 0.0253665 0.0235144  0.021796 0.0202027 0.0187258 0.0173572 0.0160891 0.0149144 0.0138261
0.0253756 0.0235253 0.0218077  0.020214 0.0187364 0.0173667 0.0160974 0.0149214 0.0138319 0.0128226
0.0235337 0.0218177 0.0202248 0.0187469 0.0173765 0.0161062 0.0149291 0.0138384 0.0128281  0.011892
0.0218255 0.0202341 0.0187568 0.0173862 0.0161153 0.0149373 0.0138456 0.0128341 0.0118971  0.011029
0.0202413 0.0187655 0.0173955 0.0161243 0.0149457 0.0138532 0.0128407 0.0119027 0.0110337 0.0102286
 0.0187722  0.0174035  0.0161329   0.014954   0.013861  0.0128478  0.0119088  0.0110389  0.0102329 0.00948631
 0.0174097  0.0161403   0.014962  0.0138687   0.012855  0.0119153  0.0110446  0.0102377 0.00949031 0.00879789
 0.0161461  0.0149689  0.0138761  0.0128622  0.0119221  0.0110506   0.010243 0.00949478  0.0088016 0.00815944
 0.0149743  0.0138825   0.012869  0.0119287  0.0110568  0.0102486 0.00949969 0.00880575 0.00816288 0.00756733
 0.0138875   0.012875  0.0119351   0.011063  0.0102544 0.00950487  0.0088103 0.00816672 0.00757052 0.00701819
 0.0128796  0.0119406  0.0110689  0.0102601 0.00951025  0.0088151 0.00817094 0.00757408 0.00702115 0.00650891
 0.0119448   0.011074  0.0102656 0.00951554 0.00882009  0.0081754   0.007578 0.00702446 0.00651166  0.0060366
 0.0110779  0.0102703 0.00952061   0.008825 0.00818002 0.00758213 0.00702809 0.00651472 0.00603914 0.00559857
  0.010274 0.00952499 0.00882969 0.00818458 0.00758641 0.00703192 0.00651809 0.00604199 0.00560093 0.00519232
0.00952839 0.00883376 0.00818893 0.00759064 0.00703589 0.00652164 0.00604511 0.00560356 0.00519451 0.00481556
0.00883691  0.0081927 0.00759467 0.00703981 0.00652533  0.0060484 0.00560646 0.00519696 0.00481759 0.00446615
0.00819562 0.00759817 0.00704355 0.00652896 0.00605182 0.00560951 0.00519964 0.00481986 0.00446803 0.00414209
0.00760087 0.00704679 0.00653243 0.00605519 0.00561268 0.00520247 0.00482235 0.00447013 0.00414384 0.00384155
 0.0070493 0.00653543 0.00605841  0.0056158 0.00520541 0.00482497 0.00447244 0.00414578 0.00384317 0.00356282
0.00653776 0.00606119 0.00561879  0.0052083  0.0048277 0.00447487 0.00414792 0.00384498 0.00356432 0.00330432
0.00606335 0.00562137 0.00521107 0.00483038  0.0044774 0.00415018 0.00384696   0.003566 0.00330571 0.00306458
0.00562337 0.00521347 0.00483295 0.00447989 0.00415252 0.00384905 0.00356784 0.00330727 0.00306587 0.00284224
0.00521532 0.00483517 0.00448227 0.00415483 0.00385123 0.00356978 0.00330897 0.00306731 0.00284343 0.00263603
0.00483689 0.00448433 0.00415704 0.00385337 0.00357179 0.00331077 0.00306889 0.00284477 0.00263714 0.00244478
0.00448592 0.00415895 0.00385541 0.00357378 0.00331264 0.00307056 0.00284624 0.00263838 0.00244581 0.00226742
0.00416043 0.00385718 0.00357568 0.00331448  0.0030723 0.00284778 0.00263974 0.00244696 0.00226837 0.00210292
0.00385856 0.00357732 0.00331624   0.003074 0.00284939 0.00264117 0.00244822 0.00226944  0.0021038 0.00195036
0.00357859 0.00331776 0.00307563 0.00285097 0.00264266 0.00244955 0.00227061 0.00210479 0.00195118 0.00180887
0.00331894 0.00307704 0.00285249 0.00264413 0.00245093 0.00227184 0.00210588  0.0019521 0.00180963 0.00167765
0.00307814 0.00285379 0.00264553  0.0024523 0.00227312 0.00210702  0.0019531 0.00181048 0.00167835 0.00155594
0.00285481 0.00264675  0.0024536 0.00227438 0.00210821 0.00195416 0.00181141 0.00167914  0.0015566 0.00144307
0.00264769 0.00245472 0.00227559 0.00210938 0.00195526  0.0018124    0.00168 0.00155733 0.00144368 0.00133839
0.00245559 0.00227663  0.0021105 0.00195635 0.00181342 0.00168092 0.00155813 0.00144436 0.00133895  0.0012413
0.00227744 0.00211146 0.00195739 0.00181442 0.00168186 0.00155898  0.0014451 0.00133958 0.00124182 0.00115126
0.00211221 0.00195828 0.00181538  0.0016828 0.00155985 0.00144588 0.00134027 0.00124241 0.00115174 0.00106775
0.00195898 0.00181622 0.00168369 0.00156072  0.0014467   0.001341 0.00124305 0.00115228  0.0010682  0.0009903
 0.00181686  0.00168446  0.00156155   0.0014475  0.00134175  0.00124372  0.00115288   0.0010687 0.000990716 0.000918469
 0.00168506  0.00156226  0.00144827   0.0013425  0.00124442   0.0011535  0.00106925  0.00099118 0.000918854 0.000851849
 0.00156282  0.00144893  0.00134321  0.00124511  0.00115415  0.00106983  0.00099169 0.000919285 0.000852206 0.000790062
 0.00144944  0.00134382  0.00124577  0.00115479  0.00107043 0.000992228 0.000919758 0.000852605 0.000790393 0.000732757
  0.0013443  0.00124634   0.0011554  0.00107102 0.000992786 0.000920256 0.000853044 0.000790763 0.000733065  0.00067961
 0.00124678  0.00115593  0.00107159 0.000993336 0.000920774 0.000853506  0.00079117 0.000733408 0.000679895 0.000630319
 0.00115634  0.00107208 0.000993862 0.000921284 0.000853986 0.000791599 0.000733785 0.000680213 0.000630583 0.000584603
 0.00107246 0.000994317 0.000921771 0.000854459 0.000792044 0.000734182 0.000680563 0.000630878 0.000584848 0.000542203
0.000994669 0.000922193 0.000854911 0.000792482 0.000734595 0.000680932 0.000631202 0.000585122 0.000542431  0.00050288
 0.00092252 0.000855302 0.000792902 0.000735002 0.000681314 0.000631544 0.000585422 0.000542684 0.000503091 0.000466409
0.000896835 0.000831489 0.000770826 0.000714539 0.000662346 0.000613962 0.000569124 0.000527577 0.000489085 0.000453425
0.000896835 0.000831489 0.000770826 0.000714539 0.000662346 0.000613962 0.000569124 0.000527577 0.000489085 0.000453425
0.000896835 0.000831489 0.000770826 0.000714539 0.000662346 0.000613962 0.000569124 0.000527577 0.000489085 0.000453425
0.000896835 0.000831489 0.000770826 0.000714539 0.000662346 0.000613962 0.000569124 0.000527577 0.000489085 0.000453425
0.000896835 0.000831489 0.000770826 0.000714539 0.000662346 0.000613962 0.000569124 0.000527577 0.000489085 0.000453425
0.000896835 0.000831489 0.000770826 0.000714539 0.000662346 0.000613962 0.000569124 0.000527577 0.000489085 0.000453425
0.000896835 0.000831489 0.000770826 0.000714539 0.000662346 0.000613962 0.000569124 0.000527577 0.000489085 0.000453425
0.000896835 0.000831489 0.000770826 0.000714539 0.000662346 0.000613962 0.000569124 0.000527577 0.000489085 0.000453425
0.000896835 0.000831489 0.000770826 0.000714539 0.000662346 0.000613962 0.000569124 0.000527577 0.000489085 0.000453425
0.000896835 0.000831489 0.000770826 0.000714539 0.000662346 0.000613962 0.000569124 0.000527577 0.000489085 0.000453425
0.000896835 0.000831489 0.000770826 0.000714539 0.000662346 0.000613962 0.000569124 0.000527577 0.000489085 0.000453425
0.000896835 0.000831489 0.000770826 0.000714539 0.000662346 0.000613962 0.000569124 0.000527577 0.000489085 0.000453425
0.000896835 0.000831489 0.000770826 0.000714539 0.000662346 0.000613962 0.000569124 0.000527577 0.000489085 0.000453425
0.000896835 0.000831489 0.000770826 0.000714539 0.000662346 0.000613962 0.000569124 0.000527577 0.000489085 0.000453425
0.000896835 0.000831489 0.000770826 0.000714539 0.000662346 0.000613962 0.000569124 0.000527577 0.000489085 0.000453425
0.000896835 0.000831489 0.000770826 0.000714539 0.000662346 0.000613962 0.000569124 0.000527577 0.000489085 0.000453425
0.000896835 0.000831489 0.000770826 0.000714539 0.000662346 0.000613962 0.000569124 0.000527577 0.000489085 0.000453425
0.000896835 0.000831489 0.000770826 0.000714539 0.000662346 0.000613962 0.000569124 0.000527577 0.000489085 0.000453425
0.000896835 0.000831489 0.000770826 0.000714539 0.000662346 0.000613962 0.000569124 0.000527577 0.000489085 0.000453425
0.000896835 0.000831489 0.000770826 0.000714539 0.000662346 0.000613962 0.000569124 0.000527577 0.000489085 0.000453425
0.000896835 0.000831489 0.000770826 0.000714539 0.000662346 0.000613962 0.000569124 0.000527577 0.000489085 0.000453425
0.000896835 0.000831489 0.000770826 0.000714539 0.000662346 0.000613962 0.000569124 0.000527577 0.000489085 0.000453425
0.000896835 0.000831489 0.000770826 0.000714539 0.000662346 0.000613962 0.000569124 0.000527577 0.000489085 0.000453425
0.000896835 0.000831489 0.000770826 0.000714539 0.000662346 0.000613962 0.000569124 0.000527577 0.000489085 0.000453425
0.000896835 0.000831489 0.000770826 0.000714539 0.000662346 0.000613962 0.000569124 0.000527577 0.000489085 0.000453425
0.000896835 0.000831489 0.000770826 0.000714539 0.000662346 0.000613962 0.000569124 0.000527577 0.000489085 0.000453425
0.000896835 0.000831489 0.000770826 0.000714539 0.000662346 0.000613962 0.000569124 0.000527577 0.000489085 0.000453425
0.000896835 0.000831489 0.000770826 0.000714539 0.000662346 0.000613962 0.000569124 0.000527577 0.000489085 0.000453425
0.000896835 0.000831489 0.000770826 0.000714539 0.000662346 0.000613962 0.000569124 0.000527577 0.000489085 0.000453425
0.000896835 0.000831489 0.000770826 0.000714539 0.000662346 0.000613962 0.000569124 0.000527577 0.000489085 0.000453425
0.000896835 0.000831489 0.000770826 0.000714539 0.000662346 0.000613962 0.000569124 0.000527577 0.000489085 0.000453425
0.000896835 0.000831489 0.000770826 0.000714539 0.000662346 0.000613962 0.000569124 0.000527577 0.000489085 0.000453425
0.000896835 0.000831489 0.000770826 0.000714539 0.000662346 0.000613962 0.000569124 0.000527577 0.000489085 0.000453425
0.000896835 0.000831489 0.000770826 0.000714539 0.000662346 0.000613962 0.000569124 0.000527577 0.000489085 0.000453425
0.000896835 0.000831489 0.000770826 0.000714539 0.000662346 0.000613962 0.000569124 0.000527577 0.000489085 0.000453425
0.000896835 0.000831489 0.000770826 0.000714539 0.000662346 0.000613962 0.000569124 0.000527577 0.000489085 0.000453425
0.000896835 0.000831489 0.000770826 0.000714539 0.000662346 0.000613962 0.000569124 0.000527577 0.000489085 0.000453425
0.000896835 0.000831489 0.000770826 0.000714539 0.000662346 0.000613962 0.000569124 0.000527577 0.000489085 0.000453425
0.000896835 0.000831489 0.000770826 0.000714539 0.000662346 0.000613962 0.000569124 0.000527577 0.000489085 0.000453425
0.000896835 0.000831489 0.000770826 0.000714539 0.000662346 0.000613962 0.000569124 0.000527577 0.000489085 0.000453425
0.000896835 0.000831489 0.000770826 0.000714539 0.000662346 0.000613962 0.000569124 0.000527577 0.000489085 0.000453425
0.000896835 0.000831489 0.000770826 0.000714539 0.000662346 0.000613962 0.000569124 0.000527577 0.000489085 0.000453425
0.000896835 0.000831489 0.000770826 0.000714539 0.000662346 0.000613962 0.000569124 0.000527577 0.000489085 0.000453425
0.000896835 0.000831489 0.000770826 0.000714539 0.000662346 0.000613962 0.000569124 0.000527577 0.000489085 0.000453425
0.000896835 0.000831489 0.000770826 0.000714539 0.000662346 0.000613962 0.000569124 0.000527577 0.000489085 0.000453425
0.000896835 0.000831489 0.000770826 0.000714539 0.000662346 0.000613962 0.000569124 0.000527577 0.000489085 0.000453425
0.000896835 0.000831489 0.000770826 0.000714539 0.000662346 0.000613962 0.000569124 0.000527577 0.000489085 0.000453425
0.000896835 0.000831489 0.000770826 0.000714539 0.000662346 0.000613962 0.000569124 0.000527577 0.000489085 0.000453425
0.000896835 0.000831489 0.000770826 0.000714539 0.000662346 0.000613962 0.000569124 0.000527577 0.000489085 0.000453425
0.000896835 0.000831489 0.000770826 0.000714539 0.000662346 0.000613962 0.000569124 0.000527577 0.000489085 0.000453425
0.000896835 0.000831489 0.000770826 0.000714539 0.000662346 0.000613962 0.000569124 0.000527577 0.000489085 0.000453425
0.000896835 0.000831489 0.000770826 0.000714539 0.000662346 0.000613962 0.000569124 0.000527577 0.000489085 0.000453425
0.000896835 0.000831489 0.000770826 0.000714539 0.000662346 0.000613962 0.000569124 0.000527577 0.000489085 0.000453425
0.000896835 0.000831489 0.000770826 0.000714539 0.000662346 0.000613962 0.000569124 0.000527577 0.000489085 0.000453425
0.000896835 0.000831489 0.000770826 0.000714539 0.000662346 0.000613962 0.000569124 0.000527577 0.000489085 0.000453425
0.000896835 0.000831489 0.000770826 0.000714539 0.000662346 0.000613962 0.000569124 0.000527577 0.000489085 0.000453425
0.000896835 0.000831489 0.000770826 0.000714539 0.000662346 0.000613962 0.000569124 0.000527577 0.000489085 0.000453425
0.000896835 0.000831489 0.000770826 0.000714539 0.000662346 0.000613962 0.000569124 0.000527577 0.000489085 0.000453425
0.000896835 0.000831489 0.000770826 0.000714539 0.000662346 0.000613962 0.000569124 0.000527577 0.000489085 0.000453425
0.000896835 0.000831489 0.000770826 0.000714539 0.000662346 0.000613962 0.000569124 0.000527577 0.000489085 0.000453425
0.000896835 0.000831489 0.000770826 0.000714539 0.000662346 0.000613962 0.000569124 0.000527577 0.000489085 0.000453425
0.000896835 0.000831489 0.000770826 0.000714539 0.000662346 0.000613962 0.000569124 0.000527577 0.000489085 0.000453425
0.000896835 0.000831489 0.000770826 0.000714539 0.000662346 0.000613962 0.000569124 0.000527577 0.000489085 0.000453425
0.000896835 0.000831489 0.000770826 0.000714539 0.000662346 0.000613962 0.000569124 0.000527577 0.000489085 0.000453425
0.000896835 0.000831489 0.000770826 0.000714539 0.000662346 0.000613962 0.000569124 0.000527577 0.000489085 0.000453425
0.000896835 0.000831489 0.000770826 0.000714539 0.000662346 0.000613962 0.000569124 0.000527577 0.000489085 0.000453425
0.000896835 0.000831489 0.000770826 0.000714539 0.000662346 0.000613962 0.000569124 0.000527577 0.000489085 0.000453425
0.000896835 0.000831489 0.000770826 0.000714539 0.000662346 0.000613962 0.000569124 0.000527577 0.000489085 0.000453425
0.000896835 0.000831489 0.000770826 0.000714539 0.000662346 0.000613962 0.000569124 0.000527577 0.000489085 0.000453425
0.000896835 0.000831489 0.000770826 0.000714539 0.000662346 0.000613962 0.000569124 0.000527577 0.000489085 0.000453425
0.000896835 0.000831489 0.000770826 0.000714539 0.000662346 0.000613962 0.000569124 0.000527577 0.000489085 0.000453425
0.000896835 0.000831489 0.000770826 0.000714539 0.000662346 0.000613962 0.000569124 0.000527577 0.000489085 0.000453425
0.000896835 0.000831489 0.000770826 0.000714539 0.000662346 0.000613962 0.000569124 0.000527577 0.000489085 0.000453425
0.000896835 0.000831489 0.000770826 0.000714539 0.000662346 0.000613962 0.000569124 0.000527577 0.000489085 0.000453425
0.000896835 0.000831489 0.000770826 0.000714539 0.000662346 0.000613962 0.000569124 0.000527577 0.000489085 0.000453425
0.000896835 0.000831489 0.000770826 0.000714539 0.000662346 0.000613962 0.000569124 0.000527577 0.000489085 0.000453425
0.000896835 0.000831489 0.000770826 0.000714539 0.000662346 0.000613962 0.000569124 0.000527577 0.000489085 0.000453425
0.000896835 0.000831489 0.000770826 0.000714539 0.000662346 0.000613962 0.000569124 0.000527577 0.000489085 0.000453425
0.000896835 0.000831489 0.000770826 0.000714539 0.000662346 0.000613962 0.000569124 0.000527577 0.000489085 0.000453425
0.000896835 0.000831489 0.000770826 0.000714539 0.000662346 0.000613962 0.000569124 0.000527577 0.000489085 0.000453425
0.000896835 0.000831489 0.000770826 0.000714539 0.000662346 0.000613962 0.000569124 0.000527577 0.000489085 0.000453425
0.000896835 0.000831489 0.000770826 0.000714539 0.000662346 0.000613962 0.000569124 0.000527577 0.000489085 0.000453425
0.000896835 0.000831489 0.000770826 0.000714539 0.000662346 0.000613962 0.000569124 0.000527577 0.000489085 0.000453425
0.000896835 0.000831489 0.000770826 0.000714539 0.000662346 0.000613962 0.000569124 0.000527577 0.000489085 0.000453425
0.000896835 0.000831489 0.000770826 0.000714539 0.000662346 0.000613962 0.000569124 0.000527577 0.000489085 0.000453425
0.000896835 0.000831489 0.000770826 0.000714539 0.000662346 0.000613962 0.000569124 0.000527577 0.000489085 0.000453425
0.000896835 0.000831489 0.000770826 0.000714539 0.000662346 0.000613962 0.000569124 0.000527577 0.000489085 0.000453425
0.000896835 0.000831489 0.000770826 0.000714539 0.000662346 0.000613962 0.000569124 0.000527577 0.000489085 0.000453425
0.000896835 0.000831489 0.000770826 0.000714539 0.000662346 0.000613962 0.000569124 0.000527577 0.000489085 0.000453425
0.000896835 0.000831489 0.000770826 0.000714539 0.000662346 0.000613962 0.000569124 0.000527577 0.000489085 0.000453425
0.000896835 0.000831489 0.000770826 0.000714539 0.000662346 0.000613962 0.000569124 0.000527577 0.000489085 0.000453425
0.000896835 0.000831489 0.000770826 0.000714539 0.000662346 0.000613962 0.000569124 0.000527577 0.000489085 0.000453425
0.000896835 0.000831489 0.000770826 0.000714539 0.000662346 0.000613962 0.000569124 0.000527577 0.000489085 0.000453425
0.000896835 0.000831489 0.000770826 0.000714539 0.000662346 0.000613962 0.000569124 0.000527577 0.000489085 0.000453425
0.000896835 0.000831489 0.000770826 0.000714539 0.000662346 0.000613962 0.000569124 0.000527577 0.000489085 0.000453425
0.000896835 0.000831489 0.000770826 0.000714539 0.000662346 0.000613962 0.000569124 0.000527577 0.000489085 0.000453425
0.000896835 0.000831489 0.000770826 0.000714539 0.000662346 0.000613962 0.000569124 0.000527577 0.000489085 0.000453425
0.000896835 0.000831489 0.000770826 0.000714539 0.000662346 0.000613962 0.000569124 0.000527577 0.000489085 0.000453425
0.000896835 0.000831489 0.000770826 0.000714539 0.000662346 0.000613962 0.000569124 0.000527577 0.000489085 0.000453425
0.000896835 0.000831489 0.000770826 0.000714539 0.000662346 0.000613962 0.000569124 0.000527577 0.000489085 0.000453425
0.000896835 0.000831489 0.000770826 0.000714539 0.000662346 0.000613962 0.000569124 0.000527577 0.000489085 0.000453425
0.000896835 0.000831489 0.000770826 0.000714539 0.000662346 0.000613962 0.000569124 0.000527577 0.000489085 0.000453425
0.000896835 0.000831489 0.000770826 0.000714539 0.000662346 0.000613962 0.000569124 0.000527577 0.000489085 0.000453425
0.000896835 0.000831489 0.000770826 0.000714539 0.000662346 0.000613962 0.000569124 0.000527577 0.000489085 0.000453425
0.000896835 0.000831489 0.000770826 0.000714539 0.000662346 0.000613962 0.000569124 0.000527577 0.000489085 0.000453425
0.000896835 0.000831489 0.000770826 0.000714539 0.000662346 0.000613962 0.000569124 0.000527577 0.000489085 0.000453425
0.000896835 0.000831489 0.000770826 0.000714539 0.000662346 0.000613962 0.000569124 0.000527577 0.000489085 0.000453425
0.000896835 0.000831489 0.000770826 0.000714539 0.000662346 0.000613962 0.000569124 0.000527577 0.000489085 0.000453425
0.000896835 0.000831489 0.000770826 0.000714539 0.000662346 0.000613962 0.000569124 0.000527577 0.000489085 0.000453425
0.000896835 0.000831489 0.000770826 0.000714539 0.000662346 0.000613962 0.000569124 0.000527577 0.000489085 0.000453425
0.000896835 0.000831489 0.000770826 0.000714539 0.000662346 0.000613962 0.000569124 0.000527577 0.000489085 0.000453425
0.000896835 0.000831489 0.000770826 0.000714539 0.000662346 0.000613962 0.000569124 0.000527577 0.000489085 0.000453425
0.000896835 0.000831489 0.000770826 0.000714539 0.000662346 0.000613962 0.000569124 0.000527577 0.000489085 0.000453425
0.000896835 0.000831489 0.000770826 0.000714539 0.000662346 0.000613962 0.000569124 0.000527577 0.000489085 0.000453425
0.000896835 0.000831489 0.000770826 0.000714539 0.000662346 0.000613962 0.000569124 0.000527577 0.000489085 0.000453425
0.000896835 0.000831489 0.000770826 0.000714539 0.000662346 0.000613962 0.000569124 0.000527577 0.000489085 0.000453425
0.000896835 0.000831489 0.000770826 0.000714539 0.000662346 0.000613962 0.000569124 0.000527577 0.000489085 0.000453425
0.000896835 0.000831489 0.000770826 0.000714539 0.000662346 0.000613962 0.000569124 0.000527577 0.000489085 0.000453425
0.000896835 0.000831489 0.000770826 0.000714539 0.000662346 0.000613962 0.000569124 0.000527577 0.000489085 0.000453425
0.000896835 0.000831489 0.000770826 0.000714539 0.000662346 0.000613962 0.000569124 0.000527577 0.000489085 0.000453425
0.000896835 0.000831489 0.000770826 0.000714539 0.000662346 0.000613962 0.000569124 0.000527577 0.000489085 0.000453425
0.000896835 0.000831489 0.000770826 0.000714539 0.000662346 0.000613962 0.000569124 0.000527577 0.000489085 0.000453425
0.000896835 0.000831489 0.000770826 0.000714539 0.000662346 0.000613962 0.000569124 0.000527577 0.000489085 0.000453425
0.000896835 0.000831489 0.000770826 0.000714539 0.000662346 0.000613962 0.000569124 0.000527577 0.000489085 0.000453425
0.000896835 0.000831489 0.000770826 0.000714539 0.000662346 0.000613962 0.000569124 0.000527577 0.000489085 0.000453425
0.000896835 0.000831489 0.000770826 0.000714539 0.000662346 0.000613962 0.000569124 0.000527577 0.000489085 0.000453425
0.000896835 0.000831489 0.000770826 0.000714539 0.000662346 0.000613962 0.000569124 0.000527577 0.000489085 0.000453425
0.000896835 0.000831489 0.000770826 0.000714539 0.000662346 0.000613962 0.000569124 0.000527577 0.000489085 0.000453425
0.000896835 0.000831489 0.000770826 0.000714539 0.000662346 0.000613962 0.000569124 0.000527577 0.000489085 0.000453425
0.000896835 0.000831489 0.000770826 0.000714539 0.000662346 0.000613962 0.000569124 0.000527577 0.000489085 0.000453425
0.000896835 0.000831489 0.000770826 0.000714539 0.000662346 0.000613962 0.000569124 0.000527577 0.000489085 0.000453425
0.000896835 0.000831489 0.000770826 0.000714539 0.000662346 0.000613962 0.000569124 0.000527577 0.000489085 0.000453425
0.000896835 0.000831489 0.000770826 0.000714539 0.000662346 0.000613962 0.000569124 0.000527577 0.000489085 0.000453425
0.000896835 0.000831489 0.000770826 0.000714539 0.000662346 0.000613962 0.000569124 0.000527577 0.000489085 0.000453425
