 8.65287e-09  7.10102e-09  5.25981e-09   3.1892e-09  9.95765e-10 -1.14967e-09 -3.00229e-09 -4.23842e-09  -4.4621e-09 -3.21603e-09
-9.00152e-08  -8.5607e-08 -8.10833e-08 -7.61823e-08 -7.05828e-08 -6.39105e-08 -5.57553e-08  -4.5689e-08 -3.32899e-08 -1.81688e-08
-1.16572e-07 -1.10453e-07 -1.04079e-07 -9.71452e-08 -8.92907e-08 -8.01127e-08 -6.91858e-08 -5.60829e-08 -4.04021e-08 -2.17952e-08
-1.76768e-07 -1.66675e-07 -1.55986e-07 -1.44309e-07 -1.31216e-07 -1.16259e-07 -9.89994e-08 -7.90312e-08 -5.60148e-08 -2.97076e-08
-2.54092e-07 -2.38754e-07 -2.22343e-07 -2.04383e-07 -1.84382e-07 -1.61867e-07 -1.36408e-07 -1.07653e-07 -7.53627e-08 -3.94463e-08
-3.32759e-07 -3.11868e-07 -2.89365e-07 -2.64725e-07 -2.37441e-07 -2.07051e-07 -1.73175e-07 -1.35547e-07 -9.40526e-08 -4.87678e-08
 -4.2151e-07 -3.94276e-07 -3.64804e-07  -3.3253e-07 -2.96942e-07 -2.57608e-07 -2.14215e-07 -1.66601e-07 -1.14802e-07 -5.90852e-08
-5.20183e-07 -4.85832e-07 -4.48531e-07 -4.07691e-07 -3.62802e-07 -3.13476e-07 -2.59483e-07 -2.00788e-07 -1.37596e-07 -7.03944e-08
-6.28769e-07 -5.86533e-07 -5.40554e-07  -4.9022e-07  -4.3504e-07 -3.74679e-07 -3.09008e-07 -2.38135e-07 -1.62459e-07 -8.27091e-08
-7.47353e-07 -6.96463e-07 -6.40955e-07   -5.802e-07 -5.13734e-07 -4.41292e-07 -3.62856e-07 -2.78699e-07 -1.89431e-07 -9.60522e-08
 -8.7611e-07 -8.15788e-07  -7.4989e-07 -6.77778e-07 -5.99022e-07 -5.13436e-07 -4.21131e-07 -3.22562e-07 -2.18573e-07 -1.10455e-07
 -1.0153e-06 -9.44757e-07 -8.67592e-07 -7.83167e-07 -6.91094e-07 -5.91279e-07 -4.83976e-07 -3.69836e-07  -2.4996e-07 -1.25957e-07
-1.16528e-06  -1.0837e-06 -9.94364e-07 -8.96645e-07 -7.90199e-07 -6.75037e-07 -5.51568e-07  -4.2066e-07  -2.8369e-07 -1.42609e-07
-1.32649e-06 -1.23302e-06 -1.13059e-06 -1.01855e-06 -8.96643e-07 -7.64973e-07 -6.24125e-07   -4.752e-07 -3.19874e-07 -1.60466e-07
-1.49945e-06 -1.39321e-06 -1.27671e-06  -1.1493e-06 -1.01079e-06 -8.61395e-07   -7.019e-07 -5.33651e-07 -3.58645e-07 -1.79595e-07
-1.68477e-06 -1.56485e-06 -1.43325e-06 -1.28937e-06 -1.13305e-06 -9.64663e-07 -7.85187e-07 -5.96236e-07 -4.00153e-07 -2.00073e-07
-1.88316e-06 -1.74858e-06 -1.60082e-06 -1.43929e-06  -1.2639e-06 -1.07518e-06 -8.74315e-07 -6.63207e-07 -4.44568e-07 -2.21984e-07
-2.09543e-06 -1.94516e-06  -1.7801e-06 -1.59967e-06 -1.40389e-06 -1.19341e-06 -9.69658e-07 -7.34846e-07 -4.92078e-07 -2.45423e-07
-2.32245e-06  -2.1554e-06 -1.97184e-06 -1.77121e-06  -1.5536e-06 -1.31985e-06 -1.07163e-06 -8.11467e-07 -5.42894e-07 -2.70493e-07
-2.56523e-06 -2.38023e-06 -2.17689e-06 -1.95464e-06  -1.7137e-06 -1.45508e-06 -1.18068e-06 -8.93415e-07 -5.97247e-07  -2.9731e-07
-2.82484e-06 -2.62066e-06 -2.39616e-06 -2.15082e-06 -1.88493e-06  -1.5997e-06 -1.29732e-06 -9.81068e-07 -6.55389e-07 -3.26001e-07
 -3.1025e-06  -2.8778e-06 -2.63068e-06 -2.36063e-06 -2.06807e-06  -1.7544e-06 -1.42209e-06 -1.07484e-06 -7.17597e-07 -3.56701e-07
-3.39952e-06 -3.15287e-06 -2.88156e-06  -2.5851e-06 -2.26401e-06 -1.91991e-06  -1.5556e-06 -1.17519e-06 -7.84174e-07 -3.89562e-07
-3.71732e-06  -3.4472e-06 -3.15001e-06 -2.82529e-06 -2.47369e-06 -2.09704e-06  -1.6985e-06 -1.28261e-06 -8.55447e-07 -4.24746e-07
-4.05745e-06 -3.76222e-06 -3.43735e-06 -3.08239e-06 -2.69814e-06 -2.28667e-06 -1.85148e-06 -1.39762e-06 -9.31771e-07 -4.62428e-07
-4.42162e-06  -4.0995e-06   -3.745e-06 -3.35769e-06 -2.93849e-06 -2.48974e-06 -2.01533e-06 -1.52081e-06 -1.01353e-06 -5.02799e-07
-4.81162e-06 -4.46073e-06  -4.0745e-06 -3.65255e-06 -3.19594e-06 -2.70727e-06 -2.19085e-06 -1.65279e-06 -1.10113e-06 -5.46054e-07
 -5.2294e-06 -4.84768e-06 -4.42747e-06 -3.96842e-06 -3.47174e-06 -2.94033e-06 -2.37892e-06 -1.79419e-06 -1.19498e-06 -5.92394e-07
-5.67699e-06 -5.26225e-06 -4.80565e-06 -4.30685e-06 -3.76724e-06 -3.19003e-06  -2.5804e-06 -1.94568e-06 -1.29551e-06 -6.42017e-07
-6.15649e-06 -5.70638e-06 -5.21078e-06  -4.6694e-06 -4.08379e-06 -3.45749e-06 -2.79619e-06  -2.1079e-06 -1.40314e-06 -6.95123e-07
-6.67007e-06 -6.18205e-06 -5.64467e-06 -5.05767e-06 -4.42277e-06 -3.74387e-06  -3.0272e-06  -2.2815e-06 -1.51827e-06 -7.51909e-07
 -7.2199e-06 -6.69127e-06 -6.10913e-06 -5.47324e-06 -4.78553e-06 -4.05027e-06 -3.27429e-06 -2.46713e-06 -1.64133e-06 -8.12576e-07
-7.80812e-06 -7.23602e-06 -6.60595e-06  -5.9177e-06 -5.17342e-06 -4.37781e-06 -3.53834e-06 -2.66542e-06 -1.77272e-06 -8.77321e-07
-8.43682e-06  -7.8182e-06 -7.13683e-06 -6.39255e-06 -5.58774e-06 -4.72756e-06  -3.8202e-06 -2.87701e-06 -1.91287e-06 -9.46348e-07
-9.10708e-06  -8.4388e-06 -7.70266e-06 -6.89854e-06 -6.02911e-06 -5.10006e-06 -4.12028e-06  -3.1022e-06 -2.06197e-06 -1.01976e-06
-9.80852e-06 -9.08805e-06 -8.29431e-06 -7.42729e-06 -6.48998e-06 -5.48865e-06 -4.43305e-06 -3.33667e-06 -2.21705e-06 -1.09602e-06
-1.05522e-05 -9.77633e-06 -8.92149e-06 -7.98775e-06 -6.97848e-06 -5.90052e-06 -4.76453e-06 -3.58516e-06 -2.38141e-06 -1.17686e-06
  -1.134e-05 -1.05055e-05 -9.58593e-06 -8.58151e-06 -7.49598e-06 -6.33686e-06 -5.11573e-06 -3.84846e-06 -2.55559e-06 -1.26255e-06
-1.21745e-05 -1.12779e-05 -1.02898e-05  -9.2105e-06 -8.04423e-06 -6.79917e-06 -5.48788e-06 -4.12753e-06 -2.74025e-06 -1.35343e-06
-1.30588e-05 -1.20963e-05 -1.10356e-05 -9.87706e-06 -8.62529e-06 -7.28923e-06 -5.88245e-06  -4.4235e-06 -2.93618e-06  -1.4499e-06
-1.39962e-05 -1.29641e-05 -1.18264e-05 -1.05839e-05 -9.24158e-06 -7.80911e-06 -6.30118e-06 -4.73771e-06 -3.14429e-06 -1.55243e-06
-1.49909e-05 -1.38849e-05 -1.26657e-05 -1.13342e-05 -9.89591e-06 -8.36126e-06 -6.74605e-06  -5.0717e-06 -3.36561e-06 -1.66154e-06
-1.60476e-05 -1.48632e-05 -1.35575e-05 -1.21317e-05 -1.05916e-05 -8.94846e-06 -7.21937e-06 -5.42721e-06 -3.60133e-06 -1.77783e-06
-1.71718e-05 -1.59041e-05 -1.45066e-05 -1.29805e-05 -1.13322e-05  -9.5739e-06 -7.72371e-06 -5.80622e-06 -3.85277e-06 -1.90195e-06
-1.83705e-05 -1.70142e-05  -1.5519e-05 -1.38862e-05 -1.21227e-05 -1.02417e-05 -8.26242e-06 -6.21124e-06 -4.12161e-06 -2.03473e-06
-1.96633e-05 -1.82116e-05 -1.66113e-05 -1.48638e-05 -1.29766e-05 -1.09634e-05 -8.84511e-06 -6.64967e-06 -4.41288e-06 -2.17873e-06
-2.10486e-05 -1.94949e-05 -1.77822e-05  -1.5912e-05 -1.38921e-05 -1.17375e-05 -9.47017e-06 -7.12011e-06 -4.72549e-06 -2.33333e-06
-2.25351e-05 -2.08721e-05 -1.90388e-05  -1.7037e-05  -1.4875e-05 -1.25686e-05 -1.01414e-05 -7.62541e-06 -5.06135e-06 -2.49946e-06
-2.41318e-05 -2.23513e-05 -2.03887e-05 -1.82456e-05  -1.5931e-05 -1.34617e-05 -1.08628e-05 -8.16858e-06 -5.42244e-06 -2.67811e-06
-2.58481e-05 -2.39415e-05 -2.18399e-05  -1.9545e-05 -1.70665e-05 -1.44221e-05 -1.16387e-05 -8.75282e-06 -5.81089e-06 -2.87031e-06
-2.76942e-05 -2.56519e-05 -2.34009e-05 -2.09429e-05  -1.8288e-05 -1.54554e-05 -1.24736e-05 -9.38151e-06 -6.22893e-06 -3.07719e-06
-2.96807e-05 -2.74925e-05 -2.50808e-05 -2.24473e-05 -1.96028e-05 -1.65675e-05 -1.33722e-05 -1.00583e-05 -6.67899e-06 -3.29993e-06
-3.18191e-05 -2.94739e-05 -2.68892e-05 -2.40669e-05 -2.10182e-05 -1.77649e-05 -1.43397e-05  -1.0787e-05 -7.16361e-06 -3.53979e-06
-3.41217e-05 -3.16074e-05 -2.88365e-05 -2.58108e-05 -2.25424e-05 -1.90544e-05 -1.53817e-05 -1.15718e-05 -7.68556e-06 -3.79813e-06
-3.66014e-05 -3.39051e-05 -3.09337e-05 -2.76891e-05  -2.4184e-05 -2.04432e-05  -1.6504e-05 -1.24171e-05 -8.24776e-06 -4.07641e-06
-3.92722e-05 -3.63799e-05 -3.31926e-05 -2.97121e-05 -2.59522e-05 -2.19391e-05 -1.77128e-05 -1.33277e-05 -8.85337e-06 -4.37618e-06
-4.21491e-05 -3.90457e-05 -3.56258e-05 -3.18913e-05 -2.78569e-05 -2.35506e-05 -1.90151e-05 -1.43086e-05 -9.50576e-06 -4.69911e-06
-4.52482e-05 -4.19174e-05 -3.82469e-05 -3.42388e-05 -2.99087e-05 -2.52865e-05 -2.04179e-05 -1.53652e-05 -1.02086e-05 -5.04699e-06
-4.85867e-05 -4.50108e-05 -4.10705e-05 -3.67677e-05  -3.2119e-05 -2.71565e-05 -2.19291e-05 -1.65035e-05 -1.09656e-05 -5.42175e-06
-5.21831e-05 -4.83432e-05 -4.41122e-05 -3.94919e-05    -3.45e-05  -2.9171e-05  -2.3557e-05 -1.77298e-05 -1.17812e-05 -5.82546e-06
-5.60571e-05  -5.1933e-05 -4.73888e-05 -4.24265e-05 -3.70649e-05  -3.1341e-05 -2.53106e-05 -1.90507e-05 -1.26598e-05 -6.26034e-06
-6.02302e-05 -5.57998e-05 -5.09182e-05 -4.55875e-05 -3.98278e-05 -3.36785e-05 -2.71996e-05 -2.04735e-05 -1.36061e-05 -6.72878e-06
-6.47252e-05 -5.99649e-05   -5.472e-05 -4.89924e-05 -4.28038e-05 -3.61963e-05 -2.92343e-05 -2.20061e-05 -1.46255e-05 -7.23335e-06
-6.95667e-05 -6.44512e-05 -5.88148e-05 -5.26599e-05 -4.60092e-05 -3.89082e-05 -3.14258e-05 -2.36568e-05 -1.57234e-05 -7.77681e-06
-7.47814e-05 -6.92831e-05 -6.32252e-05 -5.66099e-05 -4.94616e-05  -4.1829e-05 -3.37862e-05 -2.54347e-05 -1.69058e-05 -8.36212e-06
-8.03977e-05 -7.44872e-05 -6.79752e-05  -6.0864e-05 -5.31799e-05 -4.49748e-05 -3.63283e-05 -2.73495e-05 -1.81794e-05 -8.99251e-06
-8.64461e-05 -8.00917e-05 -7.30907e-05 -6.54455e-05 -5.71842e-05 -4.83626e-05  -3.9066e-05 -2.94116e-05 -1.95509e-05  -9.6714e-06
-9.29598e-05 -8.61273e-05 -7.85997e-05 -7.03795e-05 -6.14966e-05 -5.20109e-05 -4.20142e-05 -3.16324e-05 -2.10279e-05 -1.04025e-05
-9.99743e-05 -9.26269e-05 -8.45323e-05 -7.56927e-05 -6.61405e-05 -5.59398e-05 -4.51892e-05 -3.40239e-05 -2.26186e-05 -1.11899e-05
-0.000107528 -9.96263e-05 -9.09209e-05 -8.14145e-05 -7.11415e-05 -6.01708e-05 -4.86084e-05 -3.65994e-05 -2.43316e-05 -1.20379e-05
-0.000115662 -0.000107164 -9.78007e-05 -8.75762e-05  -7.6527e-05 -6.47273e-05 -5.22906e-05 -3.93732e-05 -2.61766e-05 -1.29513e-05
-0.000124422 -0.000115281  -0.00010521 -9.42118e-05 -8.23268e-05 -6.96343e-05 -5.62563e-05 -4.23605e-05 -2.81637e-05  -1.3935e-05
-0.000133856 -0.000124022 -0.000113189 -0.000101358 -8.85731e-05 -7.49192e-05 -6.05274e-05  -4.5578e-05  -3.0304e-05 -1.49947e-05
-0.000144016 -0.000133437 -0.000121782 -0.000109055 -9.53005e-05 -8.06113e-05 -6.51277e-05 -4.90437e-05 -3.26094e-05 -1.61361e-05
 -0.00015496 -0.000143577 -0.000131038 -0.000117345 -0.000102547  -8.6743e-05 -7.00835e-05 -5.27772e-05 -3.50931e-05 -1.73659e-05
-0.000166762 -0.000154514 -0.000141021 -0.000126287 -0.000110364  -9.3357e-05 -7.54295e-05 -5.68049e-05 -3.77727e-05 -1.86927e-05
-0.000179479 -0.000166298 -0.000151778 -0.000135922 -0.000118786 -0.000100484 -8.11898e-05 -6.11449e-05 -4.06601e-05 -2.01224e-05
-0.000193181 -0.000178996 -0.000163369 -0.000146304 -0.000127861 -0.000108163 -8.73967e-05 -6.58213e-05 -4.37712e-05 -2.16629e-05
-0.000207946 -0.000192678 -0.000175858 -0.000157491  -0.00013764 -0.000116437 -9.40846e-05   -7.086e-05 -4.71234e-05 -2.33228e-05
-0.000223855 -0.000207419 -0.000189314 -0.000169543 -0.000148176 -0.000125352  -0.00010129 -7.62888e-05  -5.0735e-05  -2.5111e-05
-0.000240994 -0.000223302 -0.000203812 -0.000182529 -0.000159527 -0.000134957 -0.000109053 -8.21373e-05 -5.46258e-05 -2.70374e-05
-0.000259459 -0.000240412 -0.000219431 -0.000196519 -0.000171756 -0.000145304 -0.000117416 -8.84376e-05  -5.8817e-05 -2.91125e-05
 -0.00027935 -0.000258844 -0.000236256 -0.000211588 -0.000184928  -0.00015645 -0.000126424 -9.52239e-05 -6.33314e-05 -3.13476e-05
-0.000300775 -0.000278697 -0.000254378 -0.000227819 -0.000199116 -0.000168454 -0.000136126 -0.000102533 -6.81933e-05 -3.37546e-05
 -0.00032385 -0.000300079 -0.000273894   -0.0002453 -0.000214395 -0.000181382 -0.000146574 -0.000110404 -7.34289e-05 -3.63466e-05
-0.000348684 -0.000323091 -0.000294899 -0.000264112 -0.000230838 -0.000195295 -0.000157818 -0.000118873 -7.90627e-05 -3.91357e-05
-0.000375423 -0.000347867 -0.000317514 -0.000284368 -0.000248542 -0.000210274 -0.000169923 -0.000127992 -8.51286e-05 -4.21388e-05
-0.000404211 -0.000374543 -0.000341863 -0.000306175 -0.000267604 -0.000226401 -0.000182957 -0.000137811 -9.16602e-05 -4.53728e-05
-0.000435205 -0.000403263 -0.000368078 -0.000329654 -0.000288126 -0.000243765 -0.000196991 -0.000148383 -9.86936e-05 -4.88552e-05
 -0.00046857  -0.00043418 -0.000396298 -0.000354929 -0.000310218 -0.000262457 -0.000212098 -0.000159764 -0.000106263 -5.26016e-05
-0.000502022 -0.000465037 -0.000424292 -0.000379794 -0.000331697 -0.000280316 -0.000226138 -0.000169832 -0.000112269 -5.45345e-05
-0.000530883 -0.000491293 -0.000447656 -0.000399978 -0.000348425 -0.000293335 -0.000235232 -0.000174838 -0.000113093 -5.32209e-05
-0.000549279 -0.000507351 -0.000461065 -0.000410427 -0.000355617 -0.000296998 -0.000235133 -0.000170804 -0.000107079 -4.85775e-05
-0.000550236 -0.000506652 -0.000458374 -0.000405411 -0.000347953 -0.000286393 -0.000221342 -0.000155696 -9.39062e-05 -4.05042e-05
-0.000525763 -0.000481767 -0.000432716 -0.000378617 -0.000319677 -0.000256324 -0.000191269 -0.000128782 -7.32104e-05 -2.88833e-05
 -0.00046939 -0.000426895 -0.000378954 -0.000325576 -0.000266989 -0.000205709 -0.000145805 -9.14299e-05 -4.67155e-05  -1.5666e-05
-0.000376231  -0.00033786 -0.000293623 -0.000243535 -0.000189897 -0.000136568 -8.74867e-05 -4.65739e-05 -1.76222e-05 -2.13987e-06
-0.000242144 -0.000211232 -0.000174004 -0.000132534  -9.0449e-05 -5.14596e-05 -1.92578e-05  2.59129e-06  1.28062e-05  1.17402e-05
-6.43561e-05 -4.49142e-05 -2.07233e-05   4.8399e-06   2.8313e-05  4.62526e-05  5.53402e-05  5.45381e-05  4.44428e-05   2.5902e-05
0.000160369 0.000161529 0.000164613 0.000166428 0.000163803 0.000153687 0.000135308 0.000109525 7.74484e-05 4.04191e-05
 0.00038779 0.000368311 0.000347962 0.000323762 0.000292857 0.000254665 0.000210247 0.000160914 0.000108212 5.39119e-05
0.000573004 0.000535646 0.000494599 0.000447084 0.000392595 0.000332271 0.000267504 0.000199926 0.000131396 6.39922e-05
0.000707425 0.000655822 0.000597675 0.000532433 0.000461194 0.000385311 0.000306381  0.00022623 0.000146908 7.06748e-05
0.000782693 0.000721465 0.000652817 0.000577685  0.00049726 0.000412978 0.000326512 0.000239759 0.000154836 7.40705e-05
0.000788946 0.000725952 0.000655902 0.000579701 0.000498501 0.000413693 0.000326897 0.000239958 0.000154941 7.41241e-05
0.000762507 0.000701821  0.00063436 0.000560965 0.000482714 0.000400917 0.000317106 0.000233035 0.000150671 7.21956e-05
0.000740371  0.00068165 0.000616398 0.000545395 0.000469652 0.000390405 0.000309107 0.000227428 0.000147253 7.06756e-05
0.000722375 0.000665291 0.000601882 0.000532875 0.000459216 0.000382074 0.000302834 0.000223092 0.000144658 6.95501e-05
0.000708414 0.000652646 0.000590727 0.000523329 0.000451342 0.000375876 0.000298251 0.000220001 0.000142869 6.88122e-05
0.000698401  0.00064364 0.000582865 0.000516699 0.000445983 0.000371771 0.000295329 0.000218134 0.000141875 6.84573e-05
0.000692276 0.000638216 0.000578246 0.000512944 0.000443106 0.000369735 0.000294049  0.00021748  0.00014167 6.84827e-05
0.000689998 0.000636339  0.00057684 0.000512039 0.000442689 0.000369751 0.000294402 0.000218033 0.000142251 6.88882e-05
0.000691548 0.000637991 0.000578633 0.000513974 0.000444727 0.000371818 0.000296387 0.000219795 0.000143621 6.96754e-05
0.000696929 0.000643178 0.000583632 0.000518756 0.000449229 0.000375944 0.000300014 0.000222773 0.000145786 7.08482e-05
0.000706168 0.000651925 0.000591861 0.000526408 0.000456216 0.000382149 0.000305299 0.000226984 0.000148756 7.24127e-05
0.000719324 0.000664288 0.000603373 0.000536981 0.000465734 0.000390476 0.000312279 0.000232455 0.000152553 7.43793e-05
0.000736456 0.000680322  0.00061822 0.000550522 0.000477826 0.000400959 0.000320985 0.000239209 0.000157192 7.67567e-05
0.000757653 0.000700113 0.000636479 0.000567101 0.000492555 0.000413656 0.000331461 0.000247284 0.000162699 7.95575e-05
0.000783029 0.000723763 0.000658248 0.000586806 0.000509999 0.000428632 0.000343765 0.000256721 0.000169102 8.27966e-05
0.000812717 0.000751401 0.000683642 0.000609744 0.000530252 0.000445969 0.000357961 0.000267572 0.000176436 8.64915e-05
0.000846877 0.000783172 0.000712798 0.000636036 0.000553422 0.000465759 0.000374126 0.000279894  0.00018474 9.06619e-05
0.000885692 0.000819248 0.000745871 0.000665823 0.000579633 0.000488108 0.000392347 0.000293754 0.000194059 9.53306e-05
0.000929371 0.000859822 0.000783039 0.000699266 0.000609027 0.000513138 0.000412722 0.000309227 0.000204444 0.000100523
0.000978148 0.000905114 0.000824504 0.000736546 0.000641762 0.000540982 0.000435362 0.000326398 0.000215952 0.000106268
 0.00103228 0.000955364 0.000870484 0.000777859 0.000678012  0.00057179 0.000460385 0.000345355  0.00022864 0.000112592
 0.00108946  0.00100828 0.000918708 0.000820953  0.00071554 0.000603338 0.000485585 0.000363903 0.000240325 0.000117324
 0.00114488   0.0010592 0.000964652 0.000861435 0.000750082  0.00063149 0.000506946 0.000378148 0.000247236 0.000118979
 0.00119251  0.00110236  0.00100283 0.000894093 0.000776698 0.000651575 0.000520066 0.000383959 0.000247673 0.000117483
 0.00122515    0.001131   0.0010269 0.000913016 0.000789898 0.000658518 0.000520289 0.000379259 0.000241331 0.000112749
 0.00123457  0.00113747   0.0010298 0.000911696 0.000783742 0.000646952  0.00050498 0.000363335 0.000227866  0.00010467
 0.00121157   0.0011133  0.00100377 0.000883123 0.000751949 0.000613488 0.000472828   0.0003354 0.000206884 9.31155e-05
 0.00114613  0.00104936 0.000940583 0.000819936 0.000690211 0.000556049 0.000422435 0.000294604  0.00017795 7.79347e-05
 0.00102777 0.000936206 0.000831822 0.000716926 0.000595685 0.000472607 0.000352453 0.000240142 0.000140667 5.89979e-05
 0.00084635 0.000764837 0.000671787 0.000570853 0.000466034 0.000361582  0.00026191 0.000171506 9.48422e-05 3.62834e-05
0.000590526 0.000527428 0.000455343 0.000377724 0.000298274 0.000220865 0.000149442 8.79401e-05 4.01916e-05 9.83779e-06
 0.000302064  0.000261677  0.000214783  0.000164607  0.000114537  6.80367e-05  2.85565e-05 -5.57653e-07 -1.61539e-05  4.66517e-16
 2.31918e-05  5.17059e-06 -1.68934e-05 -3.99859e-05 -6.10187e-05 -7.69187e-05 -8.47182e-05 -8.16461e-05 -2.22251e-15  6.41848e-26
-0.000240857 -0.000237101 -0.000234925  -0.00023151 -0.000224053 -0.000209858 -0.000186428 -5.68539e-15 -1.54764e-25  4.46949e-36
 -0.00048373  -0.00045918 -0.000433734 -0.000404753 -0.000369709 -0.000326271 -4.85084e-15 -1.47932e-25  -4.0269e-36  1.16295e-46
-0.000741788 -0.000695965 -0.000646742 -0.000591652 -0.000528426 -1.28597e-15 -1.91188e-26 -5.83018e-37 -1.58715e-47  4.58364e-58
 -0.00093965 -0.000875524 -0.000805456 -0.000727134  -1.0842e-19 -1.97215e-31 -2.86986e-42 -8.35239e-53            0  7.07475e-74
 -0.00109634  -0.00101655 -0.000928222  -1.0842e-19 -1.20371e-35 -2.18953e-47 -3.18618e-58 -9.27302e-69            0  7.85455e-90
  -0.0012026  -0.00111073  -1.0842e-19 -1.20371e-35 -1.33638e-51 -2.43087e-63 -3.53737e-74 -1.02951e-84            0  8.7203e-106
  -0.00124947   -2.1684e-19  -1.20371e-35  -1.33638e-51  -1.48368e-67   -2.6988e-79  -3.92727e-90 -1.14299e-100             0  9.68148e-122
  -2.1684e-19  -2.40741e-35  -1.33638e-51  -1.48368e-67  -1.64722e-83  -2.99627e-95 -4.36015e-106 -1.26897e-116             0  1.07486e-137
 -2.40741e-35  -2.67276e-51  -1.48368e-67  -1.64722e-83  -1.82878e-99 -3.32653e-111 -4.84074e-122 -1.40884e-132             0  1.19333e-153
 -2.67276e-51  -2.96736e-67  -1.64722e-83  -1.82878e-99 -2.03035e-115 -3.69319e-127  -5.3743e-138 -1.56413e-148             0  1.32487e-169
 -2.96736e-67  -3.29444e-83  -1.82878e-99 -2.03035e-115 -2.25415e-131 -4.10027e-143 -5.96667e-154 -1.73653e-164             0   1.4709e-185
 -3.29444e-83  -3.65756e-99 -2.03035e-115 -2.25415e-131  -2.5026e-147 -4.55221e-159 -6.62434e-170 -1.92794e-180             0  1.63303e-201
 -3.65756e-99 -4.06071e-115 -2.25415e-131  -2.5026e-147 -2.77845e-163 -5.05397e-175 -7.35449e-186 -2.14044e-196             0  1.81302e-217
-4.06071e-115 -4.50829e-131  -2.5026e-147 -2.77845e-163  -3.0847e-179 -5.61103e-191 -8.16513e-202 -2.37636e-212             0  2.01286e-233
-4.50829e-131 -5.00521e-147 -2.77845e-163  -3.0847e-179  -3.4247e-195  -6.2295e-207 -9.06511e-218 -2.63829e-228             0  2.23472e-249
-5.00521e-147  -5.5569e-163  -3.0847e-179  -3.4247e-195 -3.80218e-211 -6.91613e-223 -1.00643e-233  -2.9291e-244             0  2.48104e-265
 -5.5569e-163 -6.16939e-179  -3.4247e-195 -3.80218e-211 -4.22127e-227 -7.67845e-239 -1.11736e-249 -3.25195e-260             0  2.75451e-281
-6.16939e-179  -6.8494e-195 -3.80218e-211 -4.22127e-227 -4.68655e-243 -8.52479e-255 -1.24052e-265 -3.61039e-276             0  3.05812e-297
 -6.8494e-195 -7.60437e-211 -4.22127e-227 -4.68655e-243 -5.20312e-259 -9.46442e-271 -1.37725e-281 -4.00834e-292             0  3.39519e-313
-7.60437e-211 -8.44254e-227 -4.68655e-243 -5.20312e-259 -5.77662e-275 -1.05076e-286 -1.52906e-297 -4.45015e-308             0             0
-8.44254e-227 -9.37311e-243 -5.20312e-259 -5.77662e-275 -6.41334e-291 -1.16658e-302  -1.6976e-313 -4.94066e-324             0             0
-9.37311e-243 -1.04062e-258 -5.77662e-275 -6.41334e-291 -7.12024e-307 -1.29516e-318             0             0             0             0
-1.04062e-258 -1.15532e-274 -6.41334e-291 -7.12024e-307 -7.90505e-323             0             0             0             0             0
-1.15532e-274 -1.28267e-290 -7.12024e-307 -7.90505e-323             0             0             0             0             0             0
-1.28267e-290 -1.42405e-306 -7.90505e-323             0             0             0             0             0             0             0
-1.42405e-306 -1.58101e-322             0             0             0             0             0             0             0             0
-1.58101e-322             0             0             0             0             0             0             0             0             0
0 0 0 0 0 0 0 0 0 0
           0            0            0            0            0            0            0            0            0 -0.000135033
           0            0            0            0            0            0            0            0 -0.000283656 -0.000136384
           0            0            0            0            0            0            0 -0.000439281 -0.000283238 -0.000134328
           0            0            0            0            0            0 -0.000593846 -0.000432847 -0.000275481 -0.000128766
           0            0            0            0            0 -0.000737099 -0.000575467 -0.000414249 -0.000260005  -0.00011958
           0            0            0            0 -0.000855867 -0.000698586 -0.000538811 -0.000382619 -0.000236374 -0.000106623
           0            0            0 -0.000933364 -0.000786223 -0.000634026 -0.000482341 -0.000337023  -0.00020411 -8.97301e-05
           0            0 -0.000948744 -0.000818447 -0.000680922 -0.000541194 -0.000404577 -0.000276574 -0.000162774  -6.8758e-05
           0  -0.00087717   -0.0007714  -0.00065666 -0.000537398 -0.000418353 -0.000304451 -0.000200714 -0.000112154 -4.36812e-05
-0.000690534 -0.000618095 -0.000535443  -0.00044641 -0.000355117 -0.000265878 -0.000183104 -0.000111202 -5.44787e-05 -1.70435e-05
-0.000379587 -0.000331976 -0.000276885 -0.000217895 -0.000158775 -0.000103391 -5.56021e-05 -1.91675e-05  2.35733e-06  8.42352e-06
 -8.3953e-05 -6.05275e-05 -3.23381e-05 -2.72989e-06  2.48596e-05   4.6998e-05  6.03574e-05  6.18148e-05   5.1257e-05  3.00908e-05
 0.00018997 0.000190215 0.000192512 0.000193733 0.000190757 0.000180568  0.00016036 0.000130335 9.22204e-05 4.80239e-05
 0.00043466 0.000413258 0.000391183 0.000365509 0.000333418 0.000292299 0.000242557 0.000186118 0.000125199  6.2264e-05
0.000778579 0.000731087 0.000680173 0.000623097 0.000557332 0.000480664 0.000393646 0.000298863 0.000199326 9.84441e-05
0.000996268 0.000928651 0.000854817 0.000772204 0.000678564 0.000574416 0.000462317 0.000345251 0.000226606 0.000110148
 0.00116879  0.00108395 0.000990039 0.000884664 0.000768188 0.000643022 0.000512006 0.000378388 0.000245797 0.000118222
 0.00128605  0.00118791  0.00107777 0.000955738 0.000823946 0.000684974 0.000541807 0.000397816 0.000256738 0.000122659
 0.00133826  0.00123189  0.00111283 0.000982841 0.000844113 0.000699241 0.000551215 0.000403393 0.000259492 0.000123566
 0.00131393   0.0012081  0.00109031 0.000962232 0.000825939 0.000683912 0.000539004 0.000394428 0.000253748 0.000120864
 0.00125417  0.00115341  0.00104129 0.000919357 0.000789555 0.000654203 0.000515983 0.000377924 0.000243391 0.000116079
 0.00120151  0.00110525 0.000998157 0.000881683 0.000757638 0.000628196 0.000495883 0.000363559 0.000234413 0.000111952
  0.0011556  0.00106329  0.00096063  0.00084896 0.000729975 0.000605716 0.000478567 0.000351235 0.000226749 0.000108454
 0.00111618   0.0010273 0.000928494 0.000821001 0.000706407 0.000586634 0.000463934 0.000340879 0.000220357 0.000105562
 0.00108301 0.000997064  0.00090156 0.000797642 0.000686796 0.000570836 0.000451899 0.000332432 0.000215197 0.000103262
  0.0010559  0.00097241 0.000879671 0.000778745 0.000671027 0.000558232  0.00044239 0.000325843  0.00021124 0.000101538
 0.00103469  0.00095319 0.000862697 0.000764199 0.000659006 0.000548744 0.000435352 0.000321073 0.000208462 0.000100381
 0.00101925 0.000939289 0.000850537 0.000753916 0.000650661 0.000542317  0.00043074 0.000318093 0.000206846 9.97827e-05
  0.0010095  0.00093062 0.000843114 0.000747831 0.000645939 0.000538909 0.000428527 0.000316883 0.000206381 9.97397e-05
 0.00100536 0.000927129 0.000840381 0.000745907 0.000644809 0.000538499 0.000428696 0.000317434 0.000207062 0.000100251
 0.00100682 0.000928803  0.00084233 0.000748138 0.000647272 0.000541087 0.000431253 0.000319754 0.000208897  0.00010132
 0.00101387 0.000935634 0.000848955 0.000754521 0.000653326 0.000546678 0.000436202 0.000323847  0.00021189 0.000102952
 0.00102654  0.00094765 0.000860286 0.000765086 0.000663001 0.000555299 0.000443568 0.000329734 0.000216057 0.000105153
  0.0010449 0.000964913 0.000876378 0.000779886 0.000676345 0.000566991 0.000453388 0.000337444 0.000221418 0.000107935
 0.00106903 0.000987509 0.000897314 0.000798995 0.000693427 0.000581816 0.000465713 0.000347018 0.000228002 0.000111314
 0.00109906  0.00101556 0.000923204 0.000822515 0.000714335 0.000599852 0.000480607 0.000358507 0.000235844 0.000115306
 0.00113516  0.00104921 0.000954184 0.000850569 0.000739181 0.000621194 0.000498149 0.000371971 0.000244985 0.000119934
  0.0011775  0.00108863 0.000990417 0.000883306 0.000768096 0.000645955 0.000518433 0.000387483 0.000255475 0.000125222
 0.00122632  0.00113404   0.0010321 0.000920901 0.000801236 0.000674269 0.000541569 0.000405126  0.00026737 0.000131199
 0.00128188  0.00118568  0.00107944 0.000963551 0.000838773 0.000706284 0.000567677 0.000424991 0.000280731 0.000137893
 0.00134147  0.00124088  0.00112982  0.00100864 0.000878118 0.000739429 0.000594206 0.000444546  0.00029304 0.000142806
 0.00139955  0.00129425  0.00117799   0.0010511 0.000914345  0.00076893 0.000616526 0.000459303 0.000299957 0.000144226
 0.00144914  0.00133913  0.00121762   0.0010849 0.000941756 0.000789401 0.000629565 0.000464505 0.000299522 0.000142067
 0.00148194  0.00136774  0.00124141  0.00110325 0.000954023 0.000794996 0.000627959 0.000457756 0.000291378 0.000136226
 0.00148848  0.00137124   0.0012412  0.00109863 0.000944302  0.00077953  0.00060867 0.000438229 0.000275126 0.000126578
 0.00145814  0.00133988  0.00120807  0.00106297 0.000905359 0.000739098 0.000570181 0.000405014 0.000250308  0.00011297
 0.00137939  0.00126315  0.00113254 0.000987795 0.000832231 0.000671302 0.000510877 0.000357126 0.000216422 9.52278e-05
 0.00124017  0.00113019  0.00100492 0.000867109 0.000721638 0.000573802 0.000429201 0.000293636 0.000173006 7.32008e-05
 0.00102882 0.000930621 0.000818648 0.000697175 0.000570885 0.000444772 0.000324032 0.000213957 0.000119839 4.68626e-05
0.000733144 0.000656304 0.000568651 0.000474218 0.000377346 0.000282583 0.000194578 0.000117982 5.73435e-05 1.70051e-05
 0.000401339  0.000350739  0.000292198  0.000229484  0.000166569  0.000107528  5.64322e-05  1.72493e-05 -6.26217e-06  9.31104e-16
 8.22221e-05  5.73666e-05  2.74234e-05 -4.08603e-06 -3.35401e-05 -5.73198e-05 -7.19132e-05 -7.40202e-05 -2.92985e-15  4.35631e-25
-0.000217994 -0.000217907 -0.000220058 -0.000221155 -0.000217909 -0.000207141 -0.000185885 -1.66244e-15 -6.58019e-26  9.78398e-36
-0.000491839 -0.000468092 -0.000443722 -0.000415649 -0.000380902 -0.000336727 -7.53441e-17 -6.73786e-28 -2.66616e-38  3.96561e-48
 -0.00080563 -0.000756649 -0.000704167 -0.000645304 -0.000577398 -1.24721e-15 -2.79072e-28  -2.4957e-39 -9.87566e-50  1.46885e-59
 -0.00103354 -0.000963476 -0.000886977 -0.000801351  -1.0842e-19 -1.97215e-31 -4.48416e-44  -6.5253e-55 -1.89911e-65  4.42172e-75
 -0.00121391  -0.00112581  -0.00102829  -1.0842e-19 -1.20371e-35 -2.18953e-47 -4.97841e-60 -7.24454e-71 -2.10844e-81  4.90909e-91
 -0.00133612  -0.00123412  -2.1684e-19 -1.20371e-35 -1.33638e-51 -2.43087e-63 -5.52715e-76 -8.04306e-87 -2.34084e-97 5.45019e-107
   -0.0013899   -2.1684e-19  -2.40741e-35  -1.33638e-51  -1.48368e-67   -2.6988e-79  -6.13637e-92 -8.92959e-103 -2.59885e-113  6.05092e-123
  -2.1684e-19  -2.40741e-35  -2.67276e-51  -1.48368e-67  -1.64722e-83  -2.99627e-95 -6.81274e-108 -9.91384e-119 -2.88531e-129  6.71788e-139
 -2.40741e-35  -2.67276e-51  -2.96736e-67  -1.64722e-83  -1.82878e-99 -3.32653e-111 -7.56366e-124 -1.10066e-134 -3.20333e-145  7.45834e-155
 -2.67276e-51  -2.96736e-67  -3.29444e-83  -1.82878e-99 -2.03035e-115 -3.69319e-127 -8.39735e-140 -1.22197e-150 -3.55641e-161  8.28042e-171
 -2.96736e-67  -3.29444e-83  -3.65756e-99 -2.03035e-115 -2.25415e-131 -4.10027e-143 -9.32293e-156 -1.35666e-166 -3.94841e-177  9.19311e-187
 -3.29444e-83  -3.65756e-99 -4.06071e-115 -2.25415e-131  -2.5026e-147 -4.55221e-159 -1.03505e-171  -1.5062e-182 -4.38362e-193  1.02064e-202
 -3.65756e-99 -4.06071e-115 -4.50829e-131  -2.5026e-147 -2.77845e-163 -5.05397e-175 -1.14914e-187 -1.67222e-198 -4.86679e-209  1.13314e-218
-4.06071e-115 -4.50829e-131 -5.00521e-147 -2.77845e-163  -3.0847e-179 -5.61103e-191  -1.2758e-203 -1.85653e-214 -5.40323e-225  1.25804e-234
-4.50829e-131 -5.00521e-147  -5.5569e-163  -3.0847e-179  -3.4247e-195  -6.2295e-207 -1.41642e-219 -2.06117e-230 -5.99879e-241   1.3967e-250
-5.00521e-147  -5.5569e-163 -6.16939e-179  -3.4247e-195 -3.80218e-211 -6.91613e-223 -1.57255e-235 -2.28836e-246 -6.65999e-257  1.55065e-266
 -5.5569e-163 -6.16939e-179  -6.8494e-195 -3.80218e-211 -4.22127e-227 -7.67845e-239 -1.74588e-251 -2.54059e-262 -7.39408e-273  1.72157e-282
-6.16939e-179  -6.8494e-195 -7.60437e-211 -4.22127e-227 -4.68655e-243 -8.52479e-255 -1.93831e-267 -2.82062e-278 -8.20907e-289  1.91132e-298
 -6.8494e-195 -7.60437e-211 -8.44254e-227 -4.68655e-243 -5.20312e-259 -9.46442e-271 -2.15196e-283 -3.13151e-294  -9.1139e-305    2.122e-314
-7.60437e-211 -8.44254e-227 -9.37311e-243 -5.20312e-259 -5.77662e-275 -1.05076e-286 -2.38915e-299 -3.47668e-310 -1.01185e-320             0
-8.44254e-227 -9.37311e-243 -1.04062e-258 -5.77662e-275 -6.41334e-291 -1.16658e-302 -2.65249e-315             0             0             0
-9.37311e-243 -1.04062e-258 -1.15532e-274 -6.41334e-291 -7.12024e-307 -1.29516e-318             0             0             0             0
-1.04062e-258 -1.15532e-274 -1.28267e-290 -7.12024e-307 -7.90505e-323             0             0             0             0             0
-1.15532e-274 -1.28267e-290 -1.42405e-306 -7.90505e-323             0             0             0             0             0             0
-1.28267e-290 -1.42405e-306 -1.58101e-322             0             0             0             0             0             0             0
-1.42405e-306 -1.58101e-322             0             0             0             0             0             0             0             0
-1.58101e-322             0             0             0             0             0             0             0             0             0
0 0 0 0 0 0 0 0 0 0
           0            0            0            0            0            0            0            0            0 -0.000141558
           0            0            0            0            0            0            0            0 -0.000297154  -0.00014285
           0            0            0            0            0            0            0 -0.000459905 -0.000296521  -0.00014063
           0            0            0            0            0            0 -0.000621429 -0.000452968 -0.000288321 -0.000134796
           0            0            0            0            0 -0.000771095 -0.000602074 -0.000433486  -0.00027216 -0.000125224
           0            0            0            0 -0.000895268 -0.000730875 -0.000563864 -0.000400559 -0.000247586 -0.000111762
           0            0            0 -0.000976604 -0.000822843 -0.000663782 -0.000505213 -0.000353225 -0.000214107  -9.4241e-05
           0            0 -0.000993539 -0.000857355   -0.0007136 -0.000567499 -0.000424577 -0.000290558 -0.000171264 -7.25092e-05
           0 -0.000920406  -0.00080975 -0.000689703 -0.000564888 -0.000440229 -0.000320852 -0.000211981 -0.000118838 -4.65406e-05
-0.000724837 -0.000648862 -0.000562201 -0.000468832 -0.000373036   -0.0002793  -0.00019221 -0.000116357 -5.62305e-05  -1.6119e-05
-0.000394413 -0.000344385 -0.000286503 -0.000224482 -0.000162239 -0.000103794 -5.31644e-05 -1.42672e-05  9.18626e-06   1.3798e-05
-7.36507e-05 -4.92195e-05 -1.97449e-05   1.1301e-05  4.03459e-05  6.38193e-05  7.82549e-05   8.0394e-05  6.72944e-05  3.98463e-05
0.000231828 0.000231252 0.000232912 0.000233562 0.000229958 0.000218962 0.000197647 0.000163402 0.000117455 6.20937e-05
0.000515105 0.000490518 0.000465348 0.000436558 0.000401218 0.000356609 0.000300336 0.000233835 0.000159617 8.05829e-05
0.000791995 0.000743925 0.000692433 0.000634669 0.000568001 0.000490117 0.000401567 0.000304997 0.000203489 0.000100532
 0.00101746 0.000948546 0.000873311 0.000789092 0.000693551 0.000587206 0.000472679  0.00035303 0.000231733 0.000112648
 0.00119608  0.00110932   0.0010133 0.000905507 0.000786322 0.000658215 0.000524103 0.000387319 0.000251586 0.000120998
 0.00131739  0.00121687  0.00110405 0.000979015 0.000843979 0.000701586 0.000554902 0.000407388 0.000262881 0.000125573
 0.00137128  0.00126224  0.00114019  0.00100695 0.000864743 0.000716256 0.000564557 0.000413096 0.000265685 0.000126488
 0.00134586  0.00123741   0.0011167 0.000985442 0.000845778 0.000700256 0.000551806 0.000403729  0.00025968 0.000123659
 0.00128381  0.00118062  0.00106578 0.000940899 0.000807968 0.000669372 0.000527865 0.000386555 0.000248896 0.000118673
 0.00122903   0.0011305  0.00102089 0.000901678 0.000774728 0.000642275 0.000506911  0.00037157 0.000239521  0.00011436
 0.00118114  0.00108673 0.000981734 0.000867522  0.00074584 0.000618785 0.000488803  0.00035867 0.000231491 0.000110688
 0.00113988  0.00104905 0.000948078 0.000838226 0.000721129 0.000598761 0.000473432 0.000347779 0.000224756 0.000107636
   0.001105  0.00101725 0.000919731 0.000813624 0.000700456 0.000582088 0.000460711 0.000338833 0.000219279 0.000105185
  0.0010763 0.000991142 0.000896533 0.000793576 0.000683702 0.000568672 0.000450567 0.000331783 0.000215028 0.000103323
 0.00105362  0.00097057 0.000878342 0.000777958 0.000670765 0.000558431 0.000442938 0.000326583 0.000211976 0.000102036
 0.00103681 0.000955403 0.000865042 0.000766673 0.000661564 0.000551298 0.000437774 0.000323202 0.000210104 0.000101318
 0.00102578 0.000945563 0.000856564 0.000759661 0.000656049 0.000547237 0.000435049  0.00032162 0.000209401 0.000101163
 0.00102046 0.000940986 0.000852855 0.000756877 0.000654185 0.000546222 0.000434744 0.000321827 0.000209863 0.000101571
 0.00102082 0.000941656   0.0008539 0.000758313 0.000655968  0.00054825 0.000436863 0.000323828 0.000211495 0.000102545
 0.00102687 0.000947561 0.000859691 0.000763963 0.000661396 0.000553325 0.000441408 0.000327627 0.000214301 0.000104087
 0.00103861 0.000958726 0.000870255 0.000773854 0.000670495  0.00056147 0.000448402 0.000333244 0.000218295 0.000106207
 0.00105611 0.000975206 0.000885643 0.000788034 0.000683308 0.000572726 0.000457879 0.000340706 0.000223497 0.000108915
 0.00107946 0.000997082  0.00090593 0.000806572 0.000699902 0.000587149 0.000469888  0.00035005 0.000229935 0.000112224
 0.00110877  0.00102446 0.000931221 0.000829564 0.000720359 0.000604813  0.00048449 0.000361327 0.000237641 0.000116153
 0.00114419   0.0010575 0.000961647 0.000857131 0.000744788 0.000625811 0.000501763 0.000374595 0.000246657 0.000120721
 0.00118592  0.00109635 0.000997368 0.000889418 0.000773318 0.000650255 0.000521799 0.000389926 0.000257032 0.000125955
 0.00123417  0.00114124  0.00103857 0.000926596 0.000806101 0.000678274 0.000544704 0.000407401  0.00026882 0.000131882
 0.00128919  0.00119239  0.00108548 0.000968858 0.000843307 0.000710016 0.000570598 0.000427111 0.000282081 0.000138528
 0.00134828  0.00124713  0.00113545  0.00101359 0.000882343 0.000742907 0.000596928 0.000446521 0.000294298 0.000143399
 0.00140591  0.00130008  0.00118324  0.00105571 0.000918287 0.000772175 0.000619066 0.000461146 0.000301132  0.00014478
 0.00145508  0.00134458  0.00122252  0.00108922  0.00094544 0.000792434  0.00063194  0.00046623 0.000300622 0.000142587
  0.0014875  0.00137284    0.001246  0.00110729 0.000957473 0.000797837 0.000630185 0.000459375 0.000292413 0.000136715
  0.0014937  0.00137603  0.00124551  0.00110242 0.000947542   0.0007822 0.000610764 0.000439754 0.000276102  0.00012704
 0.00146307   0.0013444  0.00121214  0.00106655 0.000908418 0.000741621 0.000572162 0.000406458 0.000251233 0.000113409
 0.00138403  0.00126741  0.00113637 0.000991166 0.000835116 0.000673685  0.00051275 0.000358494   0.0002173 9.56452e-05
 0.00124452  0.00113418  0.00100851 0.000870277 0.000724355 0.000576049 0.000430971 0.000294932  0.00017384 7.35981e-05
 0.00103289 0.000934357  0.00082202 0.000700152 0.000573444 0.000446894 0.000325707 0.000215186 0.000120632 4.72418e-05
0.000735753 0.000658634 0.000570668 0.000475891 0.000378651 0.000283501 0.000195098 0.000118101 5.70695e-05 1.63564e-05
 0.000400618  0.000349831  0.000291071  0.000228108   0.00016492  0.000105586   5.4187e-05  1.46978e-05 -9.11295e-06  3.38813e-21
 7.56253e-05  5.08017e-05  2.08578e-05 -1.06817e-05 -4.01904e-05 -6.40436e-05  -7.8722e-05 -8.09169e-05 -1.69407e-21  3.76158e-37
-0.000233439 -0.000232918 -0.000234669 -0.000235395 -0.000231804 -0.000220708 -0.000199137 -1.35525e-20 -1.88079e-37  4.17619e-53
-0.000519476 -0.000494655 -0.000469242 -0.000440156 -0.000404422 -0.000359279 -2.71051e-20 -1.50463e-36  -2.0881e-53  4.63651e-69
-0.000802738 -0.000754003 -0.000701797 -0.000643233 -0.000575643 -5.42101e-20 -3.00927e-36 -1.67048e-52 -2.31825e-69  5.14756e-85
 -0.00103097 -0.000961127 -0.000884874 -0.000799516  -1.0842e-19 -6.01853e-36 -3.34096e-52  -1.8546e-68 -2.57378e-85 5.71494e-101
  -0.00121166   -0.00112375   -0.00102645   -1.0842e-19  -1.20371e-35  -6.68191e-52  -3.70921e-68  -2.05902e-84 -2.85747e-101  6.34485e-117
  -0.00133418   -0.00123235   -2.1684e-19  -1.20371e-35  -1.33638e-51  -7.41841e-68  -4.11805e-84 -2.28597e-100 -3.17243e-117   7.0442e-133
  -0.00138826   -2.1684e-19  -2.40741e-35  -1.33638e-51  -1.48368e-67  -8.23609e-84 -4.57195e-100 -2.53794e-116  -3.5221e-133  7.82064e-149
  -2.1684e-19  -2.40741e-35  -2.67276e-51  -1.48368e-67  -1.64722e-83  -9.1439e-100 -5.07588e-116 -2.81768e-132 -3.91032e-149  8.68265e-165
 -2.40741e-35  -2.67276e-51  -2.96736e-67  -1.64722e-83  -1.82878e-99 -1.01518e-115 -5.63536e-132 -3.12825e-148 -4.34133e-165  9.63968e-181
 -2.67276e-51  -2.96736e-67  -3.29444e-83  -1.82878e-99 -2.03035e-115 -1.12707e-131 -6.25651e-148 -3.47306e-164 -4.81984e-181  1.07022e-196
 -2.96736e-67  -3.29444e-83  -3.65756e-99 -2.03035e-115 -2.25415e-131  -1.2513e-147 -6.94612e-164 -3.85587e-180  -5.3511e-197  1.18818e-212
 -3.29444e-83  -3.65756e-99 -4.06071e-115 -2.25415e-131  -2.5026e-147 -1.38922e-163 -7.71174e-180 -4.28088e-196 -5.94091e-213  1.31915e-228
 -3.65756e-99 -4.06071e-115 -4.50829e-131  -2.5026e-147 -2.77845e-163 -1.54235e-179 -8.56176e-196 -4.75273e-212 -6.59574e-229  1.46455e-244
-4.06071e-115 -4.50829e-131 -5.00521e-147 -2.77845e-163  -3.0847e-179 -1.71235e-195 -9.50546e-212 -5.27659e-228 -7.32274e-245  1.62597e-260
-4.50829e-131 -5.00521e-147  -5.5569e-163  -3.0847e-179  -3.4247e-195 -1.90109e-211 -1.05532e-227 -5.85819e-244 -8.12987e-261  1.80519e-276
-5.00521e-147  -5.5569e-163 -6.16939e-179  -3.4247e-195 -3.80218e-211 -2.11064e-227 -1.17164e-243  -6.5039e-260 -9.02597e-277  2.00417e-292
 -5.5569e-163 -6.16939e-179  -6.8494e-195 -3.80218e-211 -4.22127e-227 -2.34328e-243 -1.30078e-259 -7.22078e-276 -1.00208e-292  2.22507e-308
-6.16939e-179  -6.8494e-195 -7.60437e-211 -4.22127e-227 -4.68655e-243 -2.60156e-259 -1.44416e-275 -8.01667e-292 -1.11254e-308  4.94066e-324
 -6.8494e-195 -7.60437e-211 -8.44254e-227 -4.68655e-243 -5.20312e-259 -2.88831e-275 -1.60333e-291  -8.9003e-308             0             0
-7.60437e-211 -8.44254e-227 -9.37311e-243 -5.20312e-259 -5.77662e-275 -3.20667e-291 -1.78006e-307 -9.88131e-324             0             0
-8.44254e-227 -9.37311e-243 -1.04062e-258 -5.77662e-275 -6.41334e-291 -3.56012e-307 -1.97626e-323             0             0             0
-9.37311e-243 -1.04062e-258 -1.15532e-274 -6.41334e-291 -7.12024e-307 -3.95253e-323             0             0             0             0
-1.04062e-258 -1.15532e-274 -1.28267e-290 -7.12024e-307 -7.90505e-323             0             0             0             0             0
-1.15532e-274 -1.28267e-290 -1.42405e-306 -7.90505e-323             0             0             0             0             0             0
-1.28267e-290 -1.42405e-306 -1.58101e-322             0             0             0             0             0             0             0
-1.42405e-306 -1.58101e-322             0             0             0             0             0             0             0             0
-1.58101e-322             0             0             0             0             0             0             0             0             0
0 0 0 0 0 0 0 0 0 0
           0            0            0            0            0            0            0            0            0 -0.000141487
           0            0            0            0            0            0            0            0 -0.000296998  -0.00014277
           0            0            0            0            0            0            0 -0.000459648 -0.000296344  -0.00014054
           0            0            0            0            0            0 -0.000621052 -0.000452677 -0.000288122 -0.000134695
           0            0            0            0            0 -0.000770574 -0.000601644 -0.000433155 -0.000271935  -0.00012511
           0            0            0            0 -0.000894575 -0.000730278 -0.000563373 -0.000400183 -0.000247331 -0.000111634
           0            0            0 -0.000975698 -0.000822041 -0.000663095 -0.000504651 -0.000352796 -0.000213818  -9.4096e-05
           0            0 -0.000992385 -0.000856313 -0.000712683 -0.000566716 -0.000423939 -0.000290074 -0.000170939 -7.23465e-05
           0 -0.000918954 -0.000808419 -0.000688508  -0.00056384 -0.000439339  -0.00032013 -0.000211434 -0.000118472 -4.63584e-05
-0.000723026 -0.000647185 -0.000560673 -0.000467464 -0.000371842 -0.000278289 -0.000191393 -0.000115741 -5.58201e-05 -1.59153e-05
-0.000393098 -0.000343202 -0.000285466 -0.000223604 -0.000161535 -0.000103275 -5.28407e-05 -1.41477e-05  9.09587e-06  1.34958e-05
-7.36089e-05 -4.92775e-05 -1.99177e-05  1.09984e-05  3.98992e-05  6.32151e-05  7.74813e-05  7.94413e-05  6.61561e-05  3.90308e-05
0.000229657 0.000229063 0.000230689 0.000231289 0.000227619 0.000216542 0.000195132 0.000160783 0.000115233 6.07577e-05
0.000509635 0.000485182 0.000460129 0.000431438  0.00039618 0.000351638 0.000295416 0.000229465 0.000156277 7.87189e-05
0.000795909 0.000747534 0.000695703 0.000637573 0.000570515 0.000492225 0.000403256 0.000306257 0.000204319 0.000100939
 0.00102134 0.000952125 0.000876563 0.000791992 0.000696076 0.000589334 0.000474392 0.000354316 0.000232585 0.000113068
 0.00120002  0.00111298  0.00101663  0.00090849 0.000788929 0.000660419 0.000525884 0.000388661 0.000252478  0.00012144
 0.00132154  0.00122071  0.00110756 0.000982171 0.000846742 0.000703927 0.000556797 0.000408818 0.000263834 0.000126046
 0.00137577  0.00126641    0.001144  0.00101036 0.000867735 0.000718792  0.00056661 0.000414645 0.000266718    0.000127
 0.00135083  0.00124201   0.0011209 0.000989203 0.000849067  0.00070304 0.000554057 0.000405425 0.000260809 0.000124218
 0.00128918  0.00118559  0.00107032 0.000944964 0.000811522 0.000672381 0.000530298 0.000388389 0.000250117 0.000119278
 0.00123482  0.00113587  0.00102579 0.000906072  0.00077857 0.000645528 0.000509541 0.000373553 0.000240841 0.000115014
  0.0011874  0.00109253 0.000987027 0.000872265 0.000749988 0.000622297 0.000491643 0.000360812 0.000232916 0.000111394
 0.00114664  0.00105532   0.0009538 0.000843353 0.000725613 0.000602557 0.000476502 0.000350093 0.000226297 0.000108399
 0.00111231  0.00102403 0.000925918 0.000819168 0.000705304 0.000586193  0.00046403 0.000341335 0.000220944  0.00010601
 0.00108421 0.000998466  0.00090322 0.000799567 0.000688941 0.000573108 0.000454154 0.000334486 0.000216826 0.000104213
 0.00106217 0.000978487  0.00088557 0.000784434 0.000676428 0.000563224 0.000446813 0.000329503 0.000213918 0.000102998
 0.00104605 0.000963968 0.000872862 0.000773678 0.000667688 0.000556481 0.000441963 0.000326357 0.000212202 0.000102356
 0.00103577  0.00095482 0.000865015 0.000767231 0.000662666 0.000552836 0.000439573 0.000325027 0.000211666 0.000102284
 0.00103124 0.000950982 0.000861979 0.000765049 0.000661326 0.000552262 0.000439624 0.000325501 0.000212305 0.000102778
 0.00103244 0.000952423 0.000863726 0.000767112 0.000663656 0.000554752 0.000442114  0.00032778 0.000214121 0.000103843
 0.00103937  0.00095914 0.000870258 0.000773424 0.000669661 0.000560313  0.00044705 0.000331873 0.000217121 0.000105481
 0.00105203 0.000971161 0.000881601 0.000784011 0.000679367  0.00056897 0.000454456 0.000337799 0.000221319 0.000107701
 0.00107051 0.000988543 0.000897811 0.000798926 0.000692822 0.000580767 0.000464369 0.000345587 0.000226738 0.000110516
 0.00109489  0.00101137 0.000918968 0.000818242 0.000710093 0.000595762  0.00047684 0.000355278 0.000233405 0.000113938
 0.00112529  0.00103977 0.000945181 0.000842059  0.00073127 0.000614033 0.000491931 0.000366923 0.000241355 0.000117987
 0.00116188  0.00107388 0.000976587 0.000870503 0.000756464 0.000635677 0.000509725 0.000380582 0.000250631 0.000122683
 0.00120484  0.00111388  0.00101335 0.000903723 0.000785809 0.000660809 0.000530316  0.00039633 0.000261282 0.000128054
  0.0012544  0.00115998  0.00105567 0.000941897 0.000819461 0.000689564 0.000553814 0.000414251 0.000273366 0.000134126
 0.00131083  0.00121244  0.00110377 0.000985225 0.000857597 0.000722091 0.000580341 0.000434437 0.000286944  0.00014093
 0.00137145  0.00126859  0.00115502  0.00103111  0.00089764 0.000755833 0.000607358 0.000454364 0.000299504  0.00014597
 0.00143071  0.00132306  0.00120419  0.00107447 0.000934663 0.000786013 0.000630233 0.000469545 0.000306707 0.000147534
 0.00148163  0.00136918  0.00124496   0.0011093 0.000962976 0.000807253   0.0006439 0.000475225 0.000306594 0.000145536
 0.00151594  0.00139918  0.00127003  0.00112879 0.000976256 0.000813712 0.000642999 0.000469012 0.000298811 0.000139876
 0.00152419  0.00140427  0.00127128  0.00112548 0.000967684 0.000799225 0.000624505 0.000450089 0.000282963 0.000130429
 0.00149576  0.00137469  0.00123977  0.00109127 0.000930016 0.000759876 0.000586895 0.000417539  0.00025859 0.000117043
 0.00141909  0.00129989    0.001166  0.00101769 0.000858279 0.000693262 0.000528551 0.000370379 0.000225191 9.95434e-05
 0.00128214  0.00116902  0.00104031 0.000898732 0.000749204 0.000597051 0.000447922 0.000307681 0.000182305 7.77801e-05
 0.00107325 0.000971744 0.000856128 0.000730679 0.000600102 0.000469424 0.000343891 0.000228863 0.000129714 5.17285e-05
 0.00077907 0.000698756 0.000607268 0.000508646 0.000407253 0.000307673 0.000214606 0.000132775 6.68131e-05 2.11706e-05
0.000447384 0.000393171 0.000330636 0.000263552 0.000195913 0.000131832 7.54338e-05 3.07604e-05 1.66226e-06 3.38813e-21
 0.000126584  9.80667e-05  6.40558e-05  2.80786e-05 -6.22105e-06 -3.51847e-05 -5.52424e-05 -6.30169e-05  2.11758e-22  3.76158e-37
-0.000177422 -0.000180914 -0.000187077 -0.000192613  -0.00019421 -0.000188645 -0.000172894            0  2.35099e-38  4.17619e-53
-0.000457422 -0.000436998 -0.000416411 -0.000392576 -0.000362499 -0.000323382 -2.71051e-20            0  2.61012e-54  4.63651e-69
-0.000741304 -0.000697083 -0.000649851 -0.000596718 -0.000534996 -5.42101e-20 -3.00927e-36            0  2.89782e-70  5.14756e-85
-0.000964921 -0.000899926 -0.000829019 -0.000749498  -1.0842e-19 -6.01853e-36 -3.34096e-52            0  3.21722e-86 5.71494e-101
 -0.00114061  -0.00105792 -0.000966364  -1.0842e-19 -1.20371e-35 -6.68191e-52 -3.70921e-68            0 3.57184e-102 6.34485e-117
 -0.00125771   -0.0011615  -1.0842e-19 -1.20371e-35 -1.33638e-51 -7.41841e-68 -4.11805e-84            0 3.96553e-118  7.0442e-133
  -0.00130593   -2.1684e-19  -1.20371e-35  -1.33638e-51  -1.48368e-67  -8.23609e-84 -4.57195e-100             0  4.40263e-134  7.82064e-149
  -2.1684e-19  -2.40741e-35  -1.33638e-51  -1.48368e-67  -1.64722e-83  -9.1439e-100 -5.07588e-116             0   4.8879e-150  8.68265e-165
 -2.40741e-35  -2.67276e-51  -1.48368e-67  -1.64722e-83  -1.82878e-99 -1.01518e-115 -5.63536e-132             0  5.42666e-166  9.63968e-181
 -2.67276e-51  -2.96736e-67  -1.64722e-83  -1.82878e-99 -2.03035e-115 -1.12707e-131 -6.25651e-148             0   6.0248e-182  1.07022e-196
 -2.96736e-67  -3.29444e-83  -1.82878e-99 -2.03035e-115 -2.25415e-131  -1.2513e-147 -6.94612e-164             0  6.68887e-198  1.18818e-212
 -3.29444e-83  -3.65756e-99 -2.03035e-115 -2.25415e-131  -2.5026e-147 -1.38922e-163 -7.71174e-180             0  7.42614e-214  1.31915e-228
 -3.65756e-99 -4.06071e-115 -2.25415e-131  -2.5026e-147 -2.77845e-163 -1.54235e-179 -8.56176e-196             0  8.24467e-230  1.46455e-244
-4.06071e-115 -4.50829e-131  -2.5026e-147 -2.77845e-163  -3.0847e-179 -1.71235e-195 -9.50546e-212             0  9.15342e-246  1.62597e-260
-4.50829e-131 -5.00521e-147 -2.77845e-163  -3.0847e-179  -3.4247e-195 -1.90109e-211 -1.05532e-227             0  1.01623e-261  1.80519e-276
-5.00521e-147  -5.5569e-163  -3.0847e-179  -3.4247e-195 -3.80218e-211 -2.11064e-227 -1.17164e-243             0  1.12825e-277  2.00417e-292
 -5.5569e-163 -6.16939e-179  -3.4247e-195 -3.80218e-211 -4.22127e-227 -2.34328e-243 -1.30078e-259             0  1.25261e-293  2.22507e-308
-6.16939e-179  -6.8494e-195 -3.80218e-211 -4.22127e-227 -4.68655e-243 -2.60156e-259 -1.44416e-275             0  1.39067e-309  4.94066e-324
 -6.8494e-195 -7.60437e-211 -4.22127e-227 -4.68655e-243 -5.20312e-259 -2.88831e-275 -1.60333e-291             0             0             0
-7.60437e-211 -8.44254e-227 -4.68655e-243 -5.20312e-259 -5.77662e-275 -3.20667e-291 -1.78006e-307             0             0             0
-8.44254e-227 -9.37311e-243 -5.20312e-259 -5.77662e-275 -6.41334e-291 -3.56012e-307 -1.97626e-323             0             0             0
-9.37311e-243 -1.04062e-258 -5.77662e-275 -6.41334e-291 -7.12024e-307 -3.95253e-323             0             0             0             0
-1.04062e-258 -1.15532e-274 -6.41334e-291 -7.12024e-307 -7.90505e-323             0             0             0             0             0
-1.15532e-274 -1.28267e-290 -7.12024e-307 -7.90505e-323             0             0             0             0             0             0
-1.28267e-290 -1.42405e-306 -7.90505e-323             0             0             0             0             0             0             0
-1.42405e-306 -1.58101e-322             0             0             0             0             0             0             0             0
-1.58101e-322             0             0             0             0             0             0             0             0             0
0 0 0 0 0 0 0 0 0 0
           0            0            0            0            0            0            0            0            0 -9.51813e-05
           0            0            0            0            0            0            0            0 -0.000196166 -9.28127e-05
           0            0            0            0            0            0            0  -0.00029618 -0.000187507 -8.65875e-05
           0            0            0            0            0            0 -0.000386954 -0.000276149 -0.000170538 -7.63818e-05
           0            0            0            0            0 -0.000457957 -0.000348728  -0.00024237 -0.000144815 -6.20518e-05
           0            0            0            0 -0.000498494 -0.000395201 -0.000292706 -0.000196597  -0.00011252 -4.60523e-05
           0            0            0 -0.000496682 -0.000404373 -0.000311057 -0.000221962 -0.000142376 -7.75169e-05 -2.98345e-05
           0            0 -0.000438202  -0.00036259 -0.000284452 -0.000208641 -0.000140068 -8.35744e-05 -4.12353e-05 -1.33486e-05
           0 -0.000307049 -0.000254435 -0.000198087 -0.000142455 -9.20525e-05  -5.1325e-05 -2.19525e-05 -3.84135e-06  3.31201e-06
-8.36173e-05 -6.09616e-05 -3.37108e-05  -5.8917e-06  1.84073e-05  3.51619e-05   4.3111e-05  4.27636e-05   3.4835e-05  2.02249e-05
 0.00019483 0.000192752 0.000191916 0.000188561 0.000178995 0.000162289 0.000139287 0.000111043  7.8798e-05 4.39654e-05
0.000433148 0.000409331 0.000383386 0.000351807 0.000313856 0.000270566 0.000223187 0.000173157  0.00012209 6.36821e-05
0.000623613 0.000581786 0.000534429  0.00048085 0.000422132 0.000359572 0.000294662 0.000229072 0.000156596 7.93667e-05
0.000758273 0.000703035 0.000641384 0.000574307 0.000503001 0.000428866 0.000353481 0.000270602 0.000182287 9.10788e-05
0.000806957 0.000747811 0.000682908 0.000613197  0.00053982 0.000464097 0.000379808 0.000288749 0.000193192 9.58751e-05
0.000857506 0.000796241  0.00072964 0.000658584 0.000584131 0.000499794 0.000407107 0.000308078 0.000205182 0.000101358
0.000934175 0.000868408 0.000797698  0.00072286 0.000637162 0.000541895 0.000438822 0.000330175 0.000218646 0.000107386
 0.00103794 0.000964965 0.000887413 0.000798324 0.000698764 0.000590269 0.000474844 0.000354955 0.000233524 0.000113931
 0.00116918  0.00108599 0.000990845 0.000884608 0.000768606  0.00064463 0.000514937 0.000382238 0.000249698 0.000120932
 0.00114697  0.00106575  0.00097276 0.000868808 0.000755186 0.000633641 0.000506379 0.000376056 0.000245778 0.000119096
 0.00112653  0.00104715 0.000956135 0.000854288 0.000742857  0.00062355 0.000498523 0.000370384 0.000242184 0.000117413
 0.00110758  0.00102989  0.00094072 0.000840826 0.000731428 0.000614195 0.000491241 0.000365127 0.000238852 0.000115853
 0.00109045   0.0010143 0.000926803 0.000828683 0.000721128 0.000605772 0.000484693 0.000360406 0.000235865 0.000114456
 0.00107384 0.000999174 0.000913279 0.000816864 0.000711088 0.000597549 0.000478288 0.000355778  0.00023293 0.000113081
 0.00105751 0.000984274 0.000899937 0.000805185 0.000701147  0.00058939 0.000471918 0.000351164 0.000229995 0.000111701
 0.00104221 0.000970318 0.000887437  0.00079424 0.000691828 0.000581739 0.000465942 0.000346835  0.00022724 0.000110405
 0.00102853 0.000957845 0.000876278 0.000784478 0.000683527 0.000574933 0.000460634 0.000342995 0.000224801  0.00010926
 0.00101649 0.000946876 0.000866479 0.000775922 0.000676263 0.000568988 0.000456008 0.000339656 0.000222686  0.00010827
  0.0010057 0.000937065 0.000857724 0.000768285 0.000669789 0.000563698 0.000451897 0.000336694 0.000220812 0.000107396
0.000995707 0.000927977 0.000849614 0.000761212 0.000663792 0.000558797 0.000448089  0.00033395 0.000219078 0.000106585
0.000986201 0.000919325 0.000841887 0.000754467 0.000658069 0.000554115 0.000444447 0.000331322 0.000217414 0.000105807
0.000977206 0.000911134 0.000834567 0.000748073 0.000652639  0.00054967 0.000440986 0.000328824  0.00021583 0.000105066
0.000968902 0.000903572 0.000827811 0.000742173  0.00064763  0.00054557 0.000437795  0.00032652  0.00021437 0.000104382
0.000961442 0.000896786 0.000821754 0.000736888 0.000643148 0.000541906 0.000434947 0.000324467 0.000213072 0.000103775
0.000954819 0.000890768 0.000816389 0.000732215 0.000639191 0.000538677 0.000432442 0.000322665 0.000211935 0.000103246
0.000948813 0.000885315 0.000811533 0.000727988 0.000635616 0.000535762 0.000430183 0.000321042 0.000210912  0.00010277
 0.00094321 0.000880228 0.000807001 0.000724042 0.000632277  0.00053304 0.000428073 0.000319526 0.000209956 0.000102325
0.000937892 0.000875395 0.000802693 0.000720289 0.000629099 0.000530445 0.000426059 0.000318077 0.000209042 0.000101899
0.000932903  0.00087086 0.000798648 0.000716764 0.000626112 0.000528007 0.000424166 0.000316715 0.000208181 0.000101498
  0.0009283 0.000866677 0.000794918 0.000713513 0.000623359 0.000525759 0.000422422 0.000315459 0.000207388 0.000101128
0.000912352 0.000851317 0.000780179  0.00069942 0.000609929    0.000513 0.000410332 0.000304027 0.000196589 9.09258e-05
0.000881701 0.000821802 0.000751829 0.000672257 0.000583968 0.000488249 0.000386789 0.000281679 0.000175414 8.05473e-05
 0.00083295 0.000775144  0.00070729 0.000629861  0.00054373 0.000450176  0.00035088 0.000247925 0.000153452 6.99703e-05
0.000763683 0.000709294 0.000644881 0.000570909 0.000488248 0.000398169 0.000302345 0.000212511 0.000130768 5.92254e-05
0.000672013 0.000622723 0.000563417 0.000494558  0.00041701 0.000332039 0.000250988 0.000175552 0.000107434 4.83441e-05
0.000554181  0.00051219 0.000460205 0.000398684 0.000328485 0.000260542 0.000196143 0.000136583 8.31653e-05 3.71996e-05
 0.00040945 0.000377294 0.000335169 0.000283528 0.000232891 0.000184137 0.000138158 9.58492e-05  5.8114e-05   2.586e-05
0.000237163 0.000217731 0.000188344 0.000159118 0.000130529 0.000103064  7.7213e-05 5.34756e-05  3.2355e-05 1.43593e-05
3.60196e-05 3.26312e-05 2.89675e-05 2.51016e-05 2.11147e-05 1.70956e-05  1.3139e-05 9.34491e-06 5.81792e-06 2.66601e-06
 3.2601e-05 2.94928e-05 2.61418e-05 2.26157e-05 1.89896e-05 1.53446e-05 1.17671e-05 8.34816e-06 5.18215e-06 2.36632e-06
  1.7629e-05  1.49759e-05  1.21097e-05  9.09335e-06  5.99602e-06  2.89217e-06   -1.394e-07 -3.01626e-06 -5.65316e-06            0
  -1.247e-05 -1.40945e-05 -1.59047e-05  -1.7842e-05 -1.98427e-05 -2.18386e-05 -2.37579e-05 -2.55258e-05 -8.47033e-22            0
-6.08877e-05 -6.05121e-05  -6.0297e-05 -6.01882e-05 -6.01267e-05   -6.005e-05 -5.98926e-05 -3.38813e-21 -9.40395e-38            0
-0.000130466 -0.000126719 -0.000123109 -0.000119587 -0.000116098 -0.000112585 -1.35525e-20 -3.76158e-37 -1.04405e-53            0
-0.000131374 -0.000127553 -0.000123862 -0.000120251 -0.000116668 -0.000113057 -1.50463e-36 -4.17619e-53 -1.15913e-69            0
-0.000131374 -0.000127553 -0.000123862 -0.000120251 -0.000116668 -0.000113057 -1.67048e-52 -4.63651e-69 -1.28689e-85            0
 -0.000131374  -0.000127553  -0.000123862  -0.000120251  -0.000116668  -0.000113057   -1.8546e-68  -5.14756e-85 -1.42873e-101             0
 -0.000131374  -0.000127553  -0.000123862  -0.000120251  -0.000116668  -0.000113057  -2.05902e-84 -5.71494e-101 -1.58621e-117             0
 -0.000131374  -0.000127553  -0.000123862  -0.000120251  -0.000116668  -0.000113057 -2.28597e-100 -6.34485e-117 -1.76105e-133             0
 -0.000131374  -0.000127553  -0.000123862  -0.000120251  -0.000116668  -0.000113057 -2.53794e-116  -7.0442e-133 -1.95516e-149             0
 -0.000131374  -0.000127553  -0.000123862  -0.000120251  -0.000116668  -0.000113057 -2.81768e-132 -7.82064e-149 -2.17066e-165             0
 -0.000131374  -0.000127553  -0.000123862  -0.000120251  -0.000116668  -0.000113057 -3.12825e-148 -8.68265e-165 -2.40992e-181             0
 -0.000131374  -0.000127553  -0.000123862  -0.000120251  -0.000116668  -0.000113057 -3.47306e-164 -9.63968e-181 -2.67555e-197             0
 -0.000131374  -0.000127553  -0.000123862  -0.000120251  -0.000116668  -0.000113057 -3.85587e-180 -1.07022e-196 -2.97046e-213             0
 -0.000131374  -0.000127553  -0.000123862  -0.000120251  -0.000116668  -0.000113057 -4.28088e-196 -1.18818e-212 -3.29787e-229             0
 -0.000131374  -0.000127553  -0.000123862  -0.000120251  -0.000116668  -0.000113057 -4.75273e-212 -1.31915e-228 -3.66137e-245             0
 -0.000131374  -0.000127553  -0.000123862  -0.000120251  -0.000116668  -0.000113057 -5.27659e-228 -1.46455e-244 -4.06494e-261             0
 -0.000131374  -0.000127553  -0.000123862  -0.000120251  -0.000116668  -0.000113057 -5.85819e-244 -1.62597e-260 -4.51299e-277             0
 -0.000131374  -0.000127553  -0.000123862  -0.000120251  -0.000116668  -0.000113057  -6.5039e-260 -1.80519e-276 -5.01042e-293             0
 -0.000131374  -0.000127553  -0.000123862  -0.000120251  -0.000116668  -0.000113057 -7.22078e-276 -2.00417e-292 -5.56268e-309             0
 -0.000131374  -0.000127553  -0.000123862  -0.000120251  -0.000116668  -0.000113057 -8.01667e-292 -2.22507e-308             0             0
 -0.000131374  -0.000127553  -0.000123862  -0.000120251  -0.000116668  -0.000113057  -8.9003e-308 -4.94066e-324             0             0
 -0.000131374  -0.000127553  -0.000123862  -0.000120251  -0.000116668  -0.000113057 -9.88131e-324             0             0             0
-0.000131374 -0.000127553 -0.000123862 -0.000120251 -0.000116668 -0.000113057            0            0            0            0
-0.000131374 -0.000127553 -0.000123862 -0.000120251 -0.000116668 -0.000113057            0            0            0            0
-0.000131374 -0.000127553 -0.000123862 -0.000120251 -0.000116668 -0.000113057            0            0            0            0
-0.000131374 -0.000127553 -0.000123862 -0.000120251 -0.000116668 -0.000113057            0            0            0            0
-0.000131374 -0.000127553 -0.000123862 -0.000120251 -0.000116668 -0.000113057            0            0            0            0
-0.000131374 -0.000127553 -0.000123862 -0.000120251 -0.000116668 -0.000113057            0            0            0            0
-0.000131374 -0.000127553 -0.000123862 -0.000120251 -0.000116668 -0.000113057            0            0            0            0
-0.000131374 -0.000127553 -0.000123862 -0.000120251 -0.000116668 -0.000113057            0            0            0            0
-0.000131374 -0.000127553 -0.000123862 -0.000120251 -0.000116668 -0.000113057            0            0            0            0
-0.000131374 -0.000127553 -0.000123862 -0.000120251 -0.000116668 -0.000113057            0            0            0            0
-0.000131374 -0.000127553 -0.000123862 -0.000120251 -0.000116668 -0.000113057            0            0            0            0
-0.000131374 -0.000127553 -0.000123862 -0.000120251 -0.000116668 -0.000113057            0            0            0            0
-0.000131374 -0.000127553 -0.000123862 -0.000120251 -0.000116668 -0.000113057            0            0            0            0
-0.000131374 -0.000127553 -0.000123862 -0.000120251 -0.000116668 -0.000113057            0            0            0            0
-0.000131374 -0.000127553 -0.000123862 -0.000120251 -0.000116668 -0.000113057            0            0            0            0
-0.000131374 -0.000127553 -0.000123862 -0.000120251 -0.000116668 -0.000113057            0            0            0            0
-0.000131374 -0.000127553 -0.000123862 -0.000120251 -0.000116668 -0.000113057            0            0            0            0
-0.000131374 -0.000127553 -0.000123862 -0.000120251 -0.000116668 -0.000113057            0            0            0            0
-0.000131374 -0.000127553 -0.000123862 -0.000120251 -0.000116668 -0.000113057            0            0            0            0
-0.000131374 -0.000127553 -0.000123862 -0.000120251 -0.000116668 -0.000113057            0            0            0            0
-0.000131374 -0.000127553 -0.000123862 -0.000120251 -0.000116668 -0.000113057            0            0            0            0
-0.000131374 -0.000127553 -0.000123862 -0.000120251 -0.000116668 -0.000113057            0            0            0            0
-0.000131374 -0.000127553 -0.000123862 -0.000120251 -0.000116668 -0.000113057            0            0            0            0
-0.000131374 -0.000127553 -0.000123862 -0.000120251 -0.000116668 -0.000113057            0            0            0            0
-0.000131374 -0.000127553 -0.000123862 -0.000120251 -0.000116668 -0.000113057            0            0            0            0
-0.000131374 -0.000127553 -0.000123862 -0.000120251 -0.000116668 -0.000113057            0            0            0            0
-0.000131374 -0.000127553 -0.000123862 -0.000120251 -0.000116668 -0.000113057            0            0            0            0
-0.000131374 -0.000127553 -0.000123862 -0.000120251 -0.000116668 -0.000113057            0            0            0            0
-0.000131374 -0.000127553 -0.000123862 -0.000120251 -0.000116668 -0.000113057            0            0            0            0
-0.000131374 -0.000127553 -0.000123862 -0.000120251 -0.000116668 -0.000113057            0            0            0            0
-0.000131374 -0.000127553 -0.000123862 -0.000120251 -0.000116668 -0.000113057            0            0            0            0
-0.000131374 -0.000127553 -0.000123862 -0.000120251 -0.000116668 -0.000113057            0            0            0            0
-0.000131374 -0.000127553 -0.000123862 -0.000120251 -0.000116668 -0.000113057            0            0            0            0
-0.000131374 -0.000127553 -0.000123862 -0.000120251 -0.000116668 -0.000113057            0            0            0            0
-0.000131374 -0.000127553 -0.000123862 -0.000120251 -0.000116668 -0.000113057            0            0            0            0
-0.000131374 -0.000127553 -0.000123862 -0.000120251 -0.000116668 -0.000113057            0            0            0            0
-0.000131374 -0.000127553 -0.000123862 -0.000120251 -0.000116668 -0.000113057            0            0            0            0
-0.000131374 -0.000127553 -0.000123862 -0.000120251 -0.000116668 -0.000113057            0            0            0            0
-0.000131374 -0.000127553 -0.000123862 -0.000120251 -0.000116668 -0.000113057            0            0            0            0
-0.000131374 -0.000127553 -0.000123862 -0.000120251 -0.000116668 -0.000113057            0            0            0            0
-0.000131374 -0.000127553 -0.000123862 -0.000120251 -0.000116668 -0.000113057            0            0            0            0
-0.000131374 -0.000127553 -0.000123862 -0.000120251 -0.000116668 -0.000113057            0            0            0            0
-0.000131374 -0.000127553 -0.000123862 -0.000120251 -0.000116668 -0.000113057            0            0            0            0
-0.000131374 -0.000127553 -0.000123862 -0.000120251 -0.000116668 -0.000113057            0            0            0            0
-0.000131374 -0.000127553 -0.000123862 -0.000120251 -0.000116668 -0.000113057            0            0            0            0
-0.000131374 -0.000127553 -0.000123862 -0.000120251 -0.000116668 -0.000113057            0            0            0            0
-0.000131374 -0.000127553 -0.000123862 -0.000120251 -0.000116668 -0.000113057            0            0            0            0
-0.000131374 -0.000127553 -0.000123862 -0.000120251 -0.000116668 -0.000113057            0            0            0            0
-0.000131374 -0.000127553 -0.000123862 -0.000120251 -0.000116668 -0.000113057            0            0            0            0
-0.000131374 -0.000127553 -0.000123862 -0.000120251 -0.000116668 -0.000113057            0            0            0            0
-0.000131374 -0.000127553 -0.000123862 -0.000120251 -0.000116668 -0.000113057            0            0            0            0
-0.000131374 -0.000127553 -0.000123862 -0.000120251 -0.000116668 -0.000113057            0            0            0            0
-0.000131374 -0.000127553 -0.000123862 -0.000120251 -0.000116668 -0.000113057            0            0            0            0
-0.000131374 -0.000127553 -0.000123862 -0.000120251 -0.000116668 -0.000113057            0            0            0            0
-0.000131374 -0.000127553 -0.000123862 -0.000120251 -0.000116668 -0.000113057            0            0            0            0
-0.000131374 -0.000127553 -0.000123862 -0.000120251 -0.000116668 -0.000113057            0            0            0            0
-0.000131374 -0.000127553 -0.000123862 -0.000120251 -0.000116668 -0.000113057            0            0            0            0
-0.000131374 -0.000127553 -0.000123862 -0.000120251 -0.000116668 -0.000113057            0            0            0            0
-0.000131374 -0.000127553 -0.000123862 -0.000120251 -0.000116668 -0.000113057            0            0            0            0
-0.000131374 -0.000127553 -0.000123862 -0.000120251 -0.000116668 -0.000113057            0            0            0            0
-0.000131374 -0.000127553 -0.000123862 -0.000120251 -0.000116668 -0.000113057            0            0            0            0
-0.000131374 -0.000127553 -0.000123862 -0.000120251 -0.000116668 -0.000113057            0            0            0            0
-0.000131374 -0.000127553 -0.000123862 -0.000120251 -0.000116668 -0.000113057            0            0            0            0
-0.000131374 -0.000127553 -0.000123862 -0.000120251 -0.000116668 -0.000113057            0            0            0            0
-0.000131374 -0.000127553 -0.000123862 -0.000120251 -0.000116668 -0.000113057            0            0            0            0
-0.000131374 -0.000127553 -0.000123862 -0.000120251 -0.000116668 -0.000113057            0            0            0            0
-0.000131374 -0.000127553 -0.000123862 -0.000120251 -0.000116668 -0.000113057            0            0            0            0
-0.000131374 -0.000127553 -0.000123862 -0.000120251 -0.000116668 -0.000113057            0            0            0            0
-0.000131374 -0.000127553 -0.000123862 -0.000120251 -0.000116668 -0.000113057            0            0            0            0
-0.000131374 -0.000127553 -0.000123862 -0.000120251 -0.000116668 -0.000113057            0            0            0            0
-0.000131374 -0.000127553 -0.000123862 -0.000120251 -0.000116668 -0.000113057            0            0            0            0
-0.000131374 -0.000127553 -0.000123862 -0.000120251 -0.000116668 -0.000113057            0            0            0            0
-0.000131374 -0.000127553 -0.000123862 -0.000120251 -0.000116668 -0.000113057            0            0            0            0
-0.000131374 -0.000127553 -0.000123862 -0.000120251 -0.000116668 -0.000113057            0            0            0            0
-0.000131374 -0.000127553 -0.000123862 -0.000120251 -0.000116668 -0.000113057            0            0            0            0
-0.000131374 -0.000127553 -0.000123862 -0.000120251 -0.000116668 -0.000113057            0            0            0            0
-0.000131374 -0.000127553 -0.000123862 -0.000120251 -0.000116668 -0.000113057            0            0            0            0
-0.000131374 -0.000127553 -0.000123862 -0.000120251 -0.000116668 -0.000113057            0            0            0            0
-0.000131374 -0.000127553 -0.000123862 -0.000120251 -0.000116668 -0.000113057            0            0            0            0
-0.000131374 -0.000127553 -0.000123862 -0.000120251 -0.000116668 -0.000113057            0            0            0            0
-0.000131374 -0.000127553 -0.000123862 -0.000120251 -0.000116668 -0.000113057            0            0            0            0
-0.000131374 -0.000127553 -0.000123862 -0.000120251 -0.000116668 -0.000113057            0            0            0            0
-0.000131374 -0.000127553 -0.000123862 -0.000120251 -0.000116668 -0.000113057            0            0            0            0
-0.000131374 -0.000127553 -0.000123862 -0.000120251 -0.000116668 -0.000113057            0            0            0            0
-0.000131374 -0.000127553 -0.000123862 -0.000120251 -0.000116668 -0.000113057            0            0            0            0
-0.000131374 -0.000127553 -0.000123862 -0.000120251 -0.000116668 -0.000113057            0            0            0            0
-0.000131374 -0.000127553 -0.000123862 -0.000120251 -0.000116668 -0.000113057            0            0            0            0
-0.000131374 -0.000127553 -0.000123862 -0.000120251 -0.000116668 -0.000113057            0            0            0            0
-0.000131374 -0.000127553 -0.000123862 -0.000120251 -0.000116668 -0.000113057            0            0            0            0
-0.000131374 -0.000127553 -0.000123862 -0.000120251 -0.000116668 -0.000113057            0            0            0            0
-0.000131374 -0.000127553 -0.000123862 -0.000120251 -0.000116668 -0.000113057            0            0            0            0
-0.000131374 -0.000127553 -0.000123862 -0.000120251 -0.000116668 -0.000113057            0            0            0            0
-0.000131374 -0.000127553 -0.000123862 -0.000120251 -0.000116668 -0.000113057            0            0            0            0
-0.000131374 -0.000127553 -0.000123862 -0.000120251 -0.000116668 -0.000113057            0            0            0            0
-0.000131374 -0.000127553 -0.000123862 -0.000120251 -0.000116668 -0.000113057            0            0            0            0
-0.000131374 -0.000127553 -0.000123862 -0.000120251 -0.000116668 -0.000113057            0            0            0            0
-0.000131374 -0.000127553 -0.000123862 -0.000120251 -0.000116668 -0.000113057            0            0            0            0
-0.000131374 -0.000127553 -0.000123862 -0.000120251 -0.000116668 -0.000113057            0            0            0            0
-0.000131374 -0.000127553 -0.000123862 -0.000120251 -0.000116668 -0.000113057            0            0            0            0
-0.000131374 -0.000127553 -0.000123862 -0.000120251 -0.000116668 -0.000113057            0            0            0            0
-0.000131374 -0.000127553 -0.000123862 -0.000120251 -0.000116668 -0.000113057            0            0            0            0
-0.000131374 -0.000127553 -0.000123862 -0.000120251 -0.000116668 -0.000113057            0            0            0            0
-0.000131374 -0.000127553 -0.000123862 -0.000120251 -0.000116668 -0.000113057            0            0            0            0
-0.000131374 -0.000127553 -0.000123862 -0.000120251 -0.000116668 -0.000113057            0            0            0            0
-0.000131374 -0.000127553 -0.000123862 -0.000120251 -0.000116668 -0.000113057            0            0            0            0
-0.000131374 -0.000127553 -0.000123862 -0.000120251 -0.000116668 -0.000113057            0            0            0            0
-0.000131374 -0.000127553 -0.000123862 -0.000120251 -0.000116668 -0.000113057            0            0            0            0
-0.000131374 -0.000127553 -0.000123862 -0.000120251 -0.000116668 -0.000113057            0            0            0            0
-0.000131374 -0.000127553 -0.000123862 -0.000120251 -0.000116668 -0.000113057            0            0            0            0
-0.000131374 -0.000127553 -0.000123862 -0.000120251 -0.000116668 -0.000113057            0            0            0            0
-0.000131374 -0.000127553 -0.000123862 -0.000120251 -0.000116668 -0.000113057            0            0            0            0
-0.000131374 -0.000127553 -0.000123862 -0.000120251 -0.000116668 -0.000113057            0            0            0            0
-0.000131374 -0.000127553 -0.000123862 -0.000120251 -0.000116668 -0.000113057            0            0            0            0
-0.000131374 -0.000127553 -0.000123862 -0.000120251 -0.000116668 -0.000113057            0            0            0            0
-0.000131374 -0.000127553 -0.000123862 -0.000120251 -0.000116668 -0.000113057            0            0            0            0
