-0.102516 -0.102546 -0.102551 -0.102579 -0.102591 -0.102607 -0.102608 -0.102612 -0.102607 -0.102606
-0.102569 -0.102595 -0.102591 -0.102601 -0.102594 -0.102597  -0.10259 -0.102589 -0.102582  -0.10258
-0.102577 -0.102603  -0.10259 -0.102602  -0.10259 -0.102594 -0.102584 -0.102585 -0.102577 -0.102575
-0.102592 -0.102608 -0.102589 -0.102596 -0.102583 -0.102585 -0.102575 -0.102575 -0.102567 -0.102566
-0.102607 -0.102601 -0.102589 -0.102585 -0.102576 -0.102572 -0.102566 -0.102562 -0.102558 -0.102555
-0.102599 -0.102594 -0.102582 -0.102578 -0.102569 -0.102566  -0.10256 -0.102557 -0.102553  -0.10255
-0.102591 -0.102586 -0.102574 -0.102571 -0.102563  -0.10256 -0.102555 -0.102552 -0.102548 -0.102546
-0.102583 -0.102579 -0.102567 -0.102565 -0.102557 -0.102555 -0.102549 -0.102547 -0.102543 -0.102542
-0.102576 -0.102573 -0.102561 -0.102559 -0.102551 -0.102549 -0.102544 -0.102543 -0.102539 -0.102538
-0.102569 -0.102567 -0.102554 -0.102553 -0.102545 -0.102544 -0.102539 -0.102538 -0.102535 -0.102534
-0.102563 -0.102561 -0.102548 -0.102547  -0.10254 -0.102539 -0.102534 -0.102534 -0.102531  -0.10253
-0.102557 -0.102555 -0.102542 -0.102542 -0.102534 -0.102534  -0.10253 -0.102529 -0.102527 -0.102526
-0.102551  -0.10255 -0.102537 -0.102537 -0.102529 -0.102529 -0.102525 -0.102525 -0.102523 -0.102523
-0.102545 -0.102545 -0.102531 -0.102532 -0.102524 -0.102525  -0.10252 -0.102521 -0.102519 -0.102519
 -0.10254  -0.10254 -0.102526 -0.102527 -0.102519  -0.10252 -0.102516 -0.102517 -0.102515 -0.102516
-0.102534 -0.102535  -0.10252 -0.102522 -0.102514 -0.102516 -0.102512 -0.102513 -0.102511 -0.102512
-0.102529  -0.10253 -0.102515 -0.102517 -0.102509 -0.102512 -0.102507 -0.102509 -0.102507 -0.102509
-0.102524 -0.102526  -0.10251 -0.102513 -0.102504 -0.102507 -0.102503 -0.102506 -0.102504 -0.102506
-0.102519 -0.102521 -0.102504 -0.102508 -0.102499 -0.102503 -0.102499 -0.102502   -0.1025 -0.102502
-0.102514 -0.102517 -0.102499 -0.102503 -0.102494 -0.102498 -0.102494 -0.102498 -0.102496 -0.102499
-0.102509 -0.102513 -0.102494 -0.102499 -0.102489 -0.102494  -0.10249 -0.102494 -0.102492 -0.102495
-0.102505 -0.102508 -0.102489 -0.102494 -0.102484  -0.10249 -0.102485  -0.10249 -0.102488 -0.102492
  -0.1025 -0.102504 -0.102483 -0.102489 -0.102479 -0.102485  -0.10248 -0.102485 -0.102484 -0.102488
-0.102495   -0.1025 -0.102478 -0.102484 -0.102474  -0.10248 -0.102476 -0.102481  -0.10248 -0.102484
 -0.10249 -0.102495 -0.102472  -0.10248 -0.102468 -0.102475 -0.102471 -0.102477 -0.102475  -0.10248
-0.102485 -0.102491 -0.102466 -0.102474 -0.102463 -0.102471 -0.102466 -0.102472 -0.102471 -0.102467
 -0.10248 -0.102486  -0.10246 -0.102469 -0.102457 -0.102465  -0.10246 -0.102468 -0.102457 -0.102448
-0.102474 -0.102482 -0.102454 -0.102464 -0.102451  -0.10246 -0.102455 -0.102453 -0.102437 -0.102425
-0.102469 -0.102477 -0.102448 -0.102458 -0.102445 -0.102455 -0.102439 -0.102433 -0.102414 -0.102401
-0.102463 -0.102472 -0.102441 -0.102452 -0.102438 -0.102439 -0.102419  -0.10241 -0.102389 -0.102376
-0.102458 -0.102467 -0.102434 -0.102446 -0.102421 -0.102419 -0.102394 -0.102385 -0.102363 -0.102351
-0.102452 -0.102462 -0.102427  -0.10243   -0.1024 -0.102394 -0.102368 -0.102358 -0.102337 -0.102326
-0.102445 -0.102457  -0.10241 -0.102409 -0.102374 -0.102368  -0.10234 -0.102332 -0.102311 -0.102301
-0.102439 -0.102441 -0.102387 -0.102384 -0.102346  -0.10234 -0.102313 -0.102306 -0.102285 -0.102278
-0.102432 -0.102414 -0.102366 -0.102353 -0.102321  -0.10231 -0.102288 -0.102278 -0.102262 -0.102254
-0.102402 -0.102387 -0.102339 -0.102328 -0.102297 -0.102288 -0.102267 -0.102259 -0.102244 -0.102247
-0.102374 -0.102361 -0.102312 -0.102304 -0.102273 -0.102267 -0.102246 -0.102241 -0.102236 -0.102246
-0.102347 -0.102336 -0.102287 -0.102281 -0.102251 -0.102246 -0.102227 -0.102233 -0.102234 -0.102249
-0.102321 -0.102313 -0.102263 -0.102259 -0.102229 -0.102227 -0.102218  -0.10223 -0.102236 -0.102254
-0.102297  -0.10229  -0.10224 -0.102238 -0.102208 -0.102217 -0.102214 -0.102232  -0.10224  -0.10226
-0.102273 -0.102269 -0.102217 -0.102218 -0.102198 -0.102214 -0.102215 -0.102236 -0.102245 -0.102267
-0.102251 -0.102249 -0.102196 -0.102208 -0.102192 -0.102214 -0.102217  -0.10224 -0.102251 -0.102273
 -0.10223 -0.102229 -0.102184 -0.102203 -0.102191 -0.102217  -0.10222 -0.102245 -0.102256 -0.102279
-0.102209  -0.10222 -0.102178 -0.102203 -0.102192  -0.10222 -0.102224  -0.10225  -0.10226 -0.102283
-0.102188 -0.102224  -0.10217 -0.102209  -0.10219 -0.102226 -0.102225 -0.102256 -0.102263 -0.102288
-0.102192 -0.102227 -0.102169 -0.102209 -0.102187 -0.102224 -0.102221 -0.102253 -0.102259 -0.102286
-0.102193  -0.10223 -0.102166 -0.102207 -0.102183 -0.102221 -0.102217 -0.102249 -0.102255 -0.102282
-0.102193 -0.102231 -0.102162 -0.102204 -0.102177 -0.102216 -0.102211 -0.102244 -0.102249 -0.102277
-0.102192  -0.10223 -0.102156 -0.102199  -0.10217  -0.10221 -0.102203 -0.102238 -0.102242 -0.102271
-0.102189 -0.102228 -0.102148 -0.102193 -0.102161 -0.102203 -0.102195 -0.102231 -0.102235 -0.102264
-0.102185 -0.102225 -0.102139 -0.102186  -0.10215 -0.102194 -0.102185 -0.102222 -0.102225 -0.102256
-0.102179 -0.102221 -0.102128 -0.102177 -0.102138 -0.102184 -0.102173 -0.102212 -0.102215 -0.102247
-0.102172 -0.102215 -0.102116 -0.102167 -0.102125 -0.102172  -0.10216 -0.102201 -0.102204 -0.102237
-0.102163 -0.102208 -0.102102 -0.102155  -0.10211 -0.102159 -0.102146 -0.102189 -0.102191 -0.102226
-0.102153   -0.1022 -0.102086 -0.102142 -0.102093 -0.102145  -0.10213 -0.102175 -0.102177 -0.102214
-0.102141  -0.10219 -0.102069 -0.102127 -0.102075 -0.102129 -0.102113  -0.10216 -0.102161   -0.1022
-0.102128 -0.102179 -0.102049  -0.10211 -0.102054 -0.102112 -0.102094 -0.102143 -0.102144 -0.102185
-0.102113 -0.102167 -0.102028 -0.102092 -0.102032 -0.102093 -0.102073 -0.102125 -0.102126 -0.102169
-0.102096 -0.102153 -0.102005 -0.102073 -0.102008 -0.102072 -0.102051 -0.102106 -0.102106 -0.102151
-0.102078 -0.102138  -0.10198 -0.102051 -0.101983  -0.10205 -0.102027 -0.102085 -0.102085 -0.102132
-0.102058 -0.102121 -0.101953 -0.102028 -0.101955 -0.102026 -0.102001 -0.102062 -0.102062 -0.102112
-0.102036 -0.102102 -0.101923 -0.102003 -0.101925    -0.102 -0.101973 -0.102037 -0.102037  -0.10209
-0.102012 -0.102082 -0.101892 -0.101976 -0.101892 -0.101972 -0.101943 -0.102011  -0.10201 -0.102067
-0.101987 -0.102061 -0.101858 -0.101947 -0.101858 -0.101942 -0.101911 -0.101983 -0.101982 -0.102042
-0.101959 -0.102037 -0.101821 -0.101916 -0.101821 -0.101909 -0.101877 -0.101953 -0.101952 -0.102015
-0.101929 -0.102012 -0.101783 -0.101882 -0.101781 -0.101875  -0.10184 -0.101921 -0.101919 -0.101996
-0.101897 -0.101984 -0.101741 -0.101847 -0.101739 -0.101838 -0.101801 -0.101887 -0.101895 -0.101982
-0.101863 -0.101955 -0.101696 -0.101808 -0.101694 -0.101799  -0.10176 -0.101861 -0.101874 -0.101969
-0.101826 -0.101924 -0.101649 -0.101768 -0.101646 -0.101758 -0.101726 -0.101838 -0.101855 -0.101956
-0.101787  -0.10189 -0.101599 -0.101724 -0.101595 -0.101724 -0.101695 -0.101816 -0.101835 -0.101941
-0.101745 -0.101855 -0.101545 -0.101678 -0.101551 -0.101693 -0.101665 -0.101794 -0.101813 -0.101924
  -0.1017 -0.101816 -0.101488 -0.101639  -0.10151 -0.101662 -0.101633 -0.101769 -0.101788 -0.101904
-0.101652 -0.101776 -0.101438 -0.101603 -0.101468 -0.101631 -0.101599 -0.101742  -0.10176  -0.10188
-0.101602 -0.101743 -0.101389 -0.101568 -0.101425 -0.101597 -0.101561 -0.101711 -0.101728 -0.101853
-0.101547  -0.10172 -0.101334 -0.101535 -0.101374 -0.101561 -0.101517 -0.101677 -0.101689 -0.101823
-0.101515 -0.101694 -0.101282 -0.101491 -0.101318 -0.101514 -0.101464 -0.101631 -0.101642  -0.10177
-0.101477 -0.101664 -0.101224 -0.101442 -0.101256 -0.101461 -0.101405  -0.10158 -0.101579 -0.101709
-0.101434 -0.101628 -0.101159 -0.101387 -0.101188 -0.101402 -0.101341 -0.101514 -0.101506 -0.101638
-0.101384 -0.101587 -0.101088 -0.101327 -0.101114 -0.101338 -0.101261 -0.101437 -0.101424 -0.101562
-0.101328  -0.10154  -0.10101 -0.101261 -0.101033 -0.101257 -0.101169 -0.101351 -0.101336  -0.10148
-0.101267 -0.101489 -0.100925 -0.101188 -0.100934 -0.101166 -0.101068 -0.101259  -0.10124 -0.101392
-0.101199 -0.101432 -0.100833 -0.101099 -0.100824 -0.101064 -0.100959 -0.101159 -0.101138 -0.101294
-0.101125 -0.101369 -0.100723 -0.100999 -0.100703 -0.100955 -0.100842 -0.101052 -0.101025 -0.101187
-0.101044 -0.101291   -0.1006 -0.100887 -0.100573 -0.100838 -0.100716 -0.100935 -0.100903 -0.101092
-0.100958 -0.101193 -0.100473 -0.100763 -0.100438  -0.10071 -0.100582 -0.100806 -0.100794 -0.101073
-0.100839  -0.10109  -0.10033 -0.100639 -0.100294 -0.100578 -0.100441 -0.100696 -0.100764 -0.101234
-0.100715 -0.100983 -0.100181 -0.100507 -0.100139 -0.100437  -0.10031 -0.100661 -0.100908 -0.101524
 -0.100586  -0.100871  -0.100022  -0.100364 -0.0999725  -0.100306  -0.100253  -0.100798   -0.10118  -0.101207
 -0.100451  -0.100751 -0.0998517   -0.10021 -0.0998151  -0.100249  -0.100367  -0.101064  -0.100843 -0.0980306
 -0.100308  -0.100622 -0.0996691  -0.100066   -0.09973  -0.100363  -0.100609  -0.100721 -0.0976458  -0.088687
 -0.100153  -0.100484 -0.0994941  -0.099996 -0.0998149  -0.100605   -0.10024 -0.0975172 -0.0882802 -0.0752531
-0.0999862  -0.100358 -0.0993893  -0.100097  -0.100024  -0.100235  -0.097007  -0.088144 -0.0748221 -0.0587226
 -0.099829  -0.100306 -0.0994529  -0.100323 -0.0996184 -0.0970026 -0.0876027 -0.0746777 -0.0582652 -0.0409552
-0.0997489  -0.100417  -0.099645 -0.0999337 -0.0963534 -0.0875982  -0.074108 -0.0581134  -0.040474 -0.0246143
-0.0998508  -0.100624 -0.0992453 -0.0966738 -0.0869395 -0.0741041 -0.0575356 -0.0403206 -0.0241263 -0.0135367
  -0.100091    -0.10016  -0.0960297  -0.0872401  -0.0734891  -0.0575336  -0.0397817  -0.0239845  -0.0130819 -0.00575983
   -0.099693   -0.0968202   -0.0866819   -0.0737507   -0.0570027   -0.0397823   -0.0235204   -0.0129619  -0.00536859 -0.000662919
  -0.0962713   -0.0876188   -0.0730904   -0.0573114   -0.0391528   -0.0235194   -0.0124108  -0.00522462 -0.000198038    0.0028655
 -0.0860507  -0.0755822   -0.055528  -0.0400061  -0.0218551  -0.0124506 -0.00378437 0.000142013  0.00407149  0.00541974
 -0.0783967  -0.0558275   -0.040377   -0.020921  -0.0117434 -0.00241681  0.00125929  0.00550592  0.00662864  0.00835527
 -0.0580834  -0.0362282  -0.0238047  -0.0104315 -0.00522588  0.00118219  0.00301877  0.00591716  0.00624238  0.00739244
 -0.0385775  -0.0195388  -0.0134027 -0.00386695  -0.0017016   0.0029527  0.00336868  0.00552422  0.00523001  0.00611807
  -0.0221497  -0.00869353   -0.0071509 -0.000195975 -0.000228616   0.00330303   0.00271559   0.00444461   0.00373636    0.0045204
  -0.0125091 -0.000579232  -0.00482106   0.00192448   -0.0011192   0.00269256  0.000567232   0.00270977   0.00124653   0.00243625
-0.000188199 -0.000151404 -0.000752345 -0.000655914 -0.000967038 -0.000861145  -0.00101394 -0.000916663 -0.000982866 -0.000898888
 -0.00046147 -0.000301082 -0.000983832 -0.000803404  -0.00115797 -0.000994646  -0.00116911  -0.00103218  -0.00110788 -0.000985161
-0.000638665 -0.000459721  -0.00118004 -0.000975842  -0.00134342  -0.00115719   -0.0013327  -0.00117582  -0.00123609  -0.00109115
-0.000816134 -0.000617933  -0.00137844  -0.00114984  -0.00153189  -0.00132223  -0.00149957  -0.00131129  -0.00136197  -0.00119583
-0.000994474 -0.000776455  -0.00157978  -0.00132617  -0.00172409  -0.00149046  -0.00165934  -0.00144464  -0.00148742  -0.00130252
 -0.00117444 -0.000935972  -0.00178486  -0.00150554  -0.00192077  -0.00165153  -0.00181808  -0.00157779  -0.00161578  -0.00141211
-0.00135679 -0.00109716 -0.00199448 -0.00168865 -0.00211166  -0.0018115 -0.00197779 -0.00171409 -0.00174802  -0.0015265
-0.00154226 -0.00126069 -0.00220944  -0.0018652 -0.00230291 -0.00197237 -0.00214191 -0.00185456 -0.00188611 -0.00164616
-0.00173158 -0.00142721 -0.00241951 -0.00204129 -0.00249663  -0.0021376 -0.00231154 -0.00200116 -0.00203059 -0.00177219
-0.00192549 -0.00158636 -0.00263091 -0.00221899 -0.00269635 -0.00230829 -0.00248873 -0.00215448 -0.00218263   -0.001905
-0.00212517 -0.00173633 -0.00285293 -0.00239703 -0.00290773 -0.00248363 -0.00267695 -0.00231402 -0.00234449 -0.00204503
-0.00230421 -0.00189146 -0.00307577 -0.00258955 -0.00312924 -0.00267612 -0.00287852 -0.00249043 -0.00252083 -0.00221401
-0.00249247 -0.00205431  -0.0033101 -0.00279192 -0.00336228 -0.00287858 -0.00309074 -0.00267683 -0.00272019 -0.00240259
-0.00269041  -0.0022254 -0.00355657 -0.00300473 -0.00360745 -0.00309167 -0.00331485 -0.00288673 -0.00294074 -0.00260894
-0.00289865 -0.00240527 -0.00381588 -0.00322854 -0.00386551 -0.00331662 -0.00356441 -0.00311829 -0.00318071 -0.00280953
-0.00311784 -0.00259445  -0.0040887 -0.00346405 -0.00413779 -0.00356698  -0.0038377 -0.00336977 -0.00341665 -0.00293787
-0.00334858 -0.00279343 -0.00437585 -0.00371252 -0.00443797 -0.00384104 -0.00413306 -0.00361777 -0.00358214 -0.00289177
-0.00359149 -0.00300287 -0.00467871  -0.0039876 -0.00476444 -0.00413715  -0.0044272 -0.00379588  -0.0035751 -0.00272159
-0.00384729   -0.003224 -0.00501103 -0.00428761 -0.00511564   -0.004432 -0.00465378 -0.00380204 -0.00344594 -0.00319899
-0.00411734 -0.00347039 -0.00537128 -0.00461094  -0.0054684 -0.00465926 -0.00471087 -0.00368669 -0.00396642 -0.00666371
-0.00440398  -0.0037479 -0.00575103 -0.00493904 -0.00575227 -0.00471986 -0.00464638 -0.00422336 -0.00747475  -0.0165184
-0.00473837 -0.00404186 -0.00614111 -0.00519255  -0.0058697  -0.0046527 -0.00523175 -0.00774207    -0.01737  -0.0304742
-0.00509126 -0.00432901 -0.00646683 -0.00527649 -0.00587187 -0.00523875 -0.00881138  -0.0176537  -0.0313773  -0.0475438
-0.00544149 -0.00454484 -0.00662794 -0.00524286 -0.00653192 -0.00881903   -0.018788  -0.0316785  -0.0485018  -0.0665499
-0.00571944 -0.00459833 -0.00666992 -0.00586775  -0.0101846  -0.0187961  -0.0328763  -0.0488199  -0.0675616  -0.0870605
-0.00581759 -0.00456491 -0.00734808 -0.00949546  -0.0202124  -0.0328843   -0.050062  -0.0678911  -0.0881095   -0.108521
  -0.005786 -0.00524593  -0.0109746  -0.0195231  -0.0342983  -0.0500686  -0.0691306  -0.0884371   -0.109568   -0.130813
-0.00643765 -0.00893249  -0.0209613  -0.0336269  -0.0514415  -0.0691348  -0.0896398   -0.109884   -0.131828   -0.153544
-0.0102535 -0.0186901 -0.0352254 -0.0506962 -0.0706621 -0.0896462  -0.111222  -0.132181  -0.154674   -0.17593
-0.0211212 -0.0312518 -0.0535228 -0.0693223  -0.092307  -0.111186  -0.134494  -0.155244  -0.177873  -0.195802
-0.0291101 -0.0518105 -0.0699167 -0.0928288  -0.112869  -0.135934  -0.157241  -0.179596  -0.197767  -0.210558
-0.0502327 -0.0729122 -0.0907584    -0.1138  -0.133899  -0.157164  -0.177787  -0.197232  -0.209017  -0.217769
-0.0711812 -0.0939818  -0.111565  -0.134912   -0.15498  -0.177719  -0.195295  -0.208456  -0.216122  -0.221846
-0.0920773  -0.115073  -0.132476  -0.156089  -0.175344  -0.195229  -0.206353   -0.21552   -0.22006  -0.223944
 -0.11299 -0.136278 -0.153443 -0.176552 -0.192658  -0.20629 -0.213246 -0.219415 -0.222014 -0.224515
  0.0809729   0.0574802   0.0412883   0.0210421   0.0114651  0.00181515 -0.00198154 -0.00632969 -0.00744981 -0.00917746
  0.0598626   0.0370025   0.0240323    0.010093  0.00470989 -0.00192422 -0.00377502 -0.00673747 -0.00701161 -0.00815257
  0.0394926   0.0195808   0.0132026  0.00327989   0.0010807 -0.00372185 -0.00408801 -0.00627818 -0.00590766 -0.00677953
   0.0223449   0.00828194   0.00671984 -0.000503662 -0.000401701  -0.00403409  -0.00335263  -0.00510186  -0.00430166  -0.00506976
    0.012309 -0.000158134   0.00434498  -0.00266558  0.000590459  -0.00334231  -0.00105241  -0.00324118  -0.00165344  -0.00285192
-0.000542246 -0.000542624  0.000142397  9.79617e-05  0.000485591  0.000432619  0.000650207  0.000600584  0.000719509  0.000675837
-0.000191527 -0.000325747  0.000445113  0.000306712  0.000737214  0.000618142  0.000854892  0.000758464  0.000883772  0.000795609
 5.43444e-05 -0.000103349  0.000707204   0.00053832  0.000980098  0.000831456   0.00106605  0.000943755   0.00105012  0.000934775
0.000296741 0.000115042 0.000968282 0.000768542  0.00122341  0.00104495  0.00127849  0.00111915  0.00121266  0.00107137
0.000536604 0.000330493  0.00122942  0.00099845  0.00146816  0.00125959  0.00148208  0.00129088  0.00137349  0.00120887
0.000775025    0.000544  0.00149172  0.00122904  0.00171537  0.00146525   0.0016831  0.00146108  0.00153611  0.00134834
 0.00101306 0.000756527   0.0017563  0.00146128    0.001955  0.00166822  0.00188377  0.00163327  0.00170168  0.00149181
 0.00125175 0.000969014  0.00202422   0.0016851  0.00219347  0.00187073  0.00208774  0.00180866  0.00187231  0.00163987
0.00149211 0.00118238 0.00228552 0.00190686  0.0024331 0.00207643 0.00229627 0.00198937 0.00204869 0.00179377
0.00173512 0.00138649 0.00254667 0.00212885 0.00267766  0.0022866 0.00251162 0.00217614 0.00223213 0.00195404
0.00198222 0.00157978  0.0028172 0.00235001 0.00293301 0.00250064 0.00273741 0.00236861 0.00242504 0.00212129
0.00220723 0.00177679 0.00308755 0.00258469 0.00319781 0.00273122 0.00297614  0.0025776 0.00263227 0.00231757
0.00244025  0.0019803 0.00336859 0.00282845 0.00347366 0.00297131 0.00322526 0.00279641 0.00286266 0.00253389
0.00268194 0.00219102  0.0036612 0.00308207 0.00376134 0.00322174 0.00348621 0.00303886 0.00311479 0.00276846
0.00293312 0.00240969 0.00396625 0.00334628 0.00406178 0.00348394 0.00377291 0.00330355 0.00338692 0.00299589
0.00319464 0.00263699 0.00428462 0.00362194 0.00437655 0.00377183 0.00408403 0.00358875 0.00365375 0.00314358
0.00346729 0.00287359 0.00461731 0.00391055 0.00471967 0.00408409   0.004418 0.00386922 0.00384279 0.00310005
0.00375185 0.00312032 0.00496593  0.0042261 0.00508996 0.00441913 0.00474965 0.00407247 0.00384264 0.00292036
0.00404922 0.00337864  0.0053446 0.00456735 0.00548595 0.00475182 0.00500663 0.00408715 0.00370847  0.0034481
  0.004361 0.00366242 0.00575222 0.00493274 0.00588265 0.00500977 0.00507768 0.00396845 0.00428394 0.00724068
0.00468987 0.00397794 0.00618047 0.00530189 0.00620356 0.00508461 0.00501552 0.00456182 0.00812497  0.0180173
0.00506745 0.00431053 0.00661841 0.00558937 0.00634194 0.00502003 0.00566355   0.008415  0.0189472  0.0332769
0.00546458   0.004635 0.00698542 0.00569097 0.00635384 0.00566899   0.009584  0.0192555  0.0342637  0.0519397
0.00585815 0.00488092 0.00717194 0.00566355 0.00708439 0.00959032  0.0204962  0.0345914  0.0529871  0.0727189
0.00617214 0.00494884 0.00722777 0.00635546  0.0110856  0.0205032  0.0359022  0.0533336  0.0738257  0.0951425
 0.0062891 0.00492126 0.00797851  0.0103291  0.0220545  0.0359093  0.0546935  0.0741849  0.0962906   0.118604
0.00626377 0.00567413  0.0119515  0.0212977  0.0374588  0.0546991  0.0755427  0.0966481    0.11975   0.142974
0.00698482 0.00971173   0.022876  0.0367213  0.0562045  0.0755458  0.0979663   0.120095   0.144086   0.167824
 0.011164 0.0203848 0.0384754  0.055386 0.0772207 0.0979719  0.121563  0.144472  0.169063  0.192298
0.0230508 0.0341224 0.0584831 0.0757521  0.100886  0.121522  0.147006  0.169686  0.194425  0.214023
0.0317906 0.0566007   0.07641  0.101452  0.123368  0.148578  0.171874  0.196309  0.216175  0.230156
0.0548857 0.0796723 0.0991984  0.124381  0.146362  0.171789  0.194338   0.21559  0.228476  0.238042
0.0777903  0.102709  0.121949  0.147465  0.169411  0.194263   0.21348  0.227864  0.236247  0.242503
0.100637 0.125769 0.144812 0.170617 0.191677 0.213408 0.225574  0.23559 0.240557   0.2448
0.123503 0.148952 0.167737 0.192991 0.210607 0.225504 0.233113 0.239854 0.242697 0.245428
 -0.0884965  -0.0628239  -0.0451014  -0.0229774  -0.0124964 -0.00195379  0.00220289  0.00695141  0.00817899    0.010064
 -0.0654156  -0.0404351  -0.0262326  -0.0110031 -0.00510577  0.00213961  0.00416938  0.00740253  0.00770524  0.00894836
 -0.0431439  -0.0213866  -0.0143879 -0.00354963 -0.00113183  0.00411072  0.00451777  0.00690601  0.00650392  0.00745226
 -0.0243942 -0.00903056 -0.00729443 0.000592587 0.000495727  0.00445835  0.00372039  0.00562587  0.00475397  0.00558824
  -0.0134179  0.000200752   -0.0046909   0.00296241 -0.000581334   0.00370868   0.00121275   0.00359785   0.00186499   0.00316901
 0.000635768  0.000627156 -8.94784e-05 -5.13053e-05 -0.000459151 -0.000410804 -0.000641532  -0.00059539 -0.000722933 -0.000681848
 0.000259435   0.00039631 -0.000412289 -0.000272432 -0.000726422 -0.000606807 -0.000858336 -0.000761885 -0.000896528 -0.000808546
-2.18259e-06  0.000159513 -0.000690495 -0.000518375 -0.000983917 -0.000832991  -0.00108199 -0.000958143  -0.00107322 -0.000956773
-0.000259858 -7.27928e-05 -0.000967362 -0.000762609  -0.00124162  -0.00105915  -0.00130679  -0.00114438  -0.00124604  -0.00110238
-0.000514593  -0.00030175  -0.00124403  -0.00100628  -0.00150062  -0.00128632  -0.00152267   -0.0013269  -0.00141712  -0.00124888
-0.000767549 -0.000528419  -0.00152168  -0.00125044  -0.00176198  -0.00150441  -0.00173597  -0.00150787  -0.00159003  -0.00139739
-0.00101986 -0.00075383 -0.00180148 -0.00149612 -0.00201574  -0.0017198 -0.00194894 -0.00169087 -0.00176595 -0.00154995
 -0.00127262 -0.000978984  -0.00208458  -0.00173333  -0.00226837  -0.00193474  -0.00216529  -0.00187713  -0.00194704  -0.00170722
-0.00152691 -0.00120486 -0.00236107 -0.00196847 -0.00252227 -0.00215295 -0.00238635 -0.00206883 -0.00213404 -0.00187046
-0.00178379 -0.00142138 -0.00263751 -0.00220388 -0.00278124 -0.00237576 -0.00261441 -0.00226676 -0.00232829 -0.00204024
-0.00204475 -0.00162703 -0.00292346 -0.00243858 -0.00305121 -0.00260262 -0.00285314  -0.0024706 -0.00253224 -0.00221725
-0.00228367 -0.00183641 -0.00320943 -0.00268696 -0.00333091 -0.00284624 -0.00310508 -0.00269119  -0.0027508 -0.00242363
 -0.0025307 -0.00205235 -0.00350636 -0.00294463 -0.00362197 -0.00309964 -0.00336774 -0.00292192 -0.00299296  -0.0026506
-0.00278656 -0.00227562 -0.00381519 -0.00321242 -0.00392524  -0.0033637 -0.00364265 -0.00317675 -0.00325746 -0.00289635
-0.00305215   -0.002507 -0.00413684 -0.00349112  -0.0042417 -0.00363994 -0.00394383 -0.00345443 -0.00354257 -0.00313453
-0.00332835 -0.00274722 -0.00447226 -0.00378165 -0.00457299 -0.00394239 -0.00427017 -0.00375326 -0.00382204 -0.00328949
  -0.003616   -0.002997 -0.00482249 -0.00408558  -0.0049333 -0.00426994 -0.00462008 -0.00404703 -0.00402033 -0.00324507
-0.00391595 -0.00325722 -0.00518925 -0.00441703 -0.00532164 -0.00462101 -0.00496747 -0.00426022 -0.00402135 -0.00305869
-0.00422914 -0.00352941 -0.00558678 -0.00477495 -0.00573653  -0.0049695 -0.00523693 -0.00427679 -0.00388264 -0.00360986
-0.00455727 -0.00382758  -0.0060142 -0.00515782 -0.00615205    -0.00524 -0.00531255 -0.00415431 -0.00448381 -0.00756484
-0.00490315 -0.00415819 -0.00646322 -0.00554429 -0.00648869 -0.00531947 -0.00524941 -0.00477416 -0.00848962   -0.018801
-0.00529862 -0.00450655 -0.00692197  -0.0058459 -0.00663507 -0.00525397  -0.0059269 -0.00879294  -0.0197739  -0.0347114
-0.00571451 -0.00484647 -0.00730684 -0.00595377 -0.00664967 -0.00593244  -0.0100161  -0.0200964  -0.0357439  -0.0541698
-0.00612677 -0.00510454 -0.00750363  -0.0059272 -0.00741358  -0.0100226  -0.0213947  -0.0360867  -0.0552658  -0.0758348
-0.00645611  -0.0051771 -0.00756426 -0.00665065  -0.0115874  -0.0214019  -0.0374585  -0.0556283   -0.076993  -0.0992142
-0.00658011 -0.00515015 -0.00834947  -0.0107956  -0.0230256  -0.0374657  -0.0570516  -0.0773689   -0.100416   -0.123676
-0.00655585 -0.00593694  -0.0124942  -0.0222332  -0.0390879  -0.0570574  -0.0787903    -0.10079   -0.124876   -0.149085
-0.00730983  -0.0101483  -0.0238862  -0.0383156  -0.0586341  -0.0787935   -0.102171   -0.125237   -0.150249   -0.174994
-0.0116692 -0.0212775 -0.0401524 -0.0577769 -0.0805474  -0.102176  -0.126774  -0.150654  -0.176291  -0.200511
-0.0240642 -0.0356019 -0.0610146 -0.0790123  -0.105223  -0.126732  -0.153302  -0.176943  -0.202735  -0.223163
-0.0331786 -0.0590389 -0.0797075  -0.105809  -0.128665  -0.154942  -0.179232  -0.204701  -0.225413  -0.239985
-0.0572591 -0.0830946  -0.103469  -0.129716  -0.152641  -0.179143  -0.202654  -0.224806   -0.23824  -0.248208
-0.0811411  -0.107114  -0.127191  -0.153785  -0.176673  -0.202576  -0.222615  -0.237605  -0.246345  -0.252862
-0.104963 -0.131157  -0.15103 -0.177926 -0.199891 -0.222539 -0.235226 -0.245663 -0.250841 -0.255259
-0.128805  -0.15533 -0.174935 -0.201256 -0.219631 -0.235153  -0.24309 -0.250111 -0.253075 -0.255917
  0.0922123   0.0654547   0.0469559   0.0238995   0.0129625  0.00197976 -0.00235751 -0.00730081 -0.00858114  -0.0105404
  0.0681457   0.0421102   0.0272798   0.0114119  0.00525298 -0.00229165 -0.00441172 -0.00777467 -0.00809078 -0.00938037
  0.0449226   0.0222479   0.0149264  0.00363726   0.0011053 -0.00435067  -0.0047792 -0.00726077 -0.00684209 -0.00782393
   0.0253711   0.00936278   0.00752621 -0.000685448 -0.000596436  -0.00471737   -0.0039524  -0.00593012  -0.00502165  -0.00588411
   0.0139236 -0.000264885   0.00480671  -0.00316059  0.000521257  -0.00394033  -0.00134282  -0.00381999  -0.00201394  -0.00336566
-0.000732426 -0.000713174  3.99516e-06 -2.33638e-05   0.00038837  0.000349658  0.000585307   0.00054724  0.000679651  0.000645113
-0.000344685 -0.000476459  0.000334736  0.000202164  0.000661191  0.000548931  0.000805983  0.000716115  0.000855915  0.000773489
-7.68093e-05  -0.00023377  0.000618636  0.000453273  0.000923478  0.000779372   0.00103349  0.000915743    0.0010356  0.000924301
0.000186673 3.99327e-06 0.000900783 0.000702291  0.00118563  0.00100947  0.00126186   0.0011051  0.00121119   0.0010723
0.000446788 0.000238007  0.00118234 0.000950391  0.00144873  0.00124029  0.00148104  0.00129051  0.00138484  0.00122102
0.000704729 0.000469361  0.00146452  0.00119866  0.00171391  0.00146177   0.0016974  0.00147416  0.00156012  0.00137158
0.000961656 0.000699113  0.00174852  0.00144815   0.0019712  0.00168029  0.00191321  0.00165964  0.00173825  0.00152604
  0.0012187 0.000928289  0.00203551  0.00168888  0.00222711  0.00189814  0.00213219  0.00184819  0.00192138  0.00168508
0.00147695 0.00115789 0.00231562 0.00192729 0.00248404 0.00211904 0.00235568 0.00204203 0.00211026 0.00184995
0.00173751 0.00137786 0.00259539 0.00216573 0.00274582 0.00234434 0.00258599 0.00224193 0.00230626 0.00202124
0.00200187 0.00158671 0.00288443 0.00240323  0.0030184 0.00257351 0.00282682  0.0024476 0.00251183 0.00219964
0.00224394 0.00179906 0.00317327 0.00265421 0.00330051 0.00281927  0.0030807 0.00266989  0.0027319 0.00240733
0.00249389 0.00201774 0.00347286 0.00291428  0.0035938 0.00307465 0.00334515 0.00290218 0.00297545  0.0026355
0.00275246 0.00224356 0.00378415 0.00318431 0.00389914 0.00334056 0.00362171 0.00315846 0.00324124 0.00288236
0.00302056 0.00247729 0.00410809 0.00346508 0.00421752  0.0036185 0.00392443 0.00343749 0.00352754 0.00312158
0.00329908 0.00271969 0.00444562 0.00375751 0.00455059 0.00392252  0.0042522 0.00373756 0.00380813 0.00327749
0.00358888  0.0029715 0.00479781 0.00406322 0.00491254 0.00425154 0.00460343 0.00403249 0.00400743 0.00323395
0.00389082 0.00323359 0.00516638 0.00439631  0.0053024 0.00460395 0.00495205 0.00424675 0.00400941 0.00304839
0.00420587 0.00350752 0.00556559 0.00475576 0.00571871  0.0049537 0.00522264 0.00426432 0.00387158 0.00360032
 0.0045357  0.0038073 0.00599457 0.00514004 0.00613554 0.00522536 0.00529931 0.00414275 0.00447357 0.00755601
0.00488317 0.00413941 0.00644502 0.00552781  0.0064734 0.00530591 0.00523715 0.00476346 0.00848012  0.0187929
 0.0052801 0.00448914 0.00690511 0.00583063  0.0066209 0.00524141 0.00591554 0.00878302  0.0197651  0.0347038
0.00569736 0.00483035 0.00729123 0.00593963 0.00663654  0.0059208  0.0100056  0.0200872  0.0357358  0.0541628
0.00611088  0.0050896 0.00748916  0.0059141 0.00740142  0.0100118  0.0213849  0.0360782  0.0552583  0.0758283
0.00644139 0.00516326 0.00755085 0.00663851  0.0115761  0.0213919  0.0374494  0.0556205   0.076986  0.0992082
0.00656648 0.00513733 0.00833705  0.0107843  0.0230151  0.0374565  0.0570432  0.0773616   0.100409   0.123671
0.00654322 0.00592505  0.0124827  0.0222227  0.0390783  0.0570489  0.0787826   0.100783    0.12487    0.14908
0.00729812  0.0101373  0.0238756  0.0383059  0.0586252  0.0787856   0.102163   0.125231   0.150244   0.174989
0.0116584 0.0212673 0.0401425  0.057768 0.0805391  0.102169  0.126767  0.150648  0.176286  0.200507
0.0240542 0.0355924 0.0610054  0.079004  0.105216  0.126725  0.153296  0.176938  0.202731  0.223159
0.0331692 0.0590301  0.079699  0.105801  0.128658  0.154935  0.179226  0.204696  0.225408  0.239981
0.0572504 0.0830865  0.103461  0.129709  0.152634  0.179137  0.202649  0.224801  0.238236  0.248205
0.0811331  0.107106  0.127183  0.153778  0.176667  0.202571   0.22261    0.2376  0.246341  0.252858
0.104956  0.13115 0.151024  0.17792 0.199885 0.222534 0.235222 0.245659 0.250837 0.255256
0.128798 0.155324 0.174929  0.20125 0.219626 0.235149 0.243086 0.250107 0.253072 0.255914
 -0.0922186  -0.0654607  -0.0469617  -0.0239047  -0.0129674 -0.00198407  0.00235362  0.00729741  0.00857813   0.0105378
 -0.0681516  -0.0421157  -0.0272852  -0.0114168 -0.00525749  0.00228766  0.00440811  0.00777152  0.00808799  0.00937797
  -0.044928  -0.0222531  -0.0149314 -0.00364176 -0.00110947  0.00434697  0.00477585  0.00725785   0.0068395  0.00782171
 -0.0253762 -0.00936754 -0.00753082  0.00068128 0.000592568  0.00471395   0.0039493  0.00592742  0.00501925  0.00588205
 -0.0139283 0.000260484 -0.00481097  0.00315673 -0.00052484  0.00393715  0.00133995  0.00381749  0.00201173  0.00336375
 0.000728092  0.000709096 -7.94563e-06  1.97869e-05 -0.000391691   -0.0003526 -0.000587965 -0.000549559 -0.000681705 -0.000646881
  0.00034067  0.000472681 -0.000338396 -0.000205478 -0.000664267 -0.000551656 -0.000808446 -0.000718263 -0.000857818 -0.000775126
 7.30889e-05  0.000230271 -0.000622027 -0.000456343 -0.000926328 -0.000781897  -0.00103577 -0.000917733  -0.00103736 -0.000925818
 -0.00019012 -7.23571e-06 -0.000903925 -0.000705135  -0.00118827  -0.00101181  -0.00126397  -0.00110695  -0.00121282  -0.00107371
-0.000449981 -0.000241011  -0.00118525 -0.000953026  -0.00145118  -0.00124246    -0.001483  -0.00129222  -0.00138635  -0.00122232
-0.000707687 -0.000472144  -0.00146722   -0.0012011  -0.00171617  -0.00146378  -0.00169921  -0.00147574  -0.00156152  -0.00137278
-0.000964396 -0.000701692  -0.00175102  -0.00145041   -0.0019733  -0.00168215  -0.00191489   -0.0016611  -0.00173954  -0.00152716
 -0.00122123 -0.000930677  -0.00203783  -0.00169098  -0.00222905  -0.00189986  -0.00213374  -0.00184955  -0.00192258  -0.00168611
 -0.0014793  -0.0011601 -0.00231776 -0.00192923 -0.00248584 -0.00212063 -0.00235712 -0.00204329 -0.00211138  -0.0018509
-0.00173968 -0.00137991 -0.00259737 -0.00216753 -0.00274749 -0.00234582 -0.00258733  -0.0022431 -0.00230729 -0.00202213
-0.00200388 -0.00158861 -0.00288627 -0.00240489 -0.00301994 -0.00257488 -0.00282805 -0.00244868 -0.00251279 -0.00220047
-0.00224581 -0.00180082 -0.00317497 -0.00265575 -0.00330194 -0.00282054 -0.00308184 -0.00267088 -0.00273278 -0.00240809
-0.00249562 -0.00201937 -0.00347444 -0.00291571 -0.00359513 -0.00307583 -0.00334621 -0.00290311 -0.00297627 -0.00263621
-0.00275407 -0.00224507 -0.00378561 -0.00318563 -0.00390037 -0.00334165  -0.0036227 -0.00315932   -0.003242 -0.00288301
-0.00302204 -0.00247869 -0.00410944  -0.0034663 -0.00421866 -0.00361951 -0.00392534 -0.00343828 -0.00352825 -0.00312218
-0.00330045 -0.00272099 -0.00444687 -0.00375865 -0.00455165 -0.00392346 -0.00425304  -0.0037383 -0.00380878 -0.00327805
-0.00359016  -0.0029727 -0.00479897 -0.00406427 -0.00491352  -0.0042524 -0.00460421 -0.00403317 -0.00400803 -0.00323447
  -0.003892 -0.00323471 -0.00516746 -0.00439728 -0.00530331 -0.00460476 -0.00495278 -0.00424738 -0.00400996 -0.00304887
-0.00420696 -0.00350855 -0.00556659 -0.00475667 -0.00571955 -0.00495444 -0.00522331  -0.0042649 -0.00387209 -0.00360077
-0.00453672 -0.00380825 -0.00599549 -0.00514087 -0.00613632 -0.00522605 -0.00529993 -0.00414329 -0.00447404 -0.00755642
-0.00488411 -0.00414029 -0.00644588 -0.00552859 -0.00647412 -0.00530655 -0.00523772 -0.00476396 -0.00848057  -0.0187932
-0.00528098 -0.00448996 -0.00690591 -0.00583135 -0.00662157   -0.005242 -0.00591607 -0.00878349  -0.0197656  -0.0347042
-0.00569817 -0.00483111 -0.00729196  -0.0059403 -0.00663716 -0.00592135  -0.0100061  -0.0200876  -0.0357361  -0.0541631
-0.00611163 -0.00509031 -0.00748984 -0.00591472 -0.00740199  -0.0100123  -0.0213854  -0.0360786  -0.0552586  -0.0758286
-0.00644209 -0.00516391 -0.00755149 -0.00663909  -0.0115767  -0.0213924  -0.0374499  -0.0556208  -0.0769863  -0.0992085
-0.00656712 -0.00513793 -0.00833764  -0.0107849  -0.0230156  -0.0374569  -0.0570436  -0.0773619    -0.10041   -0.123671
-0.00654381 -0.00592561  -0.0124832  -0.0222232  -0.0390787  -0.0570493  -0.0787829   -0.100784    -0.12487    -0.14908
-0.00729867  -0.0101378  -0.0238761  -0.0383064  -0.0586256   -0.078786   -0.102164   -0.125231   -0.150244    -0.17499
-0.0116589 -0.0212678  -0.040143 -0.0577684 -0.0805395  -0.102169  -0.126768  -0.150648  -0.176286  -0.200507
-0.0240546 -0.0355929 -0.0610058 -0.0790044  -0.105216  -0.126725  -0.153296  -0.176938  -0.202731  -0.223159
-0.0331697 -0.0590305 -0.0796994  -0.105802  -0.128658  -0.154935  -0.179227  -0.204697  -0.225408  -0.239981
-0.0572508 -0.0830868  -0.103461   -0.12971  -0.152634  -0.179138  -0.202649  -0.224801  -0.238237  -0.248205
-0.0811335  -0.107106  -0.127184  -0.153779  -0.176668  -0.202571   -0.22261  -0.237601  -0.246341  -0.252859
-0.104956 -0.131151 -0.151024 -0.177921 -0.199885 -0.222534 -0.235222 -0.245659 -0.250837 -0.255257
-0.128798 -0.155324  -0.17493  -0.20125 -0.219626 -0.235149 -0.243086 -0.250107 -0.253072 -0.255914
  0.0922183   0.0654604   0.0469614   0.0239045   0.0129672  0.00198387  -0.0023538 -0.00729757 -0.00857827  -0.0105379
  0.0681513   0.0421154   0.0272849   0.0114166  0.00525728 -0.00228784 -0.00440828 -0.00777166 -0.00808812 -0.00937808
  0.0449277   0.0222528   0.0149311  0.00364155  0.00110927 -0.00434715 -0.00477601 -0.00725799 -0.00683962 -0.00782181
   0.0253759   0.00936731    0.0075306 -0.000681476  -0.00059275  -0.00471411  -0.00394945  -0.00592754  -0.00501937  -0.00588214
   0.0139281 -0.000260691   0.00481077  -0.00315691  0.000524672   -0.0039373  -0.00134009  -0.00381761  -0.00201183  -0.00336384
-0.000728295 -0.000709288   7.7597e-06 -1.99551e-05  0.000391534  0.000352462  0.000587841  0.000549451   0.00068161  0.000646798
-0.000340858 -0.000472859  0.000338224  0.000205322  0.000664122  0.000551529  0.000808331  0.000718163  0.000857729   0.00077505
-7.32636e-05 -0.000230435  0.000621868  0.000456199  0.000926194  0.000781778   0.00103566   0.00091764   0.00103728  0.000925747
0.000189958 7.08335e-06 0.000903777 0.000705001  0.00118814   0.0010117  0.00126387  0.00110686  0.00121274  0.00107364
0.000449831 0.000240869  0.00118511 0.000952902  0.00145106  0.00124236  0.00148291  0.00129214  0.00138628  0.00122226
0.000707548 0.000472013  0.00146709  0.00120098  0.00171607  0.00146369  0.00169913  0.00147566  0.00156146  0.00137273
0.000964267  0.00070157   0.0017509  0.00145031   0.0019732  0.00168206  0.00191481  0.00166103  0.00173948  0.00153859
 0.00122112 0.000930565  0.00203772  0.00169088  0.00222896  0.00189978  0.00213367  0.00184949  0.00193401   0.0017141
0.00147919    0.00116 0.00231766 0.00192914 0.00248575 0.00212056 0.00235705 0.00205471 0.00213937 0.00190002
0.00173958 0.00137982 0.00259728 0.00216744 0.00274741 0.00234575 0.00259875 0.00227109  0.0023564 0.00209352
0.00200379 0.00158852 0.00288619 0.00240481 0.00301987  0.0025863 0.00285604 0.00249778 0.00258418 0.00229536
0.00224572 0.00180073 0.00317489 0.00265568 0.00331335 0.00284853 0.00313095 0.00274227 0.00282768 0.00251491
0.00249554  0.0020193 0.00347437 0.00292713 0.00362311 0.00312493 0.00341759   0.002998 0.00308309 0.00274905
0.00275399   0.002245 0.00379703 0.00321361 0.00394947 0.00341303 0.00371759 0.00326614 0.00335485 0.00299641
0.00302197 0.00249011 0.00413742  0.0035154 0.00429004 0.00371439 0.00403216 0.00355113 0.00364164 0.00323373
0.00330059 0.00275711 0.00448878  0.0038348 0.00464191 0.00403303 0.00436289 0.00385324 0.00391836 0.00338616
0.00361652 0.00303308 0.00486235 0.00416029 0.00501055 0.00436179 0.00470801 0.00413947 0.00410665 0.00333103
0.00394213 0.00331727 0.00525019 0.00450033  0.0053997 0.00470813 0.00504754 0.00434264 0.00409671 0.00313315
0.00427874 0.00361135 0.00565572 0.00485936 0.00580933 0.00504879 0.00530652 0.00434816 0.00394612 0.00367273
0.00462813 0.00391842 0.00608359  0.0052373 0.00621642 0.00530885 0.00537058  0.0042137 0.00453528 0.00761598
0.00499373 0.00424262 0.00653406 0.00561092  0.0065464 0.00537392 0.00529768 0.00481971 0.00853065  0.0188397
0.00538032 0.00458301 0.00698478 0.00590528  0.0066857 0.00530201 0.00596901 0.00883289  0.0198097  0.0347452
0.00578797 0.00491541 0.00736205 0.00600624 0.00669352  0.0059743  0.0100523  0.0201309  0.0357745  0.0541989
 0.0061924 0.00516637 0.00755156 0.00597306 0.00745093  0.0100586  0.0214252   0.036116  0.0552915  0.0758594
0.00651432 0.00523217 0.00760521 0.00669018  0.0116185  0.0214322  0.0374835  0.0556527  0.0770139  0.0992345
0.00663123  0.0051988 0.00838371   0.010829  0.0230506  0.0374905  0.0570713  0.0773884   0.100432   0.123692
0.00660019 0.00597944  0.0125219  0.0222607  0.0391071  0.0570769  0.0788048   0.100805   0.124888   0.149097
0.00734767  0.0101849  0.0239077  0.0383375  0.0586475  0.0788078    0.10218   0.125247   0.150257   0.175002
0.0117008 0.0213085 0.0401677 0.0577933 0.0805552  0.102186  0.126778  0.150659  0.176294  0.200515
0.0240897 0.0356274 0.0610239 0.0790233  0.105225  0.126736  0.153302  0.176944  0.202734  0.223163
0.0331982 0.0590591 0.0797109  0.105815  0.128662  0.154941  0.179227  0.204698  0.225407  0.239981
 0.057273 0.0831097  0.103466  0.129717  0.152632  0.179138  0.202644  0.224798  0.238231  0.248201
0.0811494  0.107124  0.127182   0.15378  0.176659  0.202566    0.2226  0.237593  0.246331   0.25285
0.104966 0.131163 0.151016 0.177917 0.199871 0.222524 0.235206 0.245646 0.250822 0.255244
0.128802  0.15533 0.174916 0.201241 0.219606 0.235133 0.243065  0.25009 0.253053 0.255898
 -0.0922204  -0.0654591  -0.0469816  -0.0239197  -0.0129931 -0.00200492  0.00232759   0.0072756  0.00855413   0.0105172
 -0.0681592  -0.0421194  -0.0273114  -0.0114373 -0.00528925  0.00226147  0.00437668  0.00774489  0.00805928  0.00935318
 -0.0449415   -0.022262   -0.014964 -0.00366793 -0.00114735  0.00431537  0.00473893  0.00722632    0.006806  0.00779262
 -0.0253955 -0.00938163 -0.00756997 0.000649387 0.000548451  0.00467683  0.00390675  0.00589089  0.00498083  0.00584856
  -0.0139536  0.000241181  -0.00485675   0.00311902 -0.000575344    0.0038944   0.00129163   0.00377583   0.00196825   0.00332574
 0.000696834  0.000684543 -6.05056e-05 -2.38723e-05 -0.000448761 -0.000401141 -0.000642235 -0.000596496 -0.000730392 -0.000689544
 0.000303343   0.00044281 -0.000397923 -0.000255234 -0.000728113 -0.000606162 -0.000868865 -0.000770653 -0.000911897  -0.00083363
 2.95715e-05  0.000194988 -0.000688739 -0.000512375  -0.00099719  -0.00084257  -0.00110256 -0.000975771  -0.00110807  -0.00100595
-0.000239977  -4.8047e-05 -0.000978069 -0.000767649  -0.00126641  -0.00107888   -0.0013374  -0.00118188  -0.00130598  -0.00117992
-0.000506355 -0.000287493  -0.00126711  -0.00102226  -0.00153691  -0.00131618  -0.00157437  -0.00138991  -0.00150649  -0.00135632
-0.000770785 -0.000524466   -0.0015571  -0.00127731  -0.00180982  -0.00155547  -0.00181445   -0.0016007  -0.00171038  -0.00153585
 -0.00103445 -0.000760047  -0.00184928   -0.0015339  -0.00208626  -0.00179772  -0.00205859  -0.00181512  -0.00191848  -0.00171919
 -0.00129852 -0.000995286  -0.00214485  -0.00179309  -0.00236733  -0.00204392  -0.00230776  -0.00203399  -0.00213155  -0.00190699
-0.00156411 -0.00123121 -0.00244498 -0.00205593 -0.00265412 -0.00229503  -0.0025629 -0.00225813 -0.00235033 -0.00209985
-0.00183235 -0.00146882 -0.00275087 -0.00232346 -0.00294773   -0.002552 -0.00282494 -0.00248831 -0.00257552 -0.00229849
-0.00210432 -0.00170911 -0.00306367 -0.00259673 -0.00324925 -0.00281578 -0.00309476 -0.00272528 -0.00280794 -0.00250427
 -0.0023811 -0.00195306 -0.00338455 -0.00287675 -0.00355973 -0.00308725 -0.00337322 -0.00296987 -0.00304905 -0.00272006
-0.00266379 -0.00220162 -0.00371468 -0.00316453 -0.00388022 -0.00336728  -0.0036613 -0.00322361 -0.00330183 -0.00295002
-0.00295344 -0.00245577 -0.00405521 -0.00346104 -0.00421169 -0.00365684 -0.00396062  -0.0034895 -0.00357054 -0.00319375
-0.00325113 -0.00271644 -0.00440723 -0.00376721 -0.00455529 -0.00395758 -0.00427433 -0.00377182 -0.00385487 -0.00342778
-0.00355791 -0.00298452 -0.00477185  -0.0040841 -0.00491278 -0.00427263 -0.00460684 -0.00407034 -0.00413149 -0.00357697
 -0.0038748 -0.00326088 -0.00515025 -0.00441342 -0.00528747 -0.00460642 -0.00495802 -0.00436173 -0.00432535 -0.00352667
-0.00420277 -0.00354653 -0.00554429  -0.0047584  -0.0056839 -0.00495882 -0.00530468 -0.00457099 -0.00432191 -0.00333443
-0.00454293 -0.00384314 -0.00595733 -0.00512352 -0.00610207 -0.00530664 -0.00557193 -0.00458359 -0.00417881 -0.00388053
-0.00489708 -0.00415381 -0.00639403 -0.00550872 -0.00651896   -0.005575 -0.00564539 -0.00445724 -0.00477644  -0.0078312
-0.00526865 -0.00448267  -0.0068547 -0.00589079 -0.00686005 -0.00564951 -0.00558307 -0.00507241 -0.00878132  -0.0190633
-0.00566243  -0.0048288 -0.00731698 -0.00619482 -0.00701178 -0.00558821 -0.00626619  -0.0090958  -0.0200709   -0.034978
-0.00607852 -0.00516804 -0.00770723 -0.00630667 -0.00703341 -0.00627233  -0.0103625  -0.0204052  -0.0360474   -0.054442
-0.00649266 -0.00542693 -0.00791117 -0.00628567 -0.00780604  -0.0103697  -0.0217497  -0.0364027  -0.0555771  -0.0761138
-0.00682556  -0.0055018 -0.00798076 -0.00701628  -0.0119903  -0.0217576  -0.0378236   -0.055953  -0.0773135  -0.0995011
-0.00695479 -0.00547865 -0.00877675    -0.01117  -0.0234406  -0.0378316  -0.0574285  -0.0777036   -0.100747   -0.123972
-0.00693742  -0.0062707   -0.012934  -0.0226179  -0.0395169  -0.0574351  -0.0791805   -0.101136   -0.125219   -0.149391
-0.00769998  -0.0104888  -0.0243406  -0.0387123  -0.0590788  -0.0791845   -0.102576   -0.125596   -0.150606   -0.175312
-0.0120696 -0.0216263 -0.0406231 -0.0581874 -0.0810096  -0.102582  -0.127196  -0.151027  -0.176662  -0.200842
-0.0244766 -0.0359604 -0.0615036 -0.0794382  -0.105705  -0.127154  -0.153742  -0.177332  -0.203123  -0.223508
-0.0336047 -0.0594087 -0.0802168  -0.106252  -0.129168  -0.155382  -0.179692  -0.205108  -0.225818  -0.240346
-0.0577007 -0.0834772  -0.104001  -0.130178  -0.153167  -0.179604  -0.203136  -0.225231  -0.238665  -0.248586
-0.0816001  -0.107511  -0.127747  -0.154268  -0.177225  -0.203059   -0.22312  -0.238051   -0.24679  -0.253259
-0.105442 -0.131571 -0.151613 -0.178432  -0.20047 -0.223046 -0.235757 -0.246131 -0.251309 -0.255676
-0.129304 -0.155761 -0.175547 -0.201786  -0.22024 -0.235686 -0.243649 -0.250604 -0.253569 -0.256356
  0.0916897   0.0650043   0.0463127   0.0233426   0.0123211  0.00141938 -0.00294641 -0.00782013 -0.00910093  -0.0110026
  0.0675979   0.0416385   0.0266028   0.0108261  0.00457697 -0.00288202 -0.00503276 -0.00832212 -0.00863906 -0.00986777
  0.0443474   0.0217531   0.0142129  0.00302026 0.000392107 -0.00497326  -0.0054347 -0.00783844 -0.00742091 -0.00833836
  0.0247664  0.00884283  0.00677364 -0.00133596 -0.00134947 -0.00537452 -0.00464482 -0.00654015 -0.00563317 -0.00642748
   0.0132869 -0.000811939   0.00401222  -0.00384705 -0.000274418  -0.00463448  -0.00207471  -0.00446464  -0.00266042  -0.00393998
 -0.00140346  -0.00128943 -0.000835362 -0.000748338 -0.000452871 -0.000384053 -0.000188735 -0.000134401 -4.14872e-06  3.77319e-05
 -0.00105261  -0.00108411 -0.000552579 -0.000564003  -0.00022869 -0.000227029 -1.30265e-05 -5.00036e-06  0.000132312  0.000141867
-0.000824285 -0.000875112 -0.000319878 -0.000356896 -1.82638e-05 -4.16568e-05  0.000166553  0.000152544  0.000280612  0.000271727
-0.000603129 -0.000673439 -9.23314e-05 -0.000154829  0.000188637  0.000140418  0.000343898  0.000308108  0.000427682  0.000400597
-0.000388255 -0.000478031  0.000131053  4.32268e-05  0.000392944    0.0003201  0.000519817  0.000462453  0.000574197  0.000529099
-0.00017861 -0.00028792 0.000351314 0.000238199 0.000595579 0.000498205 0.000695089 0.000616262 0.000720794 0.000657788
 2.68131e-05 -0.000102179  0.000569453  0.000430983  0.000797437  0.000675523   0.00087047  0.000770203  0.000868095   0.00078719
0.000228981 8.00772e-05 0.000786437 0.000622442 0.000999386 0.000852823   0.0010467 0.000924924  0.00101669 0.000917775
0.000428827 0.000259703  0.00100321 0.000813414  0.00120228  0.00103085  0.00122451  0.00108104  0.00116711  0.00104996
 0.00062725 0.000437522  0.00122068  0.00100472  0.00140694  0.00121035  0.00140458  0.00123912  0.00131984  0.00118429
0.000825123 0.000614329  0.00143975  0.00119715  0.00161418    0.001392  0.00158755  0.00139967  0.00147548  0.00132192
  0.0010233 0.000790899   0.0016613  0.00139149   0.0018248  0.00157647  0.00177401   0.0015633  0.00163527  0.00146554
  0.0012226 0.000967987  0.00188619  0.00158848  0.00203952  0.00176433  0.00196466   0.0017313  0.00180196  0.00161916
0.00142386 0.00114633 0.00211526 0.00178882 0.00225901  0.0019563 0.00216084 0.00190644 0.00197961 0.00178224
0.00162785 0.00132663 0.00234928 0.00199316 0.00248408 0.00215373 0.00236542  0.0020928 0.00216778 0.00193108
0.00183537 0.00150953 0.00258899 0.00220224 0.00271618 0.00235948 0.00258256 0.00228996 0.00234281  0.0019896
0.00204711 0.00169565 0.00283524 0.00241746 0.00295824 0.00257773 0.00281191  0.0024743 0.00242871 0.00184067
0.00226374 0.00188571  0.0030895 0.00264176 0.00321451 0.00280812 0.00302992 0.00256983 0.00230838 0.00153807
0.00248604 0.00208111 0.00335475 0.00287933 0.00348472 0.00302712 0.00316066 0.00245948 0.00203567 0.00196302
0.00271548 0.00228466 0.00363531 0.00312987 0.00374541 0.00315879 0.00308716 0.00219713 0.00249187  0.0058065
0.00295513 0.00250025 0.00393117 0.00336977 0.00392097 0.00308616 0.00286354 0.00266414 0.00636819  0.0170232
 0.0032095 0.00272674 0.00421953 0.00352304 0.00389517 0.00286338 0.00337185  0.0065519  0.0176199  0.0331323
 0.0034784 0.00293957  0.0044256 0.00347294 0.00372335 0.00337252 0.00730452   0.017816  0.0337671  0.0529392
0.00373715 0.00306423 0.00443246 0.00327485 0.00428741 0.00730601   0.018617  0.0339764  0.0536148  0.0741923
0.00390533 0.00299448 0.00428804 0.00381409 0.00827254  0.0186191  0.0348228  0.0538365  0.0749064  0.0936545
 0.0038577 0.00281274 0.00485365 0.00778684  0.0196107  0.0348249  0.0547048  0.0751337   0.094387   0.106727
0.00364715 0.00343391 0.00878813  0.0191421  0.0357787  0.0547053  0.0759683  0.0946043   0.107431   0.116035
 0.0042009 0.00749448  0.0200561  0.0353497  0.0555737  0.0759661  0.0953631   0.107626   0.116675   0.122073
0.00837195   0.018564  0.0364021   0.055081  0.0769683  0.0953633   0.108503   0.116903   0.122813   0.126343
 0.020673 0.0330265  0.057493  0.075817 0.0976193  0.108455  0.118857  0.123279  0.127981  0.129405
0.0299138 0.0567093 0.0756742 0.0985948  0.109586  0.120491  0.124865   0.12976  0.131061  0.132987
0.0542808 0.0801749 0.0954708  0.111004  0.117442  0.124773  0.127057  0.130281  0.130689  0.131885
0.0776516  0.100081  0.107796  0.118906  0.121655  0.126979  0.127523  0.129906  0.129543  0.130451
0.0972552  0.112919  0.115337  0.123288  0.123517  0.127445  0.126848  0.128683  0.127856  0.128611
0.108699 0.122698 0.118124 0.125915  0.12249 0.126804 0.124331 0.126687 0.124932 0.126187
0.123271 0.123078 0.123091 0.122915 0.122875 0.122726 0.122667 0.122546 0.122485 0.122389
0.123072 0.123001 0.122965 0.122864 0.122794 0.122692 0.122615 0.122524 0.122452 0.122375
0.122985 0.122919 0.122886 0.122792 0.122727 0.122633 0.122562 0.122477 0.122411 0.122339
0.122905 0.122844 0.122813 0.122726 0.122666 0.122578 0.122512 0.122434 0.122372 0.122306
 0.12283 0.122773 0.122745 0.122664 0.122609 0.122527 0.122466 0.122393 0.122336 0.122275
0.122761 0.122708 0.122682 0.122607 0.122556  0.12248 0.122424 0.122356 0.122303 0.122247
0.122696 0.122648 0.122623 0.122554 0.122506 0.122437 0.122384 0.122322 0.122273  0.12222
0.122637 0.122592 0.122569 0.122505 0.122461 0.122396 0.122348  0.12229 0.122244 0.122196
0.122582  0.12254 0.122519  0.12246 0.122419 0.122359 0.122314  0.12226 0.122218 0.122173
0.122531 0.122492 0.122473 0.122418  0.12238 0.122324 0.122282 0.122233 0.122194 0.122152
0.122484 0.122448  0.12243 0.122379 0.122344 0.122292 0.122253 0.122207 0.122171 0.122132
 0.12244 0.122407  0.12239 0.122343  0.12231 0.122262 0.122227 0.122184  0.12215 0.122114
0.122399 0.122369 0.122353 0.122309 0.122279 0.122235 0.122202 0.122162 0.122131 0.122098
0.122362 0.122333 0.122319 0.122278  0.12225 0.122209 0.122178 0.122142 0.122113 0.122082
0.122327   0.1223 0.122287  0.12225 0.122224 0.122186 0.122157 0.122123 0.122096 0.122068
0.122294  0.12227 0.122258 0.122223 0.122199 0.122164 0.122137 0.122106 0.122081 0.122054
0.122264 0.122242 0.122231 0.122198 0.122176 0.122143 0.122119  0.12209 0.122067 0.122042
0.122237 0.122216 0.122205 0.122175 0.122155 0.122125 0.122102 0.122075 0.122054 0.122031
0.122211 0.122192 0.122182 0.122154 0.122135 0.122107 0.122086 0.122061 0.122041  0.12202
0.122187 0.122169  0.12216 0.122135 0.122117 0.122091 0.122071 0.122048  0.12203  0.12201
0.122165 0.122149  0.12214 0.122116   0.1221 0.122076 0.122058 0.122036  0.12202 0.122001
0.122145 0.122129 0.122122   0.1221 0.122084 0.122062 0.122045 0.122025  0.12201 0.121993
0.122126 0.122112 0.122105 0.122084  0.12207 0.122049 0.122034 0.122015 0.122001 0.121985
0.122108 0.122095 0.122089  0.12207 0.122057 0.122037 0.122023 0.122006 0.121992 0.121978
0.122092  0.12208 0.122074 0.122056 0.122044 0.122026 0.122013 0.121997 0.121985 0.121971
0.122077 0.122066  0.12206 0.122044 0.122033 0.122016 0.122004 0.121989 0.121978 0.121965
0.122063 0.122053 0.122047 0.122032 0.122022 0.122007 0.121995 0.121982 0.121971 0.121959
 0.12205 0.122041 0.122036 0.122022 0.122012 0.121998 0.121987 0.121975 0.121965 0.121954
0.122038 0.122029 0.122025 0.122012 0.122003  0.12199  0.12198 0.121968 0.121959 0.121949
0.122027 0.122019 0.122015 0.122003 0.121994 0.121982 0.121973 0.121962 0.121954 0.121945
0.122017 0.122009 0.122005 0.121994 0.121987 0.121975 0.121967 0.121957 0.121949  0.12194
0.122007    0.122 0.121997 0.121986 0.121979 0.121969 0.121961 0.121952 0.121944 0.121937
0.121999 0.121992 0.121989 0.121979 0.121973 0.121963 0.121956 0.121947  0.12194 0.121933
 0.12199 0.121984 0.121981 0.121972 0.121966 0.121957 0.121951 0.121943 0.121936  0.12193
0.121983 0.121977 0.121974 0.121966  0.12196 0.121952 0.121946 0.121939 0.121933 0.121926
0.121976 0.121971 0.121968  0.12196 0.121955 0.121947 0.121942 0.121935 0.121929 0.121924
0.121969 0.121964 0.121962 0.121955  0.12195 0.121943 0.121938 0.121931 0.121926 0.121921
0.121963 0.121959 0.121957  0.12195 0.121946 0.121939 0.121934 0.121928 0.121923 0.121918
0.121958 0.121954 0.121951 0.121945 0.121941 0.121935 0.121931 0.121925 0.121921 0.121916
0.121953 0.121949 0.121947 0.121941 0.121937 0.121932 0.121927 0.121922 0.121918 0.121914
0.121951 0.121947 0.121945  0.12194 0.121936  0.12193 0.121926 0.121921 0.121917 0.121913
0.121951 0.121947 0.121945  0.12194 0.121936  0.12193 0.121926 0.121921 0.121917 0.121913
0.121951 0.121947 0.121945  0.12194 0.121936  0.12193 0.121926 0.121921 0.121917 0.121913
0.121951 0.121947 0.121945  0.12194 0.121936  0.12193 0.121926 0.121921 0.121917 0.121913
0.121951 0.121947 0.121945  0.12194 0.121936  0.12193 0.121926 0.121921 0.121917 0.121913
0.121951 0.121947 0.121945  0.12194 0.121936  0.12193 0.121926 0.121921 0.121917 0.121913
0.121951 0.121947 0.121945  0.12194 0.121936  0.12193 0.121926 0.121921 0.121917 0.121913
0.121951 0.121947 0.121945  0.12194 0.121936  0.12193 0.121926 0.121921 0.121917 0.121913
0.121951 0.121947 0.121945  0.12194 0.121936  0.12193 0.121926 0.121921 0.121917 0.121913
0.121951 0.121947 0.121945  0.12194 0.121936  0.12193 0.121926 0.121921 0.121917 0.121913
0.121951 0.121947 0.121945  0.12194 0.121936  0.12193 0.121926 0.121921 0.121917 0.121913
0.121951 0.121947 0.121945  0.12194 0.121936  0.12193 0.121926 0.121921 0.121917 0.121913
0.121951 0.121947 0.121945  0.12194 0.121936  0.12193 0.121926 0.121921 0.121917 0.121913
0.121951 0.121947 0.121945  0.12194 0.121936  0.12193 0.121926 0.121921 0.121917 0.121913
0.121951 0.121947 0.121945  0.12194 0.121936  0.12193 0.121926 0.121921 0.121917 0.121913
0.121951 0.121947 0.121945  0.12194 0.121936  0.12193 0.121926 0.121921 0.121917 0.121913
0.121951 0.121947 0.121945  0.12194 0.121936  0.12193 0.121926 0.121921 0.121917 0.121913
0.121951 0.121947 0.121945  0.12194 0.121936  0.12193 0.121926 0.121921 0.121917 0.121913
0.121951 0.121947 0.121945  0.12194 0.121936  0.12193 0.121926 0.121921 0.121917 0.121913
0.121951 0.121947 0.121945  0.12194 0.121936  0.12193 0.121926 0.121921 0.121917 0.121913
0.121951 0.121947 0.121945  0.12194 0.121936  0.12193 0.121926 0.121921 0.121917 0.121913
0.121951 0.121947 0.121945  0.12194 0.121936  0.12193 0.121926 0.121921 0.121917 0.121913
0.121951 0.121947 0.121945  0.12194 0.121936  0.12193 0.121926 0.121921 0.121917 0.121913
0.121951 0.121947 0.121945  0.12194 0.121936  0.12193 0.121926 0.121921 0.121917 0.121913
0.121951 0.121947 0.121945  0.12194 0.121936  0.12193 0.121926 0.121921 0.121917 0.121913
0.121951 0.121947 0.121945  0.12194 0.121936  0.12193 0.121926 0.121921 0.121917 0.121913
0.121951 0.121947 0.121945  0.12194 0.121936  0.12193 0.121926 0.121921 0.121917 0.121913
0.121951 0.121947 0.121945  0.12194 0.121936  0.12193 0.121926 0.121921 0.121917 0.121913
0.121951 0.121947 0.121945  0.12194 0.121936  0.12193 0.121926 0.121921 0.121917 0.121913
0.121951 0.121947 0.121945  0.12194 0.121936  0.12193 0.121926 0.121921 0.121917 0.121913
0.121951 0.121947 0.121945  0.12194 0.121936  0.12193 0.121926 0.121921 0.121917 0.121913
0.121951 0.121947 0.121945  0.12194 0.121936  0.12193 0.121926 0.121921 0.121917 0.121913
0.121951 0.121947 0.121945  0.12194 0.121936  0.12193 0.121926 0.121921 0.121917 0.121913
0.121951 0.121947 0.121945  0.12194 0.121936  0.12193 0.121926 0.121921 0.121917 0.121913
0.121951 0.121947 0.121945  0.12194 0.121936  0.12193 0.121926 0.121921 0.121917 0.121913
0.121951 0.121947 0.121945  0.12194 0.121936  0.12193 0.121926 0.121921 0.121917 0.121913
0.121951 0.121947 0.121945  0.12194 0.121936  0.12193 0.121926 0.121921 0.121917 0.121913
0.121951 0.121947 0.121945  0.12194 0.121936  0.12193 0.121926 0.121921 0.121917 0.121913
0.121951 0.121947 0.121945  0.12194 0.121936  0.12193 0.121926 0.121921 0.121917 0.121913
0.121951 0.121947 0.121945  0.12194 0.121936  0.12193 0.121926 0.121921 0.121917 0.121913
0.121951 0.121947 0.121945  0.12194 0.121936  0.12193 0.121926 0.121921 0.121917 0.121913
0.121951 0.121947 0.121945  0.12194 0.121936  0.12193 0.121926 0.121921 0.121917 0.121913
0.121951 0.121947 0.121945  0.12194 0.121936  0.12193 0.121926 0.121921 0.121917 0.121913
0.121951 0.121947 0.121945  0.12194 0.121936  0.12193 0.121926 0.121921 0.121917 0.121913
0.121951 0.121947 0.121945  0.12194 0.121936  0.12193 0.121926 0.121921 0.121917 0.121913
0.121951 0.121947 0.121945  0.12194 0.121936  0.12193 0.121926 0.121921 0.121917 0.121913
0.121951 0.121947 0.121945  0.12194 0.121936  0.12193 0.121926 0.121921 0.121917 0.121913
0.121951 0.121947 0.121945  0.12194 0.121936  0.12193 0.121926 0.121921 0.121917 0.121913
0.121951 0.121947 0.121945  0.12194 0.121936  0.12193 0.121926 0.121921 0.121917 0.121913
0.121951 0.121947 0.121945  0.12194 0.121936  0.12193 0.121926 0.121921 0.121917 0.121913
0.121951 0.121947 0.121945  0.12194 0.121936  0.12193 0.121926 0.121921 0.121917 0.121913
0.121951 0.121947 0.121945  0.12194 0.121936  0.12193 0.121926 0.121921 0.121917 0.121913
0.121951 0.121947 0.121945  0.12194 0.121936  0.12193 0.121926 0.121921 0.121917 0.121913
0.121951 0.121947 0.121945  0.12194 0.121936  0.12193 0.121926 0.121921 0.121917 0.121913
0.121951 0.121947 0.121945  0.12194 0.121936  0.12193 0.121926 0.121921 0.121917 0.121913
0.121951 0.121947 0.121945  0.12194 0.121936  0.12193 0.121926 0.121921 0.121917 0.121913
0.121951 0.121947 0.121945  0.12194 0.121936  0.12193 0.121926 0.121921 0.121917 0.121913
0.121951 0.121947 0.121945  0.12194 0.121936  0.12193 0.121926 0.121921 0.121917 0.121913
0.121951 0.121947 0.121945  0.12194 0.121936  0.12193 0.121926 0.121921 0.121917 0.121913
0.121951 0.121947 0.121945  0.12194 0.121936  0.12193 0.121926 0.121921 0.121917 0.121913
0.121951 0.121947 0.121945  0.12194 0.121936  0.12193 0.121926 0.121921 0.121917 0.121913
0.121951 0.121947 0.121945  0.12194 0.121936  0.12193 0.121926 0.121921 0.121917 0.121913
0.121951 0.121947 0.121945  0.12194 0.121936  0.12193 0.121926 0.121921 0.121917 0.121913
0.121951 0.121947 0.121945  0.12194 0.121936  0.12193 0.121926 0.121921 0.121917 0.121913
0.121951 0.121947 0.121945  0.12194 0.121936  0.12193 0.121926 0.121921 0.121917 0.121913
0.121951 0.121947 0.121945  0.12194 0.121936  0.12193 0.121926 0.121921 0.121917 0.121913
0.121951 0.121947 0.121945  0.12194 0.121936  0.12193 0.121926 0.121921 0.121917 0.121913
0.121951 0.121947 0.121945  0.12194 0.121936  0.12193 0.121926 0.121921 0.121917 0.121913
0.121951 0.121947 0.121945  0.12194 0.121936  0.12193 0.121926 0.121921 0.121917 0.121913
0.121951 0.121947 0.121945  0.12194 0.121936  0.12193 0.121926 0.121921 0.121917 0.121913
0.121951 0.121947 0.121945  0.12194 0.121936  0.12193 0.121926 0.121921 0.121917 0.121913
0.121951 0.121947 0.121945  0.12194 0.121936  0.12193 0.121926 0.121921 0.121917 0.121913
0.121951 0.121947 0.121945  0.12194 0.121936  0.12193 0.121926 0.121921 0.121917 0.121913
0.121951 0.121947 0.121945  0.12194 0.121936  0.12193 0.121926 0.121921 0.121917 0.121913
0.121951 0.121947 0.121945  0.12194 0.121936  0.12193 0.121926 0.121921 0.121917 0.121913
0.121951 0.121947 0.121945  0.12194 0.121936  0.12193 0.121926 0.121921 0.121917 0.121913
0.121951 0.121947 0.121945  0.12194 0.121936  0.12193 0.121926 0.121921 0.121917 0.121913
0.121951 0.121947 0.121945  0.12194 0.121936  0.12193 0.121926 0.121921 0.121917 0.121913
0.121951 0.121947 0.121945  0.12194 0.121936  0.12193 0.121926 0.121921 0.121917 0.121913
0.121951 0.121947 0.121945  0.12194 0.121936  0.12193 0.121926 0.121921 0.121917 0.121913
0.121951 0.121947 0.121945  0.12194 0.121936  0.12193 0.121926 0.121921 0.121917 0.121913
0.121951 0.121947 0.121945  0.12194 0.121936  0.12193 0.121926 0.121921 0.121917 0.121913
0.121951 0.121947 0.121945  0.12194 0.121936  0.12193 0.121926 0.121921 0.121917 0.121913
0.121951 0.121947 0.121945  0.12194 0.121936  0.12193 0.121926 0.121921 0.121917 0.121913
0.121951 0.121947 0.121945  0.12194 0.121936  0.12193 0.121926 0.121921 0.121917 0.121913
0.121951 0.121947 0.121945  0.12194 0.121936  0.12193 0.121926 0.121921 0.121917 0.121913
0.121951 0.121947 0.121945  0.12194 0.121936  0.12193 0.121926 0.121921 0.121917 0.121913
0.121951 0.121947 0.121945  0.12194 0.121936  0.12193 0.121926 0.121921 0.121917 0.121913
0.121951 0.121947 0.121945  0.12194 0.121936  0.12193 0.121926 0.121921 0.121917 0.121913
0.121951 0.121947 0.121945  0.12194 0.121936  0.12193 0.121926 0.121921 0.121917 0.121913
0.121951 0.121947 0.121945  0.12194 0.121936  0.12193 0.121926 0.121921 0.121917 0.121913
0.121951 0.121947 0.121945  0.12194 0.121936  0.12193 0.121926 0.121921 0.121917 0.121913
0.121951 0.121947 0.121945  0.12194 0.121936  0.12193 0.121926 0.121921 0.121917 0.121913
0.121951 0.121947 0.121945  0.12194 0.121936  0.12193 0.121926 0.121921 0.121917 0.121913
0.121951 0.121947 0.121945  0.12194 0.121936  0.12193 0.121926 0.121921 0.121917 0.121913
0.121951 0.121947 0.121945  0.12194 0.121936  0.12193 0.121926 0.121921 0.121917 0.121913
0.121951 0.121947 0.121945  0.12194 0.121936  0.12193 0.121926 0.121921 0.121917 0.121913
0.121951 0.121947 0.121945  0.12194 0.121936  0.12193 0.121926 0.121921 0.121917 0.121913
0.121951 0.121947 0.121945  0.12194 0.121936  0.12193 0.121926 0.121921 0.121917 0.121913
0.121951 0.121947 0.121945  0.12194 0.121936  0.12193 0.121926 0.121921 0.121917 0.121913
0.121951 0.121947 0.121945  0.12194 0.121936  0.12193 0.121926 0.121921 0.121917 0.121913
0.121951 0.121947 0.121945  0.12194 0.121936  0.12193 0.121926 0.121921 0.121917 0.121913
0.121951 0.121947 0.121945  0.12194 0.121936  0.12193 0.121926 0.121921 0.121917 0.121913
0.121951 0.121947 0.121945  0.12194 0.121936  0.12193 0.121926 0.121921 0.121917 0.121913
0.121951 0.121947 0.121945  0.12194 0.121936  0.12193 0.121926 0.121921 0.121917 0.121913
0.121951 0.121947 0.121945  0.12194 0.121936  0.12193 0.121926 0.121921 0.121917 0.121913
0.121951 0.121947 0.121945  0.12194 0.121936  0.12193 0.121926 0.121921 0.121917 0.121913
0.121951 0.121947 0.121945  0.12194 0.121936  0.12193 0.121926 0.121921 0.121917 0.121913
0.121951 0.121947 0.121945  0.12194 0.121936  0.12193 0.121926 0.121921 0.121917 0.121913
0.121951 0.121947 0.121945  0.12194 0.121936  0.12193 0.121926 0.121921 0.121917 0.121913
0.121951 0.121947 0.121945  0.12194 0.121936  0.12193 0.121926 0.121921 0.121917 0.121913
0.121951 0.121947 0.121945  0.12194 0.121936  0.12193 0.121926 0.121921 0.121917 0.121913
0.121951 0.121947 0.121945  0.12194 0.121936  0.12193 0.121926 0.121921 0.121917 0.121913
0.121951 0.121947 0.121945  0.12194 0.121936  0.12193 0.121926 0.121921 0.121917 0.121913
0.121951 0.121947 0.121945  0.12194 0.121936  0.12193 0.121926 0.121921 0.121917 0.121913
0.121951 0.121947 0.121945  0.12194 0.121936  0.12193 0.121926 0.121921 0.121917 0.121913
0.121951 0.121947 0.121945  0.12194 0.121936  0.12193 0.121926 0.121921 0.121917 0.121913
0.121951 0.121947 0.121945  0.12194 0.121936  0.12193 0.121926 0.121921 0.121917 0.121913
0.121951 0.121947 0.121945  0.12194 0.121936  0.12193 0.121926 0.121921 0.121917 0.121913
0.121951 0.121947 0.121945  0.12194 0.121936  0.12193 0.121926 0.121921 0.121917 0.121913
0.121951 0.121947 0.121945  0.12194 0.121936  0.12193 0.121926 0.121921 0.121917 0.121913
0.121951 0.121947 0.121945  0.12194 0.121936  0.12193 0.121926 0.121921 0.121917 0.121913
0.121951 0.121947 0.121945  0.12194 0.121936  0.12193 0.121926 0.121921 0.121917 0.121913
0.121951 0.121947 0.121945  0.12194 0.121936  0.12193 0.121926 0.121921 0.121917 0.121913
0.121951 0.121947 0.121945  0.12194 0.121936  0.12193 0.121926 0.121921 0.121917 0.121913
0.121951 0.121947 0.121945  0.12194 0.121936  0.12193 0.121926 0.121921 0.121917 0.121913
0.121951 0.121947 0.121945  0.12194 0.121936  0.12193 0.121926 0.121921 0.121917 0.121913
0.121951 0.121947 0.121945  0.12194 0.121936  0.12193 0.121926 0.121921 0.121917 0.121913
0.121951 0.121947 0.121945  0.12194 0.121936  0.12193 0.121926 0.121921 0.121917 0.121913
0.121951 0.121947 0.121945  0.12194 0.121936  0.12193 0.121926 0.121921 0.121917 0.121913
0.121951 0.121947 0.121945  0.12194 0.121936  0.12193 0.121926 0.121921 0.121917 0.121913
0.121951 0.121947 0.121945  0.12194 0.121936  0.12193 0.121926 0.121921 0.121917 0.121913
0.121951 0.121947 0.121945  0.12194 0.121936  0.12193 0.121926 0.121921 0.121917 0.121913
0.121951 0.121947 0.121945  0.12194 0.121936  0.12193 0.121926 0.121921 0.121917 0.121913
