468.938 468.938 468.938 468.938 468.938 468.938 468.938 468.938 468.938 468.938
468.938 468.938 468.938 468.938 468.938 468.938 468.938 468.938 468.938 468.938
468.938 468.938 468.938 468.938 468.938 468.938 468.938 468.938 468.938 468.938
468.938 468.938 468.938 468.938 468.938 468.938 468.938 468.938 468.938 468.938
468.938 468.938 468.938 468.938 468.938 468.938 468.938 468.938 468.938 468.938
468.938 468.938 468.938 468.938 468.938 468.938 468.938 468.938 468.938 468.938
468.938 468.938 468.938 468.938 468.938 468.938 468.938 468.938 468.938 468.938
468.938 468.938 468.938 468.938 468.938 468.938 468.938 468.938 468.938 468.938
468.938 468.938 468.938 468.938 468.938 468.938 468.938 468.938 468.938 468.938
468.938 468.938 468.938 468.938 468.938 468.938 468.938 468.938 468.938 468.938
468.938 468.938 468.938 468.938 468.938 468.938 468.938 468.938 468.938 468.938
468.938 468.938 468.938 468.938 468.938 468.938 468.938 468.938 468.938 468.938
468.938 468.938 468.938 468.938 468.938 468.938 468.938 468.938 468.938 468.938
468.938 468.938 468.938 468.938 468.938 468.938 468.938 468.938 468.938 468.938
468.938 468.938 468.938 468.938 468.938 468.938 468.938 468.938 468.938 468.938
468.938 468.938 468.938 468.938 468.938 468.938 468.938 468.938 468.938 468.938
468.938 468.938 468.938 468.938 468.938 468.938 468.938 468.938 468.938 468.938
468.938 468.938 468.938 468.938 468.938 468.938 468.938 468.938 468.938 468.938
468.938 468.938 468.938 468.938 468.938 468.938 468.938 468.938 468.938 468.938
468.938 468.938 468.938 468.938 468.938 468.938 468.938 468.938 468.938 468.938
468.938 468.938 468.938 468.938 468.938 468.938 468.938 468.938 468.938 468.938
468.938 468.938 468.938 468.938 468.938 468.938 468.938 468.938 468.938 468.938
468.938 468.938 468.938 468.938 468.938 468.938 468.938 468.938 468.938 468.938
468.938 468.938 468.938 468.938 468.938 468.938 468.938 468.938 468.938 468.938
468.938 468.938 468.938 468.938 468.938 468.938 468.938 468.938 468.938 468.938
468.938 468.938 468.938 468.938 468.938 468.938 468.938 468.938 468.938 468.938
468.938 468.938 468.938 468.938 468.938 468.938 468.938 468.938 468.938 468.938
468.938 468.938 468.938 468.938 468.938 468.938 468.938 468.938 468.938 468.938
468.938 468.938 468.938 468.938 468.938 468.938 468.938 468.938 468.938 468.938
468.938 468.938 468.938 468.938 468.938 468.938 468.938 468.938 468.938 468.938
468.938 468.938 468.938 468.938 468.938 468.938 468.938 468.938 468.938 468.938
468.938 468.938 468.938 468.938 468.938 468.938 468.938 468.938 468.938 468.938
468.938 468.938 468.938 468.938 468.938 468.938 468.938 468.938 468.938 468.938
468.938 468.938 468.938 468.938 468.938 468.938 468.938 468.938 468.938 468.938
468.938 468.938 468.938 468.938 468.938 468.938 468.938 468.938 468.938 468.938
468.938 468.938 468.938 468.938 468.938 468.938 468.938 468.938 468.938 468.938
468.938 468.938 468.938 468.938 468.938 468.938 468.938 468.938 468.938 468.938
468.938 468.938 468.938 468.938 468.938 468.938 468.938 468.938 468.938 468.938
468.938 468.938 468.938 468.938 468.938 468.938 468.938 468.938 468.938 468.938
468.938 468.938 468.938 468.938 468.938 468.938 468.938 468.938 468.938 468.938
468.938 468.938 468.938 468.938 468.938 468.938 468.938 468.938 468.938 468.938
468.938 468.938 468.938 468.938 468.938 468.938 468.938 468.938 468.938 468.938
468.938 468.938 468.938 468.938 468.938 468.938 468.938 468.938 468.938 468.938
468.938 468.938 468.938 468.938 468.938 468.938 468.938 468.938 468.938 468.938
468.938 468.938 468.938 468.938 468.938 468.938 468.938 468.938 468.938 468.938
468.938 468.938 468.938 468.938 468.938 468.938 468.938 468.938 468.938 468.938
468.938 468.938 468.938 468.938 468.938 468.938 468.938 468.938 468.938 468.938
468.938 468.938 468.938 468.938 468.938 468.938 468.938 468.938 468.938 468.938
468.938 468.938 468.938 468.938 468.938 468.938 468.938 468.938 468.938 468.938
468.938 468.938 468.938 468.938 468.938 468.938 468.938 468.938 468.938 468.938
468.938 468.938 468.938 468.938 468.938 468.938 468.938 468.938 468.938 468.938
468.938 468.938 468.938 468.938 468.938 468.938 468.938 468.938 468.938 468.938
468.938 468.938 468.938 468.938 468.938 468.938 468.938 468.938 468.938 468.938
468.938 468.938 468.938 468.938 468.938 468.938 468.938 468.938 468.938 468.938
468.938 468.938 468.938 468.938 468.938 468.938 468.938 468.938 468.938 468.938
468.938 468.938 468.938 468.938 468.938 468.938 468.938 468.938 468.938 468.938
468.938 468.938 468.938 468.938 468.938 468.938 468.938 468.938 468.938 468.938
468.938 468.938 468.938 468.938 468.938 468.938 468.938 468.938 468.938 468.938
468.938 468.938 468.938 468.938 468.938 468.938 468.938 468.938 468.938 468.938
468.938 468.938 468.938 468.938 468.938 468.938 468.938 468.938 468.938 468.938
468.938 468.938 468.938 468.938 468.938 468.938 468.938 468.938 468.938 468.938
468.938 468.938 468.938 468.938 468.938 468.938 468.938 468.938 468.938 468.938
468.938 468.938 468.938 468.938 468.938 468.938 468.938 468.938 468.938 468.938
468.938 468.938 468.938 468.938 468.938 468.938 468.938 468.938 468.938 468.938
468.938 468.938 468.938 468.938 468.938 468.938 468.938 468.938 468.938 468.938
468.938 468.938 468.938 468.938 468.938 468.938 468.938 468.938 468.938 468.938
468.938 468.938 468.938 468.938 468.938 468.938 468.938 468.938 468.938 468.938
468.938 468.938 468.938 468.938 468.938 468.938 468.938 468.938 468.938 468.938
468.938 468.938 468.938 468.938 468.938 468.938 468.938 468.938 468.938 468.938
468.938 468.938 468.938 468.938 468.938 468.938 468.938 468.938 468.938 468.938
468.938 468.938 468.938 468.938 468.938 468.938 468.938 468.938 468.938 468.938
468.938 468.938 468.938 468.938 468.938 468.938 468.938 468.938 468.938 468.938
468.938 468.938 468.938 468.938 468.938 468.938 468.938 468.938 468.938 468.938
468.938 468.938 468.938 468.938 468.938 468.938 468.938 468.938 468.938 468.938
468.938 468.938 468.938 468.938 468.938 468.938 468.938 468.938 468.938 468.938
468.938 468.938 468.938 468.938 468.938 468.938 468.938 468.938 468.938 468.938
468.938 468.938 468.938 468.938 468.938 468.938 468.938 468.938 468.938 468.938
468.938 468.938 468.938 468.938 468.938 468.938 468.938 468.938 468.938 468.938
468.938 468.938 468.938 468.938 468.938 468.938 468.938 468.938 468.938 468.938
468.938 468.938 468.938 468.938 468.938 468.938 468.938 468.938 468.938 468.938
468.938 468.938 468.938 468.938 468.938 468.938 468.938 468.938 468.938 468.938
468.938 468.938 468.938 468.938 468.938 468.938 468.938 468.938 468.938 468.938
468.938 468.938 468.938 468.938 468.938 468.938 468.938 468.938 468.938 468.938
468.938 468.938 468.938 468.938 468.938 468.938 468.938 468.938 468.938 468.938
468.938 468.938 468.938 468.938 468.938 468.938 468.938 468.938 468.938 468.938
468.938 468.938 468.938 468.938 468.938 468.938 468.938 468.938 468.938 468.938
468.938 468.938 468.938 468.938 468.938 468.938 468.938 468.938 468.938 468.938
468.938 468.938 468.938 468.938 468.938 468.938 468.938 468.938 468.938 468.938
468.938 468.938 468.938 468.938 468.938 468.938 468.938 468.938 468.938 468.938
468.938 468.938 468.938 468.938 468.938 468.938 468.938 468.938 468.938 468.938
468.938 468.938 468.938 468.938 468.938 468.938 468.938 468.938 468.938 412.666
468.938 468.938 468.938 468.938 468.938 468.938 468.938 468.938 412.666 318.878
468.938 468.938 468.938 468.938 468.938 468.938 468.938 412.666 318.878  225.09
468.938 468.938 468.938 468.938 468.938 468.938 412.666 318.878  225.09 131.303
468.938 468.938 468.938 468.938 468.938 412.666 318.878  225.09 131.303  37.515
    468.938     468.938     468.938     468.938     412.666     318.878      225.09     131.303      37.515 7.10543e-15
    468.938     468.938     468.938     412.666     318.878      225.09     131.303      37.515 7.10543e-15 7.88861e-31
    468.938     468.938     412.666     318.878      225.09     131.303     37.5151 7.10543e-15 7.88861e-31 8.75812e-47
    468.938     412.666     318.878      225.09     131.303     37.5151 7.10543e-15 7.88861e-31 8.75812e-47 9.72346e-63
    412.666     318.878     225.091     131.303     37.5152 7.10543e-15 7.88861e-31 8.75812e-47 9.72346e-63 1.07952e-78
    318.878     225.091     131.303     37.5154 7.10543e-15 7.88861e-31 8.75812e-47 9.72346e-63 1.07952e-78 1.19851e-94
     225.091      131.303      37.5156  7.10543e-15  7.88861e-31  8.75812e-47  9.72346e-63  1.07952e-78  1.19851e-94 1.33061e-110
     131.303      37.5157  7.10543e-15  7.88861e-31  8.75812e-47  9.72346e-63  1.07952e-78  1.19851e-94 1.33061e-110 1.47728e-126
     37.5159            0  7.88861e-31  8.75812e-47  9.72346e-63  1.07952e-78  1.19851e-94 1.33061e-110 1.47728e-126 1.64011e-142
 7.10543e-15            0  8.75812e-47  9.72346e-63  1.07952e-78  1.19851e-94 1.33061e-110 1.47728e-126 1.64011e-142 1.82088e-158
 7.88861e-31            0  9.72346e-63  1.07952e-78  1.19851e-94 1.33061e-110 1.47728e-126 1.64011e-142 1.82088e-158 2.02159e-174
 8.75812e-47            0  1.07952e-78  1.19851e-94 1.33061e-110 1.47728e-126 1.64011e-142 1.82088e-158 2.02159e-174 2.24441e-190
 9.72346e-63            0  1.19851e-94 1.33061e-110 1.47728e-126 1.64011e-142 1.82088e-158 2.02159e-174 2.24441e-190  2.4918e-206
 1.07952e-78            0 1.33061e-110 1.47728e-126 1.64011e-142 1.82088e-158 2.02159e-174 2.24441e-190  2.4918e-206 2.76645e-222
 1.19851e-94            0 1.47728e-126 1.64011e-142 1.82088e-158 2.02159e-174 2.24441e-190  2.4918e-206 2.76645e-222 3.07138e-238
1.33061e-110            0 1.64011e-142 1.82088e-158 2.02159e-174 2.24441e-190  2.4918e-206 2.76645e-222 3.07138e-238 3.40992e-254
1.47728e-126            0 1.82088e-158 2.02159e-174 2.24441e-190  2.4918e-206 2.76645e-222 3.07138e-238 3.40992e-254 3.78577e-270
1.64011e-142            0 2.02159e-174 2.24441e-190  2.4918e-206 2.76645e-222 3.07138e-238 3.40992e-254 3.78577e-270 4.20305e-286
1.82088e-158            0 2.24441e-190  2.4918e-206 2.76645e-222 3.07138e-238 3.40992e-254 3.78577e-270 4.20305e-286 4.66632e-302
2.02159e-174            0  2.4918e-206 2.76645e-222 3.07138e-238 3.40992e-254 3.78577e-270 4.20305e-286 4.66632e-302 5.18065e-318
2.24441e-190            0 2.76645e-222 3.07138e-238 3.40992e-254 3.78577e-270 4.20305e-286 4.66632e-302 5.18065e-318            0
 2.4918e-206            0 3.07138e-238 3.40992e-254 3.78577e-270 4.20305e-286 4.66632e-302 5.18065e-318            0            0
2.76645e-222            0 3.40992e-254 3.78577e-270 4.20305e-286 4.66632e-302 5.18065e-318            0            0            0
3.07138e-238            0 3.78577e-270 4.20305e-286 4.66632e-302 5.18065e-318            0            0            0            0
3.40992e-254            0 4.20305e-286 4.66632e-302 5.18065e-318            0            0            0            0            0
3.78577e-270            0 4.66632e-302 5.18065e-318            0            0            0            0            0            0
4.20305e-286            0 5.18065e-318            0            0            0            0            0            0            0
4.66632e-302            0            0            0            0            0            0            0            0            0
5.18065e-318            0            0            0            0            0            0            0            0            0
0 0 0 0 0 0 0 0 0 0
      0       0       0       0       0       0       0       0       0 59.0085
      0       0       0       0       0       0       0       0 59.0086 157.356
      0       0       0       0       0       0       0 59.0087 157.356 255.703
      0       0       0       0       0       0 59.0088 157.356 255.703 354.051
      0       0       0       0       0 59.0089 157.356 255.703 354.051 452.398
      0       0       0       0  59.009 157.356 255.704 354.051 452.398 550.745
      0       0       0 59.0091 157.356 255.704 354.051 452.398 550.746 649.093
      0       0 59.0091 157.356 255.704 354.051 452.398 550.746 649.093  747.44
      0  59.009 157.356 255.704 354.051 452.398 550.746 649.093  747.44 845.788
59.0089 157.356 255.704 354.051 452.398 550.746 649.093  747.44 845.788 937.731
157.356 255.703 354.051 452.398 550.745 649.093  747.44 845.788 937.731 937.731
255.703 354.051 452.398 550.745 649.093  747.44 845.788 937.731 937.731 937.731
 354.05 452.398 550.745 649.093  747.44 845.788 937.731 937.731 937.731 937.731
452.398 550.745 649.093  747.44 845.787 937.731 937.731 937.731 937.731 937.731
514.014 610.313 706.612 802.912 899.211 937.731 937.731 937.731 937.731 937.731
610.313 706.612 802.912 899.211 937.731 937.731 937.731 937.731 937.731 937.731
706.612 802.911 899.211 937.731 937.731 937.731 937.731 937.731 937.731 937.731
802.911 899.211 937.731 937.731 937.731 937.731 937.731 937.731 937.731 937.731
899.211  937.73 937.731 937.731 937.731 937.731 937.731 937.731 937.731 937.731
 937.73 937.731 937.731 937.731 937.731 937.731 937.731 937.731 937.731 937.731
937.731 937.731 937.731 937.731 937.731 937.731 937.731 937.731 937.731 937.731
937.731 937.731 937.731 937.731 937.731 937.731 937.731 937.731 937.731 937.731
937.731 937.731 937.731 937.731 937.731 937.731 937.731 937.731 937.731 937.731
937.731 937.731 937.731 937.731 937.731 937.731 937.731 937.731 937.731 937.731
937.731 937.731 937.731 937.731 937.731 937.731 937.731 937.731 937.731 937.731
937.731 937.731 937.731 937.731 937.731 937.731 937.731 937.731 937.731 937.731
937.731 937.731 937.731 937.731 937.731 937.731 937.731 937.731 937.731 937.731
937.731 937.731 937.731 937.731 937.731 937.731 937.731 937.731 937.731 937.731
937.731 937.731 937.731 937.731 937.731 937.731 937.731 937.731 937.731 937.731
937.731 937.731 937.731 937.731 937.731 937.731 937.731 937.731 937.731 937.731
937.731 937.731 937.731 937.731 937.731 937.731 937.731 937.731 937.731 937.731
937.731 937.731 937.731 937.731 937.731 937.731 937.731 937.731 937.731 937.731
937.731 937.731 937.731 937.731 937.731 937.731 937.731 937.731 937.731 937.731
937.731 937.731 937.731 937.731 937.731 937.731 937.731 937.731 937.731 937.731
937.731 937.731 937.731 937.731 937.731 937.731 937.731 937.731 937.731 937.731
937.731 937.731 937.731 937.731 937.731 937.731 937.731 937.731 937.731 937.731
937.731 937.731 937.731 937.731 937.731 937.731 937.731 937.731 937.731 937.731
937.731 937.731 937.731 937.731 937.731 937.731 937.731 937.731 937.731 937.731
937.731 937.731 937.731 937.731 937.731 937.731 937.731 937.731 937.731 937.731
937.731 937.731 937.731 937.731 937.731 937.731 937.731 937.731 937.731 937.731
937.731 937.731 937.731 937.731 937.731 937.731 937.731 937.731 937.731 874.576
937.731 937.731 937.731 937.731 937.731 937.731 937.731 937.731 874.576 769.319
 937.73  937.73 937.731 937.731 937.731 937.731 937.731 874.576 769.319 664.062
 937.73  937.73  937.73  937.73 937.731 937.731 874.576 769.319 664.062 558.804
 937.73  937.73  937.73  937.73 937.731 874.576 769.319 664.062 558.804 453.547
 937.73  937.73  937.73  937.73 874.576 769.319 664.061 558.804 453.547  348.29
 937.73  937.73  937.73 874.576 769.319 664.061 558.804 453.547  348.29 243.032
 937.73  937.73 874.576 769.319 664.061 558.804 453.547 348.289 243.032 137.775
 937.73 874.576 769.319 664.061 558.804 453.547 348.289 243.032 137.775 32.5175
    874.576     769.319     664.061     558.804     453.547     348.289     243.032     137.775     32.5175 5.56477e-05
    769.319     664.062     558.804     453.547      348.29     243.032     137.775     32.5175 6.97127e-05 1.45917e-15
    664.062     558.804     453.547      348.29     243.032     137.775     32.5176   0.0001962 1.26596e-15  1.8264e-16
     558.805      453.547       348.29      243.032      137.775      32.5177  0.000471512  7.38187e-15 -2.63634e-16   1.8264e-16
     453.547       348.29      243.033      137.775      32.5179  0.000882887  1.07353e-14   1.4478e-16 -2.63634e-16   1.8264e-16
     422.889      326.778      230.667      134.556       38.445   2.3859e-15 -1.81706e-15   1.4478e-16 -2.63634e-16   1.8264e-16
     326.779      230.667      134.556      38.4452  7.10543e-15 -1.45712e-15 -1.81706e-15   1.4478e-16 -2.63634e-16   1.8264e-16
     230.668      134.556      38.4454  7.10543e-15  7.88861e-31 -1.45712e-15 -1.81706e-15   1.4478e-16 -2.63634e-16   1.8264e-16
     134.557      38.4455  7.10543e-15  7.88861e-31  8.75812e-47 -1.45712e-15 -1.81706e-15   1.4478e-16 -2.63634e-16   1.8264e-16
     38.4457  7.10543e-15  7.88861e-31  8.75812e-47  9.72346e-63 -1.45712e-15 -1.81706e-15   1.4478e-16 -2.63634e-16   1.8264e-16
 7.10543e-15  7.88861e-31  8.75812e-47  9.72346e-63  1.07952e-78 -1.45712e-15 -1.81706e-15   1.4478e-16 -2.63634e-16   1.8264e-16
 7.88861e-31  8.75812e-47  9.72346e-63  1.07952e-78  1.19851e-94 -1.45712e-15 -1.81706e-15   1.4478e-16 -2.63634e-16   1.8264e-16
 8.75812e-47  9.72346e-63  1.07952e-78  1.19851e-94 1.33061e-110 -1.45712e-15 -1.81706e-15   1.4478e-16 -2.63634e-16   1.8264e-16
 9.72346e-63  1.07952e-78  1.19851e-94 1.33061e-110 1.47728e-126 -1.45712e-15 -1.81706e-15   1.4478e-16 -2.63634e-16   1.8264e-16
 1.07952e-78  1.19851e-94 1.33061e-110 1.47728e-126 1.64011e-142 -1.45712e-15 -1.81706e-15   1.4478e-16 -2.63634e-16   1.8264e-16
 1.19851e-94 1.33061e-110 1.47728e-126 1.64011e-142 1.82088e-158 -1.45712e-15 -1.81706e-15   1.4478e-16 -2.63634e-16   1.8264e-16
1.33061e-110 1.47728e-126 1.64011e-142 1.82088e-158 2.02159e-174 -1.45712e-15 -1.81706e-15   1.4478e-16 -2.63634e-16   1.8264e-16
1.47728e-126 1.64011e-142 1.82088e-158 2.02159e-174 2.24441e-190 -1.45712e-15 -1.81706e-15   1.4478e-16 -2.63634e-16   1.8264e-16
1.64011e-142 1.82088e-158 2.02159e-174 2.24441e-190  2.4918e-206 -1.45712e-15 -1.81706e-15   1.4478e-16 -2.63634e-16   1.8264e-16
1.82088e-158 2.02159e-174 2.24441e-190  2.4918e-206 2.76645e-222 -1.45712e-15 -1.81706e-15   1.4478e-16 -2.63634e-16   1.8264e-16
2.02159e-174 2.24441e-190  2.4918e-206 2.76645e-222 3.07138e-238 -1.45712e-15 -1.81706e-15   1.4478e-16 -2.63634e-16   1.8264e-16
2.24441e-190  2.4918e-206 2.76645e-222 3.07138e-238 3.40992e-254 -1.45712e-15 -1.81706e-15   1.4478e-16 -2.63634e-16   1.8264e-16
 2.4918e-206 2.76645e-222 3.07138e-238 3.40992e-254 3.78577e-270 -1.45712e-15 -1.81706e-15   1.4478e-16 -2.63634e-16   1.8264e-16
2.76645e-222 3.07138e-238 3.40992e-254 3.78577e-270 4.20305e-286 -1.45712e-15 -1.81706e-15   1.4478e-16 -2.63634e-16   1.8264e-16
3.07138e-238 3.40992e-254 3.78577e-270 4.20305e-286 4.66632e-302 -1.45712e-15 -1.81706e-15   1.4478e-16 -2.63634e-16   1.8264e-16
3.40992e-254 3.78577e-270 4.20305e-286 4.66632e-302 5.18065e-318 -1.45712e-15 -1.81706e-15   1.4478e-16 -2.63634e-16   1.8264e-16
3.78577e-270 4.20305e-286 4.66632e-302 5.18065e-318            0 -1.45712e-15 -1.81706e-15   1.4478e-16 -2.63634e-16   1.8264e-16
4.20305e-286 4.66632e-302 5.18065e-318            0            0 -1.45712e-15 -1.81706e-15   1.4478e-16 -2.63634e-16   1.8264e-16
4.66632e-302 5.18065e-318            0            0            0 -1.45712e-15 -1.81706e-15   1.4478e-16 -2.63634e-16   1.8264e-16
5.18065e-318            0            0            0            0 -1.45712e-15 -1.81706e-15   1.4478e-16 -2.63634e-16   1.8264e-16
           0            0            0            0            0 -1.45712e-15 -1.81706e-15   1.4478e-16 -2.63634e-16   1.8264e-16
           0            0            0            0            0 -1.45712e-15 -1.81706e-15   1.4478e-16 -2.63634e-16      60.1207
           0            0            0            0            0 -1.45712e-15 -1.81706e-15   1.4478e-16       60.121      160.322
           0            0            0            0            0 -1.45712e-15 -1.81706e-15      60.1212      160.322      260.523
           0            0            0            0            0 -1.45712e-15      60.1214      160.322      260.523      360.723
      0       0       0       0       0 60.1217 160.322 260.523 360.724 460.924
      0       0       0       0 60.1218 160.322 260.523 360.724 460.924 561.125
      0       0       0  60.122 160.323 260.523 360.724 460.925 561.125 661.326
      0       0  60.122 160.323 260.523 360.724 460.925 561.125 661.326 761.527
      0 60.1219 160.323 260.523 360.724 460.925 561.125 661.326 761.527 861.728
60.1216 160.322 260.523 360.724 460.925 561.125 661.326 761.527 861.728 937.731
160.322 260.523 360.724 460.924 561.125 661.326 761.527 861.728 937.731 937.731
260.522 360.723 460.924 561.125 661.326 761.527 861.728 937.731 937.731 937.731
360.723 460.924 561.125 661.326 761.527 861.728 937.731 937.731 937.731 937.731
460.924 561.125 661.326 761.527 861.727 937.731 937.731 937.731 937.731 937.731
514.911 611.006 707.102 803.197 899.293 937.731 937.731 937.731 937.731 937.731
611.006 707.102 803.197 899.292 937.731 937.731 937.731 937.731 937.731 937.731
707.101 803.197 899.292  937.73 937.731 937.731 937.731 937.731 937.731 937.731
803.197 899.292  937.73  937.73 937.731 937.731 937.731 937.731 937.731 937.731
899.292  937.73  937.73  937.73 937.731 937.731 937.731 937.731 937.731 937.731
 937.73  937.73  937.73  937.73 937.731 937.731 937.731 937.731 937.731 937.731
 937.73  937.73  937.73 937.731 937.731 937.731 937.731 937.731 937.731 937.731
 937.73  937.73 937.731 937.731 937.731 937.731 937.731 937.731 937.731 937.731
 937.73  937.73 937.731 937.731 937.731 937.731 937.731 937.731 937.731 937.731
 937.73 937.731 937.731 937.731 937.731 937.731 937.731 937.731 937.731 937.731
937.731 937.731 937.731 937.731 937.731 937.731 937.731 937.731 937.731 937.731
937.731 937.731 937.731 937.731 937.731 937.731 937.731 937.731 937.731 937.731
937.731 937.731 937.731 937.731 937.731 937.731 937.731 937.731 937.731 937.731
937.731 937.731 937.731 937.731 937.731 937.731 937.731 937.731 937.731 937.731
937.731 937.731 937.731 937.731 937.731 937.731 937.731 937.731 937.731 937.731
937.731 937.731 937.731 937.731 937.731 937.731 937.731 937.731 937.731 937.731
937.731 937.731 937.731 937.731 937.731 937.731 937.731 937.731 937.731 937.731
937.731 937.731 937.731 937.731 937.731 937.731 937.731 937.731 937.731 937.731
937.731 937.731 937.731 937.731 937.731 937.731 937.731 937.731 937.731 937.731
937.731 937.731 937.731 937.731 937.731 937.731 937.731 937.731 937.731 937.731
937.731 937.731 937.731 937.731 937.731 937.731 937.731 937.731 937.731 937.731
937.731 937.731 937.731 937.731 937.731 937.731 937.731 937.731 937.731 937.731
 937.73 937.731 937.731 937.731 937.731 937.731 937.731 937.731 937.731 937.731
 937.73  937.73  937.73 937.731 937.731 937.731 937.731 937.731 937.731 937.731
 937.73  937.73  937.73  937.73 937.731 937.731 937.731 937.731 937.731 937.731
 937.73  937.73  937.73  937.73  937.73 937.731 937.731 937.731 937.731 937.731
 937.73  937.73  937.73  937.73  937.73  937.73 937.731 937.731 937.731 880.074
 937.73  937.73  937.73  937.73  937.73  937.73  937.73 937.731 880.074 783.978
 937.73  937.73  937.73  937.73  937.73  937.73  937.73 880.073 783.978 687.883
 937.73  937.73  937.73  937.73  937.73  937.73 880.073 783.978 687.883 591.788
 937.73  937.73  937.73  937.73  937.73 880.073 783.978 687.883 591.788 495.692
 937.73  937.73  937.73  937.73 880.073 783.978 687.883 591.787 495.692 399.597
 937.73  937.73  937.73 880.073 783.978 687.882 591.787 495.692 399.597 303.502
 937.73  937.73 880.073 783.977 687.882 591.787 495.692 399.597 303.502 207.407
 937.73 880.073 783.977 687.882 591.787 495.692 399.597 303.502 207.407 111.311
880.073 783.978 687.882 591.787 495.692 399.597 303.502 207.407 111.311 15.2161
    783.978     687.883     591.787     495.692     399.597     303.502     207.407     111.311     15.2162 1.77636e-15
    687.883     591.788     495.692     399.597     303.502     207.407     111.312     15.2163 1.77636e-15 1.97215e-31
    591.788     495.693     399.598     303.502     207.407     111.312     15.2165 1.77636e-15 1.97215e-31 2.18953e-47
    495.693     399.598     303.503     207.407     111.312     15.2167 1.77636e-15 1.97215e-31 2.18953e-47 2.43087e-63
    425.004     328.412     231.821     135.229     38.6375 3.55271e-15 1.97215e-31 2.18953e-47 2.43087e-63  2.6988e-79
    328.413     231.821      135.23     38.6379 7.10543e-15  3.9443e-31 2.18953e-47 2.43087e-63  2.6988e-79 2.99627e-95
     231.821       135.23      38.6382  7.10543e-15  7.88861e-31  4.37906e-47  2.43087e-63   2.6988e-79  2.99627e-95 3.32653e-111
      135.23      38.6385  7.10543e-15  7.88861e-31  8.75812e-47  4.86173e-63   2.6988e-79  2.99627e-95 3.32653e-111 3.69319e-127
     38.6387  7.10543e-15  7.88861e-31  8.75812e-47  9.72346e-63  5.39761e-79  2.99627e-95 3.32653e-111 3.69319e-127 4.10027e-143
 7.10543e-15  7.88861e-31  8.75812e-47  9.72346e-63  1.07952e-78  5.99255e-95 3.32653e-111 3.69319e-127 4.10027e-143 4.55221e-159
 7.88861e-31  8.75812e-47  9.72346e-63  1.07952e-78  1.19851e-94 6.65306e-111 3.69319e-127 4.10027e-143 4.55221e-159 5.05397e-175
 8.75812e-47  9.72346e-63  1.07952e-78  1.19851e-94 1.33061e-110 7.38638e-127 4.10027e-143 4.55221e-159 5.05397e-175 5.61103e-191
 9.72346e-63  1.07952e-78  1.19851e-94 1.33061e-110 1.47728e-126 8.20053e-143 4.55221e-159 5.05397e-175 5.61103e-191  6.2295e-207
 1.07952e-78  1.19851e-94 1.33061e-110 1.47728e-126 1.64011e-142 9.10442e-159 5.05397e-175 5.61103e-191  6.2295e-207 6.91613e-223
 1.19851e-94 1.33061e-110 1.47728e-126 1.64011e-142 1.82088e-158 1.01079e-174 5.61103e-191  6.2295e-207 6.91613e-223 7.67845e-239
1.33061e-110 1.47728e-126 1.64011e-142 1.82088e-158 2.02159e-174 1.12221e-190  6.2295e-207 6.91613e-223 7.67845e-239 8.52479e-255
1.47728e-126 1.64011e-142 1.82088e-158 2.02159e-174 2.24441e-190  1.2459e-206 6.91613e-223 7.67845e-239 8.52479e-255 9.46442e-271
1.64011e-142 1.82088e-158 2.02159e-174 2.24441e-190  2.4918e-206 1.38323e-222 7.67845e-239 8.52479e-255 9.46442e-271 1.05076e-286
1.82088e-158 2.02159e-174 2.24441e-190  2.4918e-206 2.76645e-222 1.53569e-238 8.52479e-255 9.46442e-271 1.05076e-286 1.16658e-302
2.02159e-174 2.24441e-190  2.4918e-206 2.76645e-222 3.07138e-238 1.70496e-254 9.46442e-271 1.05076e-286 1.16658e-302 1.29516e-318
2.24441e-190  2.4918e-206 2.76645e-222 3.07138e-238 3.40992e-254 1.89288e-270 1.05076e-286 1.16658e-302 1.29516e-318            0
 2.4918e-206 2.76645e-222 3.07138e-238 3.40992e-254 3.78577e-270 2.10152e-286 1.16658e-302 1.29516e-318            0            0
2.76645e-222 3.07138e-238 3.40992e-254 3.78577e-270 4.20305e-286 2.33316e-302 1.29516e-318            0            0            0
3.07138e-238 3.40992e-254 3.78577e-270 4.20305e-286 4.66632e-302 2.59033e-318            0            0            0            0
3.40992e-254 3.78577e-270 4.20305e-286 4.66632e-302 5.18065e-318            0            0            0            0            0
3.78577e-270 4.20305e-286 4.66632e-302 5.18065e-318            0            0            0            0            0            0
4.20305e-286 4.66632e-302 5.18065e-318            0            0            0            0            0            0            0
4.66632e-302 5.18065e-318            0            0            0            0            0            0            0            0
5.18065e-318            0            0            0            0            0            0            0            0            0
0 0 0 0 0 0 0 0 0 0
      0       0       0       0       0       0       0       0       0 57.9551
      0       0       0       0       0       0       0       0 57.9554 154.547
      0       0       0       0       0       0       0 57.9556 154.547 251.138
      0       0       0       0       0       0 57.9559 154.547 251.138  347.73
      0       0       0       0       0 57.9561 154.547 251.139  347.73 444.321
      0       0       0       0 57.9563 154.548 251.139  347.73 444.321 540.913
      0       0       0 57.9565 154.548 251.139  347.73 444.322 540.913 637.504
      0       0 57.9565 154.548 251.139  347.73 444.322 540.913 637.504 734.096
      0 57.9564 154.548 251.139  347.73 444.322 540.913 637.505 734.096 830.687
57.9561 154.547 251.139  347.73 444.322 540.913 637.504 734.096 830.687 927.279
154.547 251.139  347.73 444.321 540.913 637.504 734.096 830.687 927.279 937.731
251.138  347.73 444.321 540.913 637.504 734.096 830.687 927.279 937.731 937.731
347.729 444.321 540.913 637.504 734.096 830.687 927.279 937.731 937.731 937.731
444.321 540.912 637.504 734.096 830.687 927.279 937.731 937.731 937.731 937.731
509.349 606.709 704.068 801.427 898.787 937.731 937.731 937.731 937.731 937.731
606.708 704.068 801.427 898.787 937.731 937.731 937.731 937.731 937.731 937.731
704.068 801.427 898.787  937.73 937.731 937.731 937.731 937.731 937.731 937.731
801.427 898.786  937.73  937.73 937.731 937.731 937.731 937.731 937.731 937.731
898.786  937.73  937.73  937.73 937.731 937.731 937.731 937.731 937.731 937.731
 937.73  937.73  937.73 937.731 937.731 937.731 937.731 937.731 937.731 937.731
 937.73  937.73 937.731 937.731 937.731 937.731 937.731 937.731 937.731 937.731
937.731 937.731 937.731 937.731 937.731 937.731 937.731 937.731 937.731 937.731
937.731 937.731 937.731 937.731 937.731 937.731 937.731 937.731 937.731 937.731
937.731 937.731 937.731 937.731 937.731 937.731 937.731 937.731 937.731 937.731
937.731 937.731 937.731 937.731 937.731 937.731 937.731 937.731 937.731 937.731
937.731 937.731 937.731 937.731 937.731 937.731 937.731 937.731 937.731 937.731
937.731 937.731 937.731 937.731 937.731 937.731 937.731 937.731 937.731 937.731
937.731 937.731 937.731 937.731 937.731 937.731 937.731 937.731 937.731 937.731
937.731 937.731 937.731 937.731 937.731 937.731 937.731 937.731 937.731 937.731
937.731 937.731 937.731 937.731 937.731 937.731 937.731 937.731 937.731 937.731
937.731 937.731 937.731 937.731 937.731 937.731 937.731 937.731 937.731 937.731
937.731 937.731 937.731 937.731 937.731 937.731 937.731 937.731 937.731 937.731
937.731 937.731 937.731 937.731 937.731 937.731 937.731 937.731 937.731 937.731
937.731 937.731 937.731 937.731 937.731 937.731 937.731 937.731 937.731 937.731
937.731 937.731 937.731 937.731 937.731 937.731 937.731 937.731 937.731 937.731
937.731 937.731 937.731 937.731 937.731 937.731 937.731 937.731 937.731 937.731
937.731 937.731 937.731 937.731 937.731 937.731 937.731 937.731 937.731 937.731
937.731 937.731 937.731 937.731 937.731 937.731 937.731 937.731 937.731 937.731
937.731 937.731 937.731 937.731 937.731 937.731 937.731 937.731 937.731 937.731
937.731 937.731 937.731 937.731 937.731 937.731 937.731 937.731 937.731 937.731
937.731 937.731 937.731 937.731 937.731 937.731 937.731 937.731 937.731 879.315
937.731 937.731  937.73  937.73  937.73  937.73 937.731 937.731 879.315 781.956
937.731  937.73  937.73  937.73  937.73  937.73  937.73 879.315 781.956 684.597
 937.73  937.73  937.73  937.73  937.73  937.73 879.315 781.956 684.596 587.237
 937.73  937.73  937.73  937.73  937.73 879.315 781.955 684.596 587.237 489.878
 937.73  937.73  937.73  937.73 879.315 781.955 684.596 587.237 489.878 392.518
 937.73  937.73  937.73 879.315 781.955 684.596 587.237 489.878 392.518 295.159
 937.73  937.73 879.314 781.955 684.596 587.237 489.877 392.518 295.159   197.8
 937.73 879.315 781.955 684.596 587.237 489.877 392.518 295.159   197.8  100.44
879.315 781.955 684.596 587.237 489.877 392.518 295.159   197.8  100.44 3.08115
    781.956     684.596     587.237     489.878     392.518     295.159       197.8     100.441      3.0812 4.44089e-16
    684.597     587.237     489.878     392.519     295.159       197.8     100.441     3.08133 8.88178e-16 4.93038e-32
    587.238     489.878     392.519      295.16       197.8     100.441     3.08154           0 9.86076e-32 5.47382e-48
    489.879     392.519      295.16     197.801     100.441     3.08182 4.44089e-16           0 1.09476e-47 6.07716e-64
    428.427     331.057     233.688     136.318     38.9487 8.88178e-16 4.93038e-32           0 1.21543e-63 6.74701e-80
    331.058     233.688     136.319      38.949 7.10543e-15 9.86076e-32 5.47382e-48           0  1.3494e-79 7.49068e-96
     233.688      136.319      38.9494  7.10543e-15  7.88861e-31  1.09476e-47  6.07716e-64            0  1.49814e-95 8.31633e-112
     136.319      38.9497  7.10543e-15  7.88861e-31  8.75812e-47  1.21543e-63  6.74701e-80            0 1.66327e-111 9.23298e-128
       38.95  7.10543e-15  7.88861e-31  8.75812e-47  9.72346e-63   1.3494e-79  7.49068e-96            0  1.8466e-127 1.02507e-143
 7.10543e-15  7.88861e-31  8.75812e-47  9.72346e-63  1.07952e-78  1.49814e-95 8.31633e-112            0 2.05013e-143 1.13805e-159
 7.88861e-31  8.75812e-47  9.72346e-63  1.07952e-78  1.19851e-94 1.66327e-111 9.23298e-128            0  2.2761e-159 1.26349e-175
 8.75812e-47  9.72346e-63  1.07952e-78  1.19851e-94 1.33061e-110  1.8466e-127 1.02507e-143            0 2.52698e-175 1.40276e-191
 9.72346e-63  1.07952e-78  1.19851e-94 1.33061e-110 1.47728e-126 2.05013e-143 1.13805e-159            0 2.80552e-191 1.55737e-207
 1.07952e-78  1.19851e-94 1.33061e-110 1.47728e-126 1.64011e-142  2.2761e-159 1.26349e-175            0 3.11475e-207 1.72903e-223
 1.19851e-94 1.33061e-110 1.47728e-126 1.64011e-142 1.82088e-158 2.52698e-175 1.40276e-191            0 3.45807e-223 1.91961e-239
1.33061e-110 1.47728e-126 1.64011e-142 1.82088e-158 2.02159e-174 2.80552e-191 1.55737e-207            0 3.83922e-239  2.1312e-255
1.47728e-126 1.64011e-142 1.82088e-158 2.02159e-174 2.24441e-190 3.11475e-207 1.72903e-223            0 4.26239e-255  2.3661e-271
1.64011e-142 1.82088e-158 2.02159e-174 2.24441e-190  2.4918e-206 3.45807e-223 1.91961e-239            0 4.73221e-271  2.6269e-287
1.82088e-158 2.02159e-174 2.24441e-190  2.4918e-206 2.76645e-222 3.83922e-239  2.1312e-255            0 5.25381e-287 2.91645e-303
2.02159e-174 2.24441e-190  2.4918e-206 2.76645e-222 3.07138e-238 4.26239e-255  2.3661e-271            0  5.8329e-303 3.23791e-319
2.24441e-190  2.4918e-206 2.76645e-222 3.07138e-238 3.40992e-254 4.73221e-271  2.6269e-287            0 6.47582e-319            0
 2.4918e-206 2.76645e-222 3.07138e-238 3.40992e-254 3.78577e-270 5.25381e-287 2.91645e-303            0            0            0
2.76645e-222 3.07138e-238 3.40992e-254 3.78577e-270 4.20305e-286  5.8329e-303 3.23791e-319            0            0            0
3.07138e-238 3.40992e-254 3.78577e-270 4.20305e-286 4.66632e-302 6.47582e-319            0            0            0            0
3.40992e-254 3.78577e-270 4.20305e-286 4.66632e-302 5.18065e-318            0            0            0            0            0
3.78577e-270 4.20305e-286 4.66632e-302 5.18065e-318            0            0            0            0            0            0
4.20305e-286 4.66632e-302 5.18065e-318            0            0            0            0            0            0            0
4.66632e-302 5.18065e-318            0            0            0            0            0            0            0            0
5.18065e-318            0            0            0            0            0            0            0            0            0
0 0 0 0 0 0 0 0 0 0
      0       0       0       0       0       0       0       0       0 58.4219
      0       0       0       0       0       0       0       0 58.4221 155.791
      0       0       0       0       0       0       0 58.4223 155.792 253.161
      0       0       0       0       0       0 58.4226 155.792 253.161  350.53
      0       0       0       0       0 58.4228 155.792 253.161  350.53   447.9
      0       0       0       0  58.423 155.792 253.161 350.531   447.9 545.269
      0       0       0  58.423 155.792 253.161 350.531   447.9 545.269 642.638
      0       0  58.423 155.792 253.161 350.531   447.9 545.269 642.639 740.008
      0 58.4229 155.792 253.161 350.531   447.9 545.269 642.639 740.008 837.377
58.4226 155.792 253.161 350.531   447.9 545.269 642.639 740.008 837.377 934.747
155.792 253.161  350.53   447.9 545.269 642.638 740.008 837.377 934.747 937.731
253.161  350.53 447.899 545.269 642.638 740.008 837.377 934.747 937.731 937.731
 350.53 447.899 545.269 642.638 740.008 837.377 934.747 937.731 937.731 937.731
447.899 545.268 642.638 740.007 837.377 934.746 937.731 937.731 937.731 937.731
524.516 618.428 712.341 806.253 900.166 937.731 937.731 937.731 937.731 937.731
618.428 712.341 806.253 900.165  937.73 937.731 937.731 937.731 937.731 937.731
 712.34 806.253 900.165  937.73  937.73 937.731 937.731 937.731 937.731 937.731
806.253 900.165  937.73  937.73  937.73 937.731 937.731 937.731 937.731 937.731
900.165  937.73  937.73  937.73 937.731 937.731 937.731 937.731 937.731 937.731
 937.73  937.73  937.73  937.73 937.731 937.731 937.731 937.731 937.731 937.731
 937.73  937.73  937.73 937.731 937.731 937.731 937.731 937.731 937.731 937.731
 937.73  937.73 937.731 937.731 937.731 937.731 937.731 937.731 937.731 937.731
937.731 937.731 937.731 937.731 937.731 937.731 937.731 937.731 937.731 937.731
937.731 937.731 937.731 937.731 937.731 937.731 937.731 937.731 937.731 937.731
937.731 937.731 937.731 937.731 937.731 937.731 937.731 937.731 937.731 937.731
937.731 937.731 937.731 937.731 937.731 937.731 937.731 937.731 937.731 937.731
937.731 937.731 937.731 937.731 937.731 937.731 937.731 937.731 937.731 937.731
937.731 937.731 937.731 937.731 937.731 937.731 937.731 937.731 937.731 937.731
937.731 937.731 937.731 937.731 937.731 937.731 937.731 937.731 937.731 937.731
937.731 937.731 937.731 937.731 937.731 937.731 937.731 937.731 937.731 937.731
937.731 937.731 937.731 937.731 937.731 937.731 937.731 937.731 937.731 937.731
937.731 937.731 937.731 937.731 937.731 937.731 937.731 937.731 937.731 937.731
937.731 937.731 937.731 937.731 937.731 937.731 937.731 937.731 937.731 937.731
937.731 937.731 937.731 937.731 937.731 937.731 937.731 937.731 937.731 937.731
937.731 937.731 937.731 937.731 937.731 937.731 937.731 937.731 937.731 937.731
937.731 937.731 937.731 937.731 937.731 937.731 937.731 937.731 937.731 937.731
937.731 937.731 937.731 937.731 937.731 937.731 937.731 937.731 937.731 937.731
937.731 937.731 937.731 937.731 937.731 937.731 937.731 937.731 937.731 937.731
937.731 937.731 937.731 937.731 937.731 937.731 937.731 937.731 937.731 937.731
937.731 937.731 937.731 937.731 937.731 937.731 937.731 937.731 937.731 937.731
937.731 937.731 937.731 937.731 937.731 937.731 937.731 937.731 937.731 881.384
937.731 937.731 937.731 937.731 937.731 937.731 937.731 937.731 881.384 787.471
937.731 937.731 937.731 937.731 937.731 937.731 937.731 881.384 787.471 693.559
937.731 937.731 937.731 937.731 937.731 937.731 881.384 787.471 693.559 599.647
937.731 937.731 937.731 937.731 937.731 881.384 787.471 693.559 599.647 505.734
937.731 937.731 937.731 937.731 881.384 787.471 693.559 599.647 505.734 470.517
937.731 937.731 937.731 881.384 787.471 693.559 599.647 505.734 470.517 470.517
937.731 937.731 881.384 787.471 693.559 599.647 505.734 470.517 470.517 470.517
937.731 881.384 787.471 693.559 599.647 505.735 470.517 470.517 470.517 470.517
881.384 787.471 693.559 599.647 505.735 470.517 470.517 470.517 470.517 470.517
787.472 693.559 599.647 505.735 470.518 470.518 470.518 470.517 470.517 470.517
 693.56 599.647 505.735 470.518 470.518 470.518 470.518 470.518 470.517 470.517
599.647 505.735 470.518 470.518 470.518 470.518 470.518 470.517 470.517 470.517
505.735 470.518 470.518 470.518 470.518 470.518 470.517 470.517 470.517 470.517
470.518 457.204 457.204 457.204 457.204 457.203 457.203 457.203 457.203 457.203
470.519 457.175 457.175 457.175 457.174 457.174 457.174 457.174 457.174 457.174
470.519 457.024 457.024 457.023 457.023 457.023 457.023 457.023 457.023 457.023
470.519 456.798 456.797 456.797 456.797 456.797 456.797 456.797 456.797 456.797
 470.52 456.311 456.311 456.311 456.311 456.311 456.311 456.311 456.311 456.311
 470.52 455.416 455.416 455.416 455.416 455.416 455.416 455.416 455.416 455.416
 470.52 454.726 454.726 454.726 454.726 454.726 454.726 454.726 454.726 454.726
 470.52 454.122 454.122 454.122 454.122 454.122 454.122 454.122 454.122 454.122
 470.52 453.873 453.873 453.873 453.873 453.873 453.873 453.873 453.873 453.873
 470.52 453.276 453.276 453.276 453.276 453.276 453.276 453.276 453.276 453.276
 470.52 452.228 452.228 452.228 452.228 452.228 452.228 452.228 452.228 452.228
 470.52 451.209 451.209 451.209 451.209 451.209 451.209 451.209 451.209 451.209
 470.52 450.573 450.573 450.573 450.573 450.573 450.573 450.573 450.573 450.573
 470.52 450.348 450.348 450.348 450.348 450.348 450.348 450.348 450.348 450.348
 470.52 450.344 450.344 450.344 450.344 450.344 450.344 450.344 450.344 450.344
 470.52 450.323 450.323 450.323 450.323 450.323 450.323 450.323 450.323 450.323
 470.52 450.144 450.144 450.144 450.144 450.144 450.144 450.144 450.144 450.144
 470.52 449.856 449.856 449.856 449.856 449.856 449.856 449.856 449.856 449.856
 470.52 449.593 449.593 449.593 449.593 449.593 449.593 449.593 449.593 449.593
 470.52 449.469 449.469 449.469 449.469 449.469 449.469 449.469 449.469 449.469
 470.52 449.508 449.508 449.508 449.508 449.508 449.508 449.508 449.508 449.508
 470.52 449.618 449.618 449.618 449.618 449.618 449.618 449.618 449.618 449.618
 470.52 449.705 449.705 449.705 449.705 449.705 449.705 449.705 449.705 449.705
 470.52 449.728 449.728 449.728 449.728 449.728 449.728 449.728 449.728 449.728
 470.52 449.732 449.732 449.732 449.732 449.732 449.732 449.732 449.732 449.732
 470.52 449.762 449.762 449.762 449.762 449.762 449.762 449.762 449.762 449.762
 470.52 449.756 449.756 449.756 449.756 449.756 449.756 449.756 449.756 449.756
 470.52 449.818 449.818 449.818 449.818 449.818 449.818 449.818 449.818 449.818
 470.52 449.812 449.812 449.812 449.812 449.812 449.812 449.813 449.813 449.812
470.519 449.946 449.946 449.946 449.946 449.946 449.947 449.947 449.947 449.947
470.519 450.634 450.634 450.634 450.634 450.635 450.635 450.635 450.635 450.635
470.519 450.659 450.659 450.659  450.66 450.659 450.659 450.659 450.659 450.745
470.518 450.468 450.468 450.468 450.468 450.467 450.467 450.467 450.581 450.467
470.518 450.699 450.698 450.698 450.698 450.698 450.698 450.476 450.698 450.699
470.517 451.175 451.175 451.175 451.175 451.176 450.882 451.176 451.176 451.176
470.517 451.418 451.418 451.418 451.419 451.322 451.419 451.419 451.419 451.419
470.517 451.174 451.174 451.174 451.358 451.175 451.175 451.175 451.175 451.175
470.518 450.953 450.953 451.068 450.954 450.954 450.954 450.954 450.954 450.954
470.518 450.963 450.929 450.963 450.963 450.963 450.964 450.964 450.964 450.964
470.518 451.027 451.193 451.194 451.194 451.194 451.194 451.194 451.194 451.194
470.518 451.027 451.417 451.417 451.418 451.418 451.418 451.418 451.418 451.418
470.518 451.027 451.417 451.417 451.418 451.418 451.418 451.418 451.418 451.418
470.518 451.027 451.417 451.417 451.418 451.418 451.418 451.418 451.418 451.418
470.518 451.027 451.417 451.417 451.418 451.418 451.418 451.418 451.418 451.418
470.518 451.027 451.417 451.417 451.418 451.418 451.418 451.418 451.418 451.418
470.518 451.027 451.417 451.417 451.418 451.418 451.418 451.418 451.418 451.418
470.518 451.027 451.417 451.417 451.418 451.418 451.418 451.418 451.418 451.418
470.518 451.027 451.417 451.417 451.418 451.418 451.418 451.418 451.418 451.418
470.518 451.027 451.417 451.417 451.418 451.418 451.418 451.418 451.418 451.418
470.518 451.027 451.417 451.417 451.418 451.418 451.418 451.418 451.418 451.418
470.518 451.027 451.417 451.417 451.418 451.418 451.418 451.418 451.418 451.418
470.518 451.027 451.417 451.417 451.418 451.418 451.418 451.418 451.418 451.418
470.518 451.027 451.417 451.417 451.418 451.418 451.418 451.418 451.418 451.418
470.518 451.027 451.417 451.417 451.418 451.418 451.418 451.418 451.418 451.418
470.518 451.027 451.417 451.417 451.418 451.418 451.418 451.418 451.418 451.418
470.518 451.027 451.417 451.417 451.418 451.418 451.418 451.418 451.418 451.418
470.518 451.027 451.417 451.417 451.418 451.418 451.418 451.418 451.418 451.418
470.518 451.027 451.417 451.417 451.418 451.418 451.418 451.418 451.418 451.418
470.518 451.027 451.417 451.417 451.418 451.418 451.418 451.418 451.418 451.418
470.518 451.027 451.417 451.417 451.418 451.418 451.418 451.418 451.418 451.418
470.518 451.027 451.417 451.417 451.418 451.418 451.418 451.418 451.418 451.418
470.518 451.027 451.417 451.417 451.418 451.418 451.418 451.418 451.418 451.418
470.518 451.027 451.417 451.417 451.418 451.418 451.418 451.418 451.418 451.418
470.518 451.027 451.417 451.417 451.418 451.418 451.418 451.418 451.418 451.418
470.518 451.027 451.417 451.417 451.418 451.418 451.418 451.418 451.418 451.418
470.518 451.027 451.417 451.417 451.418 451.418 451.418 451.418 451.418 451.418
470.518 451.027 451.417 451.417 451.418 451.418 451.418 451.418 451.418 451.418
470.518 451.027 451.417 451.417 451.418 451.418 451.418 451.418 451.418 451.418
470.518 451.027 451.417 451.417 451.418 451.418 451.418 451.418 451.418 451.418
470.518 451.027 451.417 451.417 451.418 451.418 451.418 451.418 451.418 451.418
470.518 451.027 451.417 451.417 451.418 451.418 451.418 451.418 451.418 451.418
470.518 451.027 451.417 451.417 451.418 451.418 451.418 451.418 451.418 451.418
470.518 451.027 451.417 451.417 451.418 451.418 451.418 451.418 451.418 451.418
470.518 451.027 451.417 451.417 451.418 451.418 451.418 451.418 451.418 451.418
470.518 451.027 451.417 451.417 451.418 451.418 451.418 451.418 451.418 451.418
470.518 451.027 451.417 451.417 451.418 451.418 451.418 451.418 451.418 451.418
470.518 451.027 451.417 451.417 451.418 451.418 451.418 451.418 451.418 451.418
470.518 451.027 451.417 451.417 451.418 451.418 451.418 451.418 451.418 451.418
470.518 451.027 451.417 451.417 451.418 451.418 451.418 451.418 451.418 451.418
470.518 451.027 451.417 451.417 451.418 451.418 451.418 451.418 451.418 451.418
470.518 451.027 451.417 451.417 451.418 451.418 451.418 451.418 451.418 451.418
470.518 451.027 451.417 451.417 451.418 451.418 451.418 451.418 451.418 451.418
470.518 451.027 451.417 451.417 451.418 451.418 451.418 451.418 451.418 451.418
470.518 451.027 451.417 451.417 451.418 451.418 451.418 451.418 451.418 451.418
470.518 451.027 451.417 451.417 451.418 451.418 451.418 451.418 451.418 451.418
470.518 451.027 451.417 451.417 451.418 451.418 451.418 451.418 451.418 451.418
470.518 451.027 451.417 451.417 451.418 451.418 451.418 451.418 451.418 451.418
470.518 451.027 451.417 451.417 451.418 451.418 451.418 451.418 451.418 451.418
470.518 451.027 451.417 451.417 451.418 451.418 451.418 451.418 451.418 451.418
470.518 451.027 451.417 451.417 451.418 451.418 451.418 451.418 451.418 451.418
470.518 451.027 451.417 451.417 451.418 451.418 451.418 451.418 451.418 451.418
470.518 451.027 451.417 451.417 451.418 451.418 451.418 451.418 451.418 451.418
470.518 451.027 451.417 451.417 451.418 451.418 451.418 451.418 451.418 451.418
470.518 451.027 451.417 451.417 451.418 451.418 451.418 451.418 451.418 451.418
470.518 451.027 451.417 451.417 451.418 451.418 451.418 451.418 451.418 451.418
470.518 451.027 451.417 451.417 451.418 451.418 451.418 451.418 451.418 451.418
470.518 451.027 451.417 451.417 451.418 451.418 451.418 451.418 451.418 451.418
470.518 451.027 451.417 451.417 451.418 451.418 451.418 451.418 451.418 451.418
470.518 451.027 451.417 451.417 451.418 451.418 451.418 451.418 451.418 451.418
470.518 451.027 451.417 451.417 451.418 451.418 451.418 451.418 451.418 451.418
470.518 451.027 451.417 451.417 451.418 451.418 451.418 451.418 451.418 451.418
470.518 451.027 451.417 451.417 451.418 451.418 451.418 451.418 451.418 451.418
470.518 451.027 451.417 451.417 451.418 451.418 451.418 451.418 451.418 451.418
470.518 451.027 451.417 451.417 451.418 451.418 451.418 451.418 451.418 451.418
470.518 451.027 451.417 451.417 451.418 451.418 451.418 451.418 451.418 451.418
470.518 451.027 451.417 451.417 451.418 451.418 451.418 451.418 451.418 451.418
470.518 451.027 451.417 451.417 451.418 451.418 451.418 451.418 451.418 451.418
470.518 451.027 451.417 451.417 451.418 451.418 451.418 451.418 451.418 451.418
470.518 451.027 451.417 451.417 451.418 451.418 451.418 451.418 451.418 451.418
470.518 451.027 451.417 451.417 451.418 451.418 451.418 451.418 451.418 451.418
470.518 451.027 451.417 451.417 451.418 451.418 451.418 451.418 451.418 451.418
470.518 451.027 451.417 451.417 451.418 451.418 451.418 451.418 451.418 451.418
470.518 451.027 451.417 451.417 451.418 451.418 451.418 451.418 451.418 451.418
470.518 451.027 451.417 451.417 451.418 451.418 451.418 451.418 451.418 451.418
470.518 451.027 451.417 451.417 451.418 451.418 451.418 451.418 451.418 451.418
470.518 451.027 451.417 451.417 451.418 451.418 451.418 451.418 451.418 451.418
470.518 451.027 451.417 451.417 451.418 451.418 451.418 451.418 451.418 451.418
470.518 451.027 451.417 451.417 451.418 451.418 451.418 451.418 451.418 451.418
470.518 451.027 451.417 451.417 451.418 451.418 451.418 451.418 451.418 451.418
470.518 451.027 451.417 451.417 451.418 451.418 451.418 451.418 451.418 451.418
470.518 451.027 451.417 451.417 451.418 451.418 451.418 451.418 451.418 451.418
470.518 451.027 451.417 451.417 451.418 451.418 451.418 451.418 451.418 451.418
470.518 451.027 451.417 451.417 451.418 451.418 451.418 451.418 451.418 451.418
470.518 451.027 451.417 451.417 451.418 451.418 451.418 451.418 451.418 451.418
470.518 451.027 451.417 451.417 451.418 451.418 451.418 451.418 451.418 451.418
470.518 451.027 451.417 451.417 451.418 451.418 451.418 451.418 451.418 451.418
470.518 451.027 451.417 451.417 451.418 451.418 451.418 451.418 451.418 451.418
470.518 451.027 451.417 451.417 451.418 451.418 451.418 451.418 451.418 451.418
470.518 451.027 451.417 451.417 451.418 451.418 451.418 451.418 451.418 451.418
470.518 451.027 451.417 451.417 451.418 451.418 451.418 451.418 451.418 451.418
470.518 451.027 451.417 451.417 451.418 451.418 451.418 451.418 451.418 451.418
470.518 451.027 451.417 451.417 451.418 451.418 451.418 451.418 451.418 451.418
470.518 451.027 451.417 451.417 451.418 451.418 451.418 451.418 451.418 451.418
470.518 451.027 451.417 451.417 451.418 451.418 451.418 451.418 451.418 451.418
470.518 451.027 451.417 451.417 451.418 451.418 451.418 451.418 451.418 451.418
470.518 451.027 451.417 451.417 451.418 451.418 451.418 451.418 451.418 451.418
470.518 451.027 451.417 451.417 451.418 451.418 451.418 451.418 451.418 451.418
470.518 451.027 451.417 451.417 451.418 451.418 451.418 451.418 451.418 451.418
470.518 451.027 451.417 451.417 451.418 451.418 451.418 451.418 451.418 451.418
470.518 451.027 451.417 451.417 451.418 451.418 451.418 451.418 451.418 451.418
470.518 451.027 451.417 451.417 451.418 451.418 451.418 451.418 451.418 451.418
470.518 451.027 451.417 451.417 451.418 451.418 451.418 451.418 451.418 451.418
470.518 451.027 451.417 451.417 451.418 451.418 451.418 451.418 451.418 451.418
470.518 451.027 451.417 451.417 451.418 451.418 451.418 451.418 451.418 451.418
470.518 451.027 451.417 451.417 451.418 451.418 451.418 451.418 451.418 451.418
470.518 451.027 451.417 451.417 451.418 451.418 451.418 451.418 451.418 451.418
470.518 451.027 451.417 451.417 451.418 451.418 451.418 451.418 451.418 451.418
470.518 451.027 451.417 451.417 451.418 451.418 451.418 451.418 451.418 451.418
470.518 451.027 451.417 451.417 451.418 451.418 451.418 451.418 451.418 451.418
470.518 451.027 451.417 451.417 451.418 451.418 451.418 451.418 451.418 451.418
470.518 451.027 451.417 451.417 451.418 451.418 451.418 451.418 451.418 451.418
470.518 451.027 451.417 451.417 451.418 451.418 451.418 451.418 451.418 451.418
470.518 451.027 451.417 451.417 451.418 451.418 451.418 451.418 451.418 451.418
470.518 451.027 451.417 451.417 451.418 451.418 451.418 451.418 451.418 451.418
470.518 451.027 451.417 451.417 451.418 451.418 451.418 451.418 451.418 451.418
470.518 451.027 451.417 451.417 451.418 451.418 451.418 451.418 451.418 451.418
470.518 451.027 451.417 451.417 451.418 451.418 451.418 451.418 451.418 451.418
470.518 451.027 451.417 451.417 451.418 451.418 451.418 451.418 451.418 451.418
470.518 451.027 451.417 451.417 451.418 451.418 451.418 451.418 451.418 451.418
470.518 451.027 451.417 451.417 451.418 451.418 451.418 451.418 451.418 451.418
470.518 451.027 451.417 451.417 451.418 451.418 451.418 451.418 451.418 451.418
470.518 451.027 451.417 451.417 451.418 451.418 451.418 451.418 451.418 451.418
470.518 451.027 451.417 451.417 451.418 451.418 451.418 451.418 451.418 451.418
470.518 451.027 451.417 451.417 451.418 451.418 451.418 451.418 451.418 451.418
470.518 451.027 451.417 451.417 451.418 451.418 451.418 451.418 451.418 451.418
470.518 451.027 451.417 451.417 451.418 451.418 451.418 451.418 451.418 451.418
470.518 451.027 451.417 451.417 451.418 451.418 451.418 451.418 451.418 451.418
470.518 451.027 451.417 451.417 451.418 451.418 451.418 451.418 451.418 451.418
470.518 451.027 451.417 451.417 451.418 451.418 451.418 451.418 451.418 451.418
470.518 451.027 451.417 451.417 451.418 451.418 451.418 451.418 451.418 451.418
470.518 451.027 451.417 451.417 451.418 451.418 451.418 451.418 451.418 451.418
470.518 451.027 451.417 451.417 451.418 451.418 451.418 451.418 451.418 451.418
470.518 451.027 451.417 451.417 451.418 451.418 451.418 451.418 451.418 451.418
470.518 451.027 451.417 451.417 451.418 451.418 451.418 451.418 451.418 451.418
