0.000196843 0.000393614  0.00059031 0.000786929 0.000983468  0.00117993   0.0013763  0.00157259   0.0017688  0.00196492
0.000196786 0.000393472 0.000590057  0.00078654  0.00098292   0.0011792  0.00137537  0.00157144   0.0017674  0.00196325
0.000196775 0.000393444 0.000590007 0.000786463 0.000982812  0.00117905  0.00137518  0.00157121  0.00176712  0.00196291
0.000196747 0.000393378 0.000589893 0.000786291 0.000982572  0.00117874  0.00137478  0.00157071  0.00176652   0.0019622
0.000196703  0.00039328 0.000589731 0.000786055 0.000982252  0.00117832  0.00137427  0.00157008  0.00176577  0.00196132
0.000196652 0.000393168 0.000589547  0.00078579 0.000981896  0.00117787   0.0013737  0.00156939  0.00176495  0.00196037
0.000196602 0.000393055 0.000589361 0.000785518 0.000981528  0.00117739  0.00137311  0.00156867  0.00176409  0.00195936
0.000196544 0.000392929 0.000589154 0.000785219 0.000981126  0.00117687  0.00137246  0.00156789  0.00176316  0.00195827
0.000196474 0.000392776 0.000588908 0.000784869 0.000980661  0.00117628  0.00137173  0.00156702  0.00176213  0.00195706
0.000196387 0.000392592 0.000588615 0.000784458 0.000980121   0.0011756  0.00137091  0.00156603  0.00176096  0.00195572
0.000196284 0.000392378  0.00058828 0.000783991 0.000979513  0.00117484  0.00136998  0.00156493  0.00175968  0.00195424
 0.00019617  0.00039214 0.000587909 0.000783477 0.000978846  0.00117401  0.00136898  0.00156374   0.0017583  0.00195264
0.000196046 0.000391882 0.000587507 0.000782922 0.000978126  0.00117312   0.0013679  0.00156246   0.0017568  0.00195092
0.000195912 0.000391603 0.000587073 0.000782323 0.000977351  0.00117215  0.00136673  0.00156108   0.0017552  0.00194908
0.000195765   0.0003913 0.000586604 0.000781675 0.000976514  0.00117112  0.00136548   0.0015596  0.00175348   0.0019471
0.000195606 0.000390971 0.000586094 0.000780974 0.000975608     0.00117  0.00136413  0.00155801  0.00175162  0.00194497
0.000195432 0.000390613 0.000585541 0.000780214  0.00097463  0.00116878  0.00136267  0.00155629  0.00174963  0.00194268
0.000195244 0.000390226 0.000584944 0.000779395 0.000973575  0.00116748  0.00136111  0.00155444  0.00174748  0.00194021
0.000195041 0.000389809 0.000584301 0.000778513 0.000972442  0.00116608  0.00135942  0.00155246  0.00174518  0.00193757
0.000194823 0.000389361  0.00058361 0.000777567 0.000971225  0.00116458  0.00135762  0.00155033  0.00174271  0.00193474
0.000194588 0.000388879 0.000582869 0.000776552  0.00096992  0.00116297  0.00135568  0.00154805  0.00174006   0.0019317
0.000194336 0.000388363 0.000582075 0.000775464 0.000968522  0.00116124  0.00135361  0.00154561  0.00173723  0.00192845
0.000194067  0.00038781 0.000581223 0.000774298 0.000967025  0.00115939  0.00135139  0.00154299  0.00173419  0.00192496
0.000193778 0.000387219 0.000580313 0.000773051 0.000965422  0.00115741  0.00134901  0.00154019  0.00173093  0.00192122
0.000193469 0.000386586 0.000579338 0.000771716 0.000963706  0.00115529  0.00134646  0.00153719  0.00172745  0.00191722
 0.00019314 0.000385909 0.000578296 0.000770289 0.000961871  0.00115303  0.00134373  0.00153397  0.00172371  0.00191293
0.000192787 0.000385186 0.000577183 0.000768762 0.000959908   0.0011506  0.00134081  0.00153053  0.00171971  0.00190833
0.000192411 0.000384413 0.000575992  0.00076713 0.000957808    0.001148  0.00133769  0.00152684  0.00171543  0.00190341
0.000192009 0.000383588  0.00057472 0.000765385 0.000955561  0.00114522  0.00133435  0.00152289  0.00171083  0.00189813
 0.00019158 0.000382706  0.00057336 0.000763519 0.000953158  0.00114225  0.00133076  0.00151866  0.00170591  0.00189247
0.000191121 0.000381764 0.000571906 0.000761522 0.000950586  0.00113907  0.00132693  0.00151413  0.00170064   0.0018864
0.000190632 0.000380757 0.000570351 0.000759387 0.000947834  0.00113566  0.00132282  0.00150928  0.00169498  0.00187989
0.000190109 0.000379681 0.000568689 0.000757103 0.000944888  0.00113201  0.00131842  0.00150407  0.00168892  0.00187291
 0.00018955 0.000378531 0.000566911 0.000754658 0.000941733   0.0011281   0.0013137  0.00149849  0.00168242  0.00186542
0.000188953 0.000377301 0.000565009 0.000752041 0.000938355  0.00112391  0.00130864  0.00149251  0.00167544  0.00185738
0.000188315 0.000375985 0.000562974  0.00074924 0.000934737  0.00111942  0.00130322  0.00148609  0.00166796  0.00184876
0.000187632 0.000374578 0.000560796  0.00074624 0.000930861   0.0011146  0.00129741  0.00147921  0.00165993   0.0018395
0.000186902 0.000373072 0.000558463 0.000743026 0.000926707  0.00110945  0.00129118  0.00147183  0.00165132  0.00182956
0.000186122  0.00037146 0.000555965 0.000739583 0.000922254  0.00110391  0.00128449   0.0014639  0.00164206  0.00181888
0.000185286 0.000369735  0.00055329 0.000735893  0.00091748  0.00109798  0.00127731  0.00145539  0.00163213  0.00180742
0.000184393 0.000367889 0.000550427 0.000731943 0.000912365  0.00109162  0.00126962  0.00144627  0.00162147  0.00179512
0.000183438 0.000365914 0.000547361 0.000727709 0.000906883   0.0010848  0.00126136  0.00143647  0.00161003  0.00178191
0.000182416 0.000363798 0.000544075 0.000723171 0.000901002  0.00107748   0.0012525  0.00142596  0.00159774  0.00176772
0.000181321 0.000361531 0.000540553 0.000718303 0.000894692  0.00106962  0.00124298  0.00141467  0.00158455  0.00175251
0.000180148 0.000359102 0.000536776 0.000713082 0.000887921  0.00106119  0.00123277  0.00140255   0.0015704  0.00173619
0.000178892 0.000356498 0.000532727 0.000707481 0.000880657  0.00105214  0.00122182  0.00138956  0.00155525  0.00171873
0.000177546 0.000353707 0.000528385 0.000701475 0.000872866  0.00104244  0.00121008  0.00137565  0.00153903  0.00170008
0.000176104 0.000350715 0.000523729 0.000695035 0.000864515  0.00103205  0.00119751  0.00136078  0.00152171  0.00168018
0.000174558 0.000347508 0.000518739 0.000688133 0.000855572  0.00102093  0.00118408   0.0013449  0.00150325    0.001659
0.000172902 0.000344072 0.000513392 0.000680743 0.000846001  0.00100904  0.00116974  0.00132796  0.00148358  0.00163648
0.000171128 0.000340394 0.000507676 0.000672852 0.000835797 0.000996386  0.00115449  0.00130999  0.00146276  0.00161267
0.000169231 0.000336467 0.000501581 0.000664452 0.000824953  0.00098296  0.00113835    0.001291  0.00144079   0.0015876
0.000167208 0.000332283   0.0004951 0.000655535 0.000813463 0.000968763  0.00112131    0.001271   0.0014177   0.0015613
0.000165057 0.000327843 0.000488233 0.000646103 0.000801333 0.000953802   0.0011034     0.00125   0.0013935   0.0015338
0.000162777 0.000323145  0.00048098  0.00063616 0.000788569 0.000938089  0.00108461  0.00122802  0.00136823  0.00150512
0.000160367 0.000318188 0.000473341 0.000625709 0.000775178 0.000921635  0.00106498   0.0012051  0.00134191  0.00147531
0.000157825 0.000312971 0.000465319 0.000614754 0.000761167 0.000904453  0.00104451  0.00118125  0.00131458  0.00144441
0.000155152 0.000307495 0.000456914 0.000603299 0.000746546 0.000886557  0.00102324   0.0011565  0.00128627  0.00141246
0.000152348 0.000301762 0.000448133 0.000591355  0.00073133 0.000867968  0.00100118  0.00113089  0.00125702  0.00137951
0.000149421 0.000295789 0.000438999 0.000578954 0.000715561 0.000848736   0.0009784  0.00110448  0.00122692  0.00134566
0.000146375 0.000289585 0.000429531 0.000566121 0.000699271 0.000828903 0.000954947  0.00107734  0.00119603  0.00131096
0.000143217 0.000283163 0.000419746 0.000552881 0.000682492 0.000808508 0.000930868  0.00104952  0.00116441  0.00127551
0.000139952 0.000276536 0.000409665 0.000539264 0.000665263   0.0007876 0.000906222  0.00102108  0.00113215  0.00123939
0.000136588 0.000269718 0.000399312 0.000525301 0.000647623 0.000766226 0.000881064 0.000992103  0.00109931  0.00120268
0.000133132 0.000262725 0.000388709 0.000511022 0.000629612 0.000744435 0.000855454 0.000962643  0.00106598  0.00116547
0.000129593 0.000255574 0.000377882 0.000496464 0.000611276 0.000722282 0.000829456 0.000932779  0.00103224  0.00112785
0.000125981 0.000248287 0.000366865 0.000481671 0.000592669 0.000699833 0.000803146 0.000902598 0.000998189  0.00108993
0.000122308 0.000240887 0.000355692 0.000466688 0.000573849 0.000677157 0.000776602 0.000872187 0.000963919  0.00105182
0.000118584 0.000233393 0.000344392 0.000451555 0.000554863 0.000654309 0.000749892 0.000841622 0.000929519  0.00101361
0.000114817 0.000225823 0.000332991 0.000436305 0.000535755 0.000631342 0.000723077 0.000810976 0.000895069 0.000975391
0.000111015 0.000218193 0.000321516 0.000420975 0.000516571 0.000608314 0.000696222 0.000780323 0.000860653 0.000937258
0.000107189 0.000210524 0.000309995 0.000405604 0.000497359  0.00058528 0.000669394 0.000749738 0.000826355 0.000899302
0.000103348 0.000202833 0.000298457 0.000390228 0.000478166 0.000562297 0.000642658 0.000719294 0.000792258 0.000861613
9.94999e-05 0.000195139 0.000286927 0.000374883 0.000459034 0.000539416 0.000616074 0.000689061 0.000758438 0.000824276
9.56566e-05 0.000187464  0.00027544 0.000359613 0.000440019 0.000516702 0.000589716  0.00065912 0.000724986 0.000787389
9.18273e-05 0.000179825 0.000264023 0.000344454 0.000421165 0.000494208 0.000563644 0.000629541 0.000691977 0.000751035
8.80162e-05 0.000172234 0.000252689 0.000329426 0.000402498 0.000471966 0.000537897 0.000600368 0.000659462  0.00071527
8.42312e-05 0.000164704 0.000241463  0.00031456 0.000384057 0.000450021 0.000512528  0.00057166 0.000627508 0.000680166
8.04825e-05 0.000157256 0.000230373 0.000299895 0.000365888 0.000428429 0.000487599 0.000543487 0.000596188 0.000645802
 7.6781e-05 0.000149911 0.000219451 0.000285469  0.00034804 0.000407244 0.000463171 0.000515915 0.000565575 0.000612256
7.31362e-05 0.000142688 0.000208724 0.000271319 0.000330554 0.000386517 0.000439301 0.000489006 0.000535735 0.000579596
6.95571e-05 0.000135604 0.000198217 0.000257477 0.000313471 0.000366292 0.000416038 0.000462813 0.000506724 0.000547882
6.60515e-05 0.000128675 0.000187953 0.000243971 0.000296824 0.000346608 0.000393426 0.000437384 0.000478593 0.000517164
6.26269e-05 0.000121914  0.00017795 0.000230828 0.000280643   0.0003275 0.000371502 0.000412759 0.000451382 0.000487484
5.92899e-05 0.000115335 0.000168229  0.00021807 0.000264958 0.000308998   0.0003503 0.000388972 0.000425128 0.000458877
 5.6047e-05  0.00010895 0.000158807 0.000205719 0.000249791 0.000291131 0.000329848 0.000366053 0.000399856 0.000431368
5.29039e-05 0.000102769 0.000149697 0.000193793 0.000235164 0.000273919 0.000310169 0.000344022 0.000375588 0.000404973
4.98656e-05 9.68015e-05 0.000140913 0.000182308 0.000221094 0.000257381 0.000291278 0.000322893 0.000352331 0.000379695
4.69367e-05  9.1056e-05 0.000132466 0.000171275 0.000207592 0.000241526 0.000273184 0.000302671 0.000330087 0.000355529
4.41206e-05 8.55382e-05 0.000124362 0.000160702 0.000194666  0.00022636 0.000255889 0.000283352 0.000308844 0.000332456
4.14197e-05 8.02519e-05 0.000116607 0.000150592 0.000182315 0.000211879 0.000239383  0.00026492 0.000288581 0.000310714
3.88353e-05 7.51986e-05 0.000109199 0.000140943 0.000170535 0.000198071 0.000223647 0.000247351 0.000269529 0.000290444
3.63675e-05 7.03771e-05 0.000102136 0.000131748  0.00015931 0.000184916 0.000208655 0.000230873  0.00025183 0.000271617
 3.4015e-05 6.57833e-05 9.54089e-05  0.00012299  0.00014862 0.000172386 0.000194636 0.000215628 0.000235451   0.0002542
3.17749e-05 6.14102e-05 8.90049e-05 0.000114652 0.000138439 0.000160712 0.000181731 0.000201585 0.000220365 0.000238168
2.96434e-05 5.72483e-05 8.29082e-05 0.000106711 0.000129002 0.000150042 0.000169918 0.000188724 0.000206552 0.000223238
2.76156e-05 5.32871e-05 7.71028e-05 9.94089e-05 0.000120465 0.000140359 0.000159183 0.000177032 0.000193739 0.000209225
2.56816e-05 4.95071e-05  7.1823e-05  9.2889e-05 0.000112793 0.000131628 0.000149488 0.000166208 0.000181707 0.000196074
2.38304e-05 4.61477e-05 6.72114e-05 8.71102e-05 0.000105936 0.000123784 0.000140495 0.000155983 0.000170335 0.000183638
2.23171e-05 4.33728e-05 6.32557e-05 8.20579e-05 9.98749e-05 0.000116556 0.000132007 0.000146318 0.000159573 0.000171853
2.10659e-05 4.09622e-05 5.97825e-05  7.7622e-05 9.43419e-05 0.000109835 0.000124191 0.000137493 0.000149821 0.000161252
1.99102e-05 3.87472e-05 5.66079e-05 7.33644e-05  8.8898e-05 0.000103297 0.000116646 0.000129023 0.000140504 0.000151159
 1.8858e-05 3.67425e-05 5.35347e-05 6.91084e-05 8.35522e-05 9.69493e-05 0.000109379 0.000120915 0.000131627 0.000141579
 1.7917e-05  3.4746e-05 5.03647e-05 6.48606e-05 7.83174e-05 9.08127e-05  0.00010242 0.000113207 0.000123239 0.000132575
1.68609e-05 3.25203e-05 4.70676e-05 6.05862e-05 7.31533e-05 8.48413e-05 9.57173e-05 0.000105844  0.00011528 0.000124079
 1.5683e-05 3.02512e-05 4.37879e-05 5.63705e-05 6.80713e-05 7.89575e-05 8.90918e-05 9.85329e-05 0.000107335 0.000115558
1.45953e-05 2.81562e-05 4.07601e-05 5.24793e-05  6.3381e-05 7.35281e-05 8.29791e-05 9.17889e-05 0.000100017 0.000107767
1.35868e-05  2.6214e-05 3.79539e-05 4.88738e-05 5.90363e-05 6.85003e-05 7.73206e-05 8.55567e-05 9.33118e-05 0.000100762
1.26512e-05 2.44128e-05 3.53522e-05 4.55321e-05 5.50111e-05 6.38441e-05 7.20907e-05 7.98541e-05   8.731e-05 9.47265e-05
1.17901e-05 2.27553e-05 3.29582e-05 4.24576e-05 5.13082e-05 5.95697e-05 6.73453e-05 7.48108e-05 8.22342e-05  8.9986e-05
1.09944e-05  2.1224e-05 3.07472e-05 3.96188e-05 4.78987e-05   5.569e-05 6.31684e-05 7.06021e-05 7.83615e-05 8.69253e-05
1.02613e-05 1.98133e-05 2.87108e-05 3.70135e-05 4.48247e-05 5.23201e-05 5.97679e-05 6.75385e-05 7.61107e-05 8.60736e-05
9.58669e-06 1.85156e-05 2.68466e-05 3.46827e-05 4.21999e-05 4.96663e-05 5.74524e-05  6.6037e-05 7.60092e-05 8.80695e-05
8.96448e-06 1.73278e-05  2.5193e-05 3.27361e-05 4.02252e-05 4.80308e-05 5.66317e-05  6.6617e-05 7.86873e-05 9.36534e-05
8.42278e-06   1.635e-05 2.39678e-05 3.15323e-05   3.942e-05 4.81022e-05 5.81717e-05 7.03241e-05 8.53723e-05 0.000104235
8.14986e-06 1.61675e-05 2.43504e-05 3.30578e-05 4.27637e-05 5.40318e-05 6.75448e-05 8.40861e-05 0.000104556 0.000129952
8.24089e-06  1.6831e-05 2.61722e-05 3.67204e-05 4.90423e-05 6.37905e-05 8.17349e-05 0.000103745   0.0001308 0.000163938
8.81546e-06 1.85745e-05 2.97777e-05 4.29727e-05  5.8815e-05 7.80434e-05 0.000101513 0.000130171 0.000165037 0.000207163
9.98741e-06 2.16209e-05  3.5495e-05 5.22453e-05 7.26135e-05 9.74223e-05 0.000127604 0.000164144 0.000208074 0.000260444
1.18669e-05 2.61868e-05 4.36443e-05 6.49602e-05 9.09604e-05 0.000122543 0.000160677 0.000206361 0.000260621 0.000324497
1.45615e-05 3.24841e-05 5.45402e-05 8.15338e-05 0.000114366 0.000153971 0.000201329  0.00025743 0.000323292 0.000399939
1.81742e-05 4.07176e-05 6.84885e-05 0.000102365 0.000143284 0.000192189 0.000250053 0.000317853 0.000396592 0.000487286
2.28093e-05 5.10946e-05 8.57913e-05 0.000127813 0.000178105 0.000237601 0.000307261 0.000388046 0.000480947 0.000586976
2.85635e-05 6.38014e-05 0.000106688 0.000158143 0.000219105 0.000290489 0.000373239 0.000468303 0.000576666 0.000699343
   3.55e-05 7.89225e-05 0.000131242 0.000193381 0.000266254 0.000350765  0.00044784 0.000558423 0.000683499 0.000824096
 4.3535e-05 9.60838e-05 0.000158595 0.000231972 0.000317122  0.00041495 0.000526393 0.000652415 0.000794034 0.000952025
 5.2674e-05  0.00011544  0.00018923 0.000274938 0.000373472 0.000485748 0.000612722 0.000755389 0.000914492  0.00109102
6.29029e-05 0.000136971 0.000223131 0.000322276 0.000435324 0.000563208 0.000706914 0.000867138  0.00104488  0.00124132
7.42196e-05 0.000160684 0.000260321 0.000374035 0.000502761 0.000647458  0.00080879  0.00098776  0.00118552  0.00140332
8.66319e-05 0.000186603 0.000300854 0.000430303 0.000575915 0.000738299 0.000918476  0.00111757  0.00133681   0.0015775
0.000100156 0.000214771 0.000344805 0.000491203 0.000654556 0.000835878  0.00103629  0.00125697  0.00149922  0.00176444
0.000114818 0.000245248 0.000392279 0.000556467 0.000738844 0.000940497   0.0011626  0.00140642  0.00167333  0.00196483
0.000130651  0.00027811 0.000442975 0.000626261 0.000829058  0.00105251  0.00129787  0.00156648   0.0018598  0.00217943
0.000147699 0.000313032 0.000497058 0.000700844 0.000925541  0.00117236  0.00144263  0.00173778  0.00205939  0.00240916
0.000165614 0.000350155 0.000554747 0.000780515  0.00102868  0.00130052  0.00159747  0.00192105  0.00227295  0.00265504
0.000184835  0.00038997 0.000616592 0.000865894  0.00113917   0.0014378  0.00176329  0.00211729  0.00250165  0.00291877
0.000205447 0.000432651 0.000682867 0.000957364  0.00125752  0.00158482  0.00194087  0.00232749  0.00274705  0.00320167
0.000227543 0.000478388 0.000753871  0.00105534  0.00138429  0.00174228  0.00213109  0.00255309  0.00301034  0.00350512
0.000251206  0.00052736 0.000829888  0.00116024  0.00151999  0.00191088  0.00233526  0.00279511   0.0032927  0.00383051
-9.54862e-05  -8.1476e-05   4.3536e-05  0.000281073  0.000632802   0.00105154   0.00150651   0.00199988   0.00253404   0.00311162
1.43069e-05 0.000139981 0.000378628 0.000731881  0.00115261  0.00160992  0.00210596  0.00264306  0.00322382  0.00385107
0.000126019 0.000365399 0.000719859  0.00114228  0.00160172  0.00210026  0.00264023  0.00322413  0.00385479  0.00453526
0.000239769 0.000595029  0.00101879  0.00148004  0.00198087  0.00252351  0.00311047  0.00374449   0.0044286   0.0051661
0.000355691 0.000780351  0.00124304  0.00174579  0.00229086  0.00288068  0.00351795  0.00420563    0.004947  0.00574564
0.000425153 0.000888794  0.00139307  0.00194019  0.00253259   0.0031729  0.00386404  0.00460922  0.00541197  0.00627617
0.000464177 0.000969498  0.00151829  0.00211293  0.00275606  0.00345053  0.00419949  0.00500641  0.00587511  0.00680979
0.000505895   0.0010558  0.00165222  0.00229775  0.00299523  0.00374774  0.00455871  0.00543186  0.00637134  0.00738173
0.000550528  0.00114815  0.00179559  0.00249563  0.00325137  0.00406613   0.0049436  0.00588784  0.00690335  0.00799517
0.000598294  0.00124701   0.0019491  0.00270758  0.00352578   0.0044073  0.00535614  0.00637673  0.00747402   0.0086535
0.000649432  0.00135288  0.00211354  0.00293465  0.00381985  0.00477301  0.00579852  0.00690122  0.00808654  0.00936051
0.000704208  0.00146631  0.00228975  0.00317805  0.00413514  0.00516525   0.0062732   0.0074643   0.0087445   0.0101204
0.000762911   0.0015879  0.00247868  0.00343908  0.00447337  0.00558623  0.00678293  0.00806929  0.00945182   0.0109377
0.000825847  0.00171828  0.00268132  0.00371915  0.00483647   0.0060384  0.00733073  0.00871983   0.0102128   0.0118175
0.000893346  0.00185815  0.00289879  0.00401988  0.00522656  0.00652448  0.00791995  0.00941993   0.0110322   0.0127652
0.000965797  0.00200835  0.00313248  0.00434323  0.00564627  0.00704776   0.0085546   0.0101744   0.0119155   0.0137872
0.00104377 0.00217027 0.00338481 0.00469292 0.00610081 0.00761517 0.00924353  0.0109941   0.012876  0.0148992
0.00112779 0.00234483 0.00365695 0.00507022 0.00659137 0.00822771 0.00998737  0.0118793  0.0139132     0.0161
0.00121841 0.00253319  0.0039507 0.00547757  0.0071211 0.00888925  0.0107908  0.0128354  0.0150336   0.017397
0.00131623 0.00273656 0.00426794 0.00591755 0.00769334  0.0096039  0.0116588  0.0138683  0.0162438  0.0187977
0.00142187 0.00295624 0.00461064 0.00639288 0.00831158   0.010376  0.0125964   0.014984  0.0175508    0.02031
  0.001536 0.00319359 0.00498093 0.00690648 0.00897955  0.0112102  0.0136093  0.0161889  0.0189619  0.0219425
0.00165932 0.00345004 0.00538101 0.00746139 0.00970118  0.0121111   0.014703  0.0174896  0.0204849   0.023704
0.00179257 0.00372714 0.00581328 0.00806083  0.0104806   0.013084  0.0158837  0.0188934  0.0221281   0.025604
0.00193653 0.00402649 0.00628017 0.00870815   0.011322  0.0141339  0.0171576  0.0204077  0.0239001  0.0276525
0.00209202 0.00434974  0.0067842 0.00940674  0.0122297  0.0152664  0.0185312    0.02204  0.0258099  0.0298598
0.00225975 0.00469816 0.00732705  0.0101586   0.013206  0.0164835  0.0200067  0.0237926  0.0278597  0.0321745
0.00244058 0.00507369 0.00791199  0.0109685  0.0142575  0.0177943  0.0215956  0.0256797  0.0300127  0.0345811
0.00263542 0.00547822 0.00854199  0.0118407  0.0153898  0.0192055   0.023306  0.0276571  0.0322449  0.0370928
0.00284527 0.00591384 0.00922028  0.0127797  0.0166085  0.0207244  0.0250929  0.0296999  0.0345686  0.0397242
0.00307119 0.00638277 0.00995038  0.0137903  0.0179201  0.0223049  0.0269305  0.0318196  0.0369974   0.042491
0.00331437 0.00688745  0.0107361  0.0148777  0.0192772  0.0239201  0.0288291  0.0340287  0.0395458  0.0454099
0.00357606 0.00743052  0.0115815  0.0159934   0.020652  0.0255795  0.0308001  0.0363405  0.0422297  0.0484993
0.00385764 0.00801481  0.0124365  0.0171084  0.0220525  0.0272929  0.0328558  0.0387697  0.0450661  0.0517789
0.00416056 0.00858875   0.013271  0.0182293  0.0234875  0.0290713  0.0350091  0.0413318  0.0480732  0.0552699
0.00443168 0.00912087  0.0140902  0.0193634  0.0249662  0.0309263  0.0372745  0.0440439  0.0512709   0.059057
0.00469292 0.00966967  0.0149547  0.0205735  0.0265539  0.0329259  0.0397224  0.0469794   0.054798  0.0632484
0.00498071  0.0102736   0.015905  0.0219025   0.028296  0.0351179  0.0424038  0.0502543  0.0587392  0.0679044
0.00529708  0.0109368  0.0169477  0.0233594  0.0302042  0.0375171  0.0453984  0.0539174  0.0631194   0.073054
0.00564422   0.011664  0.0180899   0.024954  0.0322912  0.0402013  0.0487532  0.0579915  0.0679652   0.078728
0.00640319  0.0133409  0.0208461  0.0289535  0.0377006  0.0471086  0.0572072  0.0680449  0.0796748  0.0921545
0.00694255  0.0144577   0.022581  0.0313499  0.0407856  0.0509168  0.0617918  0.0734626  0.0859865  0.0994258
0.00752031  0.0156542  0.0244401  0.0338991  0.0440599  0.0549695  0.0666799  0.0792474  0.0927337   0.107206
0.0081394 0.0169365  0.026414 0.0365996 0.0475405 0.0592878 0.0718974   0.08543 0.0999522  0.115536
0.00880297  0.0182928   0.028498  0.0394653  0.0512459  0.0638947  0.0774721  0.0920435   0.107681   0.124461
0.00949644  0.0197147  0.0307029  0.0425116  0.0551958  0.0688149  0.0834339  0.0991234   0.115961    0.13403
0.0102253 0.0212273 0.0330581 0.0457721 0.0594288 0.0740919 0.0898319  0.106725  0.124854   0.14431
0.0110095  0.022855 0.0355925 0.0492808 0.0639839 0.0797708 0.0967172  0.114905  0.134425  0.155373
0.0118535 0.0246066 0.0383198 0.0530566 0.0688859 0.0858822  0.104127  0.123709  0.144726  0.167281
0.0127616 0.0264914 0.0412546 0.0571197  0.074161  0.092459  0.112102  0.133184  0.155812  0.180098
0.0137388 0.0285196 0.0444128 0.0614921 0.0798379 0.0995368  0.120684  0.143382  0.167744  0.193893
0.0147904 0.0307022 0.0478114 0.0661975 0.0859471  0.107154   0.12992  0.154357  0.180587  0.208742
 0.015922  0.033051 0.0514688 0.0712612 0.0925218  0.115352  0.139861   0.16617  0.194411  0.224725
0.0171397 0.0355786 0.0554046 0.0767106 0.0995975  0.124174  0.150561  0.178885  0.209291  0.241931
0.0184502 0.0382986 0.0596403 0.0825753  0.107213   0.13367  0.162077  0.192572  0.225308  0.260452
0.0198605 0.0412258 0.0641989 0.0888874  0.115409  0.143892  0.174473  0.207305  0.242551  0.280391
0.0213784 0.0443768 0.0691061  0.095683  0.124234  0.154897  0.187822  0.223171  0.261121  0.301866
0.0230121 0.0477684 0.0743885  0.102998  0.133734  0.166745  0.202193  0.240252  0.281114  0.324987
0.0247708 0.0514194 0.0800748  0.110873  0.143962    0.1795  0.217664  0.258641  0.302638  0.349879
0.0266639 0.0553496 0.0861961   0.11935  0.154971  0.193232   0.23432  0.278439  0.325812  0.376679
0.0287019 0.0595804 0.0927859  0.128476  0.166824  0.208015  0.252251  0.299753   0.35076  0.405532
0.0308958 0.0641351 0.0998799  0.138301  0.179584  0.223929  0.271555  0.322699  0.377619  0.436595
0.0332575 0.0690382  0.107517  0.148878  0.193321  0.241062  0.292337  0.347402  0.406535  0.470039
   0.0358 0.0743166  0.115738  0.160264  0.208109  0.259506   0.31471  0.373996  0.437666  0.506049
 0.038537 0.0799989  0.124589  0.172521  0.224028  0.279361  0.338795  0.402627  0.471185   0.54482
0.0414834 0.0861158  0.134116  0.185715  0.241164  0.300735  0.364723  0.433454  0.507274  0.586543
0.044655   0.0927 0.144371 0.199917 0.259609 0.323741 0.392636 0.466637 0.546101  0.61831
 0.048069 0.0997872  0.155409  0.215204  0.279466  0.348512  0.422687  0.502343  0.574757  0.631531
0.0517438  0.107416  0.167292  0.231662  0.300846  0.375183  0.455023  0.527639   0.58463  0.626243
0.0556995  0.115629  0.180085  0.249384  0.323865  0.403876  0.476686  0.533891  0.575734  0.602398
0.0599576  0.124469  0.193858   0.26846  0.348622  0.421608  0.479014   0.52108  0.547984  0.559839
0.064541 0.133986 0.208678 0.288962 0.362099 0.419684 0.461953 0.489082  0.50118 0.498286
0.069474 0.144222 0.224595 0.297852 0.355588 0.398033 0.425363 0.437683 0.435028 0.417359
0.0747812  0.155217  0.228573   0.28644  0.329053  0.356579  0.369121  0.366712  0.349308  0.316788
0.0804883  0.153944  0.211969  0.254792  0.282582  0.295434  0.293377   0.27636  0.244259  0.196872
0.0735217  0.131677  0.174703  0.202769  0.215968  0.214322  0.197773  0.166188  0.119358 0.0622743
 0.0581313   0.101107    0.12909   0.142176   0.140385   0.123666  0.0918857  0.0448416 -0.0124746 -0.0638518
 0.0429501  0.0708792  0.0838766  0.0819656  0.0650928  0.0331316 -0.0141195 -0.0716644  -0.123289  -0.169294
  0.027901  0.0408397  0.0388322  0.0218281 -0.0102996 -0.0577476  -0.115518  -0.167391  -0.213665  -0.254632
  0.0129079   0.0108364 -0.00627251  -0.0385426  -0.0861711   -0.144155   -0.196273   -0.242816   -0.284075   -0.320327
 0.00150021 -0.00971998  -0.0337926  -0.0709112   -0.121327   -0.173677   -0.220484   -0.262033   -0.298598   -0.330434
-0.0112562 -0.0354016 -0.0726384  -0.123214  -0.175767  -0.222814  -0.264636  -0.301502  -0.333663  -0.361348
-0.0241831 -0.0614951  -0.112193  -0.164912  -0.212168  -0.254237  -0.291384  -0.323854  -0.351873  -0.375643
-0.0373551 -0.0881375  -0.140995  -0.188436  -0.230738   -0.26816  -0.300943  -0.329307   -0.35345  -0.373544
-0.0508473  -0.103831  -0.151473  -0.194045  -0.231806  -0.264987  -0.293805  -0.318447   -0.33908  -0.355846
-0.0530623  -0.100863  -0.143687  -0.181789  -0.215402   -0.24473  -0.269953  -0.291228  -0.308687  -0.322442
-0.0477916 -0.0905962  -0.128669  -0.162242  -0.191519  -0.216682  -0.237889  -0.255274  -0.268948  -0.279002
-0.0427955 -0.0808505  -0.114394  -0.143633  -0.168747  -0.189896  -0.207214  -0.220816  -0.230792  -0.237212
-0.0380456 -0.0715706  -0.100779  -0.125853  -0.146951   -0.16421  -0.177743  -0.187643  -0.193982  -0.196809
-0.0335151 -0.0627041 -0.0877469  -0.108803  -0.126009   -0.13948  -0.149309  -0.155569  -0.158312  -0.157566
-0.0291786 -0.0542012 -0.0752247 -0.0923867  -0.105802  -0.115567  -0.121753  -0.124414  -0.123581  -0.119265
-0.0250118 -0.0460142 -0.0631423 -0.0765124 -0.0862192 -0.0923377 -0.0949212 -0.0940031 -0.0895955 -0.0816901
 -0.020991 -0.0380969 -0.0514315 -0.0610905 -0.0671488 -0.0696614 -0.0686624 -0.0641658 -0.0561644 -0.0446307
 -0.0170939  -0.0304052   -0.040027  -0.0460352  -0.0484847  -0.0474115  -0.0428302  -0.0347357  -0.0231014 -0.00788012
 -0.0132987  -0.0228961  -0.0288652  -0.0312623  -0.0301229  -0.0254637  -0.0172804 -0.00554833  0.00977836   0.0287666
-0.00958422  -0.0155277  -0.0178837  -0.0166891  -0.0119604 -0.00369522  0.00813008   0.0235594   0.0426585   0.0655143
-0.00592949 -0.00825821 -0.00701999 -0.00223261  0.00610654   0.0180189   0.0335476   0.0527559   0.0757297    0.102577
-0.00231409 -0.00104725  0.00378597   0.0121868    0.024177   0.0397972   0.0591099   0.0821986     0.10917    0.140152
0.00128218 0.00614548  0.0145945  0.0266496  0.0423516  0.0617607  0.0849593   0.112051   0.143164   0.178448
0.00487942  0.0133601  0.0254659  0.0412363  0.0607315  0.0840316   0.111239   0.142479   0.177901   0.217677
0.00849764  0.0206368  0.0364606  0.0560278  0.0794186   0.106733   0.138095   0.173651   0.213572   0.258056
 0.012157 0.0280158 0.0476394 0.0711061 0.0985164  0.129991  0.165675  0.205738  0.250375  0.299807
0.0158776 0.0355382 0.0590643 0.0865545   0.11813  0.153933  0.194132  0.238917  0.288511  0.343162
0.0196803 0.0432454 0.0707982  0.102458  0.138368  0.178692   0.22362  0.273371  0.328192  0.388362
0.0235859 0.0511799  0.082906  0.118905  0.159341  0.204402  0.254304  0.309291   0.36964  0.435654
 0.027616 0.0593854 0.0954537  0.135984  0.181163  0.231205  0.286351  0.346875  0.413079  0.485278
0.0317925 0.0679063  0.108509  0.153787  0.203953  0.259246  0.319937  0.386325  0.458722   0.52491
0.0361383 0.0767894  0.122145  0.172415  0.227839  0.288685  0.355249  0.427841  0.494237   0.54636
0.0406771 0.0860835  0.136435   0.19197  0.252955  0.319683  0.392462  0.459063  0.511406  0.549703
0.0454339 0.0958398  0.151461  0.212563  0.279438   0.35239  0.419186  0.471746  0.510276  0.534929
0.0504348  0.106112  0.167304  0.234301  0.307405  0.374381  0.427144  0.465899  0.490794  0.501912
0.0557069  0.116956  0.184044  0.257271  0.324399  0.377343  0.416304  0.441426  0.452789  0.450404
0.0612781  0.128422   0.20174  0.268988  0.322083  0.361222  0.386547  0.398134  0.395991  0.380052
0.0671769  0.140557  0.207905  0.261133   0.30044  0.325962  0.337773  0.335877  0.320205  0.290613
0.0734326   0.14088  0.194266  0.233784  0.259571  0.271693  0.270151  0.254867  0.225695  0.182412
0.0675133  0.121029   0.16075  0.186814  0.199284  0.198153  0.183339  0.154685  0.111961 0.0548813
 0.0534919  0.0931627   0.119144     0.1315   0.130226   0.115243  0.0863952  0.0434579 -0.0138521 -0.0682888
 0.0396453  0.0655723   0.077841  0.0764468  0.0613109   0.032283 -0.0108601 -0.0683971  -0.123079  -0.171921
  0.0258989   0.0381088   0.0366184   0.0213517 -0.00784198  -0.0511811   -0.108942   -0.163872   -0.212981    -0.25658
   0.012179   0.0106246 -0.00474656  -0.0340821   -0.077601   -0.135574   -0.190748   -0.240125   -0.284014   -0.322705
-0.00867533  -0.0284459  -0.0594674   -0.101955   -0.156181   -0.211582   -0.261219   -0.305394   -0.344395   -0.378491
-0.0198071 -0.0509017 -0.0935076  -0.147893  -0.203497  -0.253373   -0.29782  -0.337121   -0.37154  -0.401321
-0.0311327 -0.0738143  -0.128321  -0.184091  -0.234176  -0.278869   -0.31845  -0.353178  -0.383291  -0.409005
-0.0427251 -0.0973175  -0.153225  -0.203495  -0.248421  -0.288276  -0.323316  -0.353773  -0.379858  -0.401753
-0.0546578  -0.110691  -0.161162  -0.206357  -0.246551  -0.281989  -0.312899  -0.339482  -0.361915  -0.380352
-0.0561125  -0.106742  -0.152188  -0.192723  -0.228592  -0.260012  -0.287175  -0.310249  -0.329378   -0.34468
-0.0506202 -0.0960477  -0.136553  -0.172381   -0.20375  -0.230853  -0.253859  -0.272911  -0.288133  -0.299622
-0.0454185 -0.0859058  -0.121705  -0.153035  -0.180088  -0.203036  -0.222022   -0.23717   -0.24858   -0.25633
 -0.040478 -0.0762584  -0.107558  -0.134571  -0.157467  -0.176393  -0.191473  -0.202807  -0.210475  -0.214534
-0.0357707  -0.067051 -0.0940329  -0.116887   -0.13576  -0.150776  -0.162039  -0.169628  -0.173602     -0.174
-0.0312701 -0.0582318 -0.0810533 -0.0998822  -0.114843  -0.126041  -0.133555  -0.137448  -0.137756  -0.134499
 -0.026951 -0.0497514 -0.0685464 -0.0834618 -0.0946013  -0.102048  -0.105863  -0.106086  -0.102736 -0.0958113
-0.0227892  -0.041562  -0.056442 -0.0675336 -0.0749198 -0.0786634 -0.0788054 -0.0753663  -0.068345 -0.0577195
 -0.018761 -0.0336177 -0.0446721 -0.0520081 -0.0556884 -0.0557559 -0.0522318  -0.045117 -0.0343905 -0.0200104
  -0.0148442   -0.0258742   -0.0331712   -0.0367988      -0.0368   -0.0331978   -0.0259939   -0.0151694 -0.000683491     0.017526
-0.0110169 -0.0182882 -0.0218748 -0.0218207 -0.0181489 -0.0108629 5.5129e-05   0.014644  0.0329647  0.0550997
-0.00725743  -0.0108168   -0.010719  -0.0069884 0.000371673    0.011377   0.0260655   0.0444957    0.066749   0.0929289
-0.00354485 -0.00341848  0.00035803  0.00777988   0.0188632   0.0336434   0.0521782   0.0745467    0.100851    0.131216
0.000141602  0.00394813   0.0114182   0.0225664   0.0374286     0.05606   0.0785385    0.104964     0.13546    0.170174
0.00382251  0.0113241  0.0225231  0.0374536  0.0561712  0.0787514   0.105293   0.135916   0.170768   0.210017
0.00751839  0.0187505  0.0337344   0.052524  0.0751951   0.101844   0.132589   0.167575   0.206969   0.250966
0.0112498 0.0262687 0.0451145 0.0678614 0.0946056  0.125464  0.160579  0.200115  0.244265  0.293248
0.0150374 0.0339201 0.0567263 0.0835505   0.11451  0.149743  0.189415  0.233715  0.282859  0.337096
0.0189023 0.0417473  0.068634 0.0996778  0.135018  0.174815  0.219258   0.26856  0.322967  0.382754
0.0228657 0.0497934 0.0809032  0.116332  0.156242  0.200817   0.25027  0.304843   0.36481  0.430474
0.0269495 0.0581025 0.0936011  0.133605  0.178298  0.227891  0.282623  0.342766  0.408619  0.480495
0.0311759 0.0667198  0.106796  0.151588  0.201305  0.256184  0.316494  0.382531  0.454606  0.520429
0.0355682 0.0756927  0.120562  0.170383  0.225393  0.285858  0.352072  0.424341  0.490373  0.542042
0.0401503 0.0850703  0.134973  0.190094  0.250698  0.317076  0.389532  0.455769  0.507659  0.545412
0.0449474 0.0949044  0.150112  0.210832  0.277357  0.349986  0.416419  0.468525  0.506511  0.530527
0.0499857  0.105249   0.16606  0.232706  0.305488  0.372099  0.424409   0.46262  0.486879  0.497267
0.0552924   0.11616  0.182896  0.255801  0.322565  0.375055  0.413472  0.437957   0.44859  0.445381
0.0608963  0.127689  0.200684  0.267567  0.320209  0.358804  0.383492  0.394349  0.391381  0.374521
0.0668256  0.139883  0.206866   0.25964  0.298402  0.323288   0.33437  0.331649  0.315056  0.284446
0.0731099  0.140192  0.193125  0.232098  0.257248  0.268641  0.266273  0.250069  0.219879  0.175479
0.0671479   0.12021  0.159387  0.184814  0.196554  0.194598  0.178863  0.149191   0.10535 0.0470544
 0.0530376  0.0921638   0.117508   0.129135   0.127036   0.111132  0.0812658  0.0372117 -0.0213149 -0.0759212
 0.0391004  0.0643906  0.0759291  0.0737099  0.0576529  0.0276067 -0.0166534  -0.075407  -0.130259  -0.179259
 0.0252618  0.0367412  0.0344255  0.0182376 -0.0119748  -0.056431  -0.115409  -0.170508  -0.219775  -0.263521
  0.0114479  0.00906779 -0.00722519  -0.0375798  -0.0822161   -0.141406    -0.19675   -0.246285    -0.29032   -0.329148
 0.00204262 -0.00948504  -0.0347399  -0.0739386   -0.127354   -0.182927   -0.232725   -0.277048   -0.316187   -0.350411
-0.0115639 -0.0368917 -0.0762084  -0.129783   -0.18556  -0.235596  -0.280192   -0.31963  -0.354178  -0.384079
-0.0253657  -0.064758  -0.118455  -0.174397  -0.224642  -0.269483  -0.309202  -0.344059  -0.374292  -0.400117
-0.0394357 -0.0932174  -0.149297  -0.199728  -0.244802  -0.284795  -0.319964  -0.350541  -0.376737  -0.398737
-0.0538471  -0.110053  -0.160684  -0.206028   -0.24636  -0.281927  -0.312957  -0.339652  -0.362189  -0.380723
-0.0562851  -0.107075   -0.15267  -0.193344  -0.229341  -0.260881  -0.288157  -0.311335  -0.330561  -0.345955
-0.0507806 -0.0963573  -0.137001  -0.172958  -0.204447  -0.231662  -0.254772  -0.273922  -0.289235  -0.300809
-0.0455677 -0.0861938  -0.122122  -0.153572  -0.180737  -0.203789  -0.222873  -0.238112  -0.249607  -0.257436
-0.0406168 -0.0765263  -0.107946  -0.135071  -0.158072  -0.177095  -0.192266  -0.203685  -0.211432  -0.215567
-0.0358999 -0.0673004 -0.0943944  -0.117353  -0.136323  -0.151431  -0.162778  -0.170447  -0.174497  -0.174965
-0.0313904 -0.0584641   -0.08139  -0.100316  -0.115369  -0.126651  -0.134246  -0.138213  -0.138593  -0.135403
-0.0270631 -0.0499679 -0.0688603 -0.0838668 -0.0950914  -0.102618  -0.106508  -0.106802   -0.10352 -0.0966599
-0.0228936  -0.041764  -0.056735 -0.0679118 -0.0753778 -0.0791965 -0.0794095  -0.076038 -0.0690818 -0.0585197
-0.0188587 -0.0338066 -0.0449462 -0.0523622 -0.0561176 -0.0562561 -0.0527997   -0.04575  -0.035087 -0.0207697
 -0.0149356  -0.0260511  -0.0334281   -0.037131  -0.0372033  -0.0336689  -0.0265301  -0.0157691 -0.00134598   0.0168002
  -0.0111026   -0.0184541   -0.0221162   -0.0221334   -0.0185294   -0.0113088 -0.000454339    0.0140716    0.0323289    0.0543989
-0.00733806  -0.0109734  -0.0109477 -0.00728583 7.85771e-06   0.0109484   0.0255725   0.0439378   0.0661245   0.0922348
-0.00362116 -0.00356733 0.000139677  0.00749423   0.0185115   0.0332261   0.0516946   0.0739949    0.100228    0.130517
6.87948e-05  0.00380535   0.0112074   0.0222888   0.0370842   0.0556479   0.0780568    0.104409    0.134828    0.169458
0.0037523 0.0111855 0.0223168 0.0371797 0.0558285 0.0783377  0.104805  0.135349  0.170115  0.209272
0.00744972  0.0186138  0.0335294  0.0522492   0.074848   0.101421   0.132086   0.166985   0.206285   0.250179
0.0111815 0.0261315 0.0449069 0.0675806 0.0942476  0.125024   0.16005   0.19949  0.243535  0.292403
0.0149683 0.0337801 0.0565123 0.0832583  0.114134  0.149278  0.188852  0.233044  0.282072   0.33618
0.0188311 0.0416016 0.0684093 0.0993686  0.134617  0.174315  0.218649  0.267832  0.322108  0.381753
 0.022791 0.0496391 0.0806635     0.116  0.155809  0.200273  0.249605  0.304046  0.363868  0.429371
0.0268697 0.0579368 0.0933419  0.133243  0.177825  0.227295  0.281893  0.341888  0.407578  0.479277
0.0310898   0.06654  0.106514  0.151193  0.200787  0.255531  0.315692  0.381565  0.453461  0.518993
0.0354744 0.0754962  0.120252   0.16995  0.224824  0.285139  0.351189  0.423278  0.489017  0.540214
0.0400475 0.0848545  0.134633  0.189617  0.250071  0.316283  0.388559  0.454501  0.505918  0.543017
0.0448343 0.0946667  0.149737  0.210306  0.276665  0.349112   0.41525  0.466881  0.504213  0.527392
0.0498611  0.104987  0.165646  0.232126  0.304725   0.37104  0.422874   0.46043  0.483851  0.493217
0.0551552  0.115871  0.182441  0.255162  0.321629  0.373643  0.411403  0.435049  0.444659  0.440242
0.0607449  0.127371  0.200182  0.266768  0.318932  0.356869  0.380717   0.39055  0.386373  0.368117
0.0666585  0.139532  0.206217  0.258513  0.296616  0.320661  0.330717  0.326785  0.308794  0.276599
0.0729256   0.13971  0.192164  0.230477  0.254785   0.26515  0.261571  0.243968   0.21219  0.166012
  0.06685  0.119433  0.157949  0.182533  0.193245  0.190076   0.17294  0.141678 0.0960571  0.035789
  0.052559  0.0910244   0.115524   0.126123   0.122809   0.105502  0.0740447  0.0282087  -0.032292 -0.0873054
 0.0384396  0.0628854  0.0733944  0.0699593  0.0524988  0.0208597 -0.0251841 -0.0859138  -0.141175   -0.19062
 0.0244173   0.034867  0.0313347  0.0137421 -0.0180644 -0.0643059  -0.125262  -0.180773  -0.230488  -0.274719
 0.0104182 0.00682125  -0.010877 -0.0428268 -0.0892499   -0.15042  -0.206177  -0.256163  -0.300686  -0.340043
 0.0017338 -0.0101191  -0.035717 -0.0752782  -0.129077  -0.185064  -0.235312  -0.280124  -0.319793  -0.354591
-0.0118892 -0.0375605 -0.0772406    -0.1312  -0.187392  -0.237881  -0.282968   -0.32294  -0.358064  -0.388588
-0.0257093 -0.0654654  -0.119548  -0.175907  -0.226607  -0.271942  -0.312197  -0.347633  -0.378493  -0.404994
-0.0397996 -0.0939677  -0.150466  -0.201352  -0.246923  -0.287454  -0.323206  -0.354413  -0.381289  -0.404022
-0.0542336  -0.110859  -0.161947  -0.207789  -0.248661  -0.284813  -0.316477  -0.343854  -0.367129  -0.386457
-0.0567045  -0.107953  -0.154047  -0.195263  -0.231848  -0.264024  -0.291985  -0.315905  -0.335929  -0.352182
-0.0512392 -0.0973159  -0.138504   -0.17505  -0.207178  -0.235083  -0.258937   -0.27889  -0.295066  -0.307571
-0.0460682 -0.0872389  -0.123758  -0.155849  -0.183708  -0.207507  -0.227397  -0.243505  -0.255935   -0.26477
-0.0411619 -0.0776638  -0.109726  -0.137546  -0.161298  -0.181132  -0.197175  -0.209534  -0.218292  -0.223513
-0.0364927 -0.0685368 -0.0963278   -0.12004  -0.139823  -0.155808    -0.1681  -0.176784  -0.181926  -0.183568
-0.0320344 -0.0598064 -0.0834879   -0.10323  -0.119163  -0.131394  -0.140009  -0.145074  -0.146633  -0.144711
-0.0277619 -0.0514236 -0.0711344 -0.0870242  -0.099201  -0.107753  -0.112745  -0.114225  -0.112216  -0.106725
-0.0236512 -0.0433413 -0.0591979 -0.0713301 -0.0798253 -0.0847515 -0.0861555 -0.0840638 -0.0784823 -0.0693963
-0.0196791 -0.0355142 -0.0476116 -0.0560602 -0.0609276 -0.0622622 -0.0600915 -0.0544229  -0.045243 -0.0325179
-0.0158235 -0.0278984 -0.0363107 -0.0411292 -0.0424022 -0.0401589 -0.0344076 -0.0251366 -0.0123132 0.00411599
 -0.0120628  -0.0204514  -0.0252319  -0.0264537  -0.0241458  -0.0183184 -0.00896074  0.00395812   0.0204903   0.0407091
-0.00837594  -0.0131316  -0.0143135  -0.0119519  -0.0060568  0.00338071   0.0163906   0.0330229   0.0533498   0.0774646
-0.00474238  -0.0058982 -0.00349473  0.00245682   0.0119655   0.0250591   0.0417871   0.0622192   0.0864475    0.114586
-0.00114188  0.00128902  0.00728459   0.0168525    0.030021   0.0468371   0.0673696   0.0917085    0.119967    0.152279
0.00244556 0.00846997  0.0180842  0.0313151  0.0482098   0.068835  0.0932796   0.121654   0.154092   0.190752
0.00603984  0.0156845   0.028964  0.0459244  0.0666324  0.0911746    0.11966   0.152221   0.189013   0.230216
0.00966085  0.0229724  0.0399841  0.0607613  0.0853906   0.113979   0.146657   0.183578    0.22492    0.27089
0.0133286 0.0303739 0.0512052 0.0759074  0.104588  0.137374  0.174418  0.215896  0.262013  0.312999
0.0170633   0.03793 0.0626891 0.0914461  0.124329  0.161487  0.203096  0.249356  0.300496  0.356778
0.0208856 0.0456821 0.0744991  0.107463  0.144723  0.186452  0.232849  0.284141  0.340585  0.402467
0.0248164 0.0536728 0.0866999  0.124045  0.165882  0.212406  0.263842  0.320446  0.382499  0.450297
0.0288774  0.061946 0.0993584  0.141285  0.187922  0.239492  0.296249   0.35847  0.426449  0.487775
0.0330909 0.0705472  0.112544  0.159277  0.210967  0.267865  0.330248  0.398404   0.45992   0.50658
  0.03748 0.0795237  0.126331  0.178122  0.235147  0.297679  0.366006  0.427709   0.47457  0.506777
0.0420689 0.0889253  0.140795  0.197926  0.260593  0.329078  0.390959  0.438017  0.470437   0.48834
0.0468824 0.0988034  0.156016  0.218793  0.287417  0.349461  0.396705  0.429328  0.447452  0.451132
0.0519472  0.109211   0.17207  0.240805  0.302987  0.350393  0.383203  0.401532  0.405433  0.394886
0.0572903    0.1202  0.189015  0.251304  0.298846  0.331815  0.350327  0.354429  0.344098  0.319237
0.062939 0.131811 0.194189 0.241851 0.274971  0.29366 0.297964 0.287856 0.263236 0.223923
0.0689211  0.131393  0.179203   0.21252  0.231456   0.23605  0.226272  0.202014  0.163093  0.109248
0.0625346  0.110467  0.143977  0.163175  0.168098  0.158709  0.134895  0.096464 0.0431484 -0.025378
 0.0479053  0.0813571    0.10046   0.105254  0.0957026  0.0716953  0.0330435 -0.0205153 -0.0893046  -0.153184
 0.0334222  0.0524638  0.0571567  0.0474677  0.0232865 -0.0155709 -0.0693645  -0.138413  -0.202572   -0.26156
  0.019009  0.0236347  0.0138358 -0.0104945 -0.0495407  -0.103557   -0.17286  -0.237301  -0.296593  -0.351096
 0.00458988 -0.00528221  -0.0297316  -0.0689393    -0.12316   -0.192704   -0.257422   -0.317018    -0.37185   -0.422263
-0.00637565  -0.0263975  -0.0602555   -0.108201   -0.170544   -0.235523   -0.295416   -0.350574    -0.40134   -0.448042
-0.0200631 -0.0540039  -0.102083  -0.164608  -0.229817  -0.289982   -0.34545  -0.396557  -0.443626  -0.486962
-0.0339841 -0.0821497  -0.144813  -0.210211  -0.270615  -0.326363   -0.37779  -0.425211  -0.468927  -0.509221
-0.0482146  -0.110974  -0.176529  -0.237142  -0.293155  -0.344893  -0.392668  -0.436775   -0.47749   -0.51507
-0.0628311  -0.128524  -0.189358  -0.245666  -0.297776  -0.345989  -0.390593  -0.431856  -0.470027  -0.505338
-0.0657788  -0.126784  -0.183365  -0.235844  -0.284523  -0.329679   -0.37157  -0.410434  -0.446493  -0.479953
-0.0610031  -0.117579  -0.170051  -0.218719  -0.263861  -0.305736  -0.344583  -0.380622  -0.414059  -0.445085
-0.0565744  -0.109043  -0.157706  -0.202841  -0.244706  -0.283541  -0.319568  -0.352991  -0.384001  -0.412775
-0.0524672  -0.101127  -0.146257  -0.188115  -0.226942  -0.262958  -0.296369  -0.327366  -0.356126  -0.382811
-0.0486584 -0.0937855  -0.135639  -0.174459  -0.210467  -0.243869  -0.274855  -0.303602  -0.330275  -0.355023
 -0.045126 -0.0869773  -0.125793  -0.161795  -0.195189  -0.226166  -0.254903  -0.281564    -0.3063  -0.329253
-0.0418501 -0.0806632  -0.116661   -0.15005   -0.18102  -0.209749    -0.2364  -0.261126  -0.284067  -0.305353
 -0.038812 -0.0748076  -0.108192  -0.139157   -0.16788  -0.194523   -0.21924  -0.242171  -0.263447  -0.283189
-0.0359946 -0.0693773  -0.100339  -0.129056  -0.155694  -0.180403  -0.203326  -0.224593  -0.244325  -0.262634
-0.0333818 -0.0643413 -0.0930554  -0.119688  -0.144392  -0.167309  -0.188568  -0.208292  -0.226592  -0.243572
-0.0309587  -0.059671  -0.086301  -0.111001  -0.133912  -0.155165  -0.174882  -0.193174  -0.210146  -0.225895
-0.0287115 -0.0553398  -0.080037  -0.102944  -0.124193  -0.143904  -0.162189  -0.179154  -0.194895  -0.209501
-0.0266276 -0.0513233  -0.074228 -0.0954728  -0.115179   -0.13346  -0.150419  -0.166153  -0.180751  -0.194298
 -0.024695 -0.0475984 -0.0688409  -0.088544   -0.10682  -0.123774  -0.139503  -0.154095  -0.167635  -0.180199
-0.0229029 -0.0441441 -0.0638451 -0.0821185 -0.0990687  -0.114793   -0.12938  -0.142914  -0.155471  -0.167124
-0.0212408 -0.0409407 -0.0592122 -0.0761597 -0.0918801  -0.106463  -0.119992  -0.132545  -0.144191  -0.154999
-0.0196995   -0.03797 -0.0549157 -0.0706336 -0.0852136 -0.0987388  -0.111287  -0.122928   -0.13373  -0.143754
-0.0182701 -0.0352149 -0.0509312 -0.0655088  -0.079031 -0.0915752  -0.103213   -0.11401  -0.124029  -0.133326
-0.0169445 -0.0326599  -0.047236 -0.0607561 -0.0732975 -0.0849318 -0.0957255   -0.10574  -0.115032  -0.123655
-0.0157151 -0.0302904 -0.0438091 -0.0563485 -0.0679803 -0.0787709 -0.0887819 -0.0980704  -0.106689  -0.114687
 -0.014575 -0.0280929  -0.040631 -0.0522609 -0.0630491 -0.0730573 -0.0823425 -0.0909577 -0.0989518   -0.10637
-0.0135177  -0.026055 -0.0376838 -0.0484703 -0.0584762 -0.0677588  -0.076371 -0.0843618 -0.0917767 -0.0865533
-0.0125372 -0.0241653 -0.0349508 -0.0449552 -0.0542358 -0.0628456 -0.0708337 -0.0782456 -0.0730188 -0.0471231
-0.0116281 -0.0224131 -0.0324167  -0.041696 -0.0503041 -0.0582901 -0.0656996 -0.0604701 -0.0345715  0.0119602
-0.0107852 -0.0207887 -0.0300674 -0.0386745 -0.0466591 -0.0540668 -0.0488354 -0.0229347  0.0235994  0.0907334
 -0.010004 -0.0192829 -0.0278897 -0.0358737 -0.0432804 -0.0380482 -0.0121462  0.0343894   0.101525    0.18923
-0.00927985  -0.0178873  -0.0258715   -0.033278   -0.028046 -0.00214383   0.0443923    0.111529    0.199235    0.294874
-0.00860882   -0.016594  -0.0240012  -0.0187708  0.00713035   0.0536659    0.120802    0.208509    0.304148    0.400128
-0.0079871 -0.0153958 -0.0101684  0.0157303   0.062264   0.129399   0.217105   0.312743   0.408723    0.50502
-0.00741116  -0.0021884   0.0237062   0.0702364    0.137369    0.225072    0.320709    0.416687    0.512983    0.609573
0.00521622   0.031105    0.07763   0.144758   0.232457   0.328091   0.424067   0.520361   0.616949   0.713811
0.0258819 0.0724007  0.139523  0.227217  0.322847  0.418819   0.51511  0.611696  0.708556  0.807302
0.0465123  0.113628  0.201317  0.296942   0.39291  0.489196  0.585779  0.682637  0.781382  0.880244
0.0671103  0.154794  0.250413  0.346376  0.442659  0.539237  0.636091  0.734835  0.833696  0.932667
0.0876786  0.183293  0.279252   0.37553  0.472105  0.568955  0.667696  0.766556  0.865526  0.964597
0.0956415  0.095464 0.0956035  0.096037 0.0967431 0.0992845  0.101946  0.104718  0.107594  0.110565
0.0959825 0.0963682 0.0970481 0.0980007  0.100789  0.103697  0.106717   0.10984  0.113058  0.116365
0.0962989 0.0971017 0.0981773  0.101089   0.10412  0.107263  0.110509  0.113851  0.117282  0.120795
0.0965923 0.0976916  0.100626  0.103681  0.106848  0.110118  0.113484  0.116938  0.120476  0.124089
0.0968644 0.0997841  0.102824  0.105976  0.109232  0.112584  0.116024  0.119548  0.123147  0.126818
0.0971168  0.100111  0.103217  0.106427  0.109733  0.113129  0.116607  0.120163  0.123789  0.127481
0.0973508  0.100334  0.103422  0.106606   0.10988  0.113237   0.11667  0.120175  0.123746  0.127378
0.097568 0.100417 0.103362 0.106398 0.109516 0.112711 0.115978 0.119311 0.122706 0.126157
0.0977695  0.100165   0.10265  0.105219  0.107865  0.110582  0.113365   0.11621  0.119112  0.122067
0.0979567 0.0993191  0.100765  0.102288  0.103883  0.105544  0.107267  0.109046  0.110879  0.112761
0.0981304 0.0980441 0.0980353 0.0980983 0.0982279 0.0984192 0.0986678 0.0989694 0.0993201 0.0997164
0.0982915  0.096612 0.0950046 0.0934639 0.0919851 0.0905636 0.0891954 0.0878764 0.0866031 0.0853721
0.0984409 0.0952546 0.0921352 0.0890778 0.0860778 0.0831312 0.0802339 0.0773824 0.0745732 0.0718034
0.0985794 0.0941235 0.0897297 0.0853934 0.0811104 0.0768769 0.0726892  0.068544 0.0644381 0.0603687
0.0987077 0.0932909 0.0879316 0.0826258 0.0773694 0.0721589 0.0669909 0.0618623 0.0567701 0.0517118
0.0988266 0.0927837 0.0867941 0.0808541 0.0749601 0.0691085 0.0632965 0.0575209 0.0517792 0.0460689
0.0989368 0.0926305 0.0863737  0.080163 0.0739949 0.0678663 0.0617743 0.0557162 0.0496895 0.0436919
0.0990389 0.0927781 0.0865634 0.0803914  0.074259 0.0681633 0.0621016 0.0560714 0.0500703 0.0440963
0.0991334 0.0931729 0.0872552 0.0813771 0.0755358 0.0697286  0.063953 0.0582066 0.0524873  0.046793
0.0992211 0.0937433 0.0883053 0.0829041  0.077537 0.0722016 0.0668956 0.0616166 0.0563629 0.0511324
0.0993023 0.0943921 0.0895187 0.0846796 0.0798721  0.075094 0.0703432 0.0656176 0.0609153 0.0562347
0.0993777 0.0950247  0.090706 0.0864189 0.0821614 0.0779311 0.0737261 0.0695445 0.0653847 0.0612449
0.0994476 0.0955869 0.0917579 0.0879585 0.0841863 0.0804396 0.0767163 0.0730147 0.0693333 0.0656705
0.0995125 0.0959964 0.0925099 0.0890507  0.085617 0.0822067 0.0788183 0.0754501 0.0721006 0.0687683
0.0995727 0.0962175 0.0928897 0.0895874 0.0863087 0.0830518 0.0798152 0.0765973 0.0733968 0.0702124
0.0996286 0.0962443 0.0928855 0.0895503  0.086237  0.082944 0.0796698 0.0764131 0.0731724 0.0699467
 0.0996809  0.0961012  0.0925453  0.0890112  0.0854975  0.0820027  0.0785253  0.0750641  0.0716179 -0.0296396
   0.09973  0.0958052  0.0919023  0.0880198  0.0841562    0.08031  0.0764801  0.0726652 -0.0289741  -0.130589
0.0997763 0.0954403 0.0911247  0.086828 0.0825488 0.0782858 0.0740378 -0.028033 -0.130079 -0.232103
   0.09982    0.09512  0.0904389  0.0857752  0.0811278  0.0764954 -0.0259885  -0.128448  -0.230885  -0.333302
 0.0998616  0.0949491   0.090054   0.085175   0.080311 -0.0225532  -0.125393  -0.228211  -0.331008  -0.433787
 0.0999013   0.094809  0.0897327  0.0846713 -0.0183943  -0.121436  -0.224455  -0.327455  -0.430436  -0.533293
 0.0999394  0.0946742  0.0894237 -0.0137874  -0.116975   -0.22014  -0.323286  -0.426414  -0.529436  -0.632534
   0.099976   0.0947095 -0.00856537   -0.111817   -0.215047   -0.318257    -0.42145   -0.524586   -0.627749     -0.7309
   0.100011 -0.00331541   -0.106619   -0.209902   -0.313166   -0.416414   -0.519609   -0.622827   -0.726033   -0.829227
   0.100038 -0.00331742   -0.106651   -0.209966   -0.313264   -0.416517   -0.519785   -0.623041   -0.726285   -0.829519
   0.100062 -0.00324328   -0.106529   -0.209797   -0.313073   -0.416311   -0.519536    -0.62275   -0.725954      -0.824
   0.100085 -0.00318064   -0.106428   -0.209671   -0.312888   -0.416091   -0.519283   -0.622464   -0.720461   -0.818453
   0.100106 -0.00304587   -0.106254   -0.209374    -0.31248   -0.415575   -0.518659   -0.616656   -0.714649   -0.812639
   0.100125 -0.00293623    -0.10576    -0.20857   -0.311367   -0.414154   -0.512199   -0.610241   -0.708279   -0.806314
   0.100132 -0.00292297   -0.105482   -0.208028   -0.310562   -0.413085   -0.511178   -0.609266   -0.707351   -0.805433
   0.100132 -0.00292297   -0.105482   -0.208028   -0.310562   -0.413085   -0.511178   -0.609266   -0.707351   -0.805433
   0.100132 -0.00292297   -0.105482   -0.208028   -0.310562   -0.413085   -0.511178   -0.609266   -0.707351   -0.805433
   0.100132 -0.00292297   -0.105482   -0.208028   -0.310562   -0.413085   -0.511178   -0.609266   -0.707351   -0.805433
   0.100132 -0.00292297   -0.105482   -0.208028   -0.310562   -0.413085   -0.511178   -0.609266   -0.707351   -0.805433
   0.100132 -0.00292297   -0.105482   -0.208028   -0.310562   -0.413085   -0.511178   -0.609266   -0.707351   -0.805433
   0.100132 -0.00292297   -0.105482   -0.208028   -0.310562   -0.413085   -0.511178   -0.609266   -0.707351   -0.805433
   0.100132 -0.00292297   -0.105482   -0.208028   -0.310562   -0.413085   -0.511178   -0.609266   -0.707351   -0.805433
   0.100132 -0.00292297   -0.105482   -0.208028   -0.310562   -0.413085   -0.511178   -0.609266   -0.707351   -0.805433
   0.100132 -0.00292297   -0.105482   -0.208028   -0.310562   -0.413085   -0.511178   -0.609266   -0.707351   -0.805433
   0.100132 -0.00292297   -0.105482   -0.208028   -0.310562   -0.413085   -0.511178   -0.609266   -0.707351   -0.805433
   0.100132 -0.00292297   -0.105482   -0.208028   -0.310562   -0.413085   -0.511178   -0.609266   -0.707351   -0.805433
   0.100132 -0.00292297   -0.105482   -0.208028   -0.310562   -0.413085   -0.511178   -0.609266   -0.707351   -0.805433
   0.100132 -0.00292297   -0.105482   -0.208028   -0.310562   -0.413085   -0.511178   -0.609266   -0.707351   -0.805433
   0.100132 -0.00292297   -0.105482   -0.208028   -0.310562   -0.413085   -0.511178   -0.609266   -0.707351   -0.805433
   0.100132 -0.00292297   -0.105482   -0.208028   -0.310562   -0.413085   -0.511178   -0.609266   -0.707351   -0.805433
   0.100132 -0.00292297   -0.105482   -0.208028   -0.310562   -0.413085   -0.511178   -0.609266   -0.707351   -0.805433
   0.100132 -0.00292297   -0.105482   -0.208028   -0.310562   -0.413085   -0.511178   -0.609266   -0.707351   -0.805433
   0.100132 -0.00292297   -0.105482   -0.208028   -0.310562   -0.413085   -0.511178   -0.609266   -0.707351   -0.805433
   0.100132 -0.00292297   -0.105482   -0.208028   -0.310562   -0.413085   -0.511178   -0.609266   -0.707351   -0.805433
   0.100132 -0.00292297   -0.105482   -0.208028   -0.310562   -0.413085   -0.511178   -0.609266   -0.707351   -0.805433
   0.100132 -0.00292297   -0.105482   -0.208028   -0.310562   -0.413085   -0.511178   -0.609266   -0.707351   -0.805433
   0.100132 -0.00292297   -0.105482   -0.208028   -0.310562   -0.413085   -0.511178   -0.609266   -0.707351   -0.805433
   0.100132 -0.00292297   -0.105482   -0.208028   -0.310562   -0.413085   -0.511178   -0.609266   -0.707351   -0.805433
   0.100132 -0.00292297   -0.105482   -0.208028   -0.310562   -0.413085   -0.511178   -0.609266   -0.707351   -0.805433
   0.100132 -0.00292297   -0.105482   -0.208028   -0.310562   -0.413085   -0.511178   -0.609266   -0.707351   -0.805433
   0.100132 -0.00292297   -0.105482   -0.208028   -0.310562   -0.413085   -0.511178   -0.609266   -0.707351   -0.805433
   0.100132 -0.00292297   -0.105482   -0.208028   -0.310562   -0.413085   -0.511178   -0.609266   -0.707351   -0.805433
   0.100132 -0.00292297   -0.105482   -0.208028   -0.310562   -0.413085   -0.511178   -0.609266   -0.707351   -0.805433
   0.100132 -0.00292297   -0.105482   -0.208028   -0.310562   -0.413085   -0.511178   -0.609266   -0.707351   -0.805433
   0.100132 -0.00292297   -0.105482   -0.208028   -0.310562   -0.413085   -0.511178   -0.609266   -0.707351   -0.805433
   0.100132 -0.00292297   -0.105482   -0.208028   -0.310562   -0.413085   -0.511178   -0.609266   -0.707351   -0.805433
   0.100132 -0.00292297   -0.105482   -0.208028   -0.310562   -0.413085   -0.511178   -0.609266   -0.707351   -0.805433
   0.100132 -0.00292297   -0.105482   -0.208028   -0.310562   -0.413085   -0.511178   -0.609266   -0.707351   -0.805433
   0.100132 -0.00292297   -0.105482   -0.208028   -0.310562   -0.413085   -0.511178   -0.609266   -0.707351   -0.805433
   0.100132 -0.00292297   -0.105482   -0.208028   -0.310562   -0.413085   -0.511178   -0.609266   -0.707351   -0.805433
   0.100132 -0.00292297   -0.105482   -0.208028   -0.310562   -0.413085   -0.511178   -0.609266   -0.707351   -0.805433
   0.100132 -0.00292297   -0.105482   -0.208028   -0.310562   -0.413085   -0.511178   -0.609266   -0.707351   -0.805433
   0.100132 -0.00292297   -0.105482   -0.208028   -0.310562   -0.413085   -0.511178   -0.609266   -0.707351   -0.805433
   0.100132 -0.00292297   -0.105482   -0.208028   -0.310562   -0.413085   -0.511178   -0.609266   -0.707351   -0.805433
   0.100132 -0.00292297   -0.105482   -0.208028   -0.310562   -0.413085   -0.511178   -0.609266   -0.707351   -0.805433
   0.100132 -0.00292297   -0.105482   -0.208028   -0.310562   -0.413085   -0.511178   -0.609266   -0.707351   -0.805433
   0.100132 -0.00292297   -0.105482   -0.208028   -0.310562   -0.413085   -0.511178   -0.609266   -0.707351   -0.805433
   0.100132 -0.00292297   -0.105482   -0.208028   -0.310562   -0.413085   -0.511178   -0.609266   -0.707351   -0.805433
   0.100132 -0.00292297   -0.105482   -0.208028   -0.310562   -0.413085   -0.511178   -0.609266   -0.707351   -0.805433
   0.100132 -0.00292297   -0.105482   -0.208028   -0.310562   -0.413085   -0.511178   -0.609266   -0.707351   -0.805433
   0.100132 -0.00292297   -0.105482   -0.208028   -0.310562   -0.413085   -0.511178   -0.609266   -0.707351   -0.805433
   0.100132 -0.00292297   -0.105482   -0.208028   -0.310562   -0.413085   -0.511178   -0.609266   -0.707351   -0.805433
   0.100132 -0.00292297   -0.105482   -0.208028   -0.310562   -0.413085   -0.511178   -0.609266   -0.707351   -0.805433
   0.100132 -0.00292297   -0.105482   -0.208028   -0.310562   -0.413085   -0.511178   -0.609266   -0.707351   -0.805433
   0.100132 -0.00292297   -0.105482   -0.208028   -0.310562   -0.413085   -0.511178   -0.609266   -0.707351   -0.805433
   0.100132 -0.00292297   -0.105482   -0.208028   -0.310562   -0.413085   -0.511178   -0.609266   -0.707351   -0.805433
   0.100132 -0.00292297   -0.105482   -0.208028   -0.310562   -0.413085   -0.511178   -0.609266   -0.707351   -0.805433
   0.100132 -0.00292297   -0.105482   -0.208028   -0.310562   -0.413085   -0.511178   -0.609266   -0.707351   -0.805433
   0.100132 -0.00292297   -0.105482   -0.208028   -0.310562   -0.413085   -0.511178   -0.609266   -0.707351   -0.805433
   0.100132 -0.00292297   -0.105482   -0.208028   -0.310562   -0.413085   -0.511178   -0.609266   -0.707351   -0.805433
   0.100132 -0.00292297   -0.105482   -0.208028   -0.310562   -0.413085   -0.511178   -0.609266   -0.707351   -0.805433
   0.100132 -0.00292297   -0.105482   -0.208028   -0.310562   -0.413085   -0.511178   -0.609266   -0.707351   -0.805433
   0.100132 -0.00292297   -0.105482   -0.208028   -0.310562   -0.413085   -0.511178   -0.609266   -0.707351   -0.805433
   0.100132 -0.00292297   -0.105482   -0.208028   -0.310562   -0.413085   -0.511178   -0.609266   -0.707351   -0.805433
   0.100132 -0.00292297   -0.105482   -0.208028   -0.310562   -0.413085   -0.511178   -0.609266   -0.707351   -0.805433
   0.100132 -0.00292297   -0.105482   -0.208028   -0.310562   -0.413085   -0.511178   -0.609266   -0.707351   -0.805433
   0.100132 -0.00292297   -0.105482   -0.208028   -0.310562   -0.413085   -0.511178   -0.609266   -0.707351   -0.805433
   0.100132 -0.00292297   -0.105482   -0.208028   -0.310562   -0.413085   -0.511178   -0.609266   -0.707351   -0.805433
   0.100132 -0.00292297   -0.105482   -0.208028   -0.310562   -0.413085   -0.511178   -0.609266   -0.707351   -0.805433
   0.100132 -0.00292297   -0.105482   -0.208028   -0.310562   -0.413085   -0.511178   -0.609266   -0.707351   -0.805433
   0.100132 -0.00292297   -0.105482   -0.208028   -0.310562   -0.413085   -0.511178   -0.609266   -0.707351   -0.805433
   0.100132 -0.00292297   -0.105482   -0.208028   -0.310562   -0.413085   -0.511178   -0.609266   -0.707351   -0.805433
   0.100132 -0.00292297   -0.105482   -0.208028   -0.310562   -0.413085   -0.511178   -0.609266   -0.707351   -0.805433
   0.100132 -0.00292297   -0.105482   -0.208028   -0.310562   -0.413085   -0.511178   -0.609266   -0.707351   -0.805433
   0.100132 -0.00292297   -0.105482   -0.208028   -0.310562   -0.413085   -0.511178   -0.609266   -0.707351   -0.805433
   0.100132 -0.00292297   -0.105482   -0.208028   -0.310562   -0.413085   -0.511178   -0.609266   -0.707351   -0.805433
   0.100132 -0.00292297   -0.105482   -0.208028   -0.310562   -0.413085   -0.511178   -0.609266   -0.707351   -0.805433
   0.100132 -0.00292297   -0.105482   -0.208028   -0.310562   -0.413085   -0.511178   -0.609266   -0.707351   -0.805433
   0.100132 -0.00292297   -0.105482   -0.208028   -0.310562   -0.413085   -0.511178   -0.609266   -0.707351   -0.805433
   0.100132 -0.00292297   -0.105482   -0.208028   -0.310562   -0.413085   -0.511178   -0.609266   -0.707351   -0.805433
   0.100132 -0.00292297   -0.105482   -0.208028   -0.310562   -0.413085   -0.511178   -0.609266   -0.707351   -0.805433
   0.100132 -0.00292297   -0.105482   -0.208028   -0.310562   -0.413085   -0.511178   -0.609266   -0.707351   -0.805433
   0.100132 -0.00292297   -0.105482   -0.208028   -0.310562   -0.413085   -0.511178   -0.609266   -0.707351   -0.805433
   0.100132 -0.00292297   -0.105482   -0.208028   -0.310562   -0.413085   -0.511178   -0.609266   -0.707351   -0.805433
   0.100132 -0.00292297   -0.105482   -0.208028   -0.310562   -0.413085   -0.511178   -0.609266   -0.707351   -0.805433
   0.100132 -0.00292297   -0.105482   -0.208028   -0.310562   -0.413085   -0.511178   -0.609266   -0.707351   -0.805433
   0.100132 -0.00292297   -0.105482   -0.208028   -0.310562   -0.413085   -0.511178   -0.609266   -0.707351   -0.805433
   0.100132 -0.00292297   -0.105482   -0.208028   -0.310562   -0.413085   -0.511178   -0.609266   -0.707351   -0.805433
   0.100132 -0.00292297   -0.105482   -0.208028   -0.310562   -0.413085   -0.511178   -0.609266   -0.707351   -0.805433
   0.100132 -0.00292297   -0.105482   -0.208028   -0.310562   -0.413085   -0.511178   -0.609266   -0.707351   -0.805433
   0.100132 -0.00292297   -0.105482   -0.208028   -0.310562   -0.413085   -0.511178   -0.609266   -0.707351   -0.805433
   0.100132 -0.00292297   -0.105482   -0.208028   -0.310562   -0.413085   -0.511178   -0.609266   -0.707351   -0.805433
   0.100132 -0.00292297   -0.105482   -0.208028   -0.310562   -0.413085   -0.511178   -0.609266   -0.707351   -0.805433
   0.100132 -0.00292297   -0.105482   -0.208028   -0.310562   -0.413085   -0.511178   -0.609266   -0.707351   -0.805433
   0.100132 -0.00292297   -0.105482   -0.208028   -0.310562   -0.413085   -0.511178   -0.609266   -0.707351   -0.805433
   0.100132 -0.00292297   -0.105482   -0.208028   -0.310562   -0.413085   -0.511178   -0.609266   -0.707351   -0.805433
   0.100132 -0.00292297   -0.105482   -0.208028   -0.310562   -0.413085   -0.511178   -0.609266   -0.707351   -0.805433
   0.100132 -0.00292297   -0.105482   -0.208028   -0.310562   -0.413085   -0.511178   -0.609266   -0.707351   -0.805433
   0.100132 -0.00292297   -0.105482   -0.208028   -0.310562   -0.413085   -0.511178   -0.609266   -0.707351   -0.805433
   0.100132 -0.00292297   -0.105482   -0.208028   -0.310562   -0.413085   -0.511178   -0.609266   -0.707351   -0.805433
   0.100132 -0.00292297   -0.105482   -0.208028   -0.310562   -0.413085   -0.511178   -0.609266   -0.707351   -0.805433
   0.100132 -0.00292297   -0.105482   -0.208028   -0.310562   -0.413085   -0.511178   -0.609266   -0.707351   -0.805433
   0.100132 -0.00292297   -0.105482   -0.208028   -0.310562   -0.413085   -0.511178   -0.609266   -0.707351   -0.805433
   0.100132 -0.00292297   -0.105482   -0.208028   -0.310562   -0.413085   -0.511178   -0.609266   -0.707351   -0.805433
   0.100132 -0.00292297   -0.105482   -0.208028   -0.310562   -0.413085   -0.511178   -0.609266   -0.707351   -0.805433
   0.100132 -0.00292297   -0.105482   -0.208028   -0.310562   -0.413085   -0.511178   -0.609266   -0.707351   -0.805433
   0.100132 -0.00292297   -0.105482   -0.208028   -0.310562   -0.413085   -0.511178   -0.609266   -0.707351   -0.805433
   0.100132 -0.00292297   -0.105482   -0.208028   -0.310562   -0.413085   -0.511178   -0.609266   -0.707351   -0.805433
   0.100132 -0.00292297   -0.105482   -0.208028   -0.310562   -0.413085   -0.511178   -0.609266   -0.707351   -0.805433
   0.100132 -0.00292297   -0.105482   -0.208028   -0.310562   -0.413085   -0.511178   -0.609266   -0.707351   -0.805433
   0.100132 -0.00292297   -0.105482   -0.208028   -0.310562   -0.413085   -0.511178   -0.609266   -0.707351   -0.805433
   0.100132 -0.00292297   -0.105482   -0.208028   -0.310562   -0.413085   -0.511178   -0.609266   -0.707351   -0.805433
   0.100132 -0.00292297   -0.105482   -0.208028   -0.310562   -0.413085   -0.511178   -0.609266   -0.707351   -0.805433
   0.100132 -0.00292297   -0.105482   -0.208028   -0.310562   -0.413085   -0.511178   -0.609266   -0.707351   -0.805433
   0.100132 -0.00292297   -0.105482   -0.208028   -0.310562   -0.413085   -0.511178   -0.609266   -0.707351   -0.805433
   0.100132 -0.00292297   -0.105482   -0.208028   -0.310562   -0.413085   -0.511178   -0.609266   -0.707351   -0.805433
   0.100132 -0.00292297   -0.105482   -0.208028   -0.310562   -0.413085   -0.511178   -0.609266   -0.707351   -0.805433
   0.100132 -0.00292297   -0.105482   -0.208028   -0.310562   -0.413085   -0.511178   -0.609266   -0.707351   -0.805433
   0.100132 -0.00292297   -0.105482   -0.208028   -0.310562   -0.413085   -0.511178   -0.609266   -0.707351   -0.805433
   0.100132 -0.00292297   -0.105482   -0.208028   -0.310562   -0.413085   -0.511178   -0.609266   -0.707351   -0.805433
   0.100132 -0.00292297   -0.105482   -0.208028   -0.310562   -0.413085   -0.511178   -0.609266   -0.707351   -0.805433
   0.100132 -0.00292297   -0.105482   -0.208028   -0.310562   -0.413085   -0.511178   -0.609266   -0.707351   -0.805433
   0.100132 -0.00292297   -0.105482   -0.208028   -0.310562   -0.413085   -0.511178   -0.609266   -0.707351   -0.805433
   0.100132 -0.00292297   -0.105482   -0.208028   -0.310562   -0.413085   -0.511178   -0.609266   -0.707351   -0.805433
   0.100132 -0.00292297   -0.105482   -0.208028   -0.310562   -0.413085   -0.511178   -0.609266   -0.707351   -0.805433
   0.100132 -0.00292297   -0.105482   -0.208028   -0.310562   -0.413085   -0.511178   -0.609266   -0.707351   -0.805433
   0.100132 -0.00292297   -0.105482   -0.208028   -0.310562   -0.413085   -0.511178   -0.609266   -0.707351   -0.805433
   0.100132 -0.00292297   -0.105482   -0.208028   -0.310562   -0.413085   -0.511178   -0.609266   -0.707351   -0.805433
   0.100132 -0.00292297   -0.105482   -0.208028   -0.310562   -0.413085   -0.511178   -0.609266   -0.707351   -0.805433
   0.100132 -0.00292297   -0.105482   -0.208028   -0.310562   -0.413085   -0.511178   -0.609266   -0.707351   -0.805433
   0.100132 -0.00292297   -0.105482   -0.208028   -0.310562   -0.413085   -0.511178   -0.609266   -0.707351   -0.805433
   0.100132 -0.00292297   -0.105482   -0.208028   -0.310562   -0.413085   -0.511178   -0.609266   -0.707351   -0.805433
   0.100132 -0.00292297   -0.105482   -0.208028   -0.310562   -0.413085   -0.511178   -0.609266   -0.707351   -0.805433
   0.100132 -0.00292297   -0.105482   -0.208028   -0.310562   -0.413085   -0.511178   -0.609266   -0.707351   -0.805433
   0.100132 -0.00292297   -0.105482   -0.208028   -0.310562   -0.413085   -0.511178   -0.609266   -0.707351   -0.805433
   0.100132 -0.00292297   -0.105482   -0.208028   -0.310562   -0.413085   -0.511178   -0.609266   -0.707351   -0.805433
   0.100132 -0.00292297   -0.105482   -0.208028   -0.310562   -0.413085   -0.511178   -0.609266   -0.707351   -0.805433
   0.100132 -0.00292297   -0.105482   -0.208028   -0.310562   -0.413085   -0.511178   -0.609266   -0.707351   -0.805433
