 -1.1491e-10 -1.14866e-09  -5.8958e-09 -2.07179e-08  -5.7511e-08 -1.35831e-07 -2.84558e-07 -5.42962e-07 -9.61238e-07 -1.60076e-06
-1.43219e-08 -6.88345e-08 -1.90857e-07 -4.16432e-07 -7.90998e-07  -1.3698e-06 -2.21804e-06 -3.41094e-06 -5.03377e-06 -7.18186e-06
-2.01102e-08 -9.48207e-08 -2.57525e-07 -5.50866e-07 -1.02705e-06 -1.74805e-06 -2.78564e-06  -4.2214e-06 -6.14672e-06 -8.66286e-06
-3.52209e-08   -1.614e-07 -4.24639e-07 -8.80853e-07 -1.59557e-06 -2.64384e-06  -4.1101e-06 -6.08815e-06 -8.68116e-06 -1.20017e-05
-5.77619e-08 -2.58707e-07 -6.63288e-07 -1.34188e-06 -2.37425e-06 -3.84927e-06 -5.86472e-06 -8.52723e-06 -1.19524e-05 -1.62648e-05
-8.58709e-08 -3.76711e-07 -9.43859e-07 -1.86812e-06 -3.23935e-06 -5.15624e-06 -7.72627e-06 -1.10657e-05 -1.52999e-05 -2.05633e-05
-1.19613e-07 -5.17059e-07 -1.27424e-06  -2.4822e-06 -4.24074e-06  -6.6584e-06 -9.85239e-06 -1.39488e-05 -1.90829e-05 -2.53995e-05
-1.58788e-07    -6.79e-07 -1.65288e-06 -3.18156e-06  -5.3748e-06 -8.35099e-06 -1.22373e-05 -1.71698e-05 -2.32941e-05 -3.07655e-05
-2.03259e-07  -8.6204e-07 -2.07881e-06 -3.96475e-06 -6.63964e-06 -1.02319e-05 -1.48788e-05 -2.07269e-05 -2.79324e-05 -3.66617e-05
-2.52943e-07  -1.0659e-06 -2.55152e-06 -4.83115e-06  -8.0347e-06 -1.23009e-05 -1.77775e-05 -2.46218e-05 -3.30011e-05 -4.30937e-05
-3.07808e-07 -1.29049e-06 -3.07098e-06 -5.78092e-06 -9.56063e-06 -1.45594e-05  -2.0936e-05 -2.88588e-05 -3.85072e-05 -5.00714e-05
-3.67872e-07 -1.53595e-06  -3.6376e-06 -6.81502e-06 -1.12193e-05 -1.70108e-05 -2.43595e-05 -3.34459e-05 -4.44615e-05   -5.761e-05
-4.33202e-07 -1.80257e-06  -4.2522e-06 -7.93516e-06 -1.30137e-05 -1.96598e-05 -2.80554e-05 -3.83935e-05 -5.08789e-05  -6.5729e-05
-5.03911e-07 -2.09087e-06 -4.91603e-06  -9.1438e-06 -1.49482e-05 -2.25131e-05 -3.20334e-05 -4.37153e-05 -5.77776e-05 -7.44528e-05
-5.80158e-07 -2.40153e-06 -5.63075e-06 -1.04441e-05 -1.70279e-05  -2.5579e-05 -3.63055e-05 -4.94279e-05   -6.518e-05 -8.38102e-05
-6.62149e-07  -2.7354e-06 -6.39845e-06 -1.18401e-05 -1.92595e-05 -2.88673e-05 -4.08858e-05 -5.55508e-05  -7.3112e-05 -9.38351e-05
-7.50135e-07 -3.09356e-06 -7.22161e-06 -1.33363e-05 -2.16506e-05 -3.23896e-05 -4.57911e-05 -6.21067e-05 -8.16037e-05 -0.000104566
-8.44415e-07 -3.47722e-06 -8.10316e-06 -1.49382e-05 -2.42101e-05 -3.61593e-05   -5.104e-05 -6.91213e-05 -9.06888e-05 -0.000116046
-9.45332e-07 -3.88782e-06 -9.04642e-06  -1.6652e-05  -2.6948e-05 -4.01914e-05  -5.6654e-05 -7.66234e-05 -0.000100405 -0.000128325
-1.05328e-06 -4.32698e-06 -1.00552e-05 -1.84846e-05 -2.98756e-05 -4.45028e-05 -6.26568e-05 -8.46454e-05 -0.000110795 -0.000141455
 -1.1687e-06 -4.79651e-06 -1.11336e-05 -2.04439e-05 -3.30055e-05 -4.91121e-05 -6.90747e-05 -9.32226e-05 -0.000121906 -0.000155497
-1.29208e-06 -5.29843e-06 -1.22865e-05 -2.25383e-05 -3.63515e-05 -5.40401e-05 -7.59369e-05 -0.000102394 -0.000133787 -0.000170515
-1.42397e-06 -5.83496e-06 -1.35189e-05 -2.47775e-05 -3.99289e-05 -5.93094e-05  -8.3275e-05 -0.000112203 -0.000146496 -0.000186581
-1.56496e-06 -6.40857e-06 -1.48366e-05 -2.71717e-05 -4.37545e-05 -6.49448e-05  -9.1124e-05 -0.000122697 -0.000160093 -0.000203772
-1.71572e-06 -7.02193e-06 -1.62457e-05 -2.97324e-05 -4.78465e-05 -7.09735e-05 -9.95218e-05 -0.000133925 -0.000174645 -0.000222173
-1.87695e-06 -7.67798e-06 -1.77531e-05 -3.24719e-05 -5.22248e-05 -7.74247e-05 -0.000108509 -0.000145944 -0.000190223 -0.000241876
-2.04944e-06  -8.3799e-06  -1.9366e-05 -3.54036e-05 -5.69109e-05 -8.43305e-05 -0.000118132 -0.000158813 -0.000206907 -0.000262978
-2.23404e-06 -9.13115e-06 -2.10925e-05 -3.85422e-05 -6.19283e-05 -9.17254e-05 -0.000128437 -0.000172598 -0.000224778 -0.000285584
-2.43167e-06 -9.93549e-06 -2.29412e-05 -4.19033e-05 -6.73022e-05 -9.96469e-05 -0.000139477 -0.000187368 -0.000243927 -0.000309803
-2.64331e-06  -1.0797e-05 -2.49215e-05 -4.55041e-05   -7.306e-05 -0.000108135 -0.000151309 -0.000203195 -0.000264445 -0.000335749
-2.87005e-06   -1.172e-05 -2.70435e-05  -4.9363e-05 -7.92312e-05 -0.000117234  -0.00016399 -0.000220156 -0.000286427 -0.000363536
-3.11304e-06 -1.27092e-05  -2.9318e-05 -5.34997e-05 -8.58469e-05 -0.000126986  -0.00017758 -0.000238327 -0.000309966 -0.000393279
-3.37354e-06 -1.37699e-05 -3.17569e-05 -5.79351e-05 -9.29389e-05 -0.000137438 -0.000192137 -0.000257781 -0.000335156  -0.00042509
-3.65291e-06 -1.49074e-05  -3.4372e-05 -6.26896e-05 -0.000100538  -0.00014863 -0.000207718 -0.000278592 -0.000362086  -0.00045908
-3.95223e-06 -1.61257e-05 -3.71714e-05  -6.7776e-05 -0.000108662 -0.000160587 -0.000224352 -0.000300796 -0.000390802 -0.000495305
-4.27105e-06 -1.74208e-05 -4.01407e-05 -7.31582e-05 -0.000117238 -0.000173182 -0.000241836 -0.000324087 -0.000420872 -0.000533175
   -4.61e-06 -1.87971e-05 -4.32943e-05 -7.88715e-05 -0.000126338 -0.000186542 -0.000260377 -0.000348782 -0.000452748  -0.00057332
-4.96964e-06 -2.02569e-05 -4.66378e-05 -8.49271e-05  -0.00013598 -0.000200696 -0.000280018 -0.000374941 -0.000486515  -0.00061585
 -5.3507e-06 -2.18033e-05 -5.01789e-05 -9.13397e-05 -0.000146191 -0.000215682 -0.000300814  -0.00040264 -0.000522276 -0.000660902
-5.75412e-06 -2.34403e-05 -5.39273e-05 -9.81274e-05 -0.000156998 -0.000231546 -0.000322831 -0.000431972 -0.000560156 -0.000708643
-6.18106e-06 -2.51727e-05 -5.78942e-05 -0.000105311 -0.000168437  -0.00024834 -0.000346145 -0.000463044 -0.000600302 -0.000759267
-6.63287e-06 -2.70061e-05 -6.20929e-05 -0.000112916  -0.00018055 -0.000266128  -0.00037085 -0.000495985 -0.000642887 -0.000812998
 -7.1111e-06 -2.89469e-05 -6.65383e-05 -0.000120969 -0.000193382 -0.000284984 -0.000397051 -0.000530945 -0.000688111 -0.000870099
 -7.6175e-06 -3.10025e-05 -7.12482e-05 -0.000129506 -0.000206993 -0.000304994 -0.000424877 -0.000568097 -0.000736207 -0.000930869
-8.15443e-06 -3.31829e-05  -7.6247e-05 -0.000138573 -0.000221458 -0.000326278 -0.000454496 -0.000607673 -0.000787478 -0.000995698
 -8.7261e-06 -3.55074e-05 -8.15848e-05 -0.000148271 -0.000236956 -0.000349118 -0.000486331 -0.000650273  -0.00084274  -0.00106566
-9.33598e-06 -3.79887e-05 -8.72861e-05 -0.000158635  -0.00025353 -0.000373557  -0.00052041 -0.000695897 -0.000901953  -0.00114065
  -9.988e-06 -4.06426e-05 -9.33873e-05 -0.000169733 -0.000271283 -0.000399748 -0.000556948 -0.000744831 -0.000965483  -0.00122114
-1.06863e-05 -4.34859e-05 -9.99266e-05 -0.000181632 -0.000290327 -0.000427851 -0.000596166 -0.000797371  -0.00103371  -0.00130761
-1.14352e-05 -4.65361e-05 -0.000106944 -0.000194405 -0.000310776 -0.000458037 -0.000638302 -0.000853832  -0.00110705  -0.00140056
-1.22392e-05 -4.98116e-05 -0.000114482 -0.000208129 -0.000332752 -0.000490484 -0.000683604 -0.000914549  -0.00118593  -0.00150056
-1.31032e-05 -5.33322e-05 -0.000122586 -0.000222886 -0.000356386 -0.000525385 -0.000732338 -0.000979874  -0.00127081  -0.00160817
-1.40323e-05 -5.71184e-05 -0.000131302 -0.000238761 -0.000381815 -0.000562942 -0.000784787  -0.00105019  -0.00136218  -0.00172402
-1.50319e-05 -6.11925e-05 -0.000140682 -0.000255847 -0.000409187 -0.000603371 -0.000841253  -0.00112589  -0.00146055  -0.00184876
-1.61078e-05 -6.55779e-05  -0.00015078 -0.000274242 -0.000438657 -0.000646904 -0.000902057  -0.00120741   -0.0015665  -0.00198311
-1.72661e-05 -7.02996e-05 -0.000161653  -0.00029405 -0.000470394 -0.000693786 -0.000967542  -0.00129522  -0.00168061  -0.00212782
-1.85135e-05 -7.53845e-05 -0.000173363 -0.000315384 -0.000504575 -0.000744282  -0.00103808  -0.00138979  -0.00180353   -0.0022837
 -1.9857e-05 -8.08612e-05 -0.000185976 -0.000338362 -0.000541394 -0.000798675  -0.00111406  -0.00149167  -0.00193594  -0.00245162
-2.13041e-05 -8.67605e-05 -0.000199562 -0.000363115 -0.000581056 -0.000857268  -0.00119591  -0.00160142  -0.00207858  -0.00263251
-2.28629e-05 -9.31152e-05 -0.000214197 -0.000389779  -0.00062378 -0.000920386  -0.00128407  -0.00171964  -0.00223223  -0.00282737
-2.45421e-05 -9.99607e-05 -0.000229962 -0.000418503 -0.000669804 -0.000988379  -0.00137905    -0.001847  -0.00239776  -0.00303728
-2.63509e-05 -0.000107335 -0.000246945 -0.000449444 -0.000719382  -0.00106162  -0.00148136  -0.00198418  -0.00257605  -0.00326339
-2.82995e-05 -0.000115278 -0.000265238 -0.000482773 -0.000772786  -0.00114052  -0.00159157  -0.00213195  -0.00276811  -0.00350695
-3.03983e-05 -0.000123834 -0.000284944 -0.000518674 -0.000830309   -0.0012255  -0.00171028  -0.00229112  -0.00297497  -0.00376928
-3.26591e-05 -0.000133051 -0.000306168 -0.000557343 -0.000892267  -0.00131703  -0.00183813  -0.00246255  -0.00319778  -0.00405183
-3.50942e-05 -0.000142977 -0.000329028 -0.000598991 -0.000958999  -0.00141561  -0.00197583  -0.00264719  -0.00343774  -0.00435614
-3.77169e-05 -0.000153669 -0.000353649 -0.000643846  -0.00103087  -0.00152178  -0.00212414  -0.00284604  -0.00369617  -0.00468387
-4.05414e-05 -0.000165183 -0.000380165 -0.000692154  -0.00110827  -0.00163612  -0.00228385  -0.00306018  -0.00397448  -0.00503681
-4.35833e-05 -0.000177583  -0.00040872 -0.000744175  -0.00119162  -0.00175924  -0.00245583  -0.00329079  -0.00427419  -0.00541688
 -4.6859e-05 -0.000190936  -0.00043947 -0.000800196  -0.00128137  -0.00189184  -0.00264104  -0.00353911  -0.00459693  -0.00582618
-5.03865e-05 -0.000205315 -0.000472583 -0.000860519  -0.00137802  -0.00203461  -0.00284047  -0.00380652  -0.00494448  -0.00626696
-5.41849e-05 -0.000220798 -0.000508238 -0.000925474  -0.00148209  -0.00218835  -0.00305522  -0.00409447  -0.00531875  -0.00674163
-5.82748e-05  -0.00023747 -0.000546629 -0.000995413  -0.00159415  -0.00235389  -0.00328646  -0.00440456   -0.0057218  -0.00725283
-6.26785e-05  -0.00025542 -0.000587965  -0.00107072  -0.00171481  -0.00253214  -0.00353548  -0.00473849  -0.00615587  -0.00780341
-6.74202e-05 -0.000274749 -0.000632476  -0.00115181  -0.00184475  -0.00272412  -0.00380368  -0.00509817  -0.00662343  -0.00839647
-7.25278e-05 -0.000295572 -0.000680437  -0.00123921  -0.00198481  -0.00293108  -0.00409284    -0.005486  -0.00712764  -0.00903611
-7.80302e-05 -0.000318006 -0.000732108  -0.00133336  -0.00213571  -0.00315406   -0.0044044  -0.00590388  -0.00767093  -0.00972532
-8.39586e-05 -0.000342176 -0.000787781  -0.00143481   -0.0022983  -0.00339432  -0.00474011  -0.00635416  -0.00825633    -0.010468
-9.03465e-05  -0.00036822  -0.00084777  -0.00154413   -0.0024735  -0.00365321  -0.00510184  -0.00683934  -0.00888712   -0.0112682
-9.72294e-05 -0.000396283 -0.000912409  -0.00166192  -0.00266227  -0.00393216  -0.00549162  -0.00736213  -0.00956677   -0.0121303
-0.000104646 -0.000426521 -0.000982058  -0.00178884  -0.00286568  -0.00423273  -0.00591158  -0.00792539    -0.010299   -0.0130592
-0.000112637 -0.000459102   -0.0010571  -0.00192559  -0.00308484  -0.00455657  -0.00636405  -0.00853224   -0.0110879   -0.0140599
-0.000121247 -0.000494206  -0.00113796  -0.00207293  -0.00332096  -0.00490546   -0.0068515  -0.00918599   -0.0119378   -0.0151379
-0.000130524 -0.000532026  -0.00122507  -0.00223165  -0.00357533   -0.0052813   -0.0073766  -0.00989019   -0.0128532    -0.016299
-0.000140518 -0.000572769  -0.00131891  -0.00240263  -0.00384932  -0.00568612  -0.00794215   -0.0106486   -0.0138391   -0.0175495
-0.000151281 -0.000616646  -0.00141995  -0.00258673  -0.00414431  -0.00612193  -0.00855095    -0.011465   -0.0149002   -0.0188953
-0.000162872 -0.000663896  -0.00152876  -0.00278497  -0.00446194  -0.00659117  -0.00920645    -0.012344   -0.0160427   -0.0203443
-0.000175352  -0.00071477  -0.00164592   -0.0029984  -0.00480391  -0.00709637  -0.00991215   -0.0132903   -0.0172726   -0.0219043
-0.000188789 -0.000769542  -0.00177204  -0.00322818  -0.00517205  -0.00764022   -0.0106718    -0.014309   -0.0185968    -0.023584
-0.000203254 -0.000828505  -0.00190782  -0.00347552  -0.00556835  -0.00822566   -0.0114897   -0.0154057   -0.0200225   -0.0253922
-0.000218826 -0.000891978  -0.00205398  -0.00374178  -0.00599496   -0.0088559   -0.0123701   -0.0165865   -0.0215573    -0.027215
 -0.00023559 -0.000960308  -0.00221132  -0.00402842  -0.00645424  -0.00953448   -0.0133182   -0.0178578    -0.023086   -0.0287325
-0.000253637  -0.00103387  -0.00238072  -0.00433705  -0.00694881   -0.0102653   -0.0143391   -0.0191029   -0.0242869     -0.02954
-0.000273066  -0.00111307  -0.00256312  -0.00466942  -0.00748148   -0.0110522   -0.0153144   -0.0199984   -0.0247534   -0.0292276
-0.000293986  -0.00119835  -0.00275955  -0.00502735  -0.00805483   -0.0117752   -0.0159189   -0.0201352   -0.0240726   -0.0273776
-0.000316509  -0.00129017  -0.00297099  -0.00541228  -0.00854746   -0.0121072    -0.015741   -0.0190975   -0.0218232    -0.023684
-0.000340752  -0.00138895  -0.00319811  -0.00570184  -0.00863102   -0.0116353   -0.0143636   -0.0164624   -0.0176978   -0.0180364
-0.000366823  -0.00149498   -0.0033183   -0.0055679  -0.00789367  -0.00994469   -0.0113678    -0.011929   -0.0115953   -0.0104105
-0.000394835  -0.00148574  -0.00300442  -0.00460137  -0.00592629   -0.0066265  -0.00646868  -0.00541998  -0.00352479 -0.000822568
-0.000301674  -0.00103241  -0.00184362  -0.00238595   -0.0023077  -0.00137641  0.000439958   0.00309633   0.00655263    0.0107738
 -0.00012691 -0.000332872 -0.000267452  0.000422195   0.00196964   0.00440796     0.007693    0.0117855    0.0166511    0.0222603
4.83475e-05 0.000369545  0.00131753  0.00312706  0.00583234  0.00939026   0.0137625   0.0189154   0.0248204   0.0314535
0.000225052  0.00107853   0.0027964  0.00541417  0.00888994   0.0131865   0.0182714   0.0241167   0.0306993   0.0380005
0.000404151  0.00167498  0.00384966    0.006888   0.0107545   0.0154182   0.0208526   0.0270358     0.03395   0.0415819
0.000463457  0.00183354   0.0040721  0.00714574   0.0110256   0.0156873   0.0211105   0.0272791   0.0341809   0.0418079
0.000443212  0.00175504  0.00390219  0.00685592   0.0105919   0.0150899   0.0203339   0.0263118   0.0330156    0.040441
0.000425459  0.00168641  0.00375423  0.00660467   0.0102177   0.0145774   0.0196718   0.0254928   0.0320364   0.0393023
0.000410093  0.00162724  0.00362732  0.00639044  0.00990079   0.0141466   0.0191198   0.0248165   0.0312365   0.0383834
0.000397025  0.00157718  0.00352072  0.00621197  0.00963927   0.0137948   0.0186747   0.0242789    0.030611   0.0376788
0.000386178  0.00153595   0.0034338  0.00606821  0.00943158   0.0135201   0.0183338   0.0238766   0.0301562   0.0371841
0.000377489  0.00150329  0.00336604  0.00595831  0.00927647   0.0133207   0.0180951   0.0236074   0.0298693   0.0368964
0.000370904  0.00147901  0.00331704  0.00588158    0.009173   0.0131955    0.017957   0.0234693   0.0297483   0.0368137
0.000366384  0.00146296  0.00328649  0.00583755   0.0091205   0.0131435   0.0179185   0.0234615   0.0297924   0.0369352
 0.0003639 0.00145504 0.00327418 0.00582591 0.00911859  0.0131644  0.0179794  0.0235838  0.0300016  0.0372613
0.000363435  0.00145518  0.00328002  0.00584656  0.00916719   0.0132582   0.0181399   0.0238366   0.0303768   0.0377936
0.000364984  0.00146339  0.00330405  0.00589961  0.00926662   0.0134255   0.0184009   0.0242215   0.0309205   0.0385355
0.000368554   0.0014797  0.00334635  0.00598531  0.00941729   0.0136671   0.0187637   0.0247404   0.0316351   0.0394904
0.000374163   0.0015042  0.00340716  0.00610407     0.00962   0.0139841   0.0192301   0.0253958   0.0325243   0.0406632
0.000381838    0.001537  0.00348678  0.00625654  0.00987579   0.0143783   0.0198025   0.0261914   0.0335928   0.0420602
0.000391621  0.00157828  0.00358563   0.0064435    0.010186   0.0148518   0.0204841   0.0271312   0.0348464   0.0436888
0.000403562  0.00162825  0.00370423  0.00666595   0.0105523    0.015407   0.0212784   0.0282203   0.0362917   0.0455578
0.000417725   0.0016872  0.00384322  0.00692507   0.0109767   0.0160469   0.0221897   0.0294645   0.0379365   0.0476771
0.000434185  0.00175541  0.00400333  0.00722225   0.0114614    0.016775   0.0232228   0.0308705   0.0397895   0.0500582
0.000453031  0.00183327  0.00418542  0.00755907   0.0120089   0.0175951   0.0243834   0.0324457   0.0418608    0.052714
0.000474362  0.00192118  0.00439046  0.00793733   0.0126223   0.0185116   0.0256775   0.0341988   0.0441615   0.0556585
0.000498292  0.00201962  0.00461952  0.00835898   0.0133046   0.0195292   0.0271119   0.0361388   0.0467034    0.058777
0.000524947  0.00212909  0.00487385  0.00882633   0.0140597   0.0206537   0.0286947   0.0382765   0.0493708    0.061741
0.000554471   0.0022502   0.0051548  0.00934194   0.0148918   0.0218912   0.0304344   0.0404935   0.0518321   0.0641333
0.000587023  0.00238361  0.00546393  0.00990865   0.0158053   0.0232484   0.0322104   0.0424555   0.0536671   0.0655324
0.00062278 0.00253002 0.00580292  0.0105295  0.0168049  0.0246021  0.0336855  0.0437391  0.0544503  0.0655092
0.000661933  0.00269024  0.00617349   0.0112073   0.0177653   0.0256123   0.0344327   0.0439144   0.0537477   0.0636236
0.000704685  0.00286502  0.00657716   0.0118152   0.0183445   0.0258499   0.0340198   0.0425448   0.0511162   0.0594245
0.000751246  0.00305509  0.00688617   0.0120105   0.0181135    0.024884   0.0320131   0.0391926   0.0461132   0.0524628
0.000801836   0.0031323  0.00675841   0.0113664   0.0166463   0.0222901   0.0279903   0.0334384   0.0383227   0.0423272
0.000727404  0.00275229  0.00576223  0.00944853   0.0135046   0.0176242   0.0214999   0.0248211   0.0272726   0.0285466
0.000569741  0.00212351  0.00435182   0.0069472  0.00960267     0.01201   0.0138579   0.0148306   0.0146198   0.0131248
0.000413934   0.0015013  0.00295382  0.00446358  0.00572149  0.00641553  0.00622908  0.00485334  0.00218695 -0.00167861
0.000259113 0.000882181   0.0015604   0.0019837  0.00183913 0.000809207 -0.00141567 -0.00493754 -0.00966551  -0.0155167
 0.000104417  0.000262695  0.000163785 -0.000506298  -0.00206606  -0.00482603  -0.00888911   -0.0141651   -0.0205718   -0.0280349
-5.10045e-05 -0.000360562  -0.00124371  -0.00302005  -0.00601515   -0.0104328   -0.0162696   -0.0234441   -0.0318827   -0.0415194
-0.000208029 -0.000991096  -0.00266991  -0.00557118  -0.00989984   -0.0156536   -0.0227519   -0.0311219   -0.0406983   -0.0514234
-0.000367512  -0.00163228  -0.00412216  -0.00804329   -0.0133946   -0.0200965   -0.0280771   -0.0372722   -0.0476246   -0.0590841
-0.000530313  -0.00228743  -0.00547875   -0.0101045   -0.0160865   -0.0233539   -0.0318436   -0.0414993   -0.0522718   -0.0641184
-0.000697298  -0.00283119   -0.0064036   -0.0113381   -0.0175658    -0.025025   -0.0336608   -0.0434254   -0.0542771   -0.0661808
-0.000740262  -0.00292195  -0.00647076     -0.01132   -0.0174101   -0.0246885   -0.0331088   -0.0426313   -0.0532221    -0.064853
-0.000701207  -0.00276967  -0.00613878   -0.0107491    -0.016548   -0.0234895   -0.0315337   -0.0406468   -0.0508007   -0.0619733
-0.000666108  -0.00263302  -0.00584144   -0.0102389   -0.0157794   -0.0224232   -0.0301367   -0.0388919   -0.0486666    -0.059444
-0.000634761   -0.0025112  -0.00557698  -0.00978627   -0.0150995   -0.0214831   -0.0289092   -0.0373557   -0.0468059   -0.0572486
-0.000606986  -0.00240351  -0.00534389  -0.00938869   -0.0145045   -0.0206636    -0.027844   -0.0360291   -0.0452078   -0.0553744
-0.000582623  -0.00230932  -0.00514081  -0.00904382   -0.0139908     -0.01996   -0.0269349   -0.0349045   -0.0438631   -0.0538104
-0.000561531  -0.00222809  -0.00496657  -0.00874966   -0.0135556   -0.0193683   -0.0261767   -0.0339753   -0.0427639   -0.0525474
-0.000543586  -0.00215935  -0.00482015  -0.00850448   -0.0131963   -0.0188849   -0.0255648    -0.033236   -0.0419035   -0.0515779
-0.000528683  -0.00210268  -0.00470068  -0.00830683   -0.0129106   -0.0185069   -0.0250957   -0.0326822    -0.041277    -0.050896
-0.000516734  -0.00205776  -0.00460745  -0.00815554    -0.012697   -0.0182322   -0.0247664   -0.0323104   -0.0408803   -0.0504976
-0.000507667  -0.00202431  -0.00453991  -0.00804969   -0.0125541   -0.0180589    -0.024575   -0.0321185   -0.0407111     -0.05038
-0.00050143 -0.00200215 -0.00449766 -0.00798869  -0.0124812  -0.0179863  -0.0245204  -0.0321054  -0.0407686   -0.050543
-0.000497984  -0.00199112  -0.00448042   -0.0079721   -0.0124776   -0.0180136   -0.0246021   -0.0322707   -0.0410525   -0.0509865
-0.000497305  -0.00199116  -0.00448808  -0.00799978   -0.0125433   -0.0181408   -0.0248202   -0.0326149   -0.0415639   -0.0517125
-0.000499387  -0.00200225  -0.00452063  -0.00807183   -0.0126785   -0.0183686   -0.0251759   -0.0331397   -0.0423054   -0.0527249
-0.000504238  -0.00202443  -0.00457822  -0.00818857   -0.0128839    -0.018698   -0.0256708   -0.0338478   -0.0432809   -0.0540286
-0.00051188 -0.00205782 -0.00466114 -0.00835059  -0.0131605  -0.0191308  -0.0263075  -0.0347428  -0.0444953  -0.0556306
-0.000522351  -0.00210258  -0.00476981  -0.00855873   -0.0135097   -0.0196691   -0.0270894   -0.0358294    -0.045955   -0.0575392
-0.000535706  -0.00215894  -0.00490479  -0.00881406   -0.0139335   -0.0203158   -0.0280204   -0.0371134   -0.0476678   -0.0597646
-0.000552015   -0.0022272  -0.00506679  -0.00911793   -0.0144339   -0.0210743   -0.0291057   -0.0386014   -0.0496428   -0.0623189
-0.000571362  -0.00230772  -0.00525667  -0.00947193   -0.0150136   -0.0219486   -0.0303508   -0.0403016   -0.0518905   -0.0652153
-0.000593847  -0.00240091  -0.00547538  -0.00987788   -0.0156757   -0.0229432   -0.0317622   -0.0422226   -0.0544223   -0.0683267
-0.000619591  -0.00250726  -0.00572412    -0.010338   -0.0164237   -0.0240636   -0.0333479    -0.044375   -0.0571104   -0.0712922
-0.00064873 -0.00262735  -0.0060042  -0.0108547  -0.0172617  -0.0253159  -0.0351162  -0.0466285  -0.0595911  -0.0736545
-0.000681419  -0.00276182  -0.00631718   -0.0114309   -0.0181944   -0.0267068   -0.0369347   -0.0486167   -0.0614037   -0.0749512
-0.000717836  -0.00291141  -0.00666474   -0.0120697   -0.0192263   -0.0281013   -0.0384341   -0.0498758   -0.0620823   -0.0747121
-0.000758174   -0.0030769  -0.00704864   -0.0127739   -0.0202202   -0.0291273   -0.0391469   -0.0499352   -0.0611512   -0.0724548
-0.000802643  -0.00325908  -0.00747042   -0.0134046   -0.0208021    -0.029315   -0.0386002   -0.0483169   -0.0581254   -0.0676852
-0.000851458  -0.00345869  -0.00779031   -0.0135873   -0.0205025   -0.0281933   -0.0363195   -0.0445418   -0.0525201   -0.0599115
-0.000904847  -0.00353561  -0.00763429   -0.0128549   -0.0188558   -0.0252978   -0.0318426   -0.0381508   -0.0438801   -0.0486831
-0.000821739   -0.0031134  -0.00653044   -0.0107327   -0.0153824   -0.0201427   -0.0246755   -0.0286394   -0.0316882   -0.0336311
-0.000647813  -0.00241989  -0.00497515  -0.00797503   -0.0110817   -0.0139562   -0.0162564   -0.0176356   -0.0179023   -0.0170919
-0.000476055   -0.0017341  -0.00343465  -0.00523888  -0.00680689  -0.00779581  -0.00785791  -0.00680113  -0.00466032  -0.00153441
-0.000305508  -0.00105221  -0.00190031  -0.00250883   -0.0025339  -0.00162684  0.000405272   0.00352833   0.00764403    0.0126627
-0.000135222 -0.000370419 -0.000363563  0.000230371   0.00176114   0.00442269   0.00818187    0.0129411    0.0186115    0.0251125
3.57219e-05 0.000314961  0.00118388  0.00299345  0.00610095   0.0107304   0.0168791   0.0244589     0.03339    0.043601
0.000208317   0.0010079   0.0027509  0.00579586    0.010368   0.0164659   0.0240023   0.0328985   0.0430835   0.0544947
0.000383493  0.00171206  0.00434546  0.00851025   0.0142063   0.0213475   0.0298561   0.0396623   0.0507041   0.0629269
0.000562193  0.00243107  0.00583456   0.0107739   0.0171646     0.02493   0.0340015   0.0443181    0.055826    0.068479
0.000745369  0.00302795  0.00685089   0.0121315   0.0187953   0.0267752   0.0360118   0.0464528   0.0580531   0.0707739
0.000792893  0.00312931  0.00692892   0.0121195   0.0186365   0.0264228   0.0354281   0.0456089   0.0569279   0.0693544
0.000750678  0.00296468  0.00656988   0.0115019   0.0177035   0.0251247   0.0337219   0.0434581   0.0543025   0.0662303
 0.0007127 0.00281677 0.00624792  0.0109492  0.0168705  0.0239685  0.0322063  0.0415531  0.0519842  0.0634808
0.000678737  0.00268474  0.00596115   0.0104581   0.0161324   0.0229472   0.0308718   0.0398817   0.0499581    0.061088
0.000648595  0.00256781  0.00570792   0.0100259    0.015485   0.0220548   0.0297107   0.0384342   0.0482124    0.059038
 0.0006221 0.00246532 0.00548675 0.00964992  0.0149245  0.0212861  0.0287163  0.0372023   0.046737  0.0573188
0.000599098  0.00237666  0.00529637   0.0093281   0.0144477   0.0206368   0.0278828   0.0361787   0.0455232   0.0559204
0.000579455  0.00230133  0.00513567  0.00905853   0.0140518   0.0201029   0.0272052   0.0353574   0.0445638   0.0548344
0.000563056  0.00223887  0.00500369   0.0088396   0.0137344   0.0196814   0.0266795   0.0347334   0.0438531   0.0540543
0.000549804  0.00218892  0.00489966  0.00867001   0.0134936   0.0193696   0.0263026   0.0343031   0.0433868   0.0535753
0.000539621  0.00215119  0.00482295  0.00854876    0.013328   0.0191657   0.0260722   0.0340637   0.0431619   0.0533944
0.000532446  0.00212544  0.00477311  0.00847514   0.0132367   0.0190686    0.025987    0.034014   0.0431774   0.0535109
0.000528235  0.00211153  0.00474984  0.00844866    0.013219   0.0190774   0.0260462   0.0341533   0.0434327   0.0539244
0.000526961  0.00210935  0.00475296  0.00846911   0.0132747   0.0191922   0.0262499    0.034482   0.0439288   0.0546369
0.000528613  0.00211888  0.00478244  0.00853653    0.013404   0.0194133   0.0265991   0.0350017   0.0446682   0.0556518
0.000533196  0.00214015  0.00483843  0.00865122   0.0136075   0.0197419   0.0270954    0.035715   0.0456545   0.0569744
0.000540731  0.00217327  0.00492119  0.00881377   0.0138862   0.0201796   0.0277414   0.0366256    0.046893   0.0586115
0.000551256  0.00221841  0.00503113    0.009025   0.0142416   0.0207286   0.0285405   0.0377382     0.04839   0.0605717
0.000564824  0.00227578  0.00516884    0.009286   0.0146755   0.0213919   0.0294968   0.0390586   0.0501535   0.0628655
0.000581507   0.0023457  0.00533502  0.00959814   0.0151902    0.022173   0.0306154   0.0405939   0.0521929   0.0655051
0.00060139 0.00242853 0.00553055 0.00996305  0.0157884  0.0230758  0.0319022  0.0423523  0.0545191  0.0685045
0.000624578  0.00252469  0.00575643   0.0103826   0.0164731   0.0241051   0.0333638   0.0443427   0.0571438   0.0717308
0.000651193  0.00263471  0.00601388   0.0108591   0.0172481   0.0252667   0.0350085   0.0465762   0.0599337   0.0748078
0.000681376  0.00275915  0.00630426   0.0113951   0.0181178   0.0265668    0.036845   0.0489168   0.0625094   0.0772583
0.000715289   0.0028987  0.00662918   0.0119935   0.0190867   0.0280123    0.038735   0.0509825   0.0643907   0.0786004
0.000753115  0.00305412   0.0069904   0.0126576   0.0201598   0.0294625   0.0402935   0.0522895   0.0650915   0.0783436
0.000795056  0.00322622  0.00738973   0.0133903    0.021194   0.0305292   0.0410331   0.0523472    0.064116    0.075985
0.000841328  0.00341583  0.00782879   0.0140468    0.021799   0.0307229   0.0404606   0.0506571   0.0609583   0.0710092
0.000892157   0.0036237  0.00816182   0.0142364   0.0214856   0.0295521   0.0380813   0.0467198    0.055113   0.0629036
0.000947779  0.00370373  0.00799882   0.0134724   0.0197681   0.0265327   0.0334133   0.0400564   0.0461053   0.0511981
0.000861092  0.00326341  0.00684775   0.0112595   0.0161466    0.021158   0.0259413    0.030141   0.0333962   0.0353983
0.000679748  0.00254034  0.00522624  0.00838454   0.0116632   0.0147089   0.0171654   0.0186712   0.0189171   0.0178306
0.00050069 0.00182543 0.00362038 0.00553243 0.00720738 0.00828799 0.00841201 0.00726954  0.0047873 0.00106891
 0.000322917   0.00111468   0.00202116   0.00268706   0.00275409   0.00185901 -0.000308978  -0.00382391  -0.00858283   -0.0144917
 0.000145442  0.000404125  0.000419653 -0.000167452  -0.00172155  -0.00455452  -0.00874136   -0.0141799   -0.0207769   -0.0284478
-3.27041e-05 -0.000310102  -0.00119285  -0.00304656  -0.00624337   -0.0110164   -0.0173625   -0.0251891   -0.0344125   -0.0449575
-0.000212538  -0.00103208  -0.00282546  -0.00596616   -0.0106886   -0.0169907   -0.0247811   -0.0339769   -0.0445039   -0.0562957
-0.000395036  -0.00176564  -0.00448656  -0.00879355    -0.014686   -0.0220736   -0.0308747   -0.0410158   -0.0524316   -0.0650644
-0.00058118 -0.00251459 -0.00603742  -0.0111505  -0.0177652  -0.0258009  -0.0351855  -0.0458547  -0.0577516  -0.0708271
-0.000771963  -0.00313606  -0.00709508   -0.0125623   -0.0194593   -0.0277157   -0.0372687   -0.0480631   -0.0600508   -0.0731906
-0.000821268  -0.00324075  -0.00717413   -0.0125455   -0.0192869   -0.0273381   -0.0366457   -0.0471635    -0.058852   -0.0716778
-0.000776989    -0.003068  -0.00679724   -0.0118969   -0.0183066   -0.0259733   -0.0348508   -0.0448996   -0.0560864   -0.0683844
-0.000737096  -0.00291258  -0.00645874   -0.0113154   -0.0174296   -0.0247553    -0.033253   -0.0428896   -0.0536382    -0.065478
-0.000701358  -0.00277357  -0.00615662   -0.0107977   -0.0166508   -0.0236767   -0.0318423   -0.0411208   -0.0514916   -0.0629396
-0.00066957 -0.00265018 -0.00588916  -0.0103407  -0.0159657  -0.0227312  -0.0306105  -0.0395831  -0.0496342  -0.0607547
-0.000641548  -0.00254169   -0.0056548  -0.00994185   -0.0153702   -0.0219132   -0.0295505   -0.0382674   -0.0480551   -0.0589103
-0.000617129  -0.00244747  -0.00545217  -0.00959875   -0.0148609   -0.0212182   -0.0286562   -0.0371661   -0.0467451   -0.0573957
-0.000596172  -0.00236697  -0.00528011  -0.00930944   -0.0144348   -0.0206419   -0.0279221   -0.0362727   -0.0456965    -0.056202
-0.000578554  -0.00229973  -0.00513759   -0.0090722   -0.0140894    -0.020181   -0.0273441   -0.0355819    -0.044903   -0.0553219
-0.000564171  -0.00224534  -0.00502378  -0.00888562   -0.0138227   -0.0198327   -0.0269186   -0.0350895   -0.0443598   -0.0547501
-0.000552937  -0.00220348  -0.00493799   -0.0087486   -0.0136331   -0.0195949   -0.0266431   -0.0347924   -0.0440636    -0.054483
-0.000544788  -0.00217391  -0.00487974  -0.00866035   -0.0135194   -0.0194663    -0.026516   -0.0346893   -0.0440129   -0.0545196
-0.000539673  -0.00215644  -0.00484865  -0.00862029    -0.013481    -0.019446   -0.0265364    -0.034779   -0.0442068   -0.0548589
-0.000537561  -0.00215097  -0.00484451  -0.00862813   -0.0135174   -0.0195336    -0.026704   -0.0350616   -0.0446459   -0.0555025
-0.000538434  -0.00215744  -0.00486727  -0.00868385   -0.0136288   -0.0197296   -0.0270197   -0.0355386   -0.0453323   -0.0564534
-0.000542294  -0.00217587    -0.004917  -0.00878768   -0.0138157   -0.0200348   -0.0274849   -0.0362122   -0.0462695   -0.0577166
-0.000549158  -0.00220636  -0.00499396  -0.00894014    -0.014079   -0.0204508   -0.0281021   -0.0370859   -0.0474622   -0.0592985
-0.00055906 -0.00224904 -0.00509851   -0.009142  -0.0144201  -0.0209797  -0.0288743  -0.0381642  -0.0489168  -0.0612074
-0.000572049  -0.00230414  -0.00523121   -0.0093943   -0.0148407   -0.0216243   -0.0298057   -0.0394528   -0.0506409   -0.0634535
-0.000588194  -0.00237195  -0.00539274  -0.00969835    -0.015343   -0.0223879   -0.0309011   -0.0409584   -0.0526436   -0.0660488
-0.000607578  -0.00245282  -0.00558395   -0.0100557   -0.0159297   -0.0232746   -0.0321664   -0.0426892   -0.0549357   -0.0690069
-0.000630301  -0.00254715  -0.00580581   -0.0104683   -0.0166038   -0.0242889    -0.033608   -0.0446541   -0.0575287   -0.0721949
-0.000656484  -0.00265547  -0.00605951   -0.0109383   -0.0173689   -0.0254364    -0.035234   -0.0468637    -0.060289   -0.0752363
-0.000686266  -0.00277834  -0.00634642   -0.0114682   -0.0182293   -0.0267235   -0.0370531   -0.0491821   -0.0628373   -0.0776539
-0.000719805  -0.00291642   -0.0066681    -0.012061   -0.0191896   -0.0281568    -0.038927   -0.0512273   -0.0646933   -0.0789656
-0.000757282  -0.00307046   -0.0070263   -0.0127199   -0.0202547   -0.0295957   -0.0404705   -0.0525153   -0.0653709    -0.078681
-0.000798898  -0.00324129  -0.00742282   -0.0134477   -0.0212814   -0.0306521   -0.0411964   -0.0525557   -0.0643741    -0.076297
-0.000844868   -0.0034297  -0.00785925   -0.0140996   -0.0218795   -0.0308362   -0.0406115   -0.0508499   -0.0611971   -0.0712982
-0.000895413  -0.00363646  -0.00818985   -0.0142851   -0.0215599   -0.0296568   -0.0382209   -0.0468984   -0.0553346   -0.0631719
-0.000950769  -0.00371548  -0.00802469   -0.0135174    -0.019837   -0.0266299    -0.033543   -0.0402225   -0.0463115   -0.0514482
-0.000863863  -0.00327431  -0.00687181   -0.0113014   -0.0162108   -0.0212487   -0.0260625   -0.0302962   -0.0335892   -0.0355733
-0.00068234 -0.00255055 -0.00524877 -0.00842383  -0.0117234   -0.014794   -0.017279   -0.018817  -0.0190394  -0.0177755
-0.000503119    -0.001835  -0.00364152  -0.00556931  -0.00726394  -0.00836797  -0.00851895  -0.00734773  -0.00468301 -0.000589418
 -0.0003252 -0.00112368 -0.00204104 -0.00272178 -0.00280737  -0.0019344 0.000267174  0.00396942  0.00910837   0.0155902
-0.000147592 -0.000412605 -0.000438409  0.000134683   0.00167122   0.00454232     0.008921    0.0147441    0.0219186    0.0303601
3.06798e-05 0.000302121   0.0011752  0.00301573  0.00619604   0.0109494   0.0172729   0.0250742   0.0342698   0.0447847
0.000210632  0.00102456  0.00280883  0.00593708   0.0106439   0.0169275   0.0246967   0.0338688   0.0443697   0.0561333
0.000393238  0.00175855  0.00447084  0.00876607   0.0146438    0.022014   0.0307952   0.0409141   0.0523055    0.064912
0.00057948 0.00250787 0.00602255  0.0111246  0.0177254  0.0257449  0.0351109  0.0457593  0.0576336  0.0706845
0.00077035  0.0031297 0.00708105  0.0125379   0.019422  0.0276632  0.0371989   0.047974  0.0599406  0.0730576
0.000819751  0.00323479  0.00716103   0.0125228   0.0192523   0.0272893   0.0365808   0.0470808   0.0587497   0.0715543
0.000775587   0.0030625  0.00678514   0.0118759   0.0182745   0.0259282   0.0347909   0.0448232    0.055992   0.0682704
 0.0007358  0.0029075 0.00644756   0.011296     0.0174  0.0247137  0.0331977  0.0428191   0.053551  0.0653728
0.000700161  0.00276888   0.0061463   0.0107798   0.0166235   0.0236383   0.0317913   0.0410558   0.0514112   0.0628427
0.000668466  0.00264585  0.00587964   0.0103242   0.0159405   0.0226957   0.0305635   0.0395231   0.0495601   0.0606654
0.000640529  0.00253769  0.00564602  0.00992661   0.0153469   0.0218806   0.0295072   0.0382122   0.0479869   0.0588281
0.000616191  0.00244379  0.00544408  0.00958473   0.0148395   0.0211882   0.0286163   0.0371153   0.0466824   0.0573202
0.000595308  0.00236358  0.00527267  0.00929654   0.0144152   0.0206143   0.0278855   0.0362261   0.0456389   0.0561327
0.00057776 0.00229661 0.00513075 0.00906035  0.0140714  0.0201556  0.0273105  0.0355391  0.0448502  0.0552584
0.000563442  0.00224248  0.00501751  0.00887476   0.0138062   0.0198095   0.0268879   0.0350503   0.0443116   0.0546921
0.00055227 0.00220086 0.00493225 0.00873866   0.013618  0.0195737   0.026615  0.0347567  0.0440196  0.0544302
0.000544178  0.00217152   0.0048745  0.00865128   0.0135056    0.019447   0.0264904   0.0346568   0.0439729   0.0544716
0.000539117  0.00215427  0.00484388  0.00861204   0.0134684   0.0194284   0.0265132   0.0347495   0.0441706   0.0548155
0.000537055  0.00214899  0.00484019  0.00862065   0.0135061   0.0195178    0.026683   0.0350351   0.0446132   0.0554634
0.000537977  0.00215565  0.00486336   0.0086771   0.0136186   0.0197153   0.0270008   0.0355147    0.045303   0.0564185
0.000541882  0.00217427  0.00491349  0.00878162   0.0138065    0.020022   0.0274681   0.0361909   0.0462434   0.0576855
0.000548789  0.00220492  0.00499082  0.00893474   0.0140709   0.0204394   0.0280871    0.037067   0.0474392   0.0592711
0.000558731  0.00224776  0.00509573  0.00913721   0.0144129   0.0209697   0.0288612   0.0381477   0.0488967   0.0611836
0.000571758  0.00230301  0.00522876  0.00939009   0.0148344   0.0216155   0.0297943   0.0394384   0.0506235   0.0634331
0.000587939  0.00237096   0.0053906   0.0096947   0.0153376   0.0223804   0.0308913   0.0409462   0.0526289   0.0660316
0.000607358  0.00245196  0.00558211   0.0100526   0.0159251   0.0232682   0.0321582   0.0426791   0.0549235   0.0689928
0.000630114  0.00254643  0.00580426   0.0104657   0.0165999   0.0242836   0.0336013   0.0446459    0.057519   0.0721838
0.000656329  0.00265487  0.00605825   0.0109362   0.0173658   0.0254322   0.0352288   0.0468575   0.0602817    0.075228
0.000686141  0.00277786  0.00634543   0.0114666   0.0182269   0.0267204   0.0370494   0.0491777   0.0628323   0.0776482
0.000719711  0.00291607  0.00666738   0.0120599    0.019188   0.0281548   0.0389246   0.0512246   0.0646903   0.0789621
0.000757217  0.00307023  0.00702584   0.0127192   0.0202538   0.0295947   0.0404694   0.0525141   0.0653694   0.0786792
0.00079886 0.00324116  0.0074226  0.0134474  0.0212811  0.0306519  0.0411963  0.0525556  0.0643738  0.0762964
0.000844857  0.00342968  0.00785927   0.0140997   0.0218798   0.0308367    0.040612   0.0508504   0.0611975   0.0712981
0.000895428  0.00363655   0.0081901   0.0142855   0.0215606   0.0296577   0.0382218   0.0468992    0.055335   0.0631717
0.000950813  0.00371566  0.00802508    0.013518   0.0198378   0.0266307   0.0335437    0.040223   0.0463114    0.051447
0.000863922  0.00327452  0.00687218   0.0113019   0.0162114   0.0212492   0.0260625   0.0302957   0.0335877   0.0355705
0.000682374  0.00255066  0.00524893  0.00842395   0.0117233   0.0147935   0.0172779   0.0188149   0.0190358   0.0177824
0.000503129  0.00183501  0.00364145  0.00556901  0.00726323  0.00836656  0.00851652  0.00734388  0.00468959 0.000630576
 0.000325184   0.00112358   0.00204074   0.00272106   0.00280599   0.00193203 -0.000270934  -0.00396272  -0.00906706   -0.0154901
 0.000147548  0.000412397  0.000437849 -0.000135848  -0.00167331  -0.00454572  -0.00891387   -0.0147023   -0.0218179   -0.0301764
-3.07522e-05 -0.000302441    -0.001176  -0.00301731  -0.00619876   -0.0109537   -0.0172791   -0.0250827   -0.0342809   -0.0447986
-0.000210731  -0.00102498  -0.00280987  -0.00593908   -0.0106473   -0.0169326   -0.0247039   -0.0338784    -0.044382   -0.0561486
-0.000393363  -0.00175908  -0.00447212  -0.00876849   -0.0146477   -0.0220198   -0.0308032   -0.0409246   -0.0523187   -0.0649282
-0.000579634  -0.00250852  -0.00602408   -0.0111274   -0.0177298   -0.0257512   -0.0351194   -0.0457703   -0.0576472   -0.0707011
-0.000770534  -0.00313045  -0.00708275   -0.0125409   -0.0194266   -0.0276697   -0.0372075    -0.047985   -0.0599542   -0.0730739
-0.00081995 -0.00323557 -0.00716274  -0.0125257  -0.0192567  -0.0272956  -0.0365891  -0.0470913  -0.0587626  -0.0715699
-0.000775769  -0.00306321   -0.0067867   -0.0118785   -0.0182786   -0.0259339   -0.0347985   -0.0448328   -0.0560037   -0.0682845
-0.000735966  -0.00290815  -0.00644898   -0.0112984   -0.0174037   -0.0247189   -0.0332045   -0.0428277   -0.0535616   -0.0653854
-0.000700312  -0.00276947  -0.00614759    -0.010782   -0.0166268   -0.0236429   -0.0317974   -0.0410635   -0.0514206    -0.062854
-0.000668601  -0.00264638  -0.00588079   -0.0103262   -0.0159435   -0.0226999   -0.0305689     -0.03953   -0.0495684   -0.0606753
-0.00064065 -0.00253816 -0.00564704 -0.00992837  -0.0153496  -0.0218843   -0.029512  -0.0382182  -0.0479942  -0.0588368
-0.000616298   -0.0024442  -0.00544499  -0.00958627   -0.0148418   -0.0211914   -0.0286205   -0.0371205   -0.0466886   -0.0573276
-0.000595402  -0.00236395  -0.00527345  -0.00929788   -0.0144172    -0.020617   -0.0278891   -0.0362305   -0.0456442   -0.0561388
-0.000577841  -0.00229693  -0.00513143  -0.00906149   -0.0140731    -0.020158   -0.0273135   -0.0355428   -0.0448546   -0.0552634
-0.000563511  -0.00224275  -0.00501808  -0.00887572   -0.0138076   -0.0198114   -0.0268903   -0.0350533    -0.044315   -0.0546959
-0.000552328  -0.00220108  -0.00493272  -0.00873944   -0.0136191   -0.0195752   -0.0266169   -0.0347589   -0.0440221   -0.0544329
-0.000544225  -0.00217169  -0.00487487  -0.00865188   -0.0135065   -0.0194481   -0.0264918   -0.0346583   -0.0439745   -0.0544731
-0.000539153   -0.0021544  -0.00484415  -0.00861247    -0.013469   -0.0194292   -0.0265139   -0.0347503   -0.0441712   -0.0548157
-0.00053708 -0.00214908 -0.00484036 -0.00862091  -0.0135064  -0.0195181  -0.0266832   -0.035035  -0.0446128  -0.0554623
-0.000537991   -0.0021557  -0.00486343  -0.00867717   -0.0136186   -0.0197152   -0.0270004   -0.0355138   -0.0453014   -0.0564157
-0.000541885  -0.00217427  -0.00491346   -0.0087815   -0.0138062   -0.0200214   -0.0274669   -0.0361889   -0.0462403   -0.0576808
-0.000548778  -0.00220486  -0.00499064  -0.00893432     -0.01407    -0.020438   -0.0280848   -0.0370634   -0.0474338   -0.0592633
-0.000558702  -0.00224762  -0.00509535  -0.00913642   -0.0144114   -0.0209673   -0.0288573   -0.0381419   -0.0488884   -0.0611719
-0.000571706  -0.00230278  -0.00522814  -0.00938883   -0.0148321   -0.0216119   -0.0297886   -0.0394301   -0.0506117   -0.0634168
-0.000587857   -0.0023706  -0.00538967  -0.00969284   -0.0153343   -0.0223751   -0.0308834   -0.0409347   -0.0526128   -0.0660098
-0.000607237  -0.00245144  -0.00558079     -0.01005   -0.0159206   -0.0232611   -0.0321475   -0.0426639   -0.0549025   -0.0689647
-0.000629948  -0.00254572   -0.0058025   -0.0104623   -0.0165941   -0.0242745   -0.0335878   -0.0446268    -0.057493   -0.0721493
-0.000656111  -0.00265394  -0.00605598   -0.0109318   -0.0173585   -0.0254208   -0.0352121   -0.0468341   -0.0602501   -0.0751865
-0.000685864  -0.00277669   -0.0063426   -0.0114612   -0.0182179   -0.0267065   -0.0370292   -0.0491497   -0.0627946   -0.0775991
-0.000719367  -0.00291462  -0.00666392   -0.0120533   -0.0191771   -0.0281382   -0.0389006   -0.0511915   -0.0646463   -0.0789053
-0.000756801  -0.00306848  -0.00702169   -0.0127114   -0.0202409   -0.0295751   -0.0404414   -0.0524758   -0.0653189   -0.0786143
-0.000798365  -0.00323909  -0.00741771   -0.0134383   -0.0212661   -0.0306292   -0.0411642    -0.052512   -0.0643166   -0.0762232
-0.000844276  -0.00342726  -0.00785357   -0.0140891   -0.0218626    -0.030811   -0.0405758   -0.0508015   -0.0611335   -0.0712167
-0.000894755  -0.00363375  -0.00818356   -0.0142735   -0.0215412   -0.0296289   -0.0381815   -0.0468449   -0.0552643   -0.0630819
-0.000950038  -0.00371249  -0.00801776   -0.0135046   -0.0198164    -0.026599   -0.0334995   -0.0401636   -0.0462341    -0.051349
-0.000863075  -0.00327107  -0.00686424   -0.0112874   -0.0161882   -0.0212149   -0.0260146   -0.0302314    -0.033504   -0.0354642
-0.000681463  -0.00254694  -0.00524036  -0.00840833   -0.0116983   -0.0147565   -0.0172261   -0.0187453   -0.0189453   -0.0176861
-0.000502146    -0.001831   -0.0036322  -0.00555214  -0.00723615   -0.0083265  -0.00846048  -0.00726862  -0.00461031 -0.000580836
-0.000324121  -0.00111924  -0.00203072  -0.00270279  -0.00277666  -0.00188863  0.000331653   0.00402558   0.00909853     0.015457
-0.000146398 -0.000407699 -0.000427011  0.000155632   0.00170507   0.00459273   0.00896095     0.014716     0.021765    0.0300242
3.20084e-05 0.000307571  0.00118784  0.00303893  0.00623346   0.0110051   0.0173511   0.0251797   0.0344078   0.0449606
0.000212093  0.00103054   0.0028227  0.00596252   0.0106849   0.0169885   0.0247823   0.0339843   0.0445206   0.0563255
0.00039484 0.00176511 0.00448604 0.00879393  0.0146887  0.0220807  0.0308889  0.0410404  0.0524704  0.0651219
0.000581235  0.00251506   0.0060392   0.0111551   0.0177746   0.0258179   0.0352133   0.0458972   0.0578134   0.0709135
0.00077227 0.00313758 0.00709929  0.0125713  0.0194758  0.0277429  0.0373107  0.0481244  0.0601367  0.0733071
0.000821866  0.00324344  0.00718102   0.0125593    0.019311   0.0273764   0.0367028   0.0472448   0.0589634    0.071826
0.000777893  0.00307193  0.00680692   0.0119157   0.0183385    0.026023   0.0349236   0.0450015   0.0562242   0.0685655
0.000738311  0.00291776  0.00647125   0.0113393   0.0174696   0.0248167   0.0333418   0.0430127   0.0538032   0.0656931
0.000702892  0.00278003  0.00617205   0.0108268    0.016699     0.02375   0.0319477   0.0412659   0.0516846   0.0631899
0.000671431  0.00265796  0.00590758   0.0103752   0.0160224   0.0228169    0.030733   0.0397508   0.0498563   0.0610414
0.000643746  0.00255083  0.00567632  0.00998192   0.0154357   0.0220119   0.0296909   0.0384587   0.0483076   0.0592351
0.000619677  0.00245802  0.00547692  0.00964463   0.0149356   0.0213303   0.0288151   0.0373821   0.0470293   0.0577604
0.000599084    0.002379  0.00530821  0.00936137   0.0145192   0.0207681   0.0281005   0.0365145   0.0460139   0.0566084
0.000581847  0.00231329  0.00516921  0.00913048   0.0141839   0.0203219   0.0275429   0.0358508   0.0452554   0.0557722
0.000567862  0.00226052  0.00505909  0.00895057   0.0139278   0.0199891   0.0271389   0.0353869    0.044749   0.0552466
0.000557048  0.00222036  0.00497718  0.00882056   0.0137492   0.0197677   0.0268859   0.0351199   0.0444914    0.055028
0.000549337  0.00219256  0.00492298  0.00873962   0.0136472   0.0196561   0.0267823    0.035048   0.0444808   0.0551149
0.000544682  0.00217696  0.00489613  0.00870722   0.0136209   0.0196535   0.0268273   0.0351703   0.0447167    0.055507
0.000543052  0.00217343  0.00489645   0.0087231   0.0136701   0.0197598   0.0270208   0.0354872      0.0452   0.0562061
0.00054443 0.00218195 0.00492388 0.00878725  0.0137949  0.0199754  0.0273636  0.0360002  0.0459328  0.0572154
0.000548821  0.00220253  0.00497852  0.00889994   0.0139958   0.0203012   0.0278573   0.0367118   0.0469189   0.0585401
0.000556241  0.00223527  0.00506062  0.00906171   0.0142739   0.0207389   0.0285045   0.0376254   0.0481632   0.0601868
0.000566728  0.00228032  0.00517059  0.00927336   0.0146306   0.0212906   0.0293084   0.0387458   0.0496721   0.0621642
0.000580332  0.00233792  0.00530899  0.00953596   0.0150676   0.0219592   0.0302732   0.0400789   0.0514536   0.0644827
0.000597125  0.00240835  0.00547653  0.00985089   0.0155873   0.0227483   0.0314039   0.0416316   0.0535172   0.0671548
0.000617193  0.00249199  0.00567408   0.0102198   0.0161923   0.0236619   0.0327066   0.0434124   0.0558739   0.0701946
0.000640641  0.00258927   0.0059027   0.0106446   0.0168859   0.0247049   0.0341882   0.0454308   0.0585363   0.0734703
0.000667594  0.00270071  0.00616359   0.0111276   0.0176718   0.0258832    0.035857   0.0476976   0.0613708   0.0766054
0.000698196  0.00282692  0.00645816   0.0116715   0.0185545    0.027203   0.0377219   0.0500772   0.0639983   0.0791231
0.000732611  0.00296856  0.00678803   0.0122792   0.0195386   0.0286715   0.0396447   0.0521877    0.065939   0.0805418
0.000771025  0.00312642  0.00715499    0.012954   0.0206292    0.030148   0.0412405   0.0535456    0.066707   0.0803716
0.000813642  0.00330132  0.00756089   0.0136989   0.0216831   0.0312445   0.0420223   0.0536607    0.065807   0.0781099
0.000860686  0.00349411  0.00800738    0.014369   0.0223105   0.0314716   0.0414971   0.0520347   0.0627336   0.0732421
0.000912384  0.00370557  0.00834877   0.0145741   0.0220221   0.0303381   0.0391704   0.0481687   0.0569818    0.065256
0.000968981  0.00378962  0.00819512   0.0138273   0.0203324   0.0273601   0.0345608   0.0415842   0.0480774   0.0536825
0.000883389  0.00335378  0.00705444   0.0116334   0.0167417   0.0220313   0.0271532   0.0317557    0.035482   0.0379687
0.000703246  0.00263564  0.00544436  0.00877947   0.0122921   0.0156324    0.018448   0.0203813   0.0210685    0.020375
0.000525512  0.00192616  0.00385107   0.0059504  0.00787344  0.00926672  0.00977208  0.00902493  0.00689019  0.00346908
0.000349194  0.00122136  0.00226564  0.00313027  0.00346079  0.00289806  0.00107665 -0.00213929 -0.00664914  -0.0123533
 0.000173311   0.00051732  0.000679203  0.000303339 -0.000970482  -0.00350873  -0.00744817    -0.012689   -0.0191323   -0.0266876
-3.10393e-06 -0.000189828 -0.000916936  -0.00254584  -0.00544419  -0.00984023   -0.0157255    -0.023002   -0.0315798   -0.0413773
-0.000181047 -0.000904072  -0.00253169   -0.0054328  -0.00983689   -0.0157367   -0.0230352   -0.0316433   -0.0414803   -0.0524727
-0.000361487  -0.00162923  -0.00417336  -0.00822469   -0.0137772   -0.0207351   -0.0290104   -0.0385232   -0.0492008   -0.0609782
-0.000545394  -0.00236904  -0.00570312   -0.0105431   -0.0167945   -0.0243708   -0.0331929   -0.0431896   -0.0542963   -0.0664557
-0.00073375 -0.00298058 -0.00673786  -0.0119131  -0.0184215  -0.0261861   -0.035137  -0.0452112  -0.0563523  -0.0685103
-0.000780408  -0.00307448  -0.00679203   -0.0118509   -0.0181763   -0.0257008   -0.0343634   -0.0441094   -0.0548904   -0.0666633
-0.000733273  -0.00289008  -0.00638827   -0.0111532   -0.0171173   -0.0242197   -0.0324058    -0.041627   -0.0518405    -0.063009
-0.000690291  -0.00272205  -0.00602069   -0.0105187   -0.0161553   -0.0228759    -0.030632   -0.0393809   -0.0490851   -0.0597127
-0.000651212  -0.00256941  -0.00568715  -0.00994368   -0.0152846   -0.0216613   -0.0290313   -0.0373571   -0.0466068   -0.0567534
-0.000615813  -0.00243128  -0.00538573   -0.0094248   -0.0145001    -0.020569   -0.0275943    -0.035544   -0.0443913   -0.0541141
-0.00058389 -0.00230688 -0.00511471 -0.00895909  -0.0137975  -0.0195927  -0.0263129  -0.0339313  -0.0424259  -0.0517795
-0.000555261  -0.00219549  -0.00487251  -0.00854386   -0.0131725   -0.0187267   -0.0251796   -0.0325095   -0.0406991   -0.0497361
-0.000529761  -0.00209647  -0.00465776  -0.00817673   -0.0126217    -0.017966   -0.0241879   -0.0312704    -0.039201   -0.0479721
-0.000507242  -0.00200924   -0.0044692  -0.00785557   -0.0121418   -0.0173063   -0.0233321   -0.0302069    -0.037923   -0.0464772
-0.000487574   -0.0019333  -0.00430574  -0.00757852   -0.0117301   -0.0167437   -0.0226071   -0.0293127   -0.0368574   -0.0452426
-0.000470643  -0.00186821  -0.00416644  -0.00734395   -0.0113841   -0.0162748   -0.0220086   -0.0285825    -0.035998    -0.044261
-0.00045635 -0.00181358 -0.00405046  -0.0071505  -0.0111018   -0.015897  -0.0215332  -0.0280121  -0.0353397  -0.0435265
-0.00044461  -0.0017691 -0.00395713   -0.006997  -0.0108815  -0.0156079   -0.021178  -0.0275979  -0.0348784  -0.0430346
-0.000435354   -0.0017345  -0.00388589  -0.00688253   -0.0107219   -0.0154058   -0.0209407   -0.0273374   -0.0346112   -0.0427821
-0.000428526  -0.00170956   -0.0038363  -0.00680639   -0.0106219   -0.0152894   -0.0208199   -0.0272288   -0.0345363   -0.0427672
-0.000424083  -0.00169414  -0.00380804  -0.00676809    -0.010581    -0.015258   -0.0208146   -0.0272713   -0.0346529   -0.0429893
-0.000421997  -0.00168813  -0.00380093  -0.00676733   -0.0105987    -0.015311   -0.0209247   -0.0274648   -0.0349614   -0.0434494
-0.000422251  -0.00169148  -0.00381487  -0.00680406   -0.0106752   -0.0154489   -0.0211505   -0.0278102    -0.035463   -0.0441495
-0.000424843  -0.00170419  -0.00384992   -0.0068784   -0.0108106    -0.015672    -0.021493    -0.028309   -0.0361604   -0.0450932
-0.000429782  -0.00172631  -0.00390621   -0.0069907   -0.0110056   -0.0159815    -0.021954   -0.0289638    -0.037057   -0.0462854
-0.000437092  -0.00175795  -0.00398404   -0.0071415   -0.0112612    -0.016379   -0.0225358    -0.029778   -0.0381576   -0.0477323
-0.000446809  -0.00179926  -0.00408379  -0.00733158   -0.0115788   -0.0168666   -0.0232416   -0.0307561    -0.039468   -0.0492935
-0.000458983  -0.00185047  -0.00420598  -0.00756195   -0.0119599   -0.0174469   -0.0240752   -0.0319032   -0.0408472   -0.0505831
-0.000473679  -0.00191184  -0.00435127  -0.00783387   -0.0124069   -0.0181232   -0.0250412   -0.0330776   -0.0419083   -0.0511142
-0.000490974  -0.00198371  -0.00452046  -0.00814887   -0.0129221    -0.018899   -0.0259965   -0.0338908    -0.042163   -0.0503945
-0.000510961  -0.00206646  -0.00471449  -0.00850863    -0.013508     -0.01963   -0.0265511   -0.0338525   -0.0411161   -0.0479225
-0.000533747  -0.00216052  -0.00493426  -0.00891446   -0.0140188   -0.0199242   -0.0262121   -0.0324646   -0.0382626   -0.0433374
-0.000559444  -0.00226631  -0.00518041  -0.00921975   -0.0140616   -0.0192876   -0.0244803   -0.0292207   -0.0332403   -0.0365121
-0.000588165  -0.00238411   -0.0053062  -0.00903207   -0.0131439   -0.0172243   -0.0208547    -0.023767   -0.0259343   -0.0274175
-0.000620027   -0.0023674  -0.00492056  -0.00786249   -0.0107767   -0.0132453   -0.0150009   -0.0160172   -0.0163555   -0.0160734
-0.000507884  -0.00182324  -0.00353023  -0.00521362  -0.00645684  -0.00699356   -0.0067985  -0.00593408  -0.00445843  -0.00242539
-0.000299073 -0.000988231  -0.00165105  -0.00186973  -0.00137674  -0.00014569   0.00176202   0.00428913   0.00738255    0.0114801
-9.04855e-05 -0.000153041  0.000231311   0.00133138   0.00317476   0.00570119   0.00885443    0.0125823    0.0173209    0.0235213
0.000119011 0.000686709  0.00197321  0.00400751  0.00673068   0.0100877   0.0140276   0.0189851   0.0254091   0.0332797
0.000330544  0.00138245  0.00318655  0.00568587   0.0088273   0.0125615   0.0173218   0.0235551    0.031242   0.0403644
0.000391822  0.00153875  0.00338587  0.00588244   0.0089814   0.0131015   0.0186741     0.02568   0.0341015    0.043922
0.000363361  0.00142696  0.00313987  0.00545501  0.00879108   0.0135795    0.019801   0.0274379   0.0364736   0.0468929
0.000336962  0.00132328  0.00291172  0.00552087  0.00958197   0.0150758   0.0219846   0.0302917    0.039982   0.0510411
0.000312473   0.0012271  0.00316213  0.00654859   0.0113672   0.0176002   0.0252311   0.0342444    0.044626   0.0563629
0.000289755  0.00159946  0.00435956  0.00855076   0.0141552   0.0211564   0.0295389   0.0392885   0.0503921   0.0628375
0.000268716   0.0015254   0.0042113   0.0083085   0.0138004   0.0206717    0.028908   0.0384962    0.049424   0.0616801
0.000249203  0.00145683  0.00407427  0.00808489   0.0134733   0.0202251   0.0283273   0.0377674   0.0485341   0.0606169
0.000231108  0.00139325  0.00394725  0.00787764   0.0131701   0.0198115   0.0277893   0.0370924     0.04771   0.0596325
0.000214325  0.00133461  0.00383072  0.00768834   0.0128942   0.0194359   0.0273022   0.0364825   0.0469669   0.0587464
0.000198762  0.00127981  0.00372101  0.00750905   0.0126316   0.0190773   0.0268354   0.0358963   0.0462508   0.0578905
0.000184329  0.00122843  0.00361699  0.00733765    0.012379   0.0187303   0.0263818   0.0353244   0.0455497   0.0570498
0.000170944  0.00118069   0.0035202  0.00717797   0.0121434   0.0184065   0.0259583   0.0347903   0.0448945   0.0562638
0.00015853 0.00113675 0.00343175 0.00703287  0.0119302  0.0181146  0.0255777  0.0343114  0.0443086  0.0555624
0.000147018  0.00109641  0.00335136  0.00690199   0.0117391   0.0178543   0.0252395   0.0338876   0.0437918   0.0549458
0.000136341  0.00105922  0.00327774  0.00678272   0.0115656   0.0176187   0.0249344   0.0335063   0.0433278   0.0543933
0.000126439  0.00102472  0.00320939  0.00667193   0.0114045   0.0173997   0.0246508   0.0331516   0.0428962   0.0538793
0.000117256 0.000992532  0.00314524  0.00656747   0.0112519   0.0171918   0.0243809   0.0328133   0.0424837    0.053387
 0.00010874 0.000962534  0.00308515  0.00646927   0.0111081   0.0169954   0.0241252   0.0324923   0.0420916   0.0529185
0.000100842 0.000934714  0.00302943   0.0063782   0.0109747   0.0168132   0.0238882   0.0321946    0.041728    0.052484
9.35173e-05 0.000909054  0.00297832  0.00629502   0.0108533   0.0166478   0.0236734   0.0319256      0.0414   0.0520927
8.67239e-05 0.000885442  0.00293167  0.00621956   0.0107437   0.0164991    0.023481   0.0316853   0.0411079    0.051745
8.04235e-05 0.000863634  0.00288876  0.00615038   0.0106435   0.0163634   0.0233059   0.0314669   0.0408427     0.05143
7.45803e-05  0.00084339  0.00284889  0.00608606   0.0105502   0.0162371   0.0231428   0.0312634   0.0405956   0.0511363
6.91611e-05 0.000824545  0.00281164  0.00602578   0.0104627   0.0161183    0.022989   0.0310713    0.040362   0.0508583
 6.4135e-05 0.000807046    0.002777  0.00596968   0.0103811   0.0160075   0.0228455    0.030892   0.0401439   0.0505986
5.94736e-05  0.00079085  0.00274501  0.00591795    0.010306   0.0159056   0.0227137   0.0307274   0.0399438   0.0503605
5.51527e-05 0.000775794  0.00271518  0.00586961   0.0102356   0.0158101     0.02259   0.0305727   0.0397556   0.0495659
5.11486e-05 0.000761926  0.00268788  0.00582557   0.0101718   0.0157236   0.0224784   0.0304334    0.039016   0.0476523
4.74389e-05 0.000748999  0.00266227  0.00578406   0.0101114   0.0156416   0.0223721     0.02973   0.0371417   0.0446033
4.40029e-05 0.000737201  0.00263925  0.00574719   0.0100583     0.01557   0.0217093   0.0279023   0.0341451   0.0404342
4.08216e-05 0.000726986  0.00262077  0.00571945   0.0100205   0.0149499    0.019933   0.0249659    0.030045    0.035167
3.78783e-05 0.000716769  0.00260061  0.00568686  0.00940154   0.0131699    0.016988   0.0208523   0.0247594   0.0287063
3.51564e-05 0.000707049  0.00258088   0.0050829  0.00763857    0.010244   0.0128956     0.01559   0.0183242   0.0210952
 3.2641e-05 0.000698581  0.00199303  0.00334115  0.00473905  0.00618311  0.00766999  0.00919657     0.01076   0.0123576
3.03175e-05 0.000118829 0.000261064 0.000453113  0.00069135 0.000972417   0.0012932  0.00165082  0.00204259  0.00246603
2.81254e-05  0.00011022 0.000242119 0.000420197 0.000641093 0.000901691  0.00119911  0.00153066  0.00189387  0.00228644
2.60953e-05 0.000102247 0.000224574 0.000389715 0.000594552 0.000836197  0.00111197  0.00141939  0.00175617  0.00152768
 2.42162e-05  9.48668e-05  0.000208335  0.000361502  0.000551477   0.00077558   0.00103133   0.00131642   0.00103653 -0.000402009
 2.2478e-05 8.80406e-05 0.000193314 0.000335406 0.000511633 0.000719511 0.000956735  0.00062897 -0.00085747 -0.00350347
2.08714e-05 8.17307e-05  0.00017943 0.000311285 0.000474807 0.000667689 0.000295295 -0.00123636 -0.00392817 -0.00778095
2.02945e-05  7.9465e-05 0.000174445 0.000302624 0.000461583 0.000649081 0.000270441 -0.00126838 -0.00396824 -0.00782994
2.02945e-05  7.9465e-05 0.000174445 0.000302624 0.000461583 0.000649081 0.000270441 -0.00126838 -0.00396824 -0.00782994
2.02945e-05  7.9465e-05 0.000174445 0.000302624 0.000461583 0.000649081 0.000270441 -0.00126838 -0.00396824 -0.00782994
2.02945e-05  7.9465e-05 0.000174445 0.000302624 0.000461583 0.000649081 0.000270441 -0.00126838 -0.00396824 -0.00782994
2.02945e-05  7.9465e-05 0.000174445 0.000302624 0.000461583 0.000649081 0.000270441 -0.00126838 -0.00396824 -0.00782994
2.02945e-05  7.9465e-05 0.000174445 0.000302624 0.000461583 0.000649081 0.000270441 -0.00126838 -0.00396824 -0.00782994
2.02945e-05  7.9465e-05 0.000174445 0.000302624 0.000461583 0.000649081 0.000270441 -0.00126838 -0.00396824 -0.00782994
2.02945e-05  7.9465e-05 0.000174445 0.000302624 0.000461583 0.000649081 0.000270441 -0.00126838 -0.00396824 -0.00782994
2.02945e-05  7.9465e-05 0.000174445 0.000302624 0.000461583 0.000649081 0.000270441 -0.00126838 -0.00396824 -0.00782994
2.02945e-05  7.9465e-05 0.000174445 0.000302624 0.000461583 0.000649081 0.000270441 -0.00126838 -0.00396824 -0.00782994
2.02945e-05  7.9465e-05 0.000174445 0.000302624 0.000461583 0.000649081 0.000270441 -0.00126838 -0.00396824 -0.00782994
2.02945e-05  7.9465e-05 0.000174445 0.000302624 0.000461583 0.000649081 0.000270441 -0.00126838 -0.00396824 -0.00782994
2.02945e-05  7.9465e-05 0.000174445 0.000302624 0.000461583 0.000649081 0.000270441 -0.00126838 -0.00396824 -0.00782994
2.02945e-05  7.9465e-05 0.000174445 0.000302624 0.000461583 0.000649081 0.000270441 -0.00126838 -0.00396824 -0.00782994
2.02945e-05  7.9465e-05 0.000174445 0.000302624 0.000461583 0.000649081 0.000270441 -0.00126838 -0.00396824 -0.00782994
2.02945e-05  7.9465e-05 0.000174445 0.000302624 0.000461583 0.000649081 0.000270441 -0.00126838 -0.00396824 -0.00782994
2.02945e-05  7.9465e-05 0.000174445 0.000302624 0.000461583 0.000649081 0.000270441 -0.00126838 -0.00396824 -0.00782994
2.02945e-05  7.9465e-05 0.000174445 0.000302624 0.000461583 0.000649081 0.000270441 -0.00126838 -0.00396824 -0.00782994
2.02945e-05  7.9465e-05 0.000174445 0.000302624 0.000461583 0.000649081 0.000270441 -0.00126838 -0.00396824 -0.00782994
2.02945e-05  7.9465e-05 0.000174445 0.000302624 0.000461583 0.000649081 0.000270441 -0.00126838 -0.00396824 -0.00782994
2.02945e-05  7.9465e-05 0.000174445 0.000302624 0.000461583 0.000649081 0.000270441 -0.00126838 -0.00396824 -0.00782994
2.02945e-05  7.9465e-05 0.000174445 0.000302624 0.000461583 0.000649081 0.000270441 -0.00126838 -0.00396824 -0.00782994
2.02945e-05  7.9465e-05 0.000174445 0.000302624 0.000461583 0.000649081 0.000270441 -0.00126838 -0.00396824 -0.00782994
2.02945e-05  7.9465e-05 0.000174445 0.000302624 0.000461583 0.000649081 0.000270441 -0.00126838 -0.00396824 -0.00782994
2.02945e-05  7.9465e-05 0.000174445 0.000302624 0.000461583 0.000649081 0.000270441 -0.00126838 -0.00396824 -0.00782994
2.02945e-05  7.9465e-05 0.000174445 0.000302624 0.000461583 0.000649081 0.000270441 -0.00126838 -0.00396824 -0.00782994
2.02945e-05  7.9465e-05 0.000174445 0.000302624 0.000461583 0.000649081 0.000270441 -0.00126838 -0.00396824 -0.00782994
2.02945e-05  7.9465e-05 0.000174445 0.000302624 0.000461583 0.000649081 0.000270441 -0.00126838 -0.00396824 -0.00782994
2.02945e-05  7.9465e-05 0.000174445 0.000302624 0.000461583 0.000649081 0.000270441 -0.00126838 -0.00396824 -0.00782994
2.02945e-05  7.9465e-05 0.000174445 0.000302624 0.000461583 0.000649081 0.000270441 -0.00126838 -0.00396824 -0.00782994
2.02945e-05  7.9465e-05 0.000174445 0.000302624 0.000461583 0.000649081 0.000270441 -0.00126838 -0.00396824 -0.00782994
2.02945e-05  7.9465e-05 0.000174445 0.000302624 0.000461583 0.000649081 0.000270441 -0.00126838 -0.00396824 -0.00782994
2.02945e-05  7.9465e-05 0.000174445 0.000302624 0.000461583 0.000649081 0.000270441 -0.00126838 -0.00396824 -0.00782994
2.02945e-05  7.9465e-05 0.000174445 0.000302624 0.000461583 0.000649081 0.000270441 -0.00126838 -0.00396824 -0.00782994
2.02945e-05  7.9465e-05 0.000174445 0.000302624 0.000461583 0.000649081 0.000270441 -0.00126838 -0.00396824 -0.00782994
2.02945e-05  7.9465e-05 0.000174445 0.000302624 0.000461583 0.000649081 0.000270441 -0.00126838 -0.00396824 -0.00782994
2.02945e-05  7.9465e-05 0.000174445 0.000302624 0.000461583 0.000649081 0.000270441 -0.00126838 -0.00396824 -0.00782994
2.02945e-05  7.9465e-05 0.000174445 0.000302624 0.000461583 0.000649081 0.000270441 -0.00126838 -0.00396824 -0.00782994
2.02945e-05  7.9465e-05 0.000174445 0.000302624 0.000461583 0.000649081 0.000270441 -0.00126838 -0.00396824 -0.00782994
2.02945e-05  7.9465e-05 0.000174445 0.000302624 0.000461583 0.000649081 0.000270441 -0.00126838 -0.00396824 -0.00782994
2.02945e-05  7.9465e-05 0.000174445 0.000302624 0.000461583 0.000649081 0.000270441 -0.00126838 -0.00396824 -0.00782994
2.02945e-05  7.9465e-05 0.000174445 0.000302624 0.000461583 0.000649081 0.000270441 -0.00126838 -0.00396824 -0.00782994
2.02945e-05  7.9465e-05 0.000174445 0.000302624 0.000461583 0.000649081 0.000270441 -0.00126838 -0.00396824 -0.00782994
2.02945e-05  7.9465e-05 0.000174445 0.000302624 0.000461583 0.000649081 0.000270441 -0.00126838 -0.00396824 -0.00782994
2.02945e-05  7.9465e-05 0.000174445 0.000302624 0.000461583 0.000649081 0.000270441 -0.00126838 -0.00396824 -0.00782994
2.02945e-05  7.9465e-05 0.000174445 0.000302624 0.000461583 0.000649081 0.000270441 -0.00126838 -0.00396824 -0.00782994
2.02945e-05  7.9465e-05 0.000174445 0.000302624 0.000461583 0.000649081 0.000270441 -0.00126838 -0.00396824 -0.00782994
2.02945e-05  7.9465e-05 0.000174445 0.000302624 0.000461583 0.000649081 0.000270441 -0.00126838 -0.00396824 -0.00782994
2.02945e-05  7.9465e-05 0.000174445 0.000302624 0.000461583 0.000649081 0.000270441 -0.00126838 -0.00396824 -0.00782994
2.02945e-05  7.9465e-05 0.000174445 0.000302624 0.000461583 0.000649081 0.000270441 -0.00126838 -0.00396824 -0.00782994
2.02945e-05  7.9465e-05 0.000174445 0.000302624 0.000461583 0.000649081 0.000270441 -0.00126838 -0.00396824 -0.00782994
2.02945e-05  7.9465e-05 0.000174445 0.000302624 0.000461583 0.000649081 0.000270441 -0.00126838 -0.00396824 -0.00782994
2.02945e-05  7.9465e-05 0.000174445 0.000302624 0.000461583 0.000649081 0.000270441 -0.00126838 -0.00396824 -0.00782994
2.02945e-05  7.9465e-05 0.000174445 0.000302624 0.000461583 0.000649081 0.000270441 -0.00126838 -0.00396824 -0.00782994
2.02945e-05  7.9465e-05 0.000174445 0.000302624 0.000461583 0.000649081 0.000270441 -0.00126838 -0.00396824 -0.00782994
2.02945e-05  7.9465e-05 0.000174445 0.000302624 0.000461583 0.000649081 0.000270441 -0.00126838 -0.00396824 -0.00782994
2.02945e-05  7.9465e-05 0.000174445 0.000302624 0.000461583 0.000649081 0.000270441 -0.00126838 -0.00396824 -0.00782994
2.02945e-05  7.9465e-05 0.000174445 0.000302624 0.000461583 0.000649081 0.000270441 -0.00126838 -0.00396824 -0.00782994
2.02945e-05  7.9465e-05 0.000174445 0.000302624 0.000461583 0.000649081 0.000270441 -0.00126838 -0.00396824 -0.00782994
2.02945e-05  7.9465e-05 0.000174445 0.000302624 0.000461583 0.000649081 0.000270441 -0.00126838 -0.00396824 -0.00782994
2.02945e-05  7.9465e-05 0.000174445 0.000302624 0.000461583 0.000649081 0.000270441 -0.00126838 -0.00396824 -0.00782994
2.02945e-05  7.9465e-05 0.000174445 0.000302624 0.000461583 0.000649081 0.000270441 -0.00126838 -0.00396824 -0.00782994
2.02945e-05  7.9465e-05 0.000174445 0.000302624 0.000461583 0.000649081 0.000270441 -0.00126838 -0.00396824 -0.00782994
2.02945e-05  7.9465e-05 0.000174445 0.000302624 0.000461583 0.000649081 0.000270441 -0.00126838 -0.00396824 -0.00782994
2.02945e-05  7.9465e-05 0.000174445 0.000302624 0.000461583 0.000649081 0.000270441 -0.00126838 -0.00396824 -0.00782994
2.02945e-05  7.9465e-05 0.000174445 0.000302624 0.000461583 0.000649081 0.000270441 -0.00126838 -0.00396824 -0.00782994
2.02945e-05  7.9465e-05 0.000174445 0.000302624 0.000461583 0.000649081 0.000270441 -0.00126838 -0.00396824 -0.00782994
2.02945e-05  7.9465e-05 0.000174445 0.000302624 0.000461583 0.000649081 0.000270441 -0.00126838 -0.00396824 -0.00782994
2.02945e-05  7.9465e-05 0.000174445 0.000302624 0.000461583 0.000649081 0.000270441 -0.00126838 -0.00396824 -0.00782994
2.02945e-05  7.9465e-05 0.000174445 0.000302624 0.000461583 0.000649081 0.000270441 -0.00126838 -0.00396824 -0.00782994
2.02945e-05  7.9465e-05 0.000174445 0.000302624 0.000461583 0.000649081 0.000270441 -0.00126838 -0.00396824 -0.00782994
2.02945e-05  7.9465e-05 0.000174445 0.000302624 0.000461583 0.000649081 0.000270441 -0.00126838 -0.00396824 -0.00782994
2.02945e-05  7.9465e-05 0.000174445 0.000302624 0.000461583 0.000649081 0.000270441 -0.00126838 -0.00396824 -0.00782994
2.02945e-05  7.9465e-05 0.000174445 0.000302624 0.000461583 0.000649081 0.000270441 -0.00126838 -0.00396824 -0.00782994
2.02945e-05  7.9465e-05 0.000174445 0.000302624 0.000461583 0.000649081 0.000270441 -0.00126838 -0.00396824 -0.00782994
2.02945e-05  7.9465e-05 0.000174445 0.000302624 0.000461583 0.000649081 0.000270441 -0.00126838 -0.00396824 -0.00782994
2.02945e-05  7.9465e-05 0.000174445 0.000302624 0.000461583 0.000649081 0.000270441 -0.00126838 -0.00396824 -0.00782994
2.02945e-05  7.9465e-05 0.000174445 0.000302624 0.000461583 0.000649081 0.000270441 -0.00126838 -0.00396824 -0.00782994
2.02945e-05  7.9465e-05 0.000174445 0.000302624 0.000461583 0.000649081 0.000270441 -0.00126838 -0.00396824 -0.00782994
2.02945e-05  7.9465e-05 0.000174445 0.000302624 0.000461583 0.000649081 0.000270441 -0.00126838 -0.00396824 -0.00782994
2.02945e-05  7.9465e-05 0.000174445 0.000302624 0.000461583 0.000649081 0.000270441 -0.00126838 -0.00396824 -0.00782994
2.02945e-05  7.9465e-05 0.000174445 0.000302624 0.000461583 0.000649081 0.000270441 -0.00126838 -0.00396824 -0.00782994
2.02945e-05  7.9465e-05 0.000174445 0.000302624 0.000461583 0.000649081 0.000270441 -0.00126838 -0.00396824 -0.00782994
2.02945e-05  7.9465e-05 0.000174445 0.000302624 0.000461583 0.000649081 0.000270441 -0.00126838 -0.00396824 -0.00782994
2.02945e-05  7.9465e-05 0.000174445 0.000302624 0.000461583 0.000649081 0.000270441 -0.00126838 -0.00396824 -0.00782994
2.02945e-05  7.9465e-05 0.000174445 0.000302624 0.000461583 0.000649081 0.000270441 -0.00126838 -0.00396824 -0.00782994
2.02945e-05  7.9465e-05 0.000174445 0.000302624 0.000461583 0.000649081 0.000270441 -0.00126838 -0.00396824 -0.00782994
2.02945e-05  7.9465e-05 0.000174445 0.000302624 0.000461583 0.000649081 0.000270441 -0.00126838 -0.00396824 -0.00782994
2.02945e-05  7.9465e-05 0.000174445 0.000302624 0.000461583 0.000649081 0.000270441 -0.00126838 -0.00396824 -0.00782994
2.02945e-05  7.9465e-05 0.000174445 0.000302624 0.000461583 0.000649081 0.000270441 -0.00126838 -0.00396824 -0.00782994
2.02945e-05  7.9465e-05 0.000174445 0.000302624 0.000461583 0.000649081 0.000270441 -0.00126838 -0.00396824 -0.00782994
2.02945e-05  7.9465e-05 0.000174445 0.000302624 0.000461583 0.000649081 0.000270441 -0.00126838 -0.00396824 -0.00782994
2.02945e-05  7.9465e-05 0.000174445 0.000302624 0.000461583 0.000649081 0.000270441 -0.00126838 -0.00396824 -0.00782994
2.02945e-05  7.9465e-05 0.000174445 0.000302624 0.000461583 0.000649081 0.000270441 -0.00126838 -0.00396824 -0.00782994
2.02945e-05  7.9465e-05 0.000174445 0.000302624 0.000461583 0.000649081 0.000270441 -0.00126838 -0.00396824 -0.00782994
2.02945e-05  7.9465e-05 0.000174445 0.000302624 0.000461583 0.000649081 0.000270441 -0.00126838 -0.00396824 -0.00782994
2.02945e-05  7.9465e-05 0.000174445 0.000302624 0.000461583 0.000649081 0.000270441 -0.00126838 -0.00396824 -0.00782994
2.02945e-05  7.9465e-05 0.000174445 0.000302624 0.000461583 0.000649081 0.000270441 -0.00126838 -0.00396824 -0.00782994
2.02945e-05  7.9465e-05 0.000174445 0.000302624 0.000461583 0.000649081 0.000270441 -0.00126838 -0.00396824 -0.00782994
2.02945e-05  7.9465e-05 0.000174445 0.000302624 0.000461583 0.000649081 0.000270441 -0.00126838 -0.00396824 -0.00782994
2.02945e-05  7.9465e-05 0.000174445 0.000302624 0.000461583 0.000649081 0.000270441 -0.00126838 -0.00396824 -0.00782994
2.02945e-05  7.9465e-05 0.000174445 0.000302624 0.000461583 0.000649081 0.000270441 -0.00126838 -0.00396824 -0.00782994
2.02945e-05  7.9465e-05 0.000174445 0.000302624 0.000461583 0.000649081 0.000270441 -0.00126838 -0.00396824 -0.00782994
2.02945e-05  7.9465e-05 0.000174445 0.000302624 0.000461583 0.000649081 0.000270441 -0.00126838 -0.00396824 -0.00782994
2.02945e-05  7.9465e-05 0.000174445 0.000302624 0.000461583 0.000649081 0.000270441 -0.00126838 -0.00396824 -0.00782994
2.02945e-05  7.9465e-05 0.000174445 0.000302624 0.000461583 0.000649081 0.000270441 -0.00126838 -0.00396824 -0.00782994
2.02945e-05  7.9465e-05 0.000174445 0.000302624 0.000461583 0.000649081 0.000270441 -0.00126838 -0.00396824 -0.00782994
2.02945e-05  7.9465e-05 0.000174445 0.000302624 0.000461583 0.000649081 0.000270441 -0.00126838 -0.00396824 -0.00782994
2.02945e-05  7.9465e-05 0.000174445 0.000302624 0.000461583 0.000649081 0.000270441 -0.00126838 -0.00396824 -0.00782994
2.02945e-05  7.9465e-05 0.000174445 0.000302624 0.000461583 0.000649081 0.000270441 -0.00126838 -0.00396824 -0.00782994
2.02945e-05  7.9465e-05 0.000174445 0.000302624 0.000461583 0.000649081 0.000270441 -0.00126838 -0.00396824 -0.00782994
2.02945e-05  7.9465e-05 0.000174445 0.000302624 0.000461583 0.000649081 0.000270441 -0.00126838 -0.00396824 -0.00782994
2.02945e-05  7.9465e-05 0.000174445 0.000302624 0.000461583 0.000649081 0.000270441 -0.00126838 -0.00396824 -0.00782994
2.02945e-05  7.9465e-05 0.000174445 0.000302624 0.000461583 0.000649081 0.000270441 -0.00126838 -0.00396824 -0.00782994
2.02945e-05  7.9465e-05 0.000174445 0.000302624 0.000461583 0.000649081 0.000270441 -0.00126838 -0.00396824 -0.00782994
2.02945e-05  7.9465e-05 0.000174445 0.000302624 0.000461583 0.000649081 0.000270441 -0.00126838 -0.00396824 -0.00782994
2.02945e-05  7.9465e-05 0.000174445 0.000302624 0.000461583 0.000649081 0.000270441 -0.00126838 -0.00396824 -0.00782994
2.02945e-05  7.9465e-05 0.000174445 0.000302624 0.000461583 0.000649081 0.000270441 -0.00126838 -0.00396824 -0.00782994
2.02945e-05  7.9465e-05 0.000174445 0.000302624 0.000461583 0.000649081 0.000270441 -0.00126838 -0.00396824 -0.00782994
2.02945e-05  7.9465e-05 0.000174445 0.000302624 0.000461583 0.000649081 0.000270441 -0.00126838 -0.00396824 -0.00782994
2.02945e-05  7.9465e-05 0.000174445 0.000302624 0.000461583 0.000649081 0.000270441 -0.00126838 -0.00396824 -0.00782994
2.02945e-05  7.9465e-05 0.000174445 0.000302624 0.000461583 0.000649081 0.000270441 -0.00126838 -0.00396824 -0.00782994
2.02945e-05  7.9465e-05 0.000174445 0.000302624 0.000461583 0.000649081 0.000270441 -0.00126838 -0.00396824 -0.00782994
2.02945e-05  7.9465e-05 0.000174445 0.000302624 0.000461583 0.000649081 0.000270441 -0.00126838 -0.00396824 -0.00782994
2.02945e-05  7.9465e-05 0.000174445 0.000302624 0.000461583 0.000649081 0.000270441 -0.00126838 -0.00396824 -0.00782994
2.02945e-05  7.9465e-05 0.000174445 0.000302624 0.000461583 0.000649081 0.000270441 -0.00126838 -0.00396824 -0.00782994
2.02945e-05  7.9465e-05 0.000174445 0.000302624 0.000461583 0.000649081 0.000270441 -0.00126838 -0.00396824 -0.00782994
2.02945e-05  7.9465e-05 0.000174445 0.000302624 0.000461583 0.000649081 0.000270441 -0.00126838 -0.00396824 -0.00782994
2.02945e-05  7.9465e-05 0.000174445 0.000302624 0.000461583 0.000649081 0.000270441 -0.00126838 -0.00396824 -0.00782994
2.02945e-05  7.9465e-05 0.000174445 0.000302624 0.000461583 0.000649081 0.000270441 -0.00126838 -0.00396824 -0.00782994
2.02945e-05  7.9465e-05 0.000174445 0.000302624 0.000461583 0.000649081 0.000270441 -0.00126838 -0.00396824 -0.00782994
2.02945e-05  7.9465e-05 0.000174445 0.000302624 0.000461583 0.000649081 0.000270441 -0.00126838 -0.00396824 -0.00782994
2.02945e-05  7.9465e-05 0.000174445 0.000302624 0.000461583 0.000649081 0.000270441 -0.00126838 -0.00396824 -0.00782994
2.02945e-05  7.9465e-05 0.000174445 0.000302624 0.000461583 0.000649081 0.000270441 -0.00126838 -0.00396824 -0.00782994
