468.792 468.792 468.792 468.792 468.793 468.793 468.793 468.793 468.793 468.793
468.792 468.792 468.792 468.792 468.793 468.793 468.793 468.793 468.793 468.793
468.792 468.792 468.792 468.792 468.793 468.793 468.793 468.793 468.793 468.793
468.792 468.792 468.792 468.792 468.793 468.793 468.793 468.793 468.793 468.793
468.792 468.792 468.792 468.792 468.793 468.793 468.793 468.793 468.793 468.793
468.792 468.792 468.792 468.792 468.793 468.793 468.793 468.793 468.793 468.793
468.792 468.792 468.792 468.792 468.793 468.793 468.793 468.793 468.793 468.793
468.792 468.792 468.792 468.792 468.793 468.793 468.793 468.793 468.793 468.793
468.792 468.792 468.792 468.792 468.793 468.793 468.793 468.793 468.793 468.793
468.792 468.792 468.792 468.792 468.793 468.793 468.793 468.793 468.793 468.793
468.792 468.792 468.792 468.792 468.793 468.793 468.793 468.793 468.793 468.793
468.792 468.792 468.792 468.792 468.793 468.793 468.793 468.793 468.793 468.793
468.792 468.792 468.792 468.792 468.793 468.793 468.793 468.793 468.793 468.793
468.792 468.792 468.792 468.792 468.793 468.793 468.793 468.793 468.793 468.793
468.792 468.792 468.792 468.792 468.793 468.793 468.793 468.793 468.793 468.793
468.792 468.792 468.792 468.792 468.793 468.793 468.793 468.793 468.793 468.793
468.792 468.792 468.792 468.792 468.793 468.793 468.793 468.793 468.793 468.793
468.792 468.792 468.792 468.793 468.793 468.793 468.793 468.793 468.793 468.793
468.792 468.792 468.792 468.793 468.793 468.793 468.793 468.793 468.793 468.793
468.792 468.792 468.792 468.793 468.793 468.793 468.793 468.793 468.793 468.793
468.792 468.792 468.792 468.793 468.793 468.793 468.793 468.793 468.793 468.793
468.792 468.792 468.792 468.793 468.793 468.793 468.793 468.793 468.793 468.793
468.792 468.792 468.792 468.793 468.793 468.793 468.793 468.793 468.793 468.793
468.792 468.792 468.792 468.793 468.793 468.793 468.793 468.793 468.793 468.793
468.792 468.792 468.793 468.793 468.793 468.793 468.793 468.793 468.793 468.793
468.792 468.792 468.793 468.793 468.793 468.793 468.793 468.793 468.793 468.793
468.792 468.792 468.793 468.793 468.793 468.793 468.793 468.793 468.793 468.793
468.792 468.792 468.793 468.793 468.793 468.793 468.793 468.793 468.793 468.793
468.792 468.793 468.793 468.793 468.793 468.793 468.793 468.793 468.793 468.793
468.792 468.793 468.793 468.793 468.793 468.793 468.793 468.793 468.793 468.793
468.792 468.793 468.793 468.793 468.793 468.793 468.793 468.793 468.793 468.793
468.793 468.793 468.793 468.793 468.793 468.793 468.793 468.793 468.793 468.793
468.793 468.793 468.793 468.793 468.793 468.793 468.793 468.793 468.793 468.793
468.793 468.793 468.793 468.793 468.793 468.793 468.793 468.793 468.793 468.793
468.793 468.793 468.793 468.793 468.793 468.793 468.793 468.793 468.793 468.793
468.793 468.793 468.793 468.793 468.793 468.793 468.793 468.793 468.793 468.793
468.793 468.793 468.793 468.793 468.793 468.793 468.793 468.793 468.793 468.793
468.793 468.793 468.793 468.793 468.793 468.793 468.793 468.793 468.793 468.793
468.793 468.793 468.793 468.793 468.793 468.793 468.793 468.793 468.793 468.793
468.793 468.793 468.793 468.793 468.793 468.793 468.793 468.793 468.793 468.793
468.793 468.793 468.793 468.793 468.793 468.793 468.793 468.793 468.793 468.793
468.793 468.793 468.793 468.793 468.793 468.793 468.793 468.793 468.793 468.793
468.793 468.793 468.793 468.793 468.793 468.793 468.793 468.793 468.793 468.793
468.793 468.793 468.793 468.793 468.793 468.793 468.793 468.793 468.793 468.793
468.793 468.793 468.793 468.793 468.793 468.793 468.793 468.793 468.793 468.793
468.793 468.793 468.793 468.793 468.793 468.793 468.793 468.793 468.793 468.793
468.793 468.793 468.793 468.793 468.793 468.793 468.793 468.793 468.793 468.793
468.793 468.793 468.793 468.793 468.793 468.793 468.793 468.793 468.793 468.793
468.793 468.793 468.793 468.793 468.793 468.793 468.793 468.793 468.793 468.793
468.793 468.793 468.793 468.793 468.793 468.793 468.793 468.793 468.793 468.793
468.793 468.793 468.793 468.793 468.793 468.793 468.793 468.793 468.793 468.793
468.793 468.793 468.793 468.793 468.793 468.793 468.793 468.793 468.793 468.793
468.793 468.793 468.793 468.793 468.793 468.793 468.793 468.793 468.793 468.793
468.793 468.793 468.793 468.793 468.793 468.793 468.793 468.793 468.793 468.793
468.793 468.793 468.793 468.793 468.793 468.793 468.793 468.793 468.793 468.793
468.793 468.793 468.793 468.793 468.793 468.793 468.793 468.793 468.793 468.793
468.793 468.793 468.793 468.793 468.793 468.793 468.793 468.793 468.793 468.793
468.793 468.793 468.793 468.793 468.793 468.793 468.793 468.793 468.793 468.793
468.793 468.793 468.793 468.793 468.793 468.793 468.793 468.793 468.793 468.793
468.793 468.793 468.793 468.793 468.793 468.793 468.793 468.793 468.793 468.793
468.793 468.793 468.793 468.793 468.793 468.793 468.793 468.793 468.793 468.793
468.793 468.793 468.793 468.793 468.793 468.793 468.793 468.793 468.793 468.793
468.793 468.793 468.793 468.793 468.793 468.793 468.793 468.793 468.793 468.793
468.793 468.793 468.793 468.793 468.793 468.793 468.793 468.793 468.793 468.793
468.793 468.793 468.793 468.793 468.793 468.793 468.793 468.793 468.793 468.793
468.793 468.793 468.793 468.793 468.793 468.793 468.793 468.793 468.793 468.793
468.793 468.793 468.793 468.793 468.793 468.793 468.793 468.793 468.793 468.793
468.793 468.793 468.793 468.793 468.793 468.793 468.793 468.793 468.793 468.793
468.793 468.793 468.793 468.793 468.793 468.793 468.793 468.793 468.793 468.793
468.793 468.793 468.793 468.793 468.793 468.793 468.793 468.793 468.793 468.793
468.793 468.793 468.793 468.793 468.793 468.793 468.793 468.793 468.793 468.793
468.793 468.793 468.793 468.793 468.793 468.793 468.793 468.793 468.793 468.793
468.793 468.793 468.793 468.793 468.793 468.793 468.793 468.793 468.793 468.793
468.793 468.793 468.793 468.793 468.793 468.793 468.793 468.793 468.793 468.793
468.793 468.793 468.793 468.793 468.793 468.793 468.793 468.793 468.793 468.793
468.793 468.793 468.793 468.793 468.793 468.793 468.793 468.793 468.793 468.793
468.793 468.793 468.793 468.793 468.793 468.793 468.793 468.793 468.793 468.793
468.793 468.793 468.793 468.793 468.793 468.793 468.793 468.793 468.793 468.793
468.793 468.793 468.793 468.793 468.793 468.793 468.793 468.793 468.793 468.793
468.793 468.793 468.793 468.793 468.793 468.793 468.793 468.793 468.793 468.793
468.793 468.793 468.793 468.793 468.793 468.793 468.793 468.793 468.793 468.793
468.793 468.793 468.793 468.793 468.793 468.793 468.793 468.793 468.793 468.793
468.793 468.793 468.793 468.793 468.793 468.793 468.793 468.793 468.793 468.793
468.793 468.793 468.793 468.793 468.793 468.793 468.793 468.793 468.793 468.793
468.793 468.793 468.793 468.793 468.793 468.793 468.793 468.793 468.793 468.793
468.793 468.793 468.793 468.793 468.793 468.793 468.793 468.793 468.793 468.793
468.793 468.793 468.793 468.793 468.793 468.793 468.793 468.793 468.793 468.793
468.793 468.793 468.793 468.793 468.793 468.793 468.793 468.793 468.793 468.793
468.793 468.793 468.793 468.793 468.793 468.793 468.793 468.793 468.793 468.793
468.793 468.793 468.793 468.793 468.793 468.793 468.793 468.793 468.793 468.793
468.793 468.793 468.793 468.793 468.793 468.793 468.793 468.793 468.793 525.065
468.793 468.793 468.793 468.793 468.793 468.793 468.793 468.793 525.065 618.853
468.793 468.793 468.793 468.793 468.793 468.793 468.793 525.065 618.853 712.641
468.793 468.793 468.793 468.793 468.793 468.793 525.065 618.853 712.641 806.428
468.793 468.793 468.793 468.793 468.793 525.065 618.853 712.641 806.428 900.216
468.793 468.793 468.793 468.793 525.065 618.853 712.641 806.428 900.216 937.731
468.793 468.793 468.793 525.065 618.853 712.641 806.428 900.216 937.731 937.731
468.793 468.793 525.065 618.853 712.641 806.428 900.216 937.731 937.731 937.731
468.793 525.065 618.853 712.641 806.428 900.216 937.731 937.731 937.731 937.731
525.065 618.853 712.641 806.428 900.216 937.731 937.731 937.731 937.731 937.731
618.853  712.64 806.428 900.216 937.731 937.731 937.731 937.731 937.731 937.731
 712.64 806.428 900.216 937.731 937.731 937.731 937.731 937.731 937.731 937.731
806.428 900.216 937.731 937.731 937.731 937.731 937.731 937.731 937.731 937.731
900.216 937.731 937.731 937.731 937.731 937.731 937.731 937.731 937.731 937.731
937.731 937.731 937.731 937.731 937.731 937.731 937.731 937.731 937.731 937.731
937.731 937.731 937.731 937.731 937.731 937.731 937.731 937.731 937.731 937.731
937.731 937.731 937.731 937.731 937.731 937.731 937.731 937.731 937.731 937.731
937.731 937.731 937.731 937.731 937.731 937.731 937.731 937.731 937.731 937.731
937.731 937.731 937.731 937.731 937.731 937.731 937.731 937.731 937.731 937.731
937.731 937.731 937.731 937.731 937.731 937.731 937.731 937.731 937.731 937.731
937.731 937.731 937.731 937.731 937.731 937.731 937.731 937.731 937.731 937.731
937.731 937.731 937.731 937.731 937.731 937.731 937.731 937.731 937.731 937.731
937.731 937.731 937.731 937.731 937.731 937.731 937.731 937.731 937.731 937.731
937.731 937.731 937.731 937.731 937.731 937.731 937.731 937.731 937.731 937.731
937.731 937.731 937.731 937.731 937.731 937.731 937.731 937.731 937.731 937.731
937.731 937.731 937.731 937.731 937.731 937.731 937.731 937.731 937.731 937.731
937.731 937.731 937.731 937.731 937.731 937.731 937.731 937.731 937.731 937.731
937.731 937.731 937.731 937.731 937.731 937.731 937.731 937.731 937.731 937.731
937.731 937.731 937.731 937.731 937.731 937.731 937.731 937.731 937.731 937.731
937.731 937.731 937.731 937.731 937.731 937.731 937.731 937.731 937.731 937.731
937.731 937.731 937.731 937.731 937.731 937.731 937.731 937.731 937.731 937.731
937.731 937.731 937.731 937.731 937.731 937.731 937.731 937.731 937.731 937.731
937.731 937.731 937.731 937.731 937.731 937.731 937.731 937.731 937.731 937.731
937.731 937.731 937.731 937.731 937.731 937.731 937.731 937.731 937.731 937.731
937.731 937.731 937.731 937.731 937.731 937.731 937.731 937.731 937.731 937.731
937.731 937.731 937.731 937.731 937.731 937.731 937.731 937.731 937.731 878.722
937.731 937.731 937.731 937.731 937.731 937.731 937.731 937.731 878.722 780.375
937.731 937.731 937.731 937.731 937.731 937.731 937.731 878.722 780.375 682.028
937.731 937.731 937.731 937.731 937.731 937.731 878.722 780.375 682.028  583.68
937.731 937.731 937.731 937.731 937.731 878.722 780.375 682.028  583.68 485.333
937.731 937.731 937.731 937.731 878.722 780.375 682.027  583.68 485.333 386.986
937.731 937.731 937.731 878.722 780.375 682.027  583.68 485.333 386.985 288.638
937.731 937.731 878.722 780.375 682.027  583.68 485.333 386.985 288.638 190.291
937.731 878.722 780.375 682.027  583.68 485.333 386.985 288.638 190.291 91.9433
    878.722     780.375     682.027      583.68     485.333     386.985     288.638     190.291     91.9433 3.19436e-05
    780.375     682.028      583.68     485.333     386.985     288.638     190.291     91.9434 2.43197e-05 4.11828e-15
    682.028      583.68     485.333     386.986     288.638     190.291     91.9435 0.000209767 3.51365e-15 2.60348e-15
    583.681     485.333     386.986     288.638     190.291     91.9436 0.000521512 8.12384e-15 1.67667e-16 2.60348e-15
     485.333      386.986      288.639      190.291      91.9437    0.0009477  6.88335e-15 -6.48322e-15  1.67667e-16  2.60348e-15
     423.717      327.418      231.119       134.82      38.5202   1.7331e-15 -6.68645e-15 -6.48322e-15  1.67667e-16  2.60348e-15
     327.418      231.119       134.82      38.5203            0 -2.00195e-15 -6.68645e-15 -6.48322e-15  1.67667e-16  2.60348e-15
     231.119       134.82      38.5205  7.10543e-15            0 -2.00195e-15 -6.68645e-15 -6.48322e-15  1.67667e-16  2.60348e-15
      134.82      38.5207            0  7.88861e-31            0 -2.00195e-15 -6.68645e-15 -6.48322e-15  1.67667e-16  2.60348e-15
     38.5208  7.10543e-15            0  8.75812e-47            0 -2.00195e-15 -6.68645e-15 -6.48322e-15  1.67667e-16  2.60348e-15
 7.10543e-15  7.88861e-31            0  9.72346e-63            0 -2.00195e-15 -6.68645e-15 -6.48322e-15  1.67667e-16  2.60348e-15
 7.88861e-31  8.75812e-47            0  1.07952e-78            0 -2.00195e-15 -6.68645e-15 -6.48322e-15  1.67667e-16  2.60348e-15
 8.75812e-47  9.72346e-63            0  1.19851e-94            0 -2.00195e-15 -6.68645e-15 -6.48322e-15  1.67667e-16  2.60348e-15
 9.72346e-63  1.07952e-78            0 1.33061e-110            0 -2.00195e-15 -6.68645e-15 -6.48322e-15  1.67667e-16  2.60348e-15
 1.07952e-78  1.19851e-94            0 1.47728e-126            0 -2.00195e-15 -6.68645e-15 -6.48322e-15  1.67667e-16  2.60348e-15
 1.19851e-94 1.33061e-110            0 1.64011e-142            0 -2.00195e-15 -6.68645e-15 -6.48322e-15  1.67667e-16  2.60348e-15
1.33061e-110 1.47728e-126            0 1.82088e-158            0 -2.00195e-15 -6.68645e-15 -6.48322e-15  1.67667e-16  2.60348e-15
1.47728e-126 1.64011e-142            0 2.02159e-174            0 -2.00195e-15 -6.68645e-15 -6.48322e-15  1.67667e-16  2.60348e-15
1.64011e-142 1.82088e-158            0 2.24441e-190            0 -2.00195e-15 -6.68645e-15 -6.48322e-15  1.67667e-16  2.60348e-15
1.82088e-158 2.02159e-174            0  2.4918e-206            0 -2.00195e-15 -6.68645e-15 -6.48322e-15  1.67667e-16  2.60348e-15
2.02159e-174 2.24441e-190            0 2.76645e-222            0 -2.00195e-15 -6.68645e-15 -6.48322e-15  1.67667e-16  2.60348e-15
2.24441e-190  2.4918e-206            0 3.07138e-238            0 -2.00195e-15 -6.68645e-15 -6.48322e-15  1.67667e-16  2.60348e-15
 2.4918e-206 2.76645e-222            0 3.40992e-254            0 -2.00195e-15 -6.68645e-15 -6.48322e-15  1.67667e-16  2.60348e-15
2.76645e-222 3.07138e-238            0 3.78577e-270            0 -2.00195e-15 -6.68645e-15 -6.48322e-15  1.67667e-16  2.60348e-15
3.07138e-238 3.40992e-254            0 4.20305e-286            0 -2.00195e-15 -6.68645e-15 -6.48322e-15  1.67667e-16  2.60348e-15
3.40992e-254 3.78577e-270            0 4.66632e-302            0 -2.00195e-15 -6.68645e-15 -6.48322e-15  1.67667e-16  2.60348e-15
3.78577e-270 4.20305e-286            0 5.18065e-318            0 -2.00195e-15 -6.68645e-15 -6.48322e-15  1.67667e-16  2.60348e-15
4.20305e-286 4.66632e-302            0            0            0 -2.00195e-15 -6.68645e-15 -6.48322e-15  1.67667e-16  2.60348e-15
4.66632e-302 5.18065e-318            0            0            0 -2.00195e-15 -6.68645e-15 -6.48322e-15  1.67667e-16  2.60348e-15
5.18065e-318            0            0            0            0 -2.00195e-15 -6.68645e-15 -6.48322e-15  1.67667e-16  2.60348e-15
           0            0            0            0            0 -2.00195e-15 -6.68645e-15 -6.48322e-15  1.67667e-16  2.60348e-15
           0            0            0            0            0 -2.00195e-15 -6.68645e-15 -6.48322e-15  1.67667e-16      63.1545
           0            0            0            0            0 -2.00195e-15 -6.68645e-15 -6.48322e-15      63.1546      168.412
           0            0            0            0            0 -2.00195e-15 -6.68645e-15      63.1547      168.412      273.669
           0            0            0            0            0 -2.00195e-15      63.1549      168.412      273.669      378.927
      0       0       0       0       0  63.155 168.412 273.669 378.927 484.184
      0       0       0       0 63.1551 168.412  273.67 378.927 484.184 589.441
      0       0       0 63.1551 168.412  273.67 378.927 484.184 589.441 694.699
      0       0 63.1551 168.412  273.67 378.927 484.184 589.441 694.699 799.956
      0 63.1551 168.412  273.67 378.927 484.184 589.441 694.699 799.956 905.213
63.1549 168.412  273.67 378.927 484.184 589.441 694.699 799.956 905.213 937.731
168.412 273.669 378.927 484.184 589.441 694.699 799.956 905.213 937.731 937.731
273.669 378.927 484.184 589.441 694.699 799.956 905.213 937.731 937.731 937.731
378.926 484.184 589.441 694.699 799.956 905.213 937.731 937.731 937.731 937.731
484.184 589.441 694.698 799.956 905.213 937.731 937.731 937.731 937.731 937.731
514.842 610.953 707.064 803.175 899.286 937.731 937.731 937.731 937.731 937.731
610.953 707.064 803.175 899.286 937.731 937.731 937.731 937.731 937.731 937.731
707.064 803.175 899.286 937.731 937.731 937.731 937.731 937.731 937.731 937.731
803.175 899.286  937.73 937.731 937.731 937.731 937.731 937.731 937.731 937.731
899.286  937.73  937.73 937.731 937.731 937.731 937.731 937.731 937.731 937.731
 937.73  937.73 937.731 937.731 937.731 937.731 937.731 937.731 937.731 937.731
 937.73  937.73 937.731 937.731 937.731 937.731 937.731 937.731 937.731 937.731
 937.73 937.731 937.731 937.731 937.731 937.731 937.731 937.731 937.731 937.731
937.731 937.731 937.731 937.731 937.731 937.731 937.731 937.731 937.731 937.731
937.731 937.731 937.731 937.731 937.731 937.731 937.731 937.731 937.731 937.731
937.731 937.731 937.731 937.731 937.731 937.731 937.731 937.731 937.731 937.731
937.731 937.731 937.731 937.731 937.731 937.731 937.731 937.731 937.731 937.731
937.731 937.731 937.731 937.731 937.731 937.731 937.731 937.731 937.731 937.731
937.731 937.731 937.731 937.731 937.731 937.731 937.731 937.731 937.731 937.731
937.731 937.731 937.731 937.731 937.731 937.731 937.731 937.731 937.731 937.731
937.731 937.731 937.731 937.731 937.731 937.731 937.731 937.731 937.731 937.731
937.731 937.731 937.731 937.731 937.731 937.731 937.731 937.731 937.731 937.731
937.731 937.731 937.731 937.731 937.731 937.731 937.731 937.731 937.731 937.731
937.731 937.731 937.731 937.731 937.731 937.731 937.731 937.731 937.731 937.731
 937.73 937.731 937.731 937.731 937.731 937.731 937.731 937.731 937.731 937.731
 937.73  937.73 937.731 937.731 937.731 937.731 937.731 937.731 937.731 937.731
 937.73  937.73  937.73 937.731 937.731 937.731 937.731 937.731 937.731 937.731
 937.73  937.73  937.73  937.73 937.731 937.731 937.731 937.731 937.731 937.731
 937.73  937.73  937.73  937.73  937.73 937.731 937.731 937.731 937.731 937.731
 937.73  937.73  937.73  937.73  937.73 937.731 937.731 937.731 937.731 937.731
 937.73  937.73  937.73  937.73  937.73  937.73 937.731 937.731 937.731 937.731
 937.73  937.73  937.73  937.73  937.73  937.73  937.73 937.731 937.731  877.61
 937.73  937.73  937.73  937.73  937.73  937.73  937.73 937.731  877.61 777.409
 937.73  937.73  937.73  937.73  937.73  937.73  937.73  877.61 777.409 677.208
 937.73  937.73  937.73  937.73  937.73  937.73  877.61 777.409 677.208 577.008
 937.73  937.73  937.73  937.73  937.73  877.61 777.409 677.208 577.007 476.807
 937.73  937.73  937.73  937.73 877.609 777.409 677.208 577.007 476.806 376.606
 937.73  937.73  937.73 877.609 777.409 677.208 577.007 476.806 376.606 276.405
 937.73  937.73 877.609 777.409 677.208 577.007 476.806 376.605 276.405 176.204
 937.73 877.609 777.409 677.208 577.007 476.806 376.605 276.405 176.204 76.0031
     877.61     777.409     677.208     577.007     476.806     376.605     276.405     176.204     76.0031 8.10054e-05
    777.409     677.208     577.007     476.806     376.606     276.405     176.204     76.0031 7.23678e-05 4.76411e-15
    677.208     577.008     476.807     376.606     276.405     176.204     76.0033 0.000214979 3.43885e-14 3.28721e-16
    577.008     476.807     376.606     276.405     176.204     76.0035  0.00061452 5.80903e-15 5.30159e-16 3.28721e-16
    476.807     376.607     276.406     176.205     76.0038  0.00118307 4.27136e-16 9.80782e-16 5.30159e-16 3.28721e-16
    422.821     326.725      230.63     134.534     38.4391 9.32978e-15 1.78054e-16 9.80782e-16 5.30159e-16 3.28721e-16
    326.726      230.63     134.535     38.4394 7.10543e-15 4.94816e-15 1.78054e-16 9.80782e-16 5.30159e-16 3.28721e-16
    230.631     134.535     38.4397 7.10543e-15 7.88861e-31 4.94816e-15 1.78054e-16 9.80782e-16 5.30159e-16 3.28721e-16
    134.535       38.44 7.10543e-15 7.88861e-31 8.75812e-47 4.94816e-15 1.78054e-16 9.80782e-16 5.30159e-16 3.28721e-16
    38.4403 7.10543e-15 7.88861e-31 8.75812e-47 9.72346e-63 4.94816e-15 1.78054e-16 9.80782e-16 5.30159e-16 3.28721e-16
7.10543e-15 7.88861e-31 8.75812e-47 9.72346e-63 1.07952e-78 4.94816e-15 1.78054e-16 9.80782e-16 5.30159e-16 3.28721e-16
7.88861e-31 8.75812e-47 9.72346e-63 1.07952e-78 1.19851e-94 4.94816e-15 1.78054e-16 9.80782e-16 5.30159e-16 3.28721e-16
 8.75812e-47  9.72346e-63  1.07952e-78  1.19851e-94 1.33061e-110  4.94816e-15  1.78054e-16  9.80782e-16  5.30159e-16  3.28721e-16
 9.72346e-63  1.07952e-78  1.19851e-94 1.33061e-110 1.47728e-126  4.94816e-15  1.78054e-16  9.80782e-16  5.30159e-16  3.28721e-16
 1.07952e-78  1.19851e-94 1.33061e-110 1.47728e-126 1.64011e-142  4.94816e-15  1.78054e-16  9.80782e-16  5.30159e-16  3.28721e-16
 1.19851e-94 1.33061e-110 1.47728e-126 1.64011e-142 1.82088e-158  4.94816e-15  1.78054e-16  9.80782e-16  5.30159e-16  3.28721e-16
1.33061e-110 1.47728e-126 1.64011e-142 1.82088e-158 2.02159e-174  4.94816e-15  1.78054e-16  9.80782e-16  5.30159e-16  3.28721e-16
1.47728e-126 1.64011e-142 1.82088e-158 2.02159e-174 2.24441e-190  4.94816e-15  1.78054e-16  9.80782e-16  5.30159e-16  3.28721e-16
1.64011e-142 1.82088e-158 2.02159e-174 2.24441e-190  2.4918e-206  4.94816e-15  1.78054e-16  9.80782e-16  5.30159e-16  3.28721e-16
1.82088e-158 2.02159e-174 2.24441e-190  2.4918e-206 2.76645e-222  4.94816e-15  1.78054e-16  9.80782e-16  5.30159e-16  3.28721e-16
2.02159e-174 2.24441e-190  2.4918e-206 2.76645e-222 3.07138e-238  4.94816e-15  1.78054e-16  9.80782e-16  5.30159e-16  3.28721e-16
2.24441e-190  2.4918e-206 2.76645e-222 3.07138e-238 3.40992e-254  4.94816e-15  1.78054e-16  9.80782e-16  5.30159e-16  3.28721e-16
 2.4918e-206 2.76645e-222 3.07138e-238 3.40992e-254 3.78577e-270  4.94816e-15  1.78054e-16  9.80782e-16  5.30159e-16  3.28721e-16
2.76645e-222 3.07138e-238 3.40992e-254 3.78577e-270 4.20305e-286  4.94816e-15  1.78054e-16  9.80782e-16  5.30159e-16  3.28721e-16
3.07138e-238 3.40992e-254 3.78577e-270 4.20305e-286 4.66632e-302  4.94816e-15  1.78054e-16  9.80782e-16  5.30159e-16  3.28721e-16
3.40992e-254 3.78577e-270 4.20305e-286 4.66632e-302 5.18065e-318  4.94816e-15  1.78054e-16  9.80782e-16  5.30159e-16  3.28721e-16
3.78577e-270 4.20305e-286 4.66632e-302 5.18065e-318            0  4.94816e-15  1.78054e-16  9.80782e-16  5.30159e-16  3.28721e-16
4.20305e-286 4.66632e-302 5.18065e-318            0            0  4.94816e-15  1.78054e-16  9.80782e-16  5.30159e-16  3.28721e-16
4.66632e-302 5.18065e-318            0            0            0  4.94816e-15  1.78054e-16  9.80782e-16  5.30159e-16  3.28721e-16
5.18065e-318            0            0            0            0  4.94816e-15  1.78054e-16  9.80782e-16  5.30159e-16  3.28721e-16
          0           0           0           0           0 4.94816e-15 1.78054e-16 9.80782e-16 5.30159e-16 3.28721e-16
          0           0           0           0           0 4.94816e-15 1.78054e-16 9.80782e-16 5.30159e-16     57.6574
          0           0           0           0           0 4.94816e-15 1.78054e-16 9.80782e-16     57.6576     153.753
          0           0           0           0           0 4.94816e-15 1.78054e-16     57.6578     153.753     249.848
          0           0           0           0           0 4.94816e-15     57.6581     153.753     249.848     345.943
      0       0       0       0       0 57.6583 153.753 249.848 345.943 442.038
      0       0       0       0 57.6585 153.753 249.848 345.944 442.039 538.134
      0       0       0 57.6586 153.754 249.849 345.944 442.039 538.134 634.229
      0       0 57.6586 153.754 249.849 345.944 442.039 538.134 634.229 730.324
      0 57.6584 153.753 249.849 345.944 442.039 538.134 634.229 730.324  826.42
 57.658 153.753 249.848 345.944 442.039 538.134 634.229 730.324  826.42 922.515
153.753 249.848 345.943 442.039 538.134 634.229 730.324  826.42 922.515 937.731
249.848 345.943 442.038 538.134 634.229 730.324 826.419 922.515 937.731 937.731
345.943 442.038 538.133 634.229 730.324 826.419 922.515 937.731 937.731 937.731
442.038 538.133 634.228 730.324 826.419 922.515 937.731 937.731 937.731 937.731
512.727 609.319 705.911 802.502 899.094 937.731 937.731 937.731 937.731 937.731
609.319  705.91 802.502 899.094 937.731 937.731 937.731 937.731 937.731 937.731
 705.91 802.502 899.094  937.73  937.73 937.731 937.731 937.731 937.731 937.731
802.502 899.093  937.73  937.73  937.73 937.731 937.731 937.731 937.731 937.731
899.093  937.73  937.73  937.73 937.731 937.731 937.731 937.731 937.731 937.731
 937.73  937.73  937.73  937.73 937.731 937.731 937.731 937.731 937.731 937.731
 937.73  937.73  937.73 937.731 937.731 937.731 937.731 937.731 937.731 937.731
 937.73  937.73 937.731 937.731 937.731 937.731 937.731 937.731 937.731 937.731
 937.73 937.731 937.731 937.731 937.731 937.731 937.731 937.731 937.731 937.731
937.731 937.731 937.731 937.731 937.731 937.731 937.731 937.731 937.731 937.731
937.731 937.731 937.731 937.731 937.731 937.731 937.731 937.731 937.731 937.731
937.731 937.731 937.731 937.731 937.731 937.731 937.731 937.731 937.731 937.731
937.731 937.731 937.731 937.731 937.731 937.731 937.731 937.731 937.731 937.731
937.731 937.731 937.731 937.731 937.731 937.731 937.731 937.731 937.731 937.731
937.731 937.731 937.731 937.731 937.731 937.731 937.731 937.731 937.731 937.731
937.731 937.731 937.731 937.731 937.731 937.731 937.731 937.731 937.731 937.731
937.731 937.731 937.731 937.731 937.731 937.731 937.731 937.731 937.731 937.731
937.731 937.731 937.731 937.731 937.731 937.731 937.731 937.731 937.731 937.731
937.731 937.731 937.731 937.731 937.731 937.731 937.731 937.731 937.731 937.731
937.731 937.731 937.731 937.731 937.731 937.731 937.731 937.731 937.731 937.731
937.731 937.731 937.731 937.731 937.731 937.731 937.731 937.731 937.731 937.731
937.731 937.731 937.731 937.731 937.731 937.731 937.731 937.731 937.731 937.731
937.731 937.731 937.731 937.731 937.731 937.731 937.731 937.731 937.731 937.731
937.731 937.731 937.731 937.731 937.731 937.731 937.731 937.731 937.731 937.731
937.731 937.731 937.731 937.731 937.731 937.731 937.731 937.731 937.731 937.731
937.731 937.731 937.731 937.731 937.731 937.731 937.731 937.731 937.731 937.731
937.731 937.731 937.731 937.731 937.731 937.731 937.731 937.731 937.731 879.776
937.731  937.73  937.73  937.73  937.73  937.73 937.731 937.731 879.776 783.184
 937.73  937.73  937.73  937.73  937.73  937.73  937.73 879.776 783.184 686.593
 937.73  937.73  937.73  937.73  937.73  937.73 879.775 783.184 686.593 590.001
 937.73  937.73  937.73  937.73  937.73 879.775 783.184 686.592 590.001  493.41
 937.73  937.73  937.73  937.73 879.775 783.184 686.592 590.001  493.41 396.818
 937.73  937.73  937.73 879.775 783.184 686.592 590.001 493.409 396.818 300.227
 937.73  937.73 879.775 783.184 686.592 590.001 493.409 396.818 300.226 203.635
 937.73 879.775 783.184 686.592 590.001 493.409 396.818 300.226 203.635 107.044
879.775 783.184 686.592 590.001 493.409 396.818 300.226 203.635 107.043  10.452
    783.184     686.593     590.001      493.41     396.818     300.227     203.635     107.044      10.452 1.77636e-15
    686.593     590.001      493.41     396.818     300.227     203.635     107.044     10.4522 1.77636e-15 1.97215e-31
    590.002      493.41     396.819     300.227     203.636     107.044     10.4524           0 1.97215e-31 2.18953e-47
    493.411     396.819     300.228     203.636     107.044     10.4527 1.77636e-15           0 2.18953e-47 2.43087e-63
    428.382     331.023     233.664     136.304     38.9447 1.77636e-15 1.97215e-31           0 2.43087e-63  2.6988e-79
    331.023     233.664     136.305      38.945 7.10543e-15 1.97215e-31 2.18953e-47           0  2.6988e-79 2.99627e-95
     233.664      136.305      38.9454            0  7.88861e-31  2.18953e-47  2.43087e-63            0  2.99627e-95 3.32653e-111
     136.305      38.9458            0            0  8.75812e-47  2.43087e-63   2.6988e-79            0 3.32653e-111 3.69319e-127
     38.9461  7.10543e-15            0            0  9.72346e-63   2.6988e-79  2.99627e-95            0 3.69319e-127 4.10027e-143
 7.10543e-15  7.88861e-31            0            0  1.07952e-78  2.99627e-95 3.32653e-111            0 4.10027e-143 4.55221e-159
 7.88861e-31  8.75812e-47            0            0  1.19851e-94 3.32653e-111 3.69319e-127            0 4.55221e-159 5.05397e-175
 8.75812e-47  9.72346e-63            0            0 1.33061e-110 3.69319e-127 4.10027e-143            0 5.05397e-175 5.61103e-191
 9.72346e-63  1.07952e-78            0            0 1.47728e-126 4.10027e-143 4.55221e-159            0 5.61103e-191  6.2295e-207
 1.07952e-78  1.19851e-94            0            0 1.64011e-142 4.55221e-159 5.05397e-175            0  6.2295e-207 6.91613e-223
 1.19851e-94 1.33061e-110            0            0 1.82088e-158 5.05397e-175 5.61103e-191            0 6.91613e-223 7.67845e-239
1.33061e-110 1.47728e-126            0            0 2.02159e-174 5.61103e-191  6.2295e-207            0 7.67845e-239 8.52479e-255
1.47728e-126 1.64011e-142            0            0 2.24441e-190  6.2295e-207 6.91613e-223            0 8.52479e-255 9.46442e-271
1.64011e-142 1.82088e-158            0            0  2.4918e-206 6.91613e-223 7.67845e-239            0 9.46442e-271 1.05076e-286
1.82088e-158 2.02159e-174            0            0 2.76645e-222 7.67845e-239 8.52479e-255            0 1.05076e-286 1.16658e-302
2.02159e-174 2.24441e-190            0            0 3.07138e-238 8.52479e-255 9.46442e-271            0 1.16658e-302 1.29516e-318
2.24441e-190  2.4918e-206            0            0 3.40992e-254 9.46442e-271 1.05076e-286            0 1.29516e-318            0
 2.4918e-206 2.76645e-222            0            0 3.78577e-270 1.05076e-286 1.16658e-302            0            0            0
2.76645e-222 3.07138e-238            0            0 4.20305e-286 1.16658e-302 1.29516e-318            0            0            0
3.07138e-238 3.40992e-254            0            0 4.66632e-302 1.29516e-318            0            0            0            0
3.40992e-254 3.78577e-270            0            0 5.18065e-318            0            0            0            0            0
3.78577e-270 4.20305e-286            0            0            0            0            0            0            0            0
4.20305e-286 4.66632e-302            0            0            0            0            0            0            0            0
4.66632e-302 5.18065e-318            0            0            0            0            0            0            0            0
5.18065e-318            0            0            0            0            0            0            0            0            0
0 0 0 0 0 0 0 0 0 0
      0       0       0       0       0       0       0       0       0 58.4158
      0       0       0       0       0       0       0       0  58.416 155.775
      0       0       0       0       0       0       0 58.4163 155.775 253.135
      0       0       0       0       0       0 58.4166 155.776 253.135 350.494
      0       0       0       0       0 58.4168 155.776 253.135 350.494 447.853
      0       0       0       0  58.417 155.776 253.135 350.494 447.853 545.213
      0       0       0 58.4172 155.776 253.135 350.494 447.853 545.213 642.572
      0       0 58.4172 155.776 253.135 350.494 447.854 545.213 642.572 739.931
      0 58.4171 155.776 253.135 350.494 447.854 545.213 642.572 739.931 837.291
58.4168 155.776 253.135 350.494 447.853 545.213 642.572 739.931 837.291  934.65
155.776 253.135 350.494 447.853 545.213 642.572 739.931  837.29  934.65 937.731
253.134 350.494 447.853 545.212 642.572 739.931  837.29  934.65 937.731 937.731
350.493 447.853 545.212 642.572 739.931  837.29  934.65 937.731 937.731 937.731
447.853 545.212 642.571 739.931  837.29  934.65 937.731 937.731 937.731 937.731
509.305 606.674 704.044 801.413 898.783 937.731 937.731 937.731 937.731 937.731
606.674 704.043 801.413 898.783 937.731 937.731 937.731 937.731 937.731 937.731
704.043 801.413 898.782  937.73  937.73 937.731 937.731 937.731 937.731 937.731
801.413 898.782  937.73  937.73  937.73 937.731 937.731 937.731 937.731 937.731
898.782  937.73  937.73  937.73 937.731 937.731 937.731 937.731 937.731 937.731
 937.73  937.73  937.73  937.73 937.731 937.731 937.731 937.731 937.731 937.731
 937.73  937.73  937.73 937.731 937.731 937.731 937.731 937.731 937.731 937.731
 937.73  937.73 937.731 937.731 937.731 937.731 937.731 937.731 937.731 937.731
 937.73 937.731 937.731 937.731 937.731 937.731 937.731 937.731 937.731 937.731
937.731 937.731 937.731 937.731 937.731 937.731 937.731 937.731 937.731 937.731
937.731 937.731 937.731 937.731 937.731 937.731 937.731 937.731 937.731 937.731
937.731 937.731 937.731 937.731 937.731 937.731 937.731 937.731 937.731 937.731
937.731 937.731 937.731 937.731 937.731 937.731 937.731 937.731 937.731 937.731
937.731 937.731 937.731 937.731 937.731 937.731 937.731 937.731 937.731 937.731
937.731 937.731 937.731 937.731 937.731 937.731 937.731 937.731 937.731 937.731
937.731 937.731 937.731 937.731 937.731 937.731 937.731 937.731 937.731 937.731
937.731 937.731 937.731 937.731 937.731 937.731 937.731 937.731 937.731 937.731
937.731 937.731 937.731 937.731 937.731 937.731 937.731 937.731 937.731 937.731
937.731 937.731 937.731 937.731 937.731 937.731 937.731 937.731 937.731 937.731
937.731 937.731 937.731 937.731 937.731 937.731 937.731 937.731 937.731 937.731
937.731 937.731 937.731 937.731 937.731 937.731 937.731 937.731 937.731 937.731
937.731 937.731 937.731 937.731 937.731 937.731 937.731 937.731 937.731 937.731
937.731 937.731 937.731 937.731 937.731 937.731 937.731 937.731 937.731 937.731
937.731 937.731 937.731 937.731 937.731 937.731 937.731 937.731 937.731 937.731
937.731 937.731 937.731 937.731 937.731 937.731 937.731 937.731 937.731 937.731
 937.73  937.73  937.73  937.73 937.731 937.731 937.731 937.731 937.731 937.731
 937.73  937.73  937.73  937.73  937.73  937.73 937.731 937.731 937.731 879.309
 937.73  937.73  937.73  937.73  937.73  937.73  937.73 937.731 879.309  781.94
 937.73  937.73  937.73  937.73  937.73  937.73  937.73 879.309  781.94  684.57
 937.73  937.73  937.73  937.73  937.73  937.73 879.309 781.939  684.57 587.201
 937.73  937.73  937.73  937.73  937.73 879.309 781.939  684.57 587.201 489.831
 937.73  937.73  937.73  937.73 879.308 781.939  684.57   587.2 489.831 392.462
 937.73  937.73  937.73 879.308 781.939  684.57   587.2 489.831 392.462 295.092
 937.73  937.73 879.308 781.939  684.57   587.2 489.831 392.462 295.092 197.723
 937.73 879.308 781.939  684.57   587.2 489.831 392.462 295.092 197.723 100.354
879.308 781.939  684.57   587.2 489.831 392.462 295.092 197.723 100.354 2.98422
    781.939      684.57     587.201     489.831     392.462     295.092     197.723     100.354     2.98427 4.44089e-16
     684.57     587.201     489.831     392.462     295.093     197.723     100.354      2.9844 4.44089e-16 4.93038e-32
    587.201     489.832     392.462     295.093     197.724     100.354      2.9846           0 4.93038e-32 5.47382e-48
    489.832     392.463     295.093     197.724     100.354     2.98487 4.44089e-16           0 5.47382e-48 6.07716e-64
    413.215     319.303     225.391     131.478     37.5658 4.44089e-16 4.93038e-32           0 6.07716e-64 6.74701e-80
    319.303     225.391     131.479     37.5662           0 4.93038e-32 5.47382e-48           0 6.74701e-80 7.49068e-96
     225.391      131.479      37.5666            0            0  5.47382e-48  6.07716e-64            0  7.49068e-96 8.31633e-112
     131.479       37.567            0            0            0  6.07716e-64  6.74701e-80            0 8.31633e-112 9.23298e-128
     37.5673  7.10543e-15            0            0            0  6.74701e-80  7.49068e-96            0 9.23298e-128 1.02507e-143
 7.10543e-15  7.88861e-31            0            0            0  7.49068e-96 8.31633e-112            0 1.02507e-143 1.13805e-159
 7.88861e-31  8.75812e-47            0            0            0 8.31633e-112 9.23298e-128            0 1.13805e-159 1.26349e-175
 8.75812e-47  9.72346e-63            0            0            0 9.23298e-128 1.02507e-143            0 1.26349e-175 1.40276e-191
 9.72346e-63  1.07952e-78            0            0            0 1.02507e-143 1.13805e-159            0 1.40276e-191 1.55737e-207
 1.07952e-78  1.19851e-94            0            0            0 1.13805e-159 1.26349e-175            0 1.55737e-207 1.72903e-223
 1.19851e-94 1.33061e-110            0            0            0 1.26349e-175 1.40276e-191            0 1.72903e-223 1.91961e-239
1.33061e-110 1.47728e-126            0            0            0 1.40276e-191 1.55737e-207            0 1.91961e-239  2.1312e-255
1.47728e-126 1.64011e-142            0            0            0 1.55737e-207 1.72903e-223            0  2.1312e-255  2.3661e-271
1.64011e-142 1.82088e-158            0            0            0 1.72903e-223 1.91961e-239            0  2.3661e-271  2.6269e-287
1.82088e-158 2.02159e-174            0            0            0 1.91961e-239  2.1312e-255            0  2.6269e-287 2.91645e-303
2.02159e-174 2.24441e-190            0            0            0  2.1312e-255  2.3661e-271            0 2.91645e-303 3.23791e-319
2.24441e-190  2.4918e-206            0            0            0  2.3661e-271  2.6269e-287            0 3.23791e-319            0
 2.4918e-206 2.76645e-222            0            0            0  2.6269e-287 2.91645e-303            0            0            0
2.76645e-222 3.07138e-238            0            0            0 2.91645e-303 3.23791e-319            0            0            0
3.07138e-238 3.40992e-254            0            0            0 3.23791e-319            0            0            0            0
3.40992e-254 3.78577e-270            0            0            0            0            0            0            0            0
3.78577e-270 4.20305e-286            0            0            0            0            0            0            0            0
4.20305e-286 4.66632e-302            0            0            0            0            0            0            0            0
4.66632e-302 5.18065e-318            0            0            0            0            0            0            0            0
5.18065e-318            0            0            0            0            0            0            0            0            0
0 0 0 0 0 0 0 0 0 0
      0       0       0       0       0       0       0       0       0 56.3475
      0       0       0       0       0       0       0       0 56.3476  150.26
      0       0       0       0       0       0       0 56.3478  150.26 244.172
      0       0       0       0       0       0 56.3479  150.26 244.172 338.084
      0       0       0       0       0 56.3479  150.26 244.172 338.084 431.997
      0       0       0       0 56.3479  150.26 244.172 338.084 431.997 467.214
      0       0       0 56.3478  150.26 244.172 338.084 431.996 467.214 467.214
      0       0 56.3475  150.26 244.172 338.084 431.996 467.213 467.213 467.214
      0 56.3471 150.259 244.172 338.084 431.996 467.213 467.213 467.213 467.213
56.3464 150.259 244.171 338.083 431.996 467.213 467.213 467.213 467.213 467.213
150.258  244.17 338.083 431.995 467.212 467.213 467.213 467.213 467.213 467.213
 244.17 338.082 431.995 467.212 467.212 467.212 467.213 467.213 467.213 467.213
338.082 431.994 467.212 467.212 467.212 467.212 467.213 467.213 467.213 467.213
431.994 467.211 467.211 467.212 467.212 467.212 467.213 467.213 467.213 467.213
467.213 480.528 480.528 480.528 480.528 480.528 480.528 480.528 480.528 480.528
467.213 480.557 480.557 480.557 480.557 480.557 480.557 480.557 480.557 480.557
467.213 480.708 480.708 480.709 480.709 480.708 480.708 480.708 480.708 480.708
467.213 480.935 480.935 480.935 480.935 480.935 480.935 480.935 480.935 480.935
467.214  481.42  481.42  481.42  481.42  481.42  481.42  481.42  481.42  481.42
467.214 482.316 482.316 482.316 482.316 482.316 482.315 482.315 482.315 482.315
467.214 483.005 483.005 483.005 483.005 483.005 483.005 483.005 483.005 483.005
467.214 483.609 483.609 483.609 483.609 483.609 483.609 483.609 483.609 483.609
467.214 483.858 483.858 483.858 483.858 483.858 483.858 483.858 483.858 483.858
467.214 484.456 484.456 484.456 484.456 484.456 484.455 484.455 484.455 484.455
467.214 485.504 485.504 485.504 485.504 485.503 485.503 485.503 485.503 485.503
467.214 486.523 486.523 486.522 486.522 486.522 486.522 486.522 486.522 486.522
467.214 487.159 487.159 487.159 487.158 487.158 487.158 487.158 487.158 487.158
467.214 487.384 487.384 487.383 487.383 487.383 487.383 487.383 487.383 487.383
467.214 487.388 487.388 487.388 487.388 487.388 487.388 487.387 487.387 487.387
467.214 487.409 487.409 487.408 487.408 487.408 487.408 487.408 487.408 487.408
467.214 487.588 487.588 487.588 487.588 487.588 487.588 487.588 487.587 487.587
467.214 487.876 487.876 487.876 487.876 487.876 487.875 487.875 487.875 487.875
467.214 488.139 488.139 488.139 488.139 488.139 488.139 488.139 488.139 488.139
467.214 488.263 488.263 488.263 488.263 488.263 488.263 488.263 488.263 488.263
467.214 488.224 488.224 488.224 488.224 488.224 488.223 488.223 488.223 488.223
467.214 488.114 488.114 488.113 488.113 488.113 488.113 488.113 488.113 488.113
467.214 488.027 488.027 488.027 488.027 488.027 488.027 488.026 488.026 488.026
467.214 488.004 488.004 488.004 488.004 488.004 488.003 488.003 488.003 488.003
467.214     488     488     488     488     488     488     488     488     488
467.214  487.97  487.97 487.969 487.969 487.969 487.969 487.969 487.969 487.969
467.214 487.976 487.976 487.976 487.976 487.975 487.975 487.975 487.975 487.975
467.214 487.914 487.914 487.914 487.914 487.914 487.914 487.914 487.913 487.913
467.214  487.92  487.92  487.92 487.919 487.919 487.919 487.919 487.919 487.919
467.214 487.785 487.785 487.785 487.785 487.785 487.785 487.785 487.785 487.785
467.214 487.097 487.097 487.097 487.097 487.097 487.097 487.097 487.097 487.097
467.215 487.072 487.072 487.072 487.072 487.072 487.072 487.072 487.072 486.986
467.215 487.264 487.264 487.264 487.264 487.264 487.264 487.264  487.15 487.263
467.215 487.032 487.032 487.032 487.032 487.032 487.032 487.255 487.032 487.032
467.215 486.554 486.554 486.554 486.554 486.554 486.848 486.555 486.555 486.555
467.215 486.311 486.311 486.311 486.311 486.408 486.311 486.311 486.311 486.311
467.215 486.555 486.555 486.555 486.372 486.556 486.556 486.556 486.556 486.556
467.215 486.776 486.776 486.662 486.776 486.776 486.776 486.777 486.776 486.776
467.215 486.767 486.801 486.767 486.767 486.767 486.767 486.767 486.767 486.767
467.216 486.703 486.537 486.537 486.537 486.537 486.536 486.536 486.536 486.536
467.216 486.703 486.313 486.313 486.313 486.313 486.313 486.313 486.313 486.313
467.216 486.703 486.313 486.313 486.313 486.313 486.313 486.313 486.313 486.313
467.216 486.703 486.313 486.313 486.313 486.313 486.313 486.313 486.313 486.313
467.216 486.703 486.313 486.313 486.313 486.313 486.313 486.313 486.313 486.313
467.216 486.703 486.313 486.313 486.313 486.313 486.313 486.313 486.313 486.313
467.216 486.703 486.313 486.313 486.313 486.313 486.313 486.313 486.313 486.313
467.216 486.703 486.313 486.313 486.313 486.313 486.313 486.313 486.313 486.313
467.216 486.703 486.313 486.313 486.313 486.313 486.313 486.313 486.313 486.313
467.216 486.703 486.313 486.313 486.313 486.313 486.313 486.313 486.313 486.313
467.216 486.703 486.313 486.313 486.313 486.313 486.313 486.313 486.313 486.313
467.216 486.703 486.313 486.313 486.313 486.313 486.313 486.313 486.313 486.313
467.216 486.703 486.313 486.313 486.313 486.313 486.313 486.313 486.313 486.313
467.216 486.703 486.313 486.313 486.313 486.313 486.313 486.313 486.313 486.313
467.216 486.703 486.313 486.313 486.313 486.313 486.313 486.313 486.313 486.313
467.216 486.703 486.313 486.313 486.313 486.313 486.313 486.313 486.313 486.313
467.216 486.703 486.313 486.313 486.313 486.313 486.313 486.313 486.313 486.313
467.216 486.703 486.313 486.313 486.313 486.313 486.313 486.313 486.313 486.313
467.216 486.703 486.313 486.313 486.313 486.313 486.313 486.313 486.313 486.313
467.216 486.703 486.313 486.313 486.313 486.313 486.313 486.313 486.313 486.313
467.216 486.703 486.313 486.313 486.313 486.313 486.313 486.313 486.313 486.313
467.216 486.703 486.313 486.313 486.313 486.313 486.313 486.313 486.313 486.313
467.216 486.703 486.313 486.313 486.313 486.313 486.313 486.313 486.313 486.313
467.216 486.703 486.313 486.313 486.313 486.313 486.313 486.313 486.313 486.313
467.216 486.703 486.313 486.313 486.313 486.313 486.313 486.313 486.313 486.313
467.216 486.703 486.313 486.313 486.313 486.313 486.313 486.313 486.313 486.313
467.216 486.703 486.313 486.313 486.313 486.313 486.313 486.313 486.313 486.313
467.216 486.703 486.313 486.313 486.313 486.313 486.313 486.313 486.313 486.313
467.216 486.703 486.313 486.313 486.313 486.313 486.313 486.313 486.313 486.313
467.216 486.703 486.313 486.313 486.313 486.313 486.313 486.313 486.313 486.313
467.216 486.703 486.313 486.313 486.313 486.313 486.313 486.313 486.313 486.313
467.216 486.703 486.313 486.313 486.313 486.313 486.313 486.313 486.313 486.313
467.216 486.703 486.313 486.313 486.313 486.313 486.313 486.313 486.313 486.313
467.216 486.703 486.313 486.313 486.313 486.313 486.313 486.313 486.313 486.313
467.216 486.703 486.313 486.313 486.313 486.313 486.313 486.313 486.313 486.313
467.216 486.703 486.313 486.313 486.313 486.313 486.313 486.313 486.313 486.313
467.216 486.703 486.313 486.313 486.313 486.313 486.313 486.313 486.313 486.313
467.216 486.703 486.313 486.313 486.313 486.313 486.313 486.313 486.313 486.313
467.216 486.703 486.313 486.313 486.313 486.313 486.313 486.313 486.313 486.313
467.216 486.703 486.313 486.313 486.313 486.313 486.313 486.313 486.313 486.313
467.216 486.703 486.313 486.313 486.313 486.313 486.313 486.313 486.313 486.313
467.216 486.703 486.313 486.313 486.313 486.313 486.313 486.313 486.313 486.313
467.216 486.703 486.313 486.313 486.313 486.313 486.313 486.313 486.313 486.313
467.216 486.703 486.313 486.313 486.313 486.313 486.313 486.313 486.313 486.313
467.216 486.703 486.313 486.313 486.313 486.313 486.313 486.313 486.313 486.313
467.216 486.703 486.313 486.313 486.313 486.313 486.313 486.313 486.313 486.313
467.216 486.703 486.313 486.313 486.313 486.313 486.313 486.313 486.313 486.313
467.216 486.703 486.313 486.313 486.313 486.313 486.313 486.313 486.313 486.313
467.216 486.703 486.313 486.313 486.313 486.313 486.313 486.313 486.313 486.313
467.216 486.703 486.313 486.313 486.313 486.313 486.313 486.313 486.313 486.313
467.216 486.703 486.313 486.313 486.313 486.313 486.313 486.313 486.313 486.313
467.216 486.703 486.313 486.313 486.313 486.313 486.313 486.313 486.313 486.313
467.216 486.703 486.313 486.313 486.313 486.313 486.313 486.313 486.313 486.313
467.216 486.703 486.313 486.313 486.313 486.313 486.313 486.313 486.313 486.313
467.216 486.703 486.313 486.313 486.313 486.313 486.313 486.313 486.313 486.313
467.216 486.703 486.313 486.313 486.313 486.313 486.313 486.313 486.313 486.313
467.216 486.703 486.313 486.313 486.313 486.313 486.313 486.313 486.313 486.313
467.216 486.703 486.313 486.313 486.313 486.313 486.313 486.313 486.313 486.313
467.216 486.703 486.313 486.313 486.313 486.313 486.313 486.313 486.313 486.313
467.216 486.703 486.313 486.313 486.313 486.313 486.313 486.313 486.313 486.313
467.216 486.703 486.313 486.313 486.313 486.313 486.313 486.313 486.313 486.313
467.216 486.703 486.313 486.313 486.313 486.313 486.313 486.313 486.313 486.313
467.216 486.703 486.313 486.313 486.313 486.313 486.313 486.313 486.313 486.313
467.216 486.703 486.313 486.313 486.313 486.313 486.313 486.313 486.313 486.313
467.216 486.703 486.313 486.313 486.313 486.313 486.313 486.313 486.313 486.313
467.216 486.703 486.313 486.313 486.313 486.313 486.313 486.313 486.313 486.313
467.216 486.703 486.313 486.313 486.313 486.313 486.313 486.313 486.313 486.313
467.216 486.703 486.313 486.313 486.313 486.313 486.313 486.313 486.313 486.313
467.216 486.703 486.313 486.313 486.313 486.313 486.313 486.313 486.313 486.313
467.216 486.703 486.313 486.313 486.313 486.313 486.313 486.313 486.313 486.313
467.216 486.703 486.313 486.313 486.313 486.313 486.313 486.313 486.313 486.313
467.216 486.703 486.313 486.313 486.313 486.313 486.313 486.313 486.313 486.313
467.216 486.703 486.313 486.313 486.313 486.313 486.313 486.313 486.313 486.313
467.216 486.703 486.313 486.313 486.313 486.313 486.313 486.313 486.313 486.313
467.216 486.703 486.313 486.313 486.313 486.313 486.313 486.313 486.313 486.313
467.216 486.703 486.313 486.313 486.313 486.313 486.313 486.313 486.313 486.313
467.216 486.703 486.313 486.313 486.313 486.313 486.313 486.313 486.313 486.313
467.216 486.703 486.313 486.313 486.313 486.313 486.313 486.313 486.313 486.313
467.216 486.703 486.313 486.313 486.313 486.313 486.313 486.313 486.313 486.313
467.216 486.703 486.313 486.313 486.313 486.313 486.313 486.313 486.313 486.313
467.216 486.703 486.313 486.313 486.313 486.313 486.313 486.313 486.313 486.313
467.216 486.703 486.313 486.313 486.313 486.313 486.313 486.313 486.313 486.313
467.216 486.703 486.313 486.313 486.313 486.313 486.313 486.313 486.313 486.313
467.216 486.703 486.313 486.313 486.313 486.313 486.313 486.313 486.313 486.313
467.216 486.703 486.313 486.313 486.313 486.313 486.313 486.313 486.313 486.313
467.216 486.703 486.313 486.313 486.313 486.313 486.313 486.313 486.313 486.313
467.216 486.703 486.313 486.313 486.313 486.313 486.313 486.313 486.313 486.313
467.216 486.703 486.313 486.313 486.313 486.313 486.313 486.313 486.313 486.313
467.216 486.703 486.313 486.313 486.313 486.313 486.313 486.313 486.313 486.313
467.216 486.703 486.313 486.313 486.313 486.313 486.313 486.313 486.313 486.313
467.216 486.703 486.313 486.313 486.313 486.313 486.313 486.313 486.313 486.313
467.216 486.703 486.313 486.313 486.313 486.313 486.313 486.313 486.313 486.313
467.216 486.703 486.313 486.313 486.313 486.313 486.313 486.313 486.313 486.313
467.216 486.703 486.313 486.313 486.313 486.313 486.313 486.313 486.313 486.313
467.216 486.703 486.313 486.313 486.313 486.313 486.313 486.313 486.313 486.313
467.216 486.703 486.313 486.313 486.313 486.313 486.313 486.313 486.313 486.313
467.216 486.703 486.313 486.313 486.313 486.313 486.313 486.313 486.313 486.313
467.216 486.703 486.313 486.313 486.313 486.313 486.313 486.313 486.313 486.313
467.216 486.703 486.313 486.313 486.313 486.313 486.313 486.313 486.313 486.313
467.216 486.703 486.313 486.313 486.313 486.313 486.313 486.313 486.313 486.313
467.216 486.703 486.313 486.313 486.313 486.313 486.313 486.313 486.313 486.313
467.216 486.703 486.313 486.313 486.313 486.313 486.313 486.313 486.313 486.313
467.216 486.703 486.313 486.313 486.313 486.313 486.313 486.313 486.313 486.313
467.216 486.703 486.313 486.313 486.313 486.313 486.313 486.313 486.313 486.313
467.216 486.703 486.313 486.313 486.313 486.313 486.313 486.313 486.313 486.313
467.216 486.703 486.313 486.313 486.313 486.313 486.313 486.313 486.313 486.313
467.216 486.703 486.313 486.313 486.313 486.313 486.313 486.313 486.313 486.313
467.216 486.703 486.313 486.313 486.313 486.313 486.313 486.313 486.313 486.313
467.216 486.703 486.313 486.313 486.313 486.313 486.313 486.313 486.313 486.313
467.216 486.703 486.313 486.313 486.313 486.313 486.313 486.313 486.313 486.313
467.216 486.703 486.313 486.313 486.313 486.313 486.313 486.313 486.313 486.313
467.216 486.703 486.313 486.313 486.313 486.313 486.313 486.313 486.313 486.313
467.216 486.703 486.313 486.313 486.313 486.313 486.313 486.313 486.313 486.313
467.216 486.703 486.313 486.313 486.313 486.313 486.313 486.313 486.313 486.313
467.216 486.703 486.313 486.313 486.313 486.313 486.313 486.313 486.313 486.313
467.216 486.703 486.313 486.313 486.313 486.313 486.313 486.313 486.313 486.313
467.216 486.703 486.313 486.313 486.313 486.313 486.313 486.313 486.313 486.313
467.216 486.703 486.313 486.313 486.313 486.313 486.313 486.313 486.313 486.313
467.216 486.703 486.313 486.313 486.313 486.313 486.313 486.313 486.313 486.313
467.216 486.703 486.313 486.313 486.313 486.313 486.313 486.313 486.313 486.313
467.216 486.703 486.313 486.313 486.313 486.313 486.313 486.313 486.313 486.313
467.216 486.703 486.313 486.313 486.313 486.313 486.313 486.313 486.313 486.313
467.216 486.703 486.313 486.313 486.313 486.313 486.313 486.313 486.313 486.313
467.216 486.703 486.313 486.313 486.313 486.313 486.313 486.313 486.313 486.313
467.216 486.703 486.313 486.313 486.313 486.313 486.313 486.313 486.313 486.313
467.216 486.703 486.313 486.313 486.313 486.313 486.313 486.313 486.313 486.313
467.216 486.703 486.313 486.313 486.313 486.313 486.313 486.313 486.313 486.313
467.216 486.703 486.313 486.313 486.313 486.313 486.313 486.313 486.313 486.313
467.216 486.703 486.313 486.313 486.313 486.313 486.313 486.313 486.313 486.313
467.216 486.703 486.313 486.313 486.313 486.313 486.313 486.313 486.313 486.313
467.216 486.703 486.313 486.313 486.313 486.313 486.313 486.313 486.313 486.313
467.216 486.703 486.313 486.313 486.313 486.313 486.313 486.313 486.313 486.313
467.216 486.703 486.313 486.313 486.313 486.313 486.313 486.313 486.313 486.313
467.216 486.703 486.313 486.313 486.313 486.313 486.313 486.313 486.313 486.313
467.216 486.703 486.313 486.313 486.313 486.313 486.313 486.313 486.313 486.313
