A_const: 
           1  1.93538e-06            0            0            0            0            1  1.93538e-06            0            0            0            0     -95.6219            0            0  1.93161e-05      4.01299   0.00137123   0.00444894 -9.33788e-05      7.20231       2.8332     0.309638 -6.82581e-06   -0.0032114   0.00010184      7.20233      2.83321     0.309638  6.64314e-06  0.000139094     -5.43932  -0.00044435      1.13233      1.67193    -0.447986    0.0475913     0.382587   0.00565841    0.0123334 -2.26707e-05 -7.04338e-06    -0.101758     -1.13232     -1.67184     0.448275   -0.0475264    -0.382594  -0.00565721   -0.0123337  2.27051e-05
-1.93538e-06            1            0            0            0            0 -1.93538e-06            1            0            0            0            0            0     -95.6219            0     -4.13994  0.000275568     -8.08166      0.27102     -7.20362 -0.000159688 -4.21173e-05 -5.96069e-06    -0.308901     0.271003     -7.20364  0.000155474  7.39543e-05  7.24318e-06    -0.308901      1.50558  0.000389766     -5.46488     0.296021     0.477934       1.6464       0.3581   -0.0447017   0.00600836  -0.00237614  0.000175219   -0.0708603  1.31498e-05     0.296228     0.478231       1.6463     0.358111   -0.0446524   0.00600902  -0.00237552  0.000175207
           0            0            1            0            0            0            0            0            1            0            0            0            0            0     -95.6219  -0.00123439      8.14545  0.000297059  6.03759e-05  -0.00419971     0.143393    -0.969131   -0.0386492 -0.000261539 -5.94947e-05   0.00345372      0.14341    -0.969083   -0.0386499 -0.000259318 -4.91668e-05     -1.59088  0.000196166    0.0187141    0.0541993     0.119585    0.0268157     0.173392    0.0039925    0.0164373  6.66145e-05  3.10864e-06     0.069187    -0.018741    -0.054252    -0.119778   -0.0268578    -0.173391   -0.0039932   -0.0164372 -6.66328e-05
 -0.00160392     0.768615     0.102498     0.999878 -9.82447e-15    0.0156464   0.00160369     0.768611    -0.102483     0.999878 -9.82447e-15    0.0156464  1.93161e-05     -4.13994  -0.00123439     -23.5508   0.00250802    -0.735615      0.14163     -6.14218    0.0037149    -0.103603  -0.00450383    -0.694106     0.141615     -6.14209  -0.00142502     0.104661   0.00448046    -0.694052     -0.55179 -0.000509906      6.07907   -0.0786212    0.0375491     0.132726    0.0344597    0.0484647   -0.0341161     0.003951 -0.000534766    0.0454034 -8.19897e-06   -0.0786726     0.037581     0.132732    0.0344675    0.0484856   -0.0341161   0.00395498 -0.000534774
   -0.767532 -2.14793e-06   -0.0750114  5.33508e-07            1 -3.40938e-05    -0.767535 -2.14807e-06   -0.0750153  5.33508e-07            1 -3.40938e-05      4.01299  0.000275568      8.14545   0.00250802     -23.5968  -0.00259025  -0.00130368   0.00105322     -6.68793     -3.12304    -0.705743  2.37975e-05  -0.00171221   0.00136817     -6.68796     -3.12307    -0.705744 -6.62918e-06  0.000502193     -4.63446 -0.000381806     0.275543    -0.152738    0.0356984   -0.0227102    -0.111467  -0.00281867   -0.0207403  6.36521e-05 -3.69235e-06   -0.0887847    -0.275555      0.15272   -0.0357116    0.0227178     0.111455   0.00282754    0.0207394 -6.35637e-05
   -0.102524    0.0629931  -0.00160648   -0.0156464  3.40979e-05     0.999878     0.102457     0.062997   0.00160113   -0.0156464  3.40979e-05     0.999878   0.00137123     -8.08166  0.000297059    -0.735615  -0.00259025     -5.73749    -0.405616    -0.670371     -0.73925    -0.288066   -0.0317371   -0.0136256    -0.405486    -0.670388     0.736342     0.290306    0.0316153   -0.0136266     -3.48761  7.79592e-05    -0.344987    -0.761958    -0.480805     0.252301     0.257401    -0.141222    0.0545725  -0.00608234 -0.000339235    -0.018817   1.8075e-06    -0.761957    -0.480795     0.252301       0.2574    -0.141227    0.0545721  -0.00608317 -0.000339237
           0            0            0            0            0            0            0            0            0            0            0            0            1 -1.93538e-06            0  -0.00160392    -0.767532    -0.102524 -3.69879e-05  1.45012e-05    -0.666766    -0.327632  2.77556e-17  2.36245e-18            0            0            0            0            0            0            0            0            0            0            0            0            0            0            0            0            0            0            0            0            0            0            0            0            0            0            0
           0            0            0            0            0            0            0            0            0            0            0            0  1.93538e-06            1            0     0.768615 -2.14793e-06    0.0629931   -0.0470069     0.666112  1.37771e-05  4.64757e-06 -1.00507e-21 -3.88009e-17            0            0            0            0            0            0            0            0            0            0            0            0            0            0            0            0            0            0            0            0            0            0            0            0            0            0            0
           0            0            0            0            0            0            0            0            0            0            0            0            0            0            1     0.102498   -0.0750114  -0.00160648  1.02424e-06  1.34448e-05    0.0365789     0.123114 -1.57506e-18  5.55112e-17            0            0            0            0            0            0            0            0            0            0            0            0            0            0            0            0            0            0            0            0            0            0            0            0            0            0            0
           0            0            0            0            0            0            0            0            0            0            0            0            0            0            0     0.999878  5.33508e-07   -0.0156464   -0.0156464     0.999878  2.17699e-05  2.17699e-05  2.17699e-05            1            0            0            0            0            0            0            0            0            0            0            0            0            0            0            0            0            0            0            0            0            0            0            0            0            0            0            0
           0            0            0            0            0            0            0            0            0            0            0            0            0            0            0 -9.82447e-15            1  3.40979e-05  3.40979e-05  -2.2083e-05            1            1            1 -2.17619e-05            0            0            0            0            0            0            0            0            0            0            0            0            0            0            0            0            0            0            0            0            0            0            0            0            0            0            0
           0            0            0            0            0            0            0            0            0            0            0            0            0            0            0    0.0156464 -3.40938e-05     0.999878     0.999878    0.0156464   2.0184e-05   2.0184e-05   2.0184e-05  -0.00039592            0            0            0            0            0            0            0            0            0            0            0            0            0            0            0            0            0            0            0            0            0            0            0            0            0            0            0
           0            0            0            0            0            0            0            0            0            0            0            0            1 -1.93538e-06            0   0.00160369    -0.767535     0.102457            0            0            0            0            0            0 -3.02551e-05 -1.45446e-05    -0.666769    -0.327635  2.77556e-17  1.48446e-18            0            0            0            0            0            0            0            0            0            0            0            0            0            0            0            0            0            0            0            0            0
           0            0            0            0            0            0            0            0            0            0            0            0  1.93538e-06            1            0     0.768611 -2.14807e-06     0.062997            0            0            0            0            0            0    -0.047003     0.666115 -1.50152e-05  -8.6899e-06  7.94871e-22 -1.64833e-17            0            0            0            0            0            0            0            0            0            0            0            0            0            0            0            0            0            0            0            0            0
           0            0            0            0            0            0            0            0            0            0            0            0            0            0            1    -0.102483   -0.0750153   0.00160113            0            0            0            0            0            0  1.12946e-06  8.31103e-06     0.036575     0.123108 -2.16925e-17 -1.38778e-17            0            0            0            0            0            0            0            0            0            0            0            0            0            0            0            0            0            0            0            0            0
           0            0            0            0            0            0            0            0            0            0            0            0            0            0            0     0.999878  5.33508e-07   -0.0156464            0            0            0            0            0            0   -0.0156464     0.999878  -2.1835e-05  -2.1835e-05  -2.1835e-05            1            0            0            0            0            0            0            0            0            0            0            0            0            0            0            0            0            0            0            0            0            0
           0            0            0            0            0            0            0            0            0            0            0            0            0            0            0 -9.82447e-15            1  3.40979e-05            0            0            0            0            0            0  3.40979e-05  2.16371e-05            1            1            1    2.184e-05            0            0            0            0            0            0            0            0            0            0            0            0            0            0            0            0            0            0            0            0            0
           0            0            0            0            0            0            0            0            0            0            0            0            0            0            0    0.0156464 -3.40938e-05     0.999878            0            0            0            0            0            0     0.999878    0.0156464  1.24769e-05  1.24769e-05  1.24769e-05 -0.000398112            0            0            0            0            0            0            0            0            0            0            0            0            0            0            0            0            0            0            0            0            0
           0            0           -1            0            0            0            0            0            0            0            0            0            0            0            0            0            0            0            0            0            0            0            0            0            0            0            0            0            0            0            0            0            0            0            0            0            0            0            0            0            0            0            0            0            0            0            0            0            0            0            0
          -1            0         -0.8            0            0            0            0            0            0            0            0            0            0            0            0            0            0            0            0            0            0            0            0            0            0            0            0            0            0            0            0            0            0            0            0            0            0            0            0            0            0            0            0            0            0            0            0            0            0            0            0
           1            0         -0.8            0            0            0            0            0            0            0            0            0            0            0            0            0            0            0            0            0            0            0            0            0            0            0            0            0            0            0            0            0            0            0            0            0            0            0            0            0            0            0            0            0            0            0            0            0            0            0            0
           0           -1         -0.8            0            0            0            0            0            0            0            0            0            0            0            0            0            0            0            0            0            0            0            0            0            0            0            0            0            0            0            0            0            0            0            0            0            0            0            0            0            0            0            0            0            0            0            0            0            0            0            0
           0            1         -0.8            0            0            0            0            0            0            0            0            0            0            0            0            0            0            0            0            0            0            0            0            0            0            0            0            0            0            0            0            0            0            0            0            0            0            0            0            0            0            0            0            0            0            0            0            0            0            0            0
           0            0        -0.08           -1            0            0            0            0            0            0            0            0            0            0            0            0            0            0            0            0            0            0            0            0            0            0            0            0            0            0            0            0            0            0            0            0            0            0            0            0            0            0            0            0            0            0            0            0            0            0            0
           0            0        -0.08            1            0            0            0            0            0            0            0            0            0            0            0            0            0            0            0            0            0            0            0            0            0            0            0            0            0            0            0            0            0            0            0            0            0            0            0            0            0            0            0            0            0            0            0            0            0            0            0
           0            0        -0.15            0           -1            0            0            0            0            0            0            0            0            0            0            0            0            0            0            0            0            0            0            0            0            0            0            0            0            0            0            0            0            0            0            0            0            0            0            0            0            0            0            0            0            0            0            0            0            0            0
           0            0        -0.15            0            1            0            0            0            0            0            0            0            0            0            0            0            0            0            0            0            0            0            0            0            0            0            0            0            0            0            0            0            0            0            0            0            0            0            0            0            0            0            0            0            0            0            0            0            0            0            0
       -0.08        -0.15       -0.184         -0.8          0.8           -1            0            0            0            0            0            0            0            0            0            0            0            0            0            0            0            0            0            0            0            0            0            0            0            0            0            0            0            0            0            0            0            0            0            0            0            0            0            0            0            0            0            0            0            0            0
        0.08         0.15       -0.184          0.8         -0.8           -1            0            0            0            0            0            0            0            0            0            0            0            0            0            0            0            0            0            0            0            0            0            0            0            0            0            0            0            0            0            0            0            0            0            0            0            0            0            0            0            0            0            0            0            0            0
        0.08        -0.15       -0.184          0.8          0.8           -1            0            0            0            0            0            0            0            0            0            0            0            0            0            0            0            0            0            0            0            0            0            0            0            0            0            0            0            0            0            0            0            0            0            0            0            0            0            0            0            0            0            0            0            0            0
        0.08         0.15       -0.184          0.8          0.8           -1            0            0            0            0            0            0            0            0            0            0            0            0            0            0            0            0            0            0            0            0            0            0            0            0            0            0            0            0            0            0            0            0            0            0            0            0            0            0            0            0            0            0            0            0            0
        0.08        -0.15       -0.184          0.8          0.8            1            0            0            0            0            0            0            0            0            0            0            0            0            0            0            0            0            0            0            0            0            0            0            0            0            0            0            0            0            0            0            0            0            0            0            0            0            0            0            0            0            0            0            0            0            0
        0.08         0.15       -0.184          0.8         -0.8            1            0            0            0            0            0            0            0            0            0            0            0            0            0            0            0            0            0            0            0            0            0            0            0            0            0            0            0            0            0            0            0            0            0            0            0            0            0            0            0            0            0            0            0            0            0
       -0.08        -0.15       -0.184         -0.8         -0.8            1            0            0            0            0            0            0            0            0            0            0            0            0            0            0            0            0            0            0            0            0            0            0            0            0            0            0            0            0            0            0            0            0            0            0            0            0            0            0            0            0            0            0            0            0            0
       -0.08         0.15       -0.184         -0.8          0.8            1            0            0            0            0            0            0            0            0            0            0            0            0            0            0            0            0            0            0            0            0            0            0            0            0            0            0            0            0            0            0            0            0            0            0            0            0            0            0            0            0            0            0            0            0            0
           0            0            0            0            0            0            0            0           -1            0            0            0            0            0            0            0            0            0            0            0            0            0            0            0            0            0            0            0            0            0            0            0            0            0            0            0            0            0            0            0            0            0            0            0            0            0            0            0            0            0            0
           0            0            0            0            0            0           -1            0         -0.8            0            0            0            0            0            0            0            0            0            0            0            0            0            0            0            0            0            0            0            0            0            0            0            0            0            0            0            0            0            0            0            0            0            0            0            0            0            0            0            0            0            0
           0            0            0            0            0            0            1            0         -0.8            0            0            0            0            0            0            0            0            0            0            0            0            0            0            0            0            0            0            0            0            0            0            0            0            0            0            0            0            0            0            0            0            0            0            0            0            0            0            0            0            0            0
           0            0            0            0            0            0            0           -1         -0.8            0            0            0            0            0            0            0            0            0            0            0            0            0            0            0            0            0            0            0            0            0            0            0            0            0            0            0            0            0            0            0            0            0            0            0            0            0            0            0            0            0            0
           0            0            0            0            0            0            0            1         -0.8            0            0            0            0            0            0            0            0            0            0            0            0            0            0            0            0            0            0            0            0            0            0            0            0            0            0            0            0            0            0            0            0            0            0            0            0            0            0            0            0            0            0
           0            0            0            0            0            0            0            0        -0.08           -1            0            0            0            0            0            0            0            0            0            0            0            0            0            0            0            0            0            0            0            0            0            0            0            0            0            0            0            0            0            0            0            0            0            0            0            0            0            0            0            0            0
           0            0            0            0            0            0            0            0        -0.08            1            0            0            0            0            0            0            0            0            0            0            0            0            0            0            0            0            0            0            0            0            0            0            0            0            0            0            0            0            0            0            0            0            0            0            0            0            0            0            0            0            0
           0            0            0            0            0            0            0            0        -0.15            0           -1            0            0            0            0            0            0            0            0            0            0            0            0            0            0            0            0            0            0            0            0            0            0            0            0            0            0            0            0            0            0            0            0            0            0            0            0            0            0            0            0
           0            0            0            0            0            0            0            0        -0.15            0            1            0            0            0            0            0            0            0            0            0            0            0            0            0            0            0            0            0            0            0            0            0            0            0            0            0            0            0            0            0            0            0            0            0            0            0            0            0            0            0            0
           0            0            0            0            0            0        -0.08        -0.15       -0.184         -0.8          0.8           -1            0            0            0            0            0            0            0            0            0            0            0            0            0            0            0            0            0            0            0            0            0            0            0            0            0            0            0            0            0            0            0            0            0            0            0            0            0            0            0
           0            0            0            0            0            0         0.08         0.15       -0.184          0.8         -0.8           -1            0            0            0            0            0            0            0            0            0            0            0            0            0            0            0            0            0            0            0            0            0            0            0            0            0            0            0            0            0            0            0            0            0            0            0            0            0            0            0
           0            0            0            0            0            0         0.08        -0.15       -0.184          0.8          0.8           -1            0            0            0            0            0            0            0            0            0            0            0            0            0            0            0            0            0            0            0            0            0            0            0            0            0            0            0            0            0            0            0            0            0            0            0            0            0            0            0
           0            0            0            0            0            0         0.08         0.15       -0.184          0.8          0.8           -1            0            0            0            0            0            0            0            0            0            0            0            0            0            0            0            0            0            0            0            0            0            0            0            0            0            0            0            0            0            0            0            0            0            0            0            0            0            0            0
           0            0            0            0            0            0         0.08        -0.15       -0.184          0.8          0.8            1            0            0            0            0            0            0            0            0            0            0            0            0            0            0            0            0            0            0            0            0            0            0            0            0            0            0            0            0            0            0            0            0            0            0            0            0            0            0            0
           0            0            0            0            0            0         0.08         0.15       -0.184          0.8         -0.8            1            0            0            0            0            0            0            0            0            0            0            0            0            0            0            0            0            0            0            0            0            0            0            0            0            0            0            0            0            0            0            0            0            0            0            0            0            0            0            0
           0            0            0            0            0            0        -0.08        -0.15       -0.184         -0.8         -0.8            1            0            0            0            0            0            0            0            0            0            0            0            0            0            0            0            0            0            0            0            0            0            0            0            0            0            0            0            0            0            0            0            0            0            0            0            0            0            0            0
           0            0            0            0            0            0        -0.08         0.15       -0.184         -0.8          0.8            1            0            0            0            0            0            0            0            0            0            0            0            0            0            0            0            0            0            0            0            0            0            0            0            0            0            0            0            0            0            0            0            0            0            0            0            0            0            0            0
 
lbA_const: 
-1.44554e-05 -3.69234e-07      937.133    0.0134891     -79.2423 -1.13787e-07      -15.509     0.392013     0.253691    -0.376731      2.30279     0.512793     -13.8386    -0.454982     -1.26687   -0.0406879      1.95004   -0.0113662         -inf         -inf         -inf         -inf         -inf         -inf         -inf         -inf         -inf         -inf         -inf         -inf         -inf         -inf         -inf         -inf         -inf         -inf         -inf         -inf         -inf         -inf         -inf         -inf         -inf         -inf         -inf         -inf         -inf         -inf         -inf         -inf         -inf         -inf
 
ubA_const:  
-1.44554e-05 -3.69234e-07      937.133    0.0134891     -79.2423 -1.13787e-07      -15.509     0.392013     0.253691    -0.376731      2.30279     0.512793     -13.8386    -0.454982     -1.26687   -0.0406879      1.95004   -0.0113662            0            0            0            0            0            0            0            0            0            0            0            0            0            0            0            0            0            0            0            0            0            0            0            0            0            0            0            0            0            0            0            0            0            0
 
A_const: 
           1  0.000316488            0            0            0            0     -95.6219            0            0   0.00018406        4.261    -0.297722    -0.143128   0.00182075      7.25282      2.84662     0.309554  7.18637e-05    -0.150481   0.00233437       7.2541      2.84731     0.309562  9.45896e-05  -0.00411774     -5.44489 -0.000455352      1.12777      1.67078    -0.446451    0.0480973     0.382655    0.0056633    0.0123572 -2.24494e-05 -6.55415e-06    -0.101627     -1.13221     -1.67065     0.446299   -0.0480963    -0.382757  -0.00566838   -0.0123483  2.24573e-05
-0.000316488            1            0            0            0            0            0     -95.6219            0     -4.25589   0.00644757     -7.97617     0.273992     -7.25123   0.00233671   -0.0197048 -0.000772844      -0.3089     0.274672     -7.25234   0.00282936   -0.0194105 -0.000747958      -0.3089      1.60442 -0.000778559     -5.46778     0.306879     0.477698      1.64452     0.361483   -0.0443109   0.00599892  -0.00232096   0.00017549   -0.0708612  6.83923e-05     0.305753     0.477893      1.64451     0.360752   -0.0450909   0.00600561   -0.0023931   0.00017521
           0            0            1            0            0            0            0            0     -95.6219     0.301166      7.97357   0.00662953 -0.000134008     0.148923    0.0232389    -0.931617   -0.0388136  0.000540995 -0.000130065     0.156257    0.0225457    -0.929615   -0.0387649  0.000626332  -0.00129443      -1.6011  0.000150952    0.0162755    0.0390612     0.117495    0.0254576      0.17337    0.0039643    0.0164272  6.59715e-05  6.02532e-05    0.0693787   -0.0168624   -0.0423375    -0.124235   -0.0269902    -0.172911  -0.00398851   -0.0164236 -6.67099e-05
  5.3593e-05     0.773887    0.0876909            1  -9.2844e-12 -0.000611158   0.00018406     -4.25589     0.301166     -23.6852   -0.0264437    -0.827128     0.127855     -6.19787   0.00493408   -0.0969227  -0.00387437    -0.695695     0.128003     -6.22977  0.000604466    0.0941219   0.00412653    -0.695807    -0.603136 -0.000961221      6.07213   -0.0682828    0.0414846     0.130367    0.0326632    0.0503604   -0.0349674    0.0040044 -0.000529724    0.0455593 -8.11998e-06   -0.0682649    0.0423941     0.131822    0.0327587     0.050446   -0.0349302   0.00402374 -0.000529274
   -0.773856 -5.37382e-05   -0.0660057 -4.94049e-07            1 -0.000808353        4.261   0.00644757      7.97357   -0.0264437     -23.6931     0.267286     0.134003   -0.0147926     -6.74687      -3.1627    -0.707869 -0.000194467     0.133321   -0.0146749      -6.7484     -3.16372     -0.70792 -0.000251695 -7.43122e-05     -4.61969  0.000392869     0.273692    -0.153848    0.0363762   -0.0220687    -0.112097  -0.00262374   -0.0207666  6.29315e-05 -4.00483e-06   -0.0888236    -0.274358     0.154116   -0.0360397    0.0228008     0.112053   0.00277524    0.0207643 -6.39533e-05
  -0.0883165    0.0664786  2.37095e-07  0.000611157  0.000808353     0.999999    -0.297722     -7.97617   0.00662953    -0.827128     0.267286     -5.70299    -0.382141    -0.689866     -0.62161    -0.232793   -0.0180678   -0.0218784    -0.411849    -0.689496     0.863946     0.351603     0.045376   -0.0219471     -3.48186  0.000345366    -0.275515    -0.759229    -0.477724     0.251593      0.25773     -0.13961    0.0540491  -0.00594392 -0.000347261   -0.0183646  3.92845e-06    -0.761421    -0.479079     0.252887     0.257704    -0.140452    0.0540544  -0.00601348 -0.000347329
           0            0            0            0            0            0            1 -0.000316488            0   5.3593e-05    -0.773856   -0.0883165    0.0141835 -0.000169129    -0.671439     -0.32942 -2.77557e-17  1.13035e-17            0            0            0            0            0            0            0            0            0            0            0            0            0            0            0            0            0            0            0            0            0            0            0            0            0            0            0
           0            0            0            0            0            0  0.000316488            1            0     0.773887 -5.37382e-05    0.0664786   -0.0435214     0.671304  0.000793713   0.00250855  4.24897e-19 -1.82652e-17            0            0            0            0            0            0            0            0            0            0            0            0            0            0            0            0            0            0            0            0            0            0            0            0            0            0            0
           0            0            0            0            0            0            0            0            1    0.0876909   -0.0660057  2.37095e-07  2.65123e-05   -0.0147157    0.0439248     0.118222  1.22134e-17            0            0            0            0            0            0            0            0            0            0            0            0            0            0            0            0            0            0            0            0            0            0            0            0            0            0            0            0
           0            0            0            0            0            0            0            0            0            1 -4.94049e-07  0.000611157  0.000611157            1 -0.000251881 -0.000251881 -0.000251881            1            0            0            0            0            0            0            0            0            0            0            0            0            0            0            0            0            0            0            0            0            0            0            0            0            0            0            0
           0            0            0            0            0            0            0            0            0  -9.2844e-12            1  0.000808353  0.000808353   0.00023854      0.99976      0.99976      0.99976  0.000230968            0            0            0            0            0            0            0            0            0            0            0            0            0            0            0            0            0            0            0            0            0            0            0            0            0            0            0
           0            0            0            0            0            0            0            0            0 -0.000611158 -0.000808353     0.999999     0.999999  -0.00061135   -0.0219158   -0.0219158   -0.0219158 -0.000956795            0            0            0            0            0            0            0            0            0            0            0            0            0            0            0            0            0            0            0            0            0            0            0            0            0            0            0
           0            0           -1            0            0            0            0            0            0            0            0            0            0            0            0            0            0            0            0            0            0            0            0            0            0            0            0            0            0            0            0            0            0            0            0            0            0            0            0            0            0            0            0            0            0
          -1            0         -0.8            0            0            0            0            0            0            0            0            0            0            0            0            0            0            0            0            0            0            0            0            0            0            0            0            0            0            0            0            0            0            0            0            0            0            0            0            0            0            0            0            0            0
           1            0         -0.8            0            0            0            0            0            0            0            0            0            0            0            0            0            0            0            0            0            0            0            0            0            0            0            0            0            0            0            0            0            0            0            0            0            0            0            0            0            0            0            0            0            0
           0           -1         -0.8            0            0            0            0            0            0            0            0            0            0            0            0            0            0            0            0            0            0            0            0            0            0            0            0            0            0            0            0            0            0            0            0            0            0            0            0            0            0            0            0            0            0
           0            1         -0.8            0            0            0            0            0            0            0            0            0            0            0            0            0            0            0            0            0            0            0            0            0            0            0            0            0            0            0            0            0            0            0            0            0            0            0            0            0            0            0            0            0            0
           0            0        -0.08           -1            0            0            0            0            0            0            0            0            0            0            0            0            0            0            0            0            0            0            0            0            0            0            0            0            0            0            0            0            0            0            0            0            0            0            0            0            0            0            0            0            0
           0            0        -0.08            1            0            0            0            0            0            0            0            0            0            0            0            0            0            0            0            0            0            0            0            0            0            0            0            0            0            0            0            0            0            0            0            0            0            0            0            0            0            0            0            0            0
           0            0        -0.15            0           -1            0            0            0            0            0            0            0            0            0            0            0            0            0            0            0            0            0            0            0            0            0            0            0            0            0            0            0            0            0            0            0            0            0            0            0            0            0            0            0            0
           0            0        -0.15            0            1            0            0            0            0            0            0            0            0            0            0            0            0            0            0            0            0            0            0            0            0            0            0            0            0            0            0            0            0            0            0            0            0            0            0            0            0            0            0            0            0
       -0.08        -0.15       -0.184         -0.8          0.8           -1            0            0            0            0            0            0            0            0            0            0            0            0            0            0            0            0            0            0            0            0            0            0            0            0            0            0            0            0            0            0            0            0            0            0            0            0            0            0            0
        0.08         0.15       -0.184          0.8         -0.8           -1            0            0            0            0            0            0            0            0            0            0            0            0            0            0            0            0            0            0            0            0            0            0            0            0            0            0            0            0            0            0            0            0            0            0            0            0            0            0            0
        0.08        -0.15       -0.184          0.8          0.8           -1            0            0            0            0            0            0            0            0            0            0            0            0            0            0            0            0            0            0            0            0            0            0            0            0            0            0            0            0            0            0            0            0            0            0            0            0            0            0            0
        0.08         0.15       -0.184          0.8          0.8           -1            0            0            0            0            0            0            0            0            0            0            0            0            0            0            0            0            0            0            0            0            0            0            0            0            0            0            0            0            0            0            0            0            0            0            0            0            0            0            0
        0.08        -0.15       -0.184          0.8          0.8            1            0            0            0            0            0            0            0            0            0            0            0            0            0            0            0            0            0            0            0            0            0            0            0            0            0            0            0            0            0            0            0            0            0            0            0            0            0            0            0
        0.08         0.15       -0.184          0.8         -0.8            1            0            0            0            0            0            0            0            0            0            0            0            0            0            0            0            0            0            0            0            0            0            0            0            0            0            0            0            0            0            0            0            0            0            0            0            0            0            0            0
       -0.08        -0.15       -0.184         -0.8         -0.8            1            0            0            0            0            0            0            0            0            0            0            0            0            0            0            0            0            0            0            0            0            0            0            0            0            0            0            0            0            0            0            0            0            0            0            0            0            0            0            0
       -0.08         0.15       -0.184         -0.8          0.8            1            0            0            0            0            0            0            0            0            0            0            0            0            0            0            0            0            0            0            0            0            0            0            0            0            0            0            0            0            0            0            0            0            0            0            0            0            0            0            0
 
lbA_const: 
 -0.00402762  -0.00527077      938.075     -2.92321     -78.2478 -0.000295487   -0.0745584   -0.0168609    -0.010399     0.090717   -0.0249203 -0.000907183         -inf         -inf         -inf         -inf         -inf         -inf         -inf         -inf         -inf         -inf         -inf         -inf         -inf         -inf         -inf         -inf         -inf
 
ubA_const:  
 -0.00402762  -0.00527077      938.075     -2.92321     -78.2478 -0.000295487   -0.0745584   -0.0168609    -0.010399     0.090717   -0.0249203 -0.000907183            0            0            0            0            0            0            0            0            0            0            0            0            0            0            0            0            0
 
